0 0 0
0 1 0
0 2 0
0 3 0
0 4 1.312005554588488
0 5 0
0 6 0
0 7 0
0 8 0
0 9 0
0 10 0
0 11 0
0 12 1.2639550336059346
0 13 1.4337572143490656
0 14 1.237607452825289
0 15 1.287987241391481
0 16 0
0 17 1.3414531152478315
0 18 0
0 19 0
0 20 0
0 21 1.2272157620528121
0 22 0
0 23 1.1426994008945661
0 24 0
0 25 0
0 26 0
0 27 0
0 28 1.1848909467548074
0 29 0
1 0 0
1 1 0
1 2 1.2431957517532244
1 3 0
1 4 1.212754732071389
1 5 0
1 6 1.320649749526646
1 7 0
1 8 0
1 9 0
1 10 1.2212819612257335
1 11 1.1434350579131902
1 12 0
1 13 0
1 14 0
1 15 0
1 16 0
1 17 1.1802656410660581
1 18 1.149810248118069
1 19 0
1 20 0
1 21 0
1 22 0
1 23 0
1 24 0
1 25 1.070010338395201
1 26 0
1 27 0
1 28 0
1 29 0
2 0 0
2 1 0
2 2 1.0575081895791942
2 3 0
2 4 0
2 5 1.269308956622216
2 6 0
2 7 0
2 8 0
2 9 1.0976483061313234
2 10 0
2 11 1.2073065068992175
2 12 1.5392101879899922
2 13 1.319089557417323
2 14 1.5189082259103048
2 15 1.4380416034786965
2 16 1.3629586794342914
2 17 0
2 18 0
2 19 1.2770949564587732
2 20 1.114501503135516
2 21 1.364433853602388
2 22 1.1040732684532442
2 23 0
2 24 0
2 25 0
2 26 0
2 27 0
2 28 0
2 29 0
3 0 0
3 1 1.3061149420751783
3 2 0
3 3 0
3 4 0
3 5 1.1491533725137522
3 6 0
3 7 1.1490411862884822
3 8 1.3140053003297703
3 9 0
3 10 1.4380416034786965
3 11 1.194642403323546
3 12 0
3 13 0
3 14 1.378903037559517
3 15 0
3 16 0
3 17 1.223459711414065
3 18 1.5816643403239208
3 19 1.3431704187773044
3 20 0
3 21 0
3 22 1.4663549364631303
3 23 0
3 24 0
3 25 0
3 26 0
3 27 0
3 28 0
3 29 0
4 0 0
4 1 0
4 2 0
4 3 0
4 4 0
4 5 0
4 6 0
4 7 1.1944189266691037
4 8 1.5126696357728857
4 9 0
4 10 0
4 11 1.2586632579024206
4 12 1.3495827451486742
4 13 0
4 14 1.207354238090283
4 15 1.454931715526833
4 16 0
4 17 1.203021784686141
4 18 0
4 19 0
4 20 1.5045132803812182
4 21 0
4 22 0
4 23 1.1828335751123236
4 24 0
4 25 0
4 26 0
4 27 0
4 28 0
4 29 1.2787563526984569
5 0 0
5 1 1.1841880698744651
5 2 0
5 3 1.3054370613213038
5 4 1.4105491026656856
5 5 1.1631108407684896
5 6 0
5 7 1.1630548286707287
5 8 0
5 9 0
5 10 1.2505555476057504
5 11 1.544135240520865
5 12 1.5489711597123332
5 13 0
5 14 1.4480589688079137
5 15 1.3311371361445892
5 16 1.7106329311066297
5 17 1.719893009902405
5 18 0
5 19 1.1832258761926149
5 20 1.3300614620853954
5 21 1.6302452988678444
5 22 0
5 23 0
5 24 0
5 25 0
5 26 0
5 27 0
5 28 0
5 29 1.261465516588417
6 0 0
6 1 0
6 2 0
6 3 0
6 4 0
6 5 0
6 6 1.1317184953740054
6 7 1.275004678564523
6 8 0
6 9 1.3251334758349855
6 10 1.2916004707735849
6 11 1.488032318351966
6 12 1.8124416300869273
6 13 1.7100158196618427
6 14 1.5148250097579556
6 15 1.6972100130887278
6 16 1.574550861045215
6 17 1.8546245456713573
6 18 1.8778310305414756
6 19 1.2634635474799543
6 20 1.5347195154576811
6 21 0
6 22 1.4222707889640689
6 23 0
6 24 0
6 25 0
6 26 0
6 27 1.1953268708759166
6 28 0
6 29 0
7 0 0
7 1 0
7 2 0
7 3 0
7 4 0
7 5 0
7 6 1.0744971945755164
7 7 0
7 8 1.4329067377948979
7 9 1.2491916803674932
7 10 1.3917884045131597
7 11 2.0557900809363745
7 12 1.525472990167812
7 13 2.005444731645498
7 14 2.150637284645602
7 15 2.22612446216005
7 16 2.1675605694473004
7 17 1.8515600504599778
7 18 1.8889858079212172
7 19 1.5575596896292871
7 20 0
7 21 0
7 22 0
7 23 0
7 24 0
7 25 1.396626404594593
7 26 0
7 27 0
7 28 1.3205735086230799
7 29 0
8 0 0
8 1 0
8 2 0
8 3 1.2197247936680362
8 4 0
8 5 1.202663872709701
8 6 0
8 7 1.227631280175914
8 8 1.2499792292130887
8 9 1.2231917631925695
8 10 1.401557435447308
8 11 2.1675605694473004
8 12 2.227225122545812
8 13 2.7836762176591443
8 14 2.894879358526077
8 15 2.794080911555677
8 16 1.812764311562902
8 17 2.248752298322671
8 18 1.418619852787726
8 19 1.6239851042262863
8 20 1.4775613751237002
8 21 1.1491367984986185
8 22 1.3345465553025753
8 23 1.4361949564631964
8 24 0
8 25 1.2471636644351114
8 26 0
8 27 0
8 28 1.2875825131820415
8 29 0
9 0 0
9 1 1.3613762230943551
9 2 0
9 3 0
9 4 0
9 5 0
9 6 0
9 7 1.3205845070478386
9 8 1.1718714235267933
9 9 1.4071779732087564
9 10 1.5953675083121388
9 11 1.880518283820341
9 12 2.437772265887894
9 13 4.657262519046329
9 14 4.6847229636373005
9 15 4.415718063160603
9 16 2.485328446009926
9 17 1.6844192770583697
9 18 1.7874022410225066
9 19 2.15064671700489
9 20 1.6638263255103543
9 21 0
9 22 1.2853234680599266
9 23 0
9 24 0
9 25 0
9 26 1.6089225600211547
9 27 0
9 28 0
9 29 0
10 0 0
10 1 0
10 2 0
10 3 1.3663233337761183
10 4 0
10 5 1.2604689316405704
10 6 1.4676556478495606
10 7 0
10 8 1.385656689163191
10 9 2.040935312159701
10 10 2.0012629414746015
10 11 2.1737640098141995
10 12 3.260523177238703
10 13 4.764672048533728
10 14 39.9610891956323
10 15 3.8965049241743803
10 16 2.6759040004228485
10 17 1.9967803696189577
10 18 1.9448427265745107
10 19 1.7335048609799073
10 20 1.4906187992175495
10 21 1.4784967196380367
10 22 0
10 23 0
10 24 1.4240652926749666
10 25 0
10 26 1.7116253720668781
10 27 1.026000462695488
10 28 0
10 29 0
11 0 0
11 1 0
11 2 0
11 3 1.284554565953936
11 4 0
11 5 1.3334437510384782
11 6 1.4766683468828967
11 7 0
11 8 1.7500235032262221
11 9 2.15064671700489
11 10 1.7786547626789724
11 11 2.139325150175474
11 12 2.768528958784186
11 13 3.8269842724697383
11 14 4.06998375772365
11 15 3.590834740221302
11 16 3.8321476713463074
11 17 2.2122197157144576
11 18 1.8036179933093326
11 19 1.1031616184756257
11 20 1.8532865401322376
11 21 0
11 22 0
11 23 1.2250421938876368
11 24 1.4464603270240048
11 25 1.1167123372594185
11 26 1.0732834730939615
11 27 1.1990062773127237
11 28 0
11 29 0
12 0 0
12 1 0
12 2 0
12 3 1.3251924039378364
12 4 0
12 5 1.473758255295661
12 6 1.6850381550937927
12 7 1.3479518755437494
12 8 1.4794449956920688
12 9 1.691993848137968
12 10 1.8040145722325343
12 11 2.0585728528063454
12 12 1.942185275258188
12 13 3.2411185352320424
12 14 2.9662686723712826
12 15 2.4235698208986567
12 16 2.8645532351210523
12 17 1.200814062349838
12 18 1.557755050546325
12 19 1.480633022042356
12 20 1.2423833637706447
12 21 1.7117208407907152
12 22 0
12 23 1.1819005924234898
12 24 0
12 25 1.1109439140548238
12 26 1.1661114056196549
12 27 1.164810853013056
12 28 1.2428551269255912
12 29 0
13 0 1.3119394677375902
13 1 1.0540387943710026
13 2 1.1256907401635947
13 3 1.122828401971508
13 4 0
13 5 1.3007358368413764
13 6 1.3607802569610363
13 7 1.2415260549519802
13 8 1.4164797416218446
13 9 1.1494883808126974
13 10 2.002192903146819
13 11 2.271545343195939
13 12 1.200814062349838
13 13 1.5698361468365027
13 14 3.0456738805735815
13 15 2.4002328317344244
13 16 1.8283658425513234
13 17 1.7190431147265137
13 18 2.201639525031064
13 19 1.4170859970356107
13 20 1.4240613885131397
13 21 1.4967601967566888
13 22 0
13 23 1.1260971205109835
13 24 0
13 25 1.3050282448722843
13 26 1.1682569789133948
13 27 1.0973104036230792
13 28 0
13 29 0
14 0 0
14 1 0
14 2 0
14 3 1.2768610430196734
14 4 0
14 5 1.671756020282859
14 6 0
14 7 0
14 8 1.5595604392181937
14 9 1.8037375459040903
14 10 1.3922461899628822
14 11 1.628637968843257
14 12 1.6724759249376246
14 13 2.412346157598103
14 14 1.3742427264598545
14 15 1.823153248634768
14 16 1.725402217912884
14 17 2.1543205142202204
14 18 2.578013169614839
14 19 1.7224174595431176
14 20 1.5601525767418423
14 21 1.5545484841925095
14 22 1.131852782282913
14 23 1.4321105301498105
14 24 1.3156455953433042
14 25 1.376573012010172
14 26 0
14 27 1.2796252905485919
14 28 0
14 29 0
15 0 1.0492738190458422
15 1 0
15 2 1.026000462695488
15 3 1.210925685946385
15 4 0
15 5 0
15 6 0
15 7 0
15 8 1.5839711192738344
15 9 1.5501475444761006
15 10 1.5770020507633455
15 11 2.2258762163452332
15 12 1.7712791108674582
15 13 1.755487947007655
15 14 2.7146676639327185
15 15 2.0901611933964572
15 16 2.7146676639327185
15 17 1.755487947007655
15 18 1.7712791108674582
15 19 2.2258762163452332
15 20 1.5770020507633455
15 21 1.5501475444761006
15 22 1.5839711192738344
15 23 0
15 24 0
15 25 0
15 26 0
15 27 1.210925685946385
15 28 1.026000462695488
15 29 0
16 0 0
16 1 0
16 2 0
16 3 1.2796252905485919
16 4 0
16 5 1.376573012010172
16 6 1.3156455953433042
16 7 1.4321105301498105
16 8 1.131852782282913
16 9 1.5545484841925095
16 10 1.5601525767418423
16 11 1.7224174595431176
16 12 2.578013169614839
16 13 2.1543205142202204
16 14 1.725402217912884
16 15 1.823153248634768
16 16 1.3742427264598545
16 17 2.412346157598103
16 18 1.6724759249376246
16 19 1.628637968843257
16 20 1.3922461899628822
16 21 1.8037375459040903
16 22 1.5595604392181937
16 23 0
16 24 0
16 25 1.671756020282859
16 26 0
16 27 1.2768610430196734
16 28 0
16 29 0
17 0 0
17 1 0
17 2 0
17 3 1.0973104036230792
17 4 1.1682569789133948
17 5 1.3050282448722843
17 6 0
17 7 1.1260971205109835
17 8 0
17 9 1.4967601967566888
17 10 1.4240613885131397
17 11 1.4170859970356107
17 12 2.201639525031064
17 13 1.7190431147265137
17 14 1.8283658425513234
17 15 2.4002328317344244
17 16 3.0456738805735815
17 17 1.5698361468365027
17 18 1.200814062349838
17 19 2.271545343195939
17 20 2.002192903146819
17 21 1.1494883808126974
17 22 1.4164797416218446
17 23 1.2415260549519802
17 24 1.3607802569610363
17 25 1.3007358368413764
17 26 0
17 27 1.122828401971508
17 28 1.1256907401635947
17 29 1.0540387943710026
18 0 0
18 1 0
18 2 1.2428551269255912
18 3 1.164810853013056
18 4 1.1661114056196549
18 5 1.1109439140548238
18 6 0
18 7 1.1819005924234898
18 8 0
18 9 1.7117208407907152
18 10 1.2423833637706447
18 11 1.480633022042356
18 12 1.557755050546325
18 13 1.200814062349838
18 14 2.8645532351210523
18 15 2.4235698208986567
18 16 2.9662686723712826
18 17 3.2411185352320424
18 18 1.942185275258188
18 19 2.0585728528063454
18 20 1.8040145722325343
18 21 1.691993848137968
18 22 1.4794449956920688
18 23 1.3479518755437494
18 24 1.6850381550937927
18 25 1.473758255295661
18 26 0
18 27 1.3251924039378364
18 28 0
18 29 0
19 0 0
19 1 0
19 2 0
19 3 1.1990062773127237
19 4 1.0732834730939615
19 5 1.1167123372594185
19 6 1.4464603270240048
19 7 1.2250421938876368
19 8 0
19 9 0
19 10 1.8532865401322376
19 11 1.1031616184756257
19 12 1.8036179933093326
19 13 2.2122197157144576
19 14 3.8321476713463074
19 15 3.590834740221302
19 16 4.06998375772365
19 17 3.8269842724697383
19 18 2.768528958784186
19 19 2.139325150175474
19 20 1.7786547626789724
19 21 2.15064671700489
19 22 1.7500235032262221
19 23 0
19 24 1.4766683468828967
19 25 1.3334437510384782
19 26 0
19 27 1.284554565953936
19 28 0
19 29 0
20 0 0
20 1 0
20 2 0
20 3 1.026000462695488
20 4 1.7116253720668781
20 5 0
20 6 1.4240652926749666
20 7 0
20 8 0
20 9 1.4784967196380367
20 10 1.4906187992175495
20 11 1.7335048609799073
20 12 1.9448427265745107
20 13 1.9967803696189577
20 14 2.6759040004228485
20 15 3.8965049241743803
20 16 39.9610891956323
20 17 4.764672048533728
20 18 3.260523177238703
20 19 2.1737640098141995
20 20 2.0012629414746015
20 21 2.040935312159701
20 22 1.385656689163191
20 23 0
20 24 1.4676556478495606
20 25 1.2604689316405704
20 26 0
20 27 1.3663233337761183
20 28 0
20 29 0
21 0 0
21 1 0
21 2 0
21 3 0
21 4 1.6089225600211547
21 5 0
21 6 0
21 7 0
21 8 1.2853234680599266
21 9 0
21 10 1.6638263255103543
21 11 2.15064671700489
21 12 1.7874022410225066
21 13 1.6844192770583697
21 14 2.485328446009926
21 15 4.415718063160603
21 16 4.6847229636373005
21 17 4.657262519046329
21 18 2.437772265887894
21 19 1.880518283820341
21 20 1.5953675083121388
21 21 1.4071779732087564
21 22 1.1718714235267933
21 23 1.3205845070478386
21 24 0
21 25 0
21 26 0
21 27 0
21 28 0
21 29 1.3613762230943551
22 0 0
22 1 0
22 2 1.2875825131820415
22 3 0
22 4 0
22 5 1.2471636644351114
22 6 0
22 7 1.4361949564631964
22 8 1.3345465553025753
22 9 1.1491367984986185
22 10 1.4775613751237002
22 11 1.6239851042262863
22 12 1.418619852787726
22 13 2.248752298322671
22 14 1.812764311562902
22 15 2.794080911555677
22 16 2.894879358526077
22 17 2.7836762176591443
22 18 2.227225122545812
22 19 2.1675605694473004
22 20 1.401557435447308
22 21 1.2231917631925695
22 22 1.2499792292130887
22 23 1.227631280175914
22 24 0
22 25 1.202663872709701
22 26 0
22 27 1.2197247936680362
22 28 0
22 29 0
23 0 1.3568132573598772
23 1 0
23 2 1.3205735086230799
23 3 0
23 4 0
23 5 1.396626404594593
23 6 0
23 7 0
23 8 0
23 9 0
23 10 0
23 11 1.5575596896292871
23 12 1.8889858079212172
23 13 1.8515600504599778
23 14 2.1675605694473004
23 15 2.22612446216005
23 16 2.150637284645602
23 17 2.005444731645498
23 18 1.525472990167812
23 19 2.0557900809363745
23 20 1.3917884045131597
23 21 1.2491916803674932
23 22 1.4329067377948979
23 23 0
23 24 1.0744971945755164
23 25 0
23 26 0
23 27 0
23 28 0
23 29 0
24 0 0
24 1 0
24 2 0
24 3 1.1953268708759166
24 4 0
24 5 0
24 6 0
24 7 0
24 8 1.4222707889640689
24 9 0
24 10 1.5347195154576811
24 11 1.2634635474799543
24 12 1.8778310305414756
24 13 1.8546245456713573
24 14 1.574550861045215
24 15 1.6972100130887278
24 16 1.5148250097579556
24 17 1.7100158196618427
24 18 1.8124416300869273
24 19 1.488032318351966
24 20 1.2916004707735849
24 21 1.3251334758349855
24 22 0
24 23 1.275004678564523
24 24 1.1317184953740054
24 25 0
24 26 0
24 27 0
24 28 0
24 29 0
25 0 0
25 1 1.261465516588417
25 2 0
25 3 0
25 4 0
25 5 0
25 6 0
25 7 0
25 8 0
25 9 1.6302452988678444
25 10 1.3300614620853954
25 11 1.1832258761926149
25 12 0
25 13 1.719893009902405
25 14 1.7106329311066297
25 15 1.3311371361445892
25 16 1.4480589688079137
25 17 0
25 18 1.5489711597123332
25 19 1.544135240520865
25 20 1.2505555476057504
25 21 0
25 22 0
25 23 1.1630548286707287
25 24 0
25 25 1.1631108407684896
25 26 1.4105491026656856
25 27 1.3054370613213038
25 28 0
25 29 1.1841880698744651
26 0 0
26 1 1.2787563526984569
26 2 0
26 3 0
26 4 0
26 5 0
26 6 0
26 7 1.1828335751123236
26 8 0
26 9 0
26 10 1.5045132803812182
26 11 0
26 12 0
26 13 1.203021784686141
26 14 0
26 15 1.454931715526833
26 16 1.207354238090283
26 17 0
26 18 1.3495827451486742
26 19 1.2586632579024206
26 20 0
26 21 0
26 22 1.5126696357728857
26 23 1.1944189266691037
26 24 0
26 25 0
26 26 0
26 27 0
26 28 0
26 29 0
27 0 0
27 1 0
27 2 0
27 3 0
27 4 0
27 5 0
27 6 0
27 7 0
27 8 1.4663549364631303
27 9 0
27 10 0
27 11 1.3431704187773044
27 12 1.5816643403239208
27 13 1.223459711414065
27 14 0
27 15 0
27 16 1.378903037559517
27 17 0
27 18 0
27 19 1.194642403323546
27 20 1.4380416034786965
27 21 0
27 22 1.3140053003297703
27 23 1.1490411862884822
27 24 0
27 25 1.1491533725137522
27 26 0
27 27 0
27 28 0
27 29 1.3061149420751783
28 0 0
28 1 0
28 2 0
28 3 0
28 4 0
28 5 0
28 6 0
28 7 0
28 8 1.1040732684532442
28 9 1.364433853602388
28 10 1.114501503135516
28 11 1.2770949564587732
28 12 0
28 13 0
28 14 1.3629586794342914
28 15 1.4380416034786965
28 16 1.5189082259103048
28 17 1.319089557417323
28 18 1.5392101879899922
28 19 1.2073065068992175
28 20 0
28 21 1.0976483061313234
28 22 0
28 23 0
28 24 0
28 25 1.269308956622216
28 26 0
28 27 0
28 28 1.0575081895791942
28 29 0
29 0 0
29 1 0
29 2 0
29 3 0
29 4 0
29 5 1.070010338395201
29 6 0
29 7 0
29 8 0
29 9 0
29 10 0
29 11 0
29 12 1.149810248118069
29 13 1.1802656410660581
29 14 0
29 15 0
29 16 0
29 17 0
29 18 0
29 19 1.1434350579131902
29 20 1.2212819612257335
29 21 0
29 22 0
29 23 0
29 24 1.320649749526646
29 25 0
29 26 1.212754732071389
29 27 0
29 28 1.2431957517532244
29 29 0
