0 0 0
0 1 0
0 2 0
0 3 1.2976525228795566
0 4 0
0 5 1.0084756343995587
0 6 1.5279125440169083
0 7 1.2159723154208473
0 8 0
0 9 1.5332145115954525
0 10 1.4079879922018206
0 11 0
0 12 1.114253028783708
0 13 1.2849229771577593
0 14 1.2639550336059346
0 15 0
0 16 0
0 17 0
0 18 0
0 19 0
0 20 0
0 21 0
0 22 0
0 23 0
0 24 0
0 25 0
0 26 0
0 27 0
0 28 0
0 29 1.0708813539763082
1 0 0
1 1 0
1 2 0
1 3 0
1 4 0
1 5 0.9816422612936332
1 6 0
1 7 1.463145624672467
1 8 1.473674904626827
1 9 1.2483110638161639
1 10 0
1 11 0
1 12 1.2651074433657423
1 13 0
1 14 0
1 15 0
1 16 1.149810248118069
1 17 1.1937255073048265
1 18 1.2162354066841337
1 19 0
1 20 0
1 21 0
1 22 0
1 23 0
1 24 1.019593986795144
1 25 1.2488100775635398
1 26 0
1 27 0
1 28 0
1 29 0
2 0 0
2 1 1.282001317551079
2 2 0
2 3 0
2 4 1.0658061999117479
2 5 0
2 6 0
2 7 0
2 8 0
2 9 1.103252557879154
2 10 1.091121324754581
2 11 0
2 12 1.407837203207211
2 13 0
2 14 1.5392101879899922
2 15 0
2 16 0
2 17 0
2 18 1.3053006984491144
2 19 1.4663549364631303
2 20 0
2 21 0
2 22 0
2 23 0
2 24 0
2 25 0
2 26 1.415861574971388
2 27 0
2 28 0
2 29 0
3 0 0.9947181189572254
3 1 1.0495123406443214
3 2 1.0487146908291518
3 3 1.0731303790023963
3 4 0
3 5 1.4481218829789821
3 6 0
3 7 0
3 8 0
3 9 1.1795811585105669
3 10 0
3 11 1.193952111404771
3 12 1.128067708996074
3 13 0
3 14 0
3 15 0
3 16 1.5816643403239208
3 17 0
3 18 1.112410454747861
3 19 0
3 20 1.1411211956902079
3 21 1.4401246283759015
3 22 0
3 23 0
3 24 0
3 25 0
3 26 0
3 27 0
3 28 0
3 29 0
4 0 1.0303221563898797
4 1 1.1172438619893068
4 2 1.1558607163089265
4 3 0
4 4 1.024047883429439
4 5 0
4 6 0
4 7 1.2796528579607003
4 8 1.2426172431982063
4 9 0
4 10 1.6128940279630208
4 11 0
4 12 0
4 13 1.194740746079853
4 14 1.3495827451486742
4 15 1.268326813684524
4 16 0
4 17 0
4 18 0
4 19 1.1439285838935838
4 20 1.0237546904071477
4 21 0
4 22 0
4 23 0
4 24 0
4 25 1.3119394677375902
4 26 0
4 27 0
4 28 0
4 29 0
5 0 1.1215524256371305
5 1 0
5 2 0
5 3 0
5 4 0
5 5 0
5 6 0
5 7 1.3363620618481586
5 8 0
5 9 1.5754117980978863
5 10 1.3426775230866832
5 11 1.7055307779234492
5 12 1.6114727149441646
5 13 1.3664652987130512
5 14 1.5489711597123332
5 15 1.2783875643598208
5 16 0
5 17 1.3087877458791302
5 18 0
5 19 1.2086683588651554
5 20 1.2402828739974339
5 21 0
5 22 1.1447971675980166
5 23 0
5 24 0
5 25 0
5 26 0
5 27 0
5 28 0
5 29 0
6 0 0
6 1 1.2488310492960117
6 2 0
6 3 0
6 4 0
6 5 1.3279199858309672
6 6 0
6 7 1.6268275738133624
6 8 1.4368821351259935
6 9 1.6203348021937138
6 10 1.9323167996924977
6 11 1.6885888426565054
6 12 1.5366476225266381
6 13 1.586870387380499
6 14 1.8124416300869273
6 15 1.3917884045131597
6 16 1.8778310305414756
6 17 1.2685181901484648
6 18 1.328784283663848
6 19 1.246078422304014
6 20 1.4666002640696274
6 21 1.3062020517549287
6 22 0
6 23 1.1202294087009959
6 24 0
6 25 0
6 26 0
6 27 0
6 28 0
6 29 1.245622117381044
7 0 0
7 1 0
7 2 0
7 3 1.4447458646413593
7 4 1.179227345478515
7 5 1.1570669266943585
7 6 0.9643974595088801
7 7 1.555267629574567
7 8 0
7 9 1.2516087349956333
7 10 1.4893326749989055
7 11 1.8599864345034316
7 12 2.212497328236647
7 13 2.324440338562665
7 14 1.525472990167812
7 15 1.7156673868309833
7 16 1.8889858079212172
7 17 1.508711250457311
7 18 1.170775450379788
7 19 1.0972599137353287
7 20 1.2235294736083284
7 21 1.4295720749081267
7 22 0
7 23 1.2300688351924849
7 24 1.418250350447506
7 25 1.222393762616536
7 26 0
7 27 0
7 28 0
7 29 1.0498950814132133
8 0 0
8 1 0
8 2 0
8 3 0
8 4 1.5392101879899922
8 5 0
8 6 1.4252304031180543
8 7 1.3375252072317978
8 8 1.3333889829253913
8 9 1.4122356828867837
8 10 1.7666137256565875
8 11 2.5455414915426484
8 12 2.0769834508865683
8 13 1.8419619090440948
8 14 2.227225122545812
8 15 1.6764958914059394
8 16 1.418619852787726
8 17 1.3598078003439245
8 18 1.3889818644589556
8 19 1.3479518755437494
8 20 1.2451421075369808
8 21 0
8 22 1.7787978407833236
8 23 0
8 24 0
8 25 0
8 26 1.2428551269255912
8 27 0
8 28 0
8 29 0
9 0 1.269308956622216
9 1 0
9 2 0
9 3 0
9 4 1.3663158869432004
9 5 0
9 6 0
9 7 1.2805604077278585
9 8 1.586870387380499
9 9 2.488199077023798
9 10 2.5697863227845987
9 11 4.478462984421657
9 12 4.38214053591906
9 13 3.9343034660354075
9 14 2.437772265887894
9 15 1.3383706167971143
9 16 1.7874022410225066
9 17 1.9717627844883305
9 18 1.2668513476300163
9 19 1.2504911000192964
9 20 1.2278551960116109
9 21 1.2250421938876368
9 22 1.1161996309348683
9 23 0
9 24 1.2857361721914995
9 25 0
9 26 0
9 27 0
9 28 0
9 29 0
10 0 0
10 1 1.0562557741065195
10 2 0
10 3 0
10 4 1.3494536500709868
10 5 0
10 6 1.2594318046050756
10 7 1.488032318351966
10 8 1.5148250097579556
10 9 1.6087875517660712
10 10 2.0335880471992596
10 11 5.34107888849206
10 12 36.711532351995366
10 13 4.6847229636373005
10 14 3.260523177238703
10 15 2.1662802491562334
10 16 1.9448427265745107
10 17 1.4036926955233986
10 18 1.7308231967440162
10 19 1.7523522630386879
10 20 1.2469351118715342
10 21 1.3035218853783554
10 22 1.3156455953433042
10 23 0
10 24 0
10 25 0
10 26 0
10 27 0.9728673951543496
10 28 0
10 29 0
11 0 0
11 1 0
11 2 0
11 3 0
11 4 1.275004678564523
11 5 1.0579999483624347
11 6 1.782494318017926
11 7 1.8867936401054226
11 8 2.054125821606485
11 9 2.1603222190386524
11 10 2.794080911555677
11 11 4.657262519046329
11 12 4.6518730390725755
11 13 3.6509822897714126
11 14 2.768528958784186
11 15 1.4474408083146721
11 16 1.8036179933093326
11 17 1.9068787372474332
11 18 1.3501590702789241
11 19 1.8615965074218648
11 20 1.1683306497191601
11 21 1.6548033003607778
11 22 1.0718242732311185
11 23 1.2781810209085755
11 24 0
11 25 0
11 26 1.2949755952932467
11 27 0
11 28 0
11 29 0
12 0 0
12 1 1.0766368725205822
12 2 0
12 3 1.112410454747861
12 4 1.5715501210266212
12 5 1.3901025784264016
12 6 1.2499792292130887
12 7 1.539050300664011
12 8 1.7463974391819663
12 9 2.248752298322671
12 10 2.2360722456240314
12 11 2.5809053995416926
12 12 2.6759040004228485
12 13 2.893649466779412
12 14 1.942185275258188
12 15 2.1211677125872845
12 16 1.557755050546325
12 17 1.497606817062196
12 18 1.3920506676346327
12 19 1.170972381212179
12 20 1.2387515895347698
12 21 0
12 22 0
12 23 0
12 24 1.1982260883214995
12 25 1.2026619926709765
12 26 0
12 27 1.4590548656464137
12 28 0
12 29 0
13 0 0
13 1 0
13 2 1.233141645868888
13 3 1.2262833277995993
13 4 1.3728596917411513
13 5 1.217272908730129
13 6 1.2154985719004523
13 7 1.508711250457311
13 8 2.040935312159701
13 9 1.7759949371510837
13 10 1.9416948538087464
13 11 1.8407129699236573
13 12 2.477349716464429
13 13 2.2689236156382524
13 14 1.200814062349838
13 15 1.7383120533214536
13 16 2.201639525031064
13 17 2.2258762163452332
13 18 1.7463041518697755
13 19 1.136762900614408
13 20 1.3057017666223765
13 21 1.3555128059649801
13 22 1.2122306973612296
13 23 0
13 24 0
13 25 1.1314759665200413
13 26 0
13 27 1.220409340903205
13 28 0
13 29 0
14 0 0
14 1 0
14 2 1.2306294568222296
14 3 0
14 4 1.4222707889640689
14 5 1.4739155325959195
14 6 0
14 7 1.3208170812056337
14 8 0
14 9 1.366329846522378
14 10 1.8040145722325343
14 11 1.8036179933093326
14 12 2.0111734745485372
14 13 1.60203995103757
14 14 1.6724759249376246
14 15 1.674480482289758
14 16 2.578013169614839
14 17 1.6413874947442215
14 18 1.9246000220974497
14 19 1.4338778125268778
14 20 1.2423833637706447
14 21 1.80310887810442
14 22 1.3972721827854766
14 23 1.2715629135965916
14 24 0
14 25 1.473758255295661
14 26 0
14 27 1.210756026708163
14 28 0
14 29 0
15 0 0
15 1 0
15 2 1.2038070885683827
15 3 0
15 4 1.2311533390103548
15 5 0
15 6 1.1549326530891337
15 7 0
15 8 1.2651820826746734
15 9 1.9292977691828066
15 10 2.0232578611421914
15 11 1.6176608637966514
15 12 1.628637968843257
15 13 1.2171288660359578
15 14 1.7712791108674582
15 15 1.7617115635424627
15 16 1.7712791108674582
15 17 1.2171288660359578
15 18 1.628637968843257
15 19 1.6176608637966514
15 20 2.0232578611421914
15 21 1.9292977691828066
15 22 1.2651820826746734
15 23 0
15 24 1.1549326530891337
15 25 0
15 26 1.2311533390103548
15 27 0
15 28 1.2038070885683827
15 29 0
16 0 0
16 1 0
16 2 0
16 3 1.210756026708163
16 4 0
16 5 1.473758255295661
16 6 0
16 7 1.2715629135965916
16 8 1.3972721827854766
16 9 1.80310887810442
16 10 1.2423833637706447
16 11 1.4338778125268778
16 12 1.9246000220974497
16 13 1.6413874947442215
16 14 2.578013169614839
16 15 1.674480482289758
16 16 1.6724759249376246
16 17 1.60203995103757
16 18 2.0111734745485372
16 19 1.8036179933093326
16 20 1.8040145722325343
16 21 1.366329846522378
16 22 0
16 23 1.3208170812056337
16 24 0
16 25 1.4739155325959195
16 26 1.4222707889640689
16 27 0
16 28 1.2306294568222296
16 29 0
17 0 0
17 1 0
17 2 0
17 3 1.220409340903205
17 4 0
17 5 1.1314759665200413
17 6 0
17 7 0
17 8 1.2122306973612296
17 9 1.3555128059649801
17 10 1.3057017666223765
17 11 1.136762900614408
17 12 1.7463041518697755
17 13 2.2258762163452332
17 14 2.201639525031064
17 15 1.7383120533214536
17 16 1.200814062349838
17 17 2.2689236156382524
17 18 2.477349716464429
17 19 1.8407129699236573
17 20 1.9416948538087464
17 21 1.7759949371510837
17 22 2.040935312159701
17 23 1.508711250457311
17 24 1.2154985719004523
17 25 1.217272908730129
17 26 1.3728596917411513
17 27 1.2262833277995993
17 28 1.233141645868888
17 29 0
18 0 1.2025825743704148
18 1 0
18 2 0
18 3 1.4590548656464137
18 4 0
18 5 1.2026619926709765
18 6 1.1982260883214995
18 7 0
18 8 0
18 9 0
18 10 1.2387515895347698
18 11 1.170972381212179
18 12 1.3920506676346327
18 13 1.497606817062196
18 14 1.557755050546325
18 15 2.1211677125872845
18 16 1.942185275258188
18 17 2.893649466779412
18 18 2.6759040004228485
18 19 2.5809053995416926
18 20 2.2360722456240314
18 21 2.248752298322671
18 22 1.7463974391819663
18 23 1.539050300664011
18 24 1.2499792292130887
18 25 1.3901025784264016
18 26 1.5715501210266212
18 27 1.112410454747861
18 28 0
18 29 1.0766368725205822
19 0 0
19 1 0
19 2 0
19 3 0
19 4 1.2949755952932467
19 5 0
19 6 0
19 7 1.2781810209085755
19 8 1.0718242732311185
19 9 1.6548033003607778
19 10 1.1683306497191601
19 11 1.8615965074218648
19 12 1.3501590702789241
19 13 1.9068787372474332
19 14 1.8036179933093326
19 15 1.4474408083146721
19 16 2.768528958784186
19 17 3.6509822897714126
19 18 4.6518730390725755
19 19 4.657262519046329
19 20 2.794080911555677
19 21 2.1603222190386524
19 22 2.054125821606485
19 23 1.8867936401054226
19 24 1.782494318017926
19 25 1.0579999483624347
19 26 1.275004678564523
19 27 0
19 28 0
19 29 0
20 0 1.1466414177071507
20 1 0
20 2 0
20 3 0.9728673951543496
20 4 0
20 5 0
20 6 0
20 7 0
20 8 1.3156455953433042
20 9 1.3035218853783554
20 10 1.2469351118715342
20 11 1.7523522630386879
20 12 1.7308231967440162
20 13 1.4036926955233986
20 14 1.9448427265745107
20 15 2.1662802491562334
20 16 3.260523177238703
20 17 4.6847229636373005
20 18 36.711532351995366
20 19 5.34107888849206
20 20 2.0335880471992596
20 21 1.6087875517660712
20 22 1.5148250097579556
20 23 1.488032318351966
20 24 1.2594318046050756
20 25 0
20 26 1.3494536500709868
20 27 0
20 28 0
20 29 1.0562557741065195
21 0 0
21 1 0
21 2 0
21 3 0
21 4 0
21 5 0
21 6 1.2857361721914995
21 7 0
21 8 1.1161996309348683
21 9 1.2250421938876368
21 10 1.2278551960116109
21 11 1.2504911000192964
21 12 1.2668513476300163
21 13 1.9717627844883305
21 14 1.7874022410225066
21 15 1.3383706167971143
21 16 2.437772265887894
21 17 3.9343034660354075
21 18 4.38214053591906
21 19 4.478462984421657
21 20 2.5697863227845987
21 21 2.488199077023798
21 22 1.586870387380499
21 23 1.2805604077278585
21 24 0
21 25 0
21 26 1.3663158869432004
21 27 0
21 28 0
21 29 0
22 0 0
22 1 0
22 2 0
22 3 0
22 4 1.2428551269255912
22 5 0
22 6 0
22 7 0
22 8 1.7787978407833236
22 9 0
22 10 1.2451421075369808
22 11 1.3479518755437494
22 12 1.3889818644589556
22 13 1.3598078003439245
22 14 1.418619852787726
22 15 1.6764958914059394
22 16 2.227225122545812
22 17 1.8419619090440948
22 18 2.0769834508865683
22 19 2.5455414915426484
22 20 1.7666137256565875
22 21 1.4122356828867837
22 22 1.3333889829253913
22 23 1.3375252072317978
22 24 1.4252304031180543
22 25 0
22 26 1.5392101879899922
22 27 0
22 28 0
22 29 0
23 0 0
23 1 1.0498950814132133
23 2 0
23 3 0
23 4 0
23 5 1.222393762616536
23 6 1.418250350447506
23 7 1.2300688351924849
23 8 0
23 9 1.4295720749081267
23 10 1.2235294736083284
23 11 1.0972599137353287
23 12 1.170775450379788
23 13 1.508711250457311
23 14 1.8889858079212172
23 15 1.7156673868309833
23 16 1.525472990167812
23 17 2.324440338562665
23 18 2.212497328236647
23 19 1.8599864345034316
23 20 1.4893326749989055
23 21 1.2516087349956333
23 22 0
23 23 1.555267629574567
23 24 0.9643974595088801
23 25 1.1570669266943585
23 26 1.179227345478515
23 27 1.4447458646413593
23 28 0
23 29 0
24 0 0
24 1 1.245622117381044
24 2 0
24 3 0
24 4 0
24 5 0
24 6 0
24 7 1.1202294087009959
24 8 0
24 9 1.3062020517549287
24 10 1.4666002640696274
24 11 1.246078422304014
24 12 1.328784283663848
24 13 1.2685181901484648
24 14 1.8778310305414756
24 15 1.3917884045131597
24 16 1.8124416300869273
24 17 1.586870387380499
24 18 1.5366476225266381
24 19 1.6885888426565054
24 20 1.9323167996924977
24 21 1.6203348021937138
24 22 1.4368821351259935
24 23 1.6268275738133624
24 24 0
24 25 1.3279199858309672
24 26 0
24 27 0
24 28 0
24 29 1.2488310492960117
25 0 0
25 1 0
25 2 0
25 3 0
25 4 0
25 5 0
25 6 0
25 7 0
25 8 1.1447971675980166
25 9 0
25 10 1.2402828739974339
25 11 1.2086683588651554
25 12 0
25 13 1.3087877458791302
25 14 0
25 15 1.2783875643598208
25 16 1.5489711597123332
25 17 1.3664652987130512
25 18 1.6114727149441646
25 19 1.7055307779234492
25 20 1.3426775230866832
25 21 1.5754117980978863
25 22 0
25 23 1.3363620618481586
25 24 0
25 25 0
25 26 0
25 27 0
25 28 0
25 29 0
26 0 0
26 1 0
26 2 0
26 3 0
26 4 0
26 5 1.3119394677375902
26 6 0
26 7 0
26 8 0
26 9 0
26 10 1.0237546904071477
26 11 1.1439285838935838
26 12 0
26 13 0
26 14 0
26 15 1.268326813684524
26 16 1.3495827451486742
26 17 1.194740746079853
26 18 0
26 19 0
26 20 1.6128940279630208
26 21 0
26 22 1.2426172431982063
26 23 1.2796528579607003
26 24 0
26 25 0
26 26 1.024047883429439
26 27 0
26 28 1.1558607163089265
26 29 1.1172438619893068
27 0 0
27 1 0
27 2 0
27 3 0
27 4 0
27 5 0
27 6 0
27 7 0
27 8 0
27 9 1.4401246283759015
27 10 1.1411211956902079
27 11 0
27 12 1.112410454747861
27 13 0
27 14 1.5816643403239208
27 15 0
27 16 0
27 17 0
27 18 1.128067708996074
27 19 1.193952111404771
27 20 0
27 21 1.1795811585105669
27 22 0
27 23 0
27 24 0
27 25 1.4481218829789821
27 26 0
27 27 1.0731303790023963
27 28 1.0487146908291518
27 29 1.0495123406443214
28 0 0
28 1 0
28 2 0
28 3 0
28 4 1.415861574971388
28 5 0
28 6 0
28 7 0
28 8 0
28 9 0
28 10 0
28 11 1.4663549364631303
28 12 1.3053006984491144
28 13 0
28 14 0
28 15 0
28 16 1.5392101879899922
28 17 0
28 18 1.407837203207211
28 19 0
28 20 1.091121324754581
28 21 1.103252557879154
28 22 0
28 23 0
28 24 0
28 25 0
28 26 1.0658061999117479
28 27 0
28 28 0
28 29 1.282001317551079
29 0 0
29 1 0
29 2 0
29 3 0
29 4 0
29 5 1.2488100775635398
29 6 1.019593986795144
29 7 0
29 8 0
29 9 0
29 10 0
29 11 0
29 12 1.2162354066841337
29 13 1.1937255073048265
29 14 1.149810248118069
29 15 0
29 16 0
29 17 0
29 18 1.2651074433657423
29 19 0
29 20 0
29 21 1.2483110638161639
29 22 1.473674904626827
29 23 1.463145624672467
29 24 0
29 25 0.9816422612936332
29 26 0
29 27 0
29 28 0
29 29 0
