0 0 0
0 1 0
0 2 1.184183766315401
0 3 0
0 4 0
0 5 0
0 6 1.1294110237615629
0 7 0
0 8 0
0 9 0
0 10 1.0034005921240816
0 11 0
0 12 0
0 13 1.4575851146232703
0 14 0
0 15 0
0 16 0
0 17 0
0 18 0
0 19 0
0 20 0.9634093450902247
0 21 1.1946196797435324
0 22 1.0436711662715528
0 23 0
0 24 0
0 25 0
0 26 0
0 27 0
0 28 0
0 29 0
1 0 0
1 1 1.027624872699775
1 2 1.1297092029433997
1 3 0
1 4 0
1 5 0
1 6 0
1 7 1.0936764901795226
1 8 0
1 9 0.9854494939586058
1 10 0
1 11 0
1 12 0
1 13 1.0950168027616463
1 14 1.1434350579131902
1 15 0
1 16 0
1 17 0
1 18 0
1 19 0
1 20 0
1 21 0
1 22 0
1 23 0
1 24 0
1 25 1.139240811581197
1 26 0
1 27 0
1 28 0
1 29 0
2 0 1.1005665718266227
2 1 0
2 2 0
2 3 1.1853129520805492
2 4 0
2 5 1.3486341925023584
2 6 0
2 7 0
2 8 0
2 9 0
2 10 0
2 11 1.502186867214407
2 12 0
2 13 1.3615300082435373
2 14 1.2073065068992175
2 15 1.2109837564919321
2 16 1.2770949564587732
2 17 0
2 18 1.4663549364631303
2 19 0
2 20 0
2 21 0
2 22 1.1760263758836906
2 23 1.0543679842222278
2 24 0
2 25 0
2 26 0
2 27 0
2 28 0
2 29 0
3 0 1.2768875148885543
3 1 0
3 2 1.19293757279432
3 3 0
3 4 1.4853192902415473
3 5 1.3761477697269509
3 6 0
3 7 1.3182695133969249
3 8 1.7440416385458684
3 9 0
3 10 0
3 11 0
3 12 1.193952111404771
3 13 0
3 14 1.194642403323546
3 15 1.1926746624272393
3 16 1.3431704187773044
3 17 1.1560320347177289
3 18 0
3 19 1.7645564834172642
3 20 0
3 21 0
3 22 0
3 23 1.701823308256882
3 24 0
3 25 1.1955361090097265
3 26 0
3 27 1.3513072983226848
3 28 0
3 29 1.2366756630059017
4 0 0
4 1 0
4 2 0
4 3 0
4 4 1.2171598759925633
4 5 0
4 6 1.1563690245632425
4 7 0
4 8 0
4 9 0
4 10 1.3839186847563145
4 11 0
4 12 0
4 13 1.4068940754741683
4 14 1.2586632579024206
4 15 1.2791456568192052
4 16 0
4 17 0
4 18 1.1439285838935838
4 19 1.1629951637038136
4 20 1.2709410968784225
4 21 1.2821389849952234
4 22 0
4 23 0
4 24 1.227003545916442
4 25 0
4 26 0
4 27 0
4 28 0
4 29 0
5 0 0
5 1 0
5 2 0
5 3 1.2479769987497713
5 4 0
5 5 1.4450092330665472
5 6 0
5 7 1.3417370313772325
5 8 0
5 9 0
5 10 1.1755780312581492
5 11 1.5768948670746128
5 12 1.7055307779234492
5 13 1.692879476587539
5 14 1.544135240520865
5 15 0
5 16 1.1832258761926149
5 17 0
5 18 1.2086683588651554
5 19 0
5 20 0
5 21 0
5 22 1.1289254192494722
5 23 0
5 24 0
5 25 0
5 26 0
5 27 0
5 28 1.1253279244970347
5 29 0
6 0 1.1372157823793905
6 1 0
6 2 0
6 3 0
6 4 0
6 5 0
6 6 0
6 7 1.2748887138934917
6 8 1.8290698442399842
6 9 2.0481008389176107
6 10 1.8889045410570466
6 11 1.46205509880251
6 12 1.6885888426565054
6 13 1.2888323601940177
6 14 1.488032318351966
6 15 1.4619272240646684
6 16 1.2634635474799543
6 17 1.700288407445906
6 18 1.246078422304014
6 19 1.5389745680257847
6 20 1.22058910046273
6 21 0
6 22 1.2768610430196734
6 23 1.1859521719836628
6 24 0
6 25 0
6 26 1.2630916460205843
6 27 0
6 28 0
6 29 0
7 0 0.9816422612936332
7 1 1.1251208397591872
7 2 0
7 3 0
7 4 1.7757357299773373
7 5 1.217905193830637
7 6 0
7 7 1.392264047714341
7 8 1.3873183974903676
7 9 1.8736080243291793
7 10 1.7835746168056672
7 11 2.274633653834136
7 12 1.8599864345034316
7 13 1.995817732275398
7 14 2.0557900809363745
7 15 1.409068559957366
7 16 1.5575596896292871
7 17 1.3193049216994082
7 18 1.0972599137353287
7 19 1.1161016263809267
7 20 1.3007358368413764
7 21 0
7 22 1.0055348678197265
7 23 1.2580516624956442
7 24 0
7 25 0
7 26 0
7 27 0
7 28 1.3484719018161517
7 29 0
8 0 0
8 1 1.2740795873736819
8 2 0
8 3 0
8 4 0
8 5 1.249827447062874
8 6 0
8 7 1.6237842677226788
8 8 1.8061161480411718
8 9 1.5334214449022867
8 10 3.0840025577701957
8 11 3.2888075162982027
8 12 2.5455414915426484
8 13 2.03959883930304
8 14 2.1675605694473004
8 15 1.4995049078310165
8 16 1.6239851042262863
8 17 0
8 18 1.3479518755437494
8 19 1.345402263834377
8 20 0
8 21 1.1877471648389806
8 22 1.0923556717554284
8 23 0
8 24 1.336268248994542
8 25 1.1606491129768421
8 26 0
8 27 0
8 28 0
8 29 1.2497998304286844
9 0 0
9 1 0
9 2 0
9 3 0
9 4 1.3363620618481586
9 5 0
9 6 1.8655692202369387
9 7 1.5786785237665826
9 8 2.4687937748334723
9 9 2.754354959406473
9 10 3.104888259859185
9 11 3.8736880841976964
9 12 4.478462984421657
9 13 2.8774437975287555
9 14 1.880518283820341
9 15 1.6706072578769673
9 16 2.15064671700489
9 17 0
9 18 1.2504911000192964
9 19 1.1330308405730318
9 20 0
9 21 0
9 22 1.4394283353756632
9 23 0
9 24 0
9 25 0
9 26 1.2691622102240308
9 27 0
9 28 0
9 29 0
10 0 0
10 1 1.2325666237206028
10 2 0
10 3 1.5942322662228938
10 4 1.128067708996074
10 5 1.1777267742972022
10 6 0
10 7 1.5256326908586937
10 8 2.1616904440205804
10 9 2.382041185770546
10 10 4.47262435905538
10 11 34.40193828516081
10 12 5.34107888849206
10 13 3.0877278291577177
10 14 2.1737640098141995
10 15 1.8175472824543757
10 16 1.7335048609799073
10 17 1.5726578030743656
10 18 1.7523522630386879
10 19 1.427786632223906
10 20 1.4081062063791914
10 21 0
10 22 0
10 23 1.1270661917187748
10 24 0
10 25 0.9900957135905882
10 26 1.205482583064841
10 27 0
10 28 0
10 29 1.242713112706357
11 0 1.018071274149095
11 1 1.4588196279217032
11 2 0
11 3 0
11 4 0
11 5 0
11 6 1.3664652987130512
11 7 1.6867489050044944
11 8 2.488199077023798
11 9 1.9242271792181833
11 10 4.074827397841865
11 11 3.970127292901298
11 12 4.657262519046329
11 13 2.2468553188062814
11 14 2.139325150175474
11 15 1.640046239058482
11 16 1.1031616184756257
11 17 1.8469297780647382
11 18 1.8615965074218648
11 19 0
11 20 0
11 21 0
11 22 1.2328916129430356
11 23 1.3270999308218403
11 24 0
11 25 0
11 26 1.311059879227769
11 27 1.2405488916337646
11 28 0
11 29 1.1332617752444694
12 0 0
12 1 0
12 2 1.3140053003297703
12 3 1.4748860761229294
12 4 0
12 5 0
12 6 1.375609478516386
12 7 1.5917905218615356
12 8 1.525472990167812
12 9 2.4438498183006865
12 10 2.794080911555677
12 11 2.7312095411147284
12 12 2.5809053995416926
12 13 1.6723159667863872
12 14 2.0585728528063454
12 15 2.050796073898496
12 16 1.480633022042356
12 17 2.28768014860783
12 18 1.170972381212179
12 19 1.6736516533294759
12 20 1.1683306497191601
12 21 0
12 22 1.2649793271423815
12 23 0
12 24 1.232433533903034
12 25 0
12 26 1.140925260810008
12 27 1.1548432075411654
12 28 0
12 29 0
13 0 1.1491533725137522
13 1 0
13 2 0
13 3 0
13 4 0
13 5 1.3088291055483239
13 6 1.2491916803674932
13 7 1.4553953755496658
13 8 1.8515600504599778
13 9 2.2654037823524895
13 10 1.3383706167971143
13 11 2.069809917563722
13 12 1.8407129699236573
13 13 2.78689437973767
13 14 2.271545343195939
13 15 1.7061544684014405
13 16 1.4170859970356107
13 17 1.648543363250262
13 18 1.136762900614408
13 19 1.4517178412985317
13 20 1.2725242577938722
13 21 1.7239886147309644
13 22 1.2415260549519802
13 23 1.382234345303632
13 24 0
13 25 1.7839299952419587
13 26 0
13 27 0
13 28 1.4401246283759015
13 29 0
14 0 1.0829026238793442
14 1 0
14 2 1.1374639273192622
14 3 0
14 4 0
14 5 1.4758052122674554
14 6 1.2634635474799543
14 7 1.31955551002332
14 8 2.1430262029552867
14 9 1.5011365692746113
14 10 1.7786547626789724
14 11 2.119326363771201
14 12 1.8036179933093326
14 13 1.7793740006811454
14 14 1.628637968843257
14 15 1.6808273511769503
14 16 1.7224174595431176
14 17 1.2494767656466632
14 18 1.4338778125268778
14 19 1.8648285310147967
14 20 1.8532865401322376
14 21 1.4700403550389807
14 22 1.2299010060593467
14 23 1.3323859525052237
14 24 1.3459468260978542
14 25 1.2301699570922702
14 26 1.2516524167779581
14 27 0
14 28 1.1828335751123236
14 29 0
15 0 0
15 1 0
15 2 1.1127839888062339
15 3 0
15 4 1.6302452988678444
15 5 0
15 6 1.5843303196987448
15 7 1.1941070518702597
15 8 1.5168250370702738
15 9 1.6086105293460846
15 10 1.4918541223108128
15 11 1.9339814804712057
15 12 1.6176608637966514
15 13 1.6886222954553998
15 14 2.2258762163452332
15 15 1.2904465870420334
15 16 2.2258762163452332
15 17 1.6886222954553998
15 18 1.6176608637966514
15 19 1.9339814804712057
15 20 1.4918541223108128
15 21 1.6086105293460846
15 22 1.5168250370702738
15 23 1.1941070518702597
15 24 1.5843303196987448
15 25 0
15 26 1.6302452988678444
15 27 0
15 28 1.1127839888062339
15 29 0
16 0 0
16 1 0
16 2 1.1828335751123236
16 3 0
16 4 1.2516524167779581
16 5 1.2301699570922702
16 6 1.3459468260978542
16 7 1.3323859525052237
16 8 1.2299010060593467
16 9 1.4700403550389807
16 10 1.8532865401322376
16 11 1.8648285310147967
16 12 1.4338778125268778
16 13 1.2494767656466632
16 14 1.7224174595431176
16 15 1.6808273511769503
16 16 1.628637968843257
16 17 1.7793740006811454
16 18 1.8036179933093326
16 19 2.119326363771201
16 20 1.7786547626789724
16 21 1.5011365692746113
16 22 2.1430262029552867
16 23 1.31955551002332
16 24 1.2634635474799543
16 25 1.4758052122674554
16 26 0
16 27 0
16 28 1.1374639273192622
16 29 0
17 0 0
17 1 0
17 2 1.4401246283759015
17 3 0
17 4 0
17 5 1.7839299952419587
17 6 0
17 7 1.382234345303632
17 8 1.2415260549519802
17 9 1.7239886147309644
17 10 1.2725242577938722
17 11 1.4517178412985317
17 12 1.136762900614408
17 13 1.648543363250262
17 14 1.4170859970356107
17 15 1.7061544684014405
17 16 2.271545343195939
17 17 2.78689437973767
17 18 1.8407129699236573
17 19 2.069809917563722
17 20 1.3383706167971143
17 21 2.2654037823524895
17 22 1.8515600504599778
17 23 1.4553953755496658
17 24 1.2491916803674932
17 25 1.3088291055483239
17 26 0
17 27 0
17 28 0
17 29 0
18 0 0
18 1 0
18 2 0
18 3 1.1548432075411654
18 4 1.140925260810008
18 5 0
18 6 1.232433533903034
18 7 0
18 8 1.2649793271423815
18 9 0
18 10 1.1683306497191601
18 11 1.6736516533294759
18 12 1.170972381212179
18 13 2.28768014860783
18 14 1.480633022042356
18 15 2.050796073898496
18 16 2.0585728528063454
18 17 1.6723159667863872
18 18 2.5809053995416926
18 19 2.7312095411147284
18 20 2.794080911555677
18 21 2.4438498183006865
18 22 1.525472990167812
18 23 1.5917905218615356
18 24 1.375609478516386
18 25 0
18 26 0
18 27 1.4748860761229294
18 28 1.3140053003297703
18 29 0
19 0 0
19 1 1.1332617752444694
19 2 0
19 3 1.2405488916337646
19 4 1.311059879227769
19 5 0
19 6 0
19 7 1.3270999308218403
19 8 1.2328916129430356
19 9 0
19 10 0
19 11 0
19 12 1.8615965074218648
19 13 1.8469297780647382
19 14 1.1031616184756257
19 15 1.640046239058482
19 16 2.139325150175474
19 17 2.2468553188062814
19 18 4.657262519046329
19 19 3.970127292901298
19 20 4.074827397841865
19 21 1.9242271792181833
19 22 2.488199077023798
19 23 1.6867489050044944
19 24 1.3664652987130512
19 25 0
19 26 0
19 27 0
19 28 0
19 29 1.4588196279217032
20 0 0
20 1 1.242713112706357
20 2 0
20 3 0
20 4 1.205482583064841
20 5 0.9900957135905882
20 6 0
20 7 1.1270661917187748
20 8 0
20 9 0
20 10 1.4081062063791914
20 11 1.427786632223906
20 12 1.7523522630386879
20 13 1.5726578030743656
20 14 1.7335048609799073
20 15 1.8175472824543757
20 16 2.1737640098141995
20 17 3.0877278291577177
20 18 5.34107888849206
20 19 34.40193828516081
20 20 4.47262435905538
20 21 2.382041185770546
20 22 2.1616904440205804
20 23 1.5256326908586937
20 24 0
20 25 1.1777267742972022
20 26 1.128067708996074
20 27 1.5942322662228938
20 28 0
20 29 1.2325666237206028
21 0 1.0873001935113604
21 1 0
21 2 0
21 3 0
21 4 1.2691622102240308
21 5 0
21 6 0
21 7 0
21 8 1.4394283353756632
21 9 0
21 10 0
21 11 1.1330308405730318
21 12 1.2504911000192964
21 13 0
21 14 2.15064671700489
21 15 1.6706072578769673
21 16 1.880518283820341
21 17 2.8774437975287555
21 18 4.478462984421657
21 19 3.8736880841976964
21 20 3.104888259859185
21 21 2.754354959406473
21 22 2.4687937748334723
21 23 1.5786785237665826
21 24 1.8655692202369387
21 25 0
21 26 1.3363620618481586
21 27 0
21 28 0
21 29 0
22 0 1.3568132573598772
22 1 1.2497998304286844
22 2 0
22 3 0
22 4 0
22 5 1.1606491129768421
22 6 1.336268248994542
22 7 0
22 8 1.0923556717554284
22 9 1.1877471648389806
22 10 0
22 11 1.345402263834377
22 12 1.3479518755437494
22 13 0
22 14 1.6239851042262863
22 15 1.4995049078310165
22 16 2.1675605694473004
22 17 2.03959883930304
22 18 2.5455414915426484
22 19 3.2888075162982027
22 20 3.0840025577701957
22 21 1.5334214449022867
22 22 1.8061161480411718
22 23 1.6237842677226788
22 24 0
22 25 1.249827447062874
22 26 0
22 27 0
22 28 0
22 29 1.2740795873736819
23 0 0
23 1 0
23 2 1.3484719018161517
23 3 0
23 4 0
23 5 0
23 6 0
23 7 1.2580516624956442
23 8 1.0055348678197265
23 9 0
23 10 1.3007358368413764
23 11 1.1161016263809267
23 12 1.0972599137353287
23 13 1.3193049216994082
23 14 1.5575596896292871
23 15 1.409068559957366
23 16 2.0557900809363745
23 17 1.995817732275398
23 18 1.8599864345034316
23 19 2.274633653834136
23 20 1.7835746168056672
23 21 1.8736080243291793
23 22 1.3873183974903676
23 23 1.392264047714341
23 24 0
23 25 1.217905193830637
23 26 1.7757357299773373
23 27 0
23 28 0
23 29 1.1251208397591872
24 0 0
24 1 0
24 2 0
24 3 0
24 4 1.2630916460205843
24 5 0
24 6 0
24 7 1.1859521719836628
24 8 1.2768610430196734
24 9 0
24 10 1.22058910046273
24 11 1.5389745680257847
24 12 1.246078422304014
24 13 1.700288407445906
24 14 1.2634635474799543
24 15 1.4619272240646684
24 16 1.488032318351966
24 17 1.2888323601940177
24 18 1.6885888426565054
24 19 1.46205509880251
24 20 1.8889045410570466
24 21 2.0481008389176107
24 22 1.8290698442399842
24 23 1.2748887138934917
24 24 0
24 25 0
24 26 0
24 27 0
24 28 0
24 29 0
25 0 0
25 1 0
25 2 1.1253279244970347
25 3 0
25 4 0
25 5 0
25 6 0
25 7 0
25 8 1.1289254192494722
25 9 0
25 10 0
25 11 0
25 12 1.2086683588651554
25 13 0
25 14 1.1832258761926149
25 15 0
25 16 1.544135240520865
25 17 1.692879476587539
25 18 1.7055307779234492
25 19 1.5768948670746128
25 20 1.1755780312581492
25 21 0
25 22 0
25 23 1.3417370313772325
25 24 0
25 25 1.4450092330665472
25 26 0
25 27 1.2479769987497713
25 28 0
25 29 0
26 0 0
26 1 0
26 2 0
26 3 0
26 4 0
26 5 0
26 6 1.227003545916442
26 7 0
26 8 0
26 9 1.2821389849952234
26 10 1.2709410968784225
26 11 1.1629951637038136
26 12 1.1439285838935838
26 13 0
26 14 0
26 15 1.2791456568192052
26 16 1.2586632579024206
26 17 1.4068940754741683
26 18 0
26 19 0
26 20 1.3839186847563145
26 21 0
26 22 0
26 23 0
26 24 1.1563690245632425
26 25 0
26 26 1.2171598759925633
26 27 0
26 28 0
26 29 0
27 0 0
27 1 1.2366756630059017
27 2 0
27 3 1.3513072983226848
27 4 0
27 5 1.1955361090097265
27 6 0
27 7 1.701823308256882
27 8 0
27 9 0
27 10 0
27 11 1.7645564834172642
27 12 0
27 13 1.1560320347177289
27 14 1.3431704187773044
27 15 1.1926746624272393
27 16 1.194642403323546
27 17 0
27 18 1.193952111404771
27 19 0
27 20 0
27 21 0
27 22 1.7440416385458684
27 23 1.3182695133969249
27 24 0
27 25 1.3761477697269509
27 26 1.4853192902415473
27 27 0
27 28 1.19293757279432
27 29 0
28 0 0
28 1 0
28 2 0
28 3 0
28 4 0
28 5 0
28 6 0
28 7 1.0543679842222278
28 8 1.1760263758836906
28 9 0
28 10 0
28 11 0
28 12 1.4663549364631303
28 13 0
28 14 1.2770949564587732
28 15 1.2109837564919321
28 16 1.2073065068992175
28 17 1.3615300082435373
28 18 0
28 19 1.502186867214407
28 20 0
28 21 0
28 22 0
28 23 0
28 24 0
28 25 1.3486341925023584
28 26 0
28 27 1.1853129520805492
28 28 0
28 29 0
29 0 1.1849254022902882
29 1 0
29 2 0
29 3 0
29 4 0
29 5 1.139240811581197
29 6 0
29 7 0
29 8 0
29 9 0
29 10 0
29 11 0
29 12 0
29 13 0
29 14 0
29 15 0
29 16 1.1434350579131902
29 17 1.0950168027616463
29 18 0
29 19 0
29 20 0
29 21 0.9854494939586058
29 22 0
29 23 1.0936764901795226
29 24 0
29 25 0
29 26 0
29 27 0
29 28 1.1297092029433997
29 29 1.027624872699775
