0 0 0
0 1 0
0 2 0
0 3 0
0 4 0
0 5 0
0 6 0
0 7 1.3306665347107944
0 8 0
0 9 0
0 10 1.2641712397205391
0 11 1.4575851146232703
0 12 1.2849229771577593
0 13 1.1765588036006942
0 14 1.4337572143490656
0 15 1.4989252889895595
0 16 1.3414531152478315
0 17 0
0 18 0
0 19 0
0 20 0
0 21 0
0 22 0
0 23 0
0 24 0
0 25 0
0 26 0
0 27 0
0 28 0
0 29 1.2248689435682671
1 0 0
1 1 0
1 2 0
1 3 0
1 4 0
1 5 0
1 6 0
1 7 1.0555359488623295
1 8 0
1 9 1.2203103757263345
1 10 0
1 11 1.0950168027616463
1 12 0
1 13 0
1 14 0
1 15 0
1 16 1.1802656410660581
1 17 1.322632203361715
1 18 1.1937255073048265
1 19 0
1 20 0
1 21 0
1 22 0
1 23 0
1 24 0
1 25 0
1 26 1.1366624790669935
1 27 1.3382191071437868
1 28 0
1 29 0
2 0 0
2 1 1.2468302660930883
2 2 0
2 3 0
2 4 0
2 5 0
2 6 1.3652646782655329
2 7 1.2325666237206028
2 8 0
2 9 1.3308202866657848
2 10 0
2 11 1.3615300082435373
2 12 0
2 13 1.2777051223976592
2 14 1.319089557417323
2 15 1.3727411994962961
2 16 0
2 17 1.2171563296530854
2 18 0
2 19 0
2 20 0
2 21 1.1716400462785839
2 22 0
2 23 0
2 24 0
2 25 1.1748385153632268
2 26 0
2 27 0
2 28 0
2 29 0
3 0 1.2836081002924202
3 1 1.3120582280695363
3 2 0
3 3 0
3 4 0
3 5 1.0995785361759156
3 6 0
3 7 0
3 8 0
3 9 0
3 10 1.1570669266943585
3 11 0
3 12 0
3 13 0
3 14 0
3 15 1.2961136010462322
3 16 1.223459711414065
3 17 1.7206646266282493
3 18 0
3 19 1.1560320347177289
3 20 0
3 21 1.2495224741791109
3 22 0
3 23 0
3 24 0
3 25 0
3 26 0
3 27 0
3 28 0
3 29 0
4 0 0
4 1 0
4 2 0
4 3 0
4 4 0
4 5 1.0330890125136847
4 6 0
4 7 0
4 8 1.7234392045741198
4 9 1.0255457772208276
4 10 0
4 11 1.4068940754741683
4 12 1.194740746079853
4 13 1.2493081372642916
4 14 0
4 15 0
4 16 1.203021784686141
4 17 1.5821754195916353
4 18 0
4 19 0
4 20 1.202663872709701
4 21 0
4 22 1.2256029769499288
4 23 0
4 24 0
4 25 0
4 26 0
4 27 0
4 28 0
4 29 0
5 0 1.761533701899382
5 1 0
5 2 0
5 3 0
5 4 1.239889033355413
5 5 0
5 6 0
5 7 1.2045886474155776
5 8 0
5 9 1.726706696382208
5 10 1.5730269493759803
5 11 1.692879476587539
5 12 1.3664652987130512
5 13 1.6879586601334962
5 14 0
5 15 1.4996727237416196
5 16 1.719893009902405
5 17 0
5 18 1.3087877458791302
5 19 0
5 20 1.2312873526164134
5 21 1.4695317433901767
5 22 0
5 23 1.3372028466459946
5 24 1.1602632109301607
5 25 0
5 26 0
5 27 0
5 28 0
5 29 0
6 0 1.2123679358007897
6 1 1.3350561012128652
6 2 0
6 3 1.517470830485163
6 4 1.149810248118069
6 5 1.2109837564919321
6 6 1.3663158869432004
6 7 0
6 8 1.3136170958397655
6 9 1.402301956427318
6 10 1.5186803417665689
6 11 1.2888323601940177
6 12 1.586870387380499
6 13 1.5371651424249426
6 14 1.7100158196618427
6 15 2.268865467303229
6 16 1.8546245456713573
6 17 1.4212908139500817
6 18 1.2685181901484648
6 19 1.700288407445906
6 20 1.4739155325959195
6 21 0
6 22 1.374375376695792
6 23 0
6 24 1.220963194384328
6 25 0
6 26 0
6 27 0
6 28 1.2850319726739294
6 29 0
7 0 0
7 1 0
7 2 1.132732440782096
7 3 1.2395196087966889
7 4 0
7 5 1.5351846906968305
7 6 1.223459711414065
7 7 1.336043166034384
7 8 1.544135240520865
7 9 1.6754334934565411
7 10 1.7140411770865795
7 11 1.995817732275398
7 12 2.324440338562665
7 13 2.350891130048807
7 14 2.005444731645498
7 15 1.9861463341610832
7 16 1.8515600504599778
7 17 1.9325629734059726
7 18 1.508711250457311
7 19 1.3193049216994082
7 20 1.1436777788131092
7 21 1.5587491668347142
7 22 1.4777742183242593
7 23 0
7 24 1.122828401971508
7 25 0
7 26 0
7 27 0
7 28 0
7 29 0
8 0 0
8 1 1.4105973657665163
8 2 1.4105491026656856
8 3 0
8 4 0
8 5 1.5275447869816152
8 6 1.169404816018311
8 7 0
8 8 1.7106329311066297
8 9 1.5917905218615356
8 10 1.6339321829835198
8 11 2.03959883930304
8 12 1.8419619090440948
8 13 2.1247478295058695
8 14 2.7836762176591443
8 15 2.0170578421989727
8 16 2.248752298322671
8 17 1.3892974696317533
8 18 1.3598078003439245
8 19 0
8 20 1.2474074572182685
8 21 1.2389111786448466
8 22 1.143485113712448
8 23 0
8 24 0
8 25 1.2652753736114795
8 26 1.3198720691419337
8 27 0
8 28 1.2189798439178277
8 29 0
9 0 0
9 1 0
9 2 0
9 3 0
9 4 0
9 5 0
9 6 1.1647958061966637
9 7 1.563059862887023
9 8 1.8867936401054226
9 9 1.3414771713780467
9 10 2.22612446216005
9 11 2.8774437975287555
9 12 3.9343034660354075
9 13 4.772487288796468
9 14 4.657262519046329
9 15 3.259397376126765
9 16 1.6844192770583697
9 17 1.669563205413773
9 18 1.9717627844883305
9 19 0
9 20 1.328668243972584
9 21 1.3592184183775262
9 22 0
9 23 1.214810812754452
9 24 0
9 25 0
9 26 1.1990062773127237
9 27 0
9 28 0
9 29 0
10 0 0
10 1 0
10 2 0
10 3 0
10 4 1.3392184216280374
10 5 0
10 6 1.3385888117657772
10 7 1.5516020313029553
10 8 1.4197955465310572
10 9 2.477543880211814
10 10 2.3128916571800384
10 11 3.0877278291577177
10 12 4.6847229636373005
10 13 37.087528567574175
10 14 4.764672048533728
10 15 2.7475993513795234
10 16 1.9967803696189577
10 17 2.119326363771201
10 18 1.4036926955233986
10 19 1.5726578030743656
10 20 1.3725472334012272
10 21 1.521187840508251
10 22 0
10 23 0
10 24 1.2514454955088485
10 25 0
10 26 1.1222778138720473
10 27 0
10 28 0
10 29 0
11 0 0
11 1 0
11 2 0
11 3 0
11 4 1.1550679678010094
11 5 0
11 6 1.3205845070478386
11 7 1.2460587041632962
11 8 1.4100342926016662
11 9 1.4577067668328407
11 10 1.3383706167971143
11 11 2.2468553188062814
11 12 3.6509822897714126
11 13 3.825134412617597
11 14 3.8269842724697383
11 15 2.598017970253072
11 16 2.2122197157144576
11 17 2.046465296527703
11 18 1.9068787372474332
11 19 1.8469297780647382
11 20 1.2725242577938722
11 21 0
11 22 1.2748120776229408
11 23 1.2428480710301169
11 24 1.4394283353756632
11 25 0
11 26 0
11 27 1.3099630786959044
11 28 0
11 29 0
12 0 1.5100830632254287
12 1 0
12 2 0
12 3 0
12 4 1.1500720638753281
12 5 0
12 6 0
12 7 1.4165478394247808
12 8 1.3598078003439245
12 9 1.9317409476296303
12 10 1.9416948538087464
12 11 1.6723159667863872
12 12 2.893649466779412
12 13 3.95674412045979
12 14 3.2411185352320424
12 15 2.0308350841796856
12 16 1.200814062349838
12 17 1.7999202878522864
12 18 1.497606817062196
12 19 2.28768014860783
12 20 1.3057017666223765
12 21 1.5439721820317556
12 22 1.6029668320957462
12 23 0
12 24 1.231704613514884
12 25 0
12 26 0
12 27 1.2287437558209873
12 28 0
12 29 0
13 0 0
13 1 0
13 2 1.4316916364254606
13 3 0
13 4 0
13 5 1.1934969448189618
13 6 1.0972599137353287
13 7 1.2967739803281906
13 8 1.8029582343061104
13 9 1.2612190524008504
13 10 1.9945721635279585
13 11 2.78689437973767
13 12 2.2689236156382524
13 13 2.159778826343452
13 14 1.5698361468365027
13 15 1.7147377314448569
13 16 1.7190431147265137
13 17 1.7738276478209614
13 18 2.2258762163452332
13 19 1.648543363250262
13 20 1.3502723313089946
13 21 1.650210345169884
13 22 1.2789631878367567
13 23 1.1684753870184286
13 24 0
13 25 1.267746154366079
13 26 1.0055348678197265
13 27 1.5597075428483702
13 28 1.0520338624482777
13 29 0
14 0 1.4631751831077593
14 1 0
14 2 0
14 3 0
14 4 1.3062020517549287
14 5 0
14 6 1.2853234680599266
14 7 1.4365253566473366
14 8 2.034969694778235
14 9 1.810429461455734
14 10 2.002192903146819
14 11 1.7793740006811454
14 12 1.60203995103757
14 13 2.034358171556112
14 14 2.412346157598103
14 15 1.7351666968288595
14 16 2.1543205142202204
14 17 1.8687721159948139
14 18 1.6413874947442215
14 19 1.2494767656466632
14 20 1.4240613885131397
14 21 1.5876088856511261
14 22 1.2759859486243843
14 23 1.4012309016637055
14 24 0
14 25 1.1828105724660505
14 26 0
14 27 1.2912959056402429
14 28 0
14 29 0
15 0 0
15 1 0
15 2 0
15 3 0
15 4 1.5161875832764757
15 5 1.3268555114189122
15 6 1.2847566981984595
15 7 1.3729398546097558
15 8 0
15 9 1.7192443965914526
15 10 1.3207239801973505
15 11 1.6886222954553998
15 12 1.2171288660359578
15 13 2.042284790075266
15 14 1.755487947007655
15 15 2.276140852622504
15 16 1.755487947007655
15 17 2.042284790075266
15 18 1.2171288660359578
15 19 1.6886222954553998
15 20 1.3207239801973505
15 21 1.7192443965914526
15 22 0
15 23 1.3729398546097558
15 24 1.2847566981984595
15 25 1.3268555114189122
15 26 1.5161875832764757
15 27 0
15 28 0
15 29 0
16 0 1.3119394677375902
16 1 0
16 2 0
16 3 1.2912959056402429
16 4 0
16 5 1.1828105724660505
16 6 0
16 7 1.4012309016637055
16 8 1.2759859486243843
16 9 1.5876088856511261
16 10 1.4240613885131397
16 11 1.2494767656466632
16 12 1.6413874947442215
16 13 1.8687721159948139
16 14 2.1543205142202204
16 15 1.7351666968288595
16 16 2.412346157598103
16 17 2.034358171556112
16 18 1.60203995103757
16 19 1.7793740006811454
16 20 2.002192903146819
16 21 1.810429461455734
16 22 2.034969694778235
16 23 1.4365253566473366
16 24 1.2853234680599266
16 25 0
16 26 1.3062020517549287
16 27 0
16 28 0
16 29 0
17 0 0
17 1 0
17 2 1.0520338624482777
17 3 1.5597075428483702
17 4 1.0055348678197265
17 5 1.267746154366079
17 6 0
17 7 1.1684753870184286
17 8 1.2789631878367567
17 9 1.650210345169884
17 10 1.3502723313089946
17 11 1.648543363250262
17 12 2.2258762163452332
17 13 1.7738276478209614
17 14 1.7190431147265137
17 15 1.7147377314448569
17 16 1.5698361468365027
17 17 2.159778826343452
17 18 2.2689236156382524
17 19 2.78689437973767
17 20 1.9945721635279585
17 21 1.2612190524008504
17 22 1.8029582343061104
17 23 1.2967739803281906
17 24 1.0972599137353287
17 25 1.1934969448189618
17 26 0
17 27 0
17 28 1.4316916364254606
17 29 0
18 0 0
18 1 0
18 2 0
18 3 1.2287437558209873
18 4 0
18 5 0
18 6 1.231704613514884
18 7 0
18 8 1.6029668320957462
18 9 1.5439721820317556
18 10 1.3057017666223765
18 11 2.28768014860783
18 12 1.497606817062196
18 13 1.7999202878522864
18 14 1.200814062349838
18 15 2.0308350841796856
18 16 3.2411185352320424
18 17 3.95674412045979
18 18 2.893649466779412
18 19 1.6723159667863872
18 20 1.9416948538087464
18 21 1.9317409476296303
18 22 1.3598078003439245
18 23 1.4165478394247808
18 24 0
18 25 0
18 26 1.1500720638753281
18 27 0
18 28 0
18 29 0
19 0 0
19 1 0
19 2 0
19 3 1.3099630786959044
19 4 0
19 5 0
19 6 1.4394283353756632
19 7 1.2428480710301169
19 8 1.2748120776229408
19 9 0
19 10 1.2725242577938722
19 11 1.8469297780647382
19 12 1.9068787372474332
19 13 2.046465296527703
19 14 2.2122197157144576
19 15 2.598017970253072
19 16 3.8269842724697383
19 17 3.825134412617597
19 18 3.6509822897714126
19 19 2.2468553188062814
19 20 1.3383706167971143
19 21 1.4577067668328407
19 22 1.4100342926016662
19 23 1.2460587041632962
19 24 1.3205845070478386
19 25 0
19 26 1.1550679678010094
19 27 0
19 28 0
19 29 0
20 0 0
20 1 0
20 2 0
20 3 0
20 4 1.1222778138720473
20 5 0
20 6 1.2514454955088485
20 7 0
20 8 0
20 9 1.521187840508251
20 10 1.3725472334012272
20 11 1.5726578030743656
20 12 1.4036926955233986
20 13 2.119326363771201
20 14 1.9967803696189577
20 15 2.7475993513795234
20 16 4.764672048533728
20 17 37.087528567574175
20 18 4.6847229636373005
20 19 3.0877278291577177
20 20 2.3128916571800384
20 21 2.477543880211814
20 22 1.4197955465310572
20 23 1.5516020313029553
20 24 1.3385888117657772
20 25 0
20 26 1.3392184216280374
20 27 0
20 28 0
20 29 0
21 0 0
21 1 0
21 2 0
21 3 0
21 4 1.1990062773127237
21 5 0
21 6 0
21 7 1.214810812754452
21 8 0
21 9 1.3592184183775262
21 10 1.328668243972584
21 11 0
21 12 1.9717627844883305
21 13 1.669563205413773
21 14 1.6844192770583697
21 15 3.259397376126765
21 16 4.657262519046329
21 17 4.772487288796468
21 18 3.9343034660354075
21 19 2.8774437975287555
21 20 2.22612446216005
21 21 1.3414771713780467
21 22 1.8867936401054226
21 23 1.563059862887023
21 24 1.1647958061966637
21 25 0
21 26 0
21 27 0
21 28 0
21 29 0
22 0 1.1187080713250213
22 1 0
22 2 1.2189798439178277
22 3 0
22 4 1.3198720691419337
22 5 1.2652753736114795
22 6 0
22 7 0
22 8 1.143485113712448
22 9 1.2389111786448466
22 10 1.2474074572182685
22 11 0
22 12 1.3598078003439245
22 13 1.3892974696317533
22 14 2.248752298322671
22 15 2.0170578421989727
22 16 2.7836762176591443
22 17 2.1247478295058695
22 18 1.8419619090440948
22 19 2.03959883930304
22 20 1.6339321829835198
22 21 1.5917905218615356
22 22 1.7106329311066297
22 23 0
22 24 1.169404816018311
22 25 1.5275447869816152
22 26 0
22 27 0
22 28 1.4105491026656856
22 29 1.4105973657665163
23 0 0
23 1 0
23 2 0
23 3 0
23 4 0
23 5 0
23 6 1.122828401971508
23 7 0
23 8 1.4777742183242593
23 9 1.5587491668347142
23 10 1.1436777788131092
23 11 1.3193049216994082
23 12 1.508711250457311
23 13 1.9325629734059726
23 14 1.8515600504599778
23 15 1.9861463341610832
23 16 2.005444731645498
23 17 2.350891130048807
23 18 2.324440338562665
23 19 1.995817732275398
23 20 1.7140411770865795
23 21 1.6754334934565411
23 22 1.544135240520865
23 23 1.336043166034384
23 24 1.223459711414065
23 25 1.5351846906968305
23 26 0
23 27 1.2395196087966889
23 28 1.132732440782096
23 29 0
24 0 0
24 1 0
24 2 1.2850319726739294
24 3 0
24 4 0
24 5 0
24 6 1.220963194384328
24 7 0
24 8 1.374375376695792
24 9 0
24 10 1.4739155325959195
24 11 1.700288407445906
24 12 1.2685181901484648
24 13 1.4212908139500817
24 14 1.8546245456713573
24 15 2.268865467303229
24 16 1.7100158196618427
24 17 1.5371651424249426
24 18 1.586870387380499
24 19 1.2888323601940177
24 20 1.5186803417665689
24 21 1.402301956427318
24 22 1.3136170958397655
24 23 0
24 24 1.3663158869432004
24 25 1.2109837564919321
24 26 1.149810248118069
24 27 1.517470830485163
24 28 0
24 29 1.3350561012128652
25 0 0
25 1 0
25 2 0
25 3 0
25 4 0
25 5 0
25 6 1.1602632109301607
25 7 1.3372028466459946
25 8 0
25 9 1.4695317433901767
25 10 1.2312873526164134
25 11 0
25 12 1.3087877458791302
25 13 0
25 14 1.719893009902405
25 15 1.4996727237416196
25 16 0
25 17 1.6879586601334962
25 18 1.3664652987130512
25 19 1.692879476587539
25 20 1.5730269493759803
25 21 1.726706696382208
25 22 0
25 23 1.2045886474155776
25 24 0
25 25 0
25 26 1.239889033355413
25 27 0
25 28 0
25 29 0
26 0 0
26 1 0
26 2 0
26 3 0
26 4 0
26 5 0
26 6 0
26 7 0
26 8 1.2256029769499288
26 9 0
26 10 1.202663872709701
26 11 0
26 12 0
26 13 1.5821754195916353
26 14 1.203021784686141
26 15 0
26 16 0
26 17 1.2493081372642916
26 18 1.194740746079853
26 19 1.4068940754741683
26 20 0
26 21 1.0255457772208276
26 22 1.7234392045741198
26 23 0
26 24 0
26 25 1.0330890125136847
26 26 0
26 27 0
26 28 0
26 29 0
27 0 0
27 1 0
27 2 0
27 3 0
27 4 0
27 5 0
27 6 0
27 7 0
27 8 0
27 9 1.2495224741791109
27 10 0
27 11 1.1560320347177289
27 12 0
27 13 1.7206646266282493
27 14 1.223459711414065
27 15 1.2961136010462322
27 16 0
27 17 0
27 18 0
27 19 0
27 20 1.1570669266943585
27 21 0
27 22 0
27 23 0
27 24 0
27 25 1.0995785361759156
27 26 0
27 27 0
27 28 0
27 29 1.3120582280695363
28 0 0
28 1 0
28 2 0
28 3 0
28 4 0
28 5 1.1748385153632268
28 6 0
28 7 0
28 8 0
28 9 1.1716400462785839
28 10 0
28 11 0
28 12 0
28 13 1.2171563296530854
28 14 0
28 15 1.3727411994962961
28 16 1.319089557417323
28 17 1.2777051223976592
28 18 0
28 19 1.3615300082435373
28 20 0
28 21 1.3308202866657848
28 22 0
28 23 1.2325666237206028
28 24 1.3652646782655329
28 25 0
28 26 0
28 27 0
28 28 0
28 29 1.2468302660930883
29 0 0
29 1 0
29 2 0
29 3 1.3382191071437868
29 4 1.1366624790669935
29 5 0
29 6 0
29 7 0
29 8 0
29 9 0
29 10 0
29 11 0
29 12 1.1937255073048265
29 13 1.322632203361715
29 14 1.1802656410660581
29 15 0
29 16 0
29 17 0
29 18 0
29 19 1.0950168027616463
29 20 0
29 21 1.2203103757263345
29 22 0
29 23 1.0555359488623295
29 24 0
29 25 0
29 26 0
29 27 0
29 28 0
29 29 0
