0 0 0
0 1 0
0 2 1.2029882785816
0 3 0
0 4 0
0 5 0
0 6 0
0 7 0
0 8 0
0 9 0
0 10 0
0 11 0
0 12 0
0 13 1.4989252889895595
0 14 1.287987241391481
0 15 1.0330890125136847
0 16 1.287987241391481
0 17 1.4989252889895595
0 18 0
0 19 0
0 20 0
0 21 0
0 22 0
0 23 0
0 24 0
0 25 0
0 26 0
0 27 0
0 28 1.2029882785816
0 29 0
1 0 0
1 1 0
1 2 0
1 3 0
1 4 0
1 5 1.0822662648993409
1 6 0
1 7 1.2106946281033366
1 8 1.1491533725137522
1 9 0
1 10 1.3493362188882008
1 11 0
1 12 0
1 13 0
1 14 0
1 15 0
1 16 0
1 17 0
1 18 0
1 19 0
1 20 1.3493362188882008
1 21 0
1 22 1.1491533725137522
1 23 1.2106946281033366
1 24 0
1 25 1.0822662648993409
1 26 0
1 27 0
1 28 0
1 29 0
2 0 0
2 1 0
2 2 0
2 3 0
2 4 1.2100445173950531
2 5 0
2 6 0
2 7 0
2 8 1.122809852862081
2 9 1.0588765915890197
2 10 0
2 11 1.2109837564919321
2 12 0
2 13 1.3727411994962961
2 14 1.4380416034786965
2 15 1.3027119925549242
2 16 1.4380416034786965
2 17 1.3727411994962961
2 18 0
2 19 1.2109837564919321
2 20 0
2 21 1.0588765915890197
2 22 1.122809852862081
2 23 0
2 24 0
2 25 0
2 26 1.2100445173950531
2 27 0
2 28 0
2 29 0
3 0 0
3 1 0
3 2 0.9792132459275825
3 3 0
3 4 0
3 5 0
3 6 0
3 7 0.9975384231921919
3 8 1.0732897321684043
3 9 0
3 10 0
3 11 1.1926746624272393
3 12 0
3 13 1.2961136010462322
3 14 0
3 15 0
3 16 0
3 17 1.2961136010462322
3 18 0
3 19 1.1926746624272393
3 20 0
3 21 0
3 22 1.0732897321684043
3 23 0.9975384231921919
3 24 0
3 25 0
3 26 0
3 27 0
3 28 0.9792132459275825
3 29 0
4 0 0
4 1 0
4 2 0
4 3 0
4 4 0
4 5 0
4 6 1.0478295879757715
4 7 1.3077074541842504
4 8 0
4 9 1.3872395112497447
4 10 0
4 11 1.2791456568192052
4 12 1.268326813684524
4 13 0
4 14 1.454931715526833
4 15 1.5931960779470882
4 16 1.454931715526833
4 17 0
4 18 1.268326813684524
4 19 1.2791456568192052
4 20 0
4 21 1.3872395112497447
4 22 0
4 23 1.3077074541842504
4 24 1.0478295879757715
4 25 0
4 26 0
4 27 0
4 28 0
4 29 0
5 0 1.516653792144827
5 1 1.1520541636714283
5 2 0
5 3 1.1959125063369493
5 4 1.1506089025721995
5 5 0
5 6 1.210788376682791
5 7 0
5 8 1.2573556425520556
5 9 1.3265996978641772
5 10 1.0579999483624347
5 11 0
5 12 1.2783875643598208
5 13 1.4996727237416196
5 14 1.3311371361445892
5 15 1.7434447201449008
5 16 1.3311371361445892
5 17 1.4996727237416196
5 18 1.2783875643598208
5 19 0
5 20 1.0579999483624347
5 21 1.3265996978641772
5 22 1.2573556425520556
5 23 0
5 24 1.210788376682791
5 25 0
5 26 1.1506089025721995
5 27 1.1959125063369493
5 28 0
5 29 1.1520541636714283
6 0 0
6 1 1.1171157556742768
6 2 0
6 3 0
6 4 1.2006543613165865
6 5 1.5360332897022444
6 6 0
6 7 0
6 8 0
6 9 1.4758052122674554
6 10 0
6 11 1.4619272240646684
6 12 1.3917884045131597
6 13 2.268865467303229
6 14 1.6972100130887278
6 15 2.0956038667802854
6 16 1.6972100130887278
6 17 2.268865467303229
6 18 1.3917884045131597
6 19 1.4619272240646684
6 20 0
6 21 1.4758052122674554
6 22 0
6 23 0
6 24 0
6 25 1.5360332897022444
6 26 1.2006543613165865
6 27 0
6 28 0
6 29 1.1171157556742768
7 0 1.1250418277125696
7 1 0
7 2 0
7 3 0
7 4 0
7 5 0
7 6 0
7 7 0
7 8 1.217272908730129
7 9 1.6785890164313644
7 10 1.5563658344479139
7 11 1.409068559957366
7 12 1.7156673868309833
7 13 1.9861463341610832
7 14 2.22612446216005
7 15 1.6497054529209743
7 16 2.22612446216005
7 17 1.9861463341610832
7 18 1.7156673868309833
7 19 1.409068559957366
7 20 1.5563658344479139
7 21 1.6785890164313644
7 22 1.217272908730129
7 23 0
7 24 0
7 25 0
7 26 0
7 27 0
7 28 0
7 29 0
8 0 0
8 1 1.1191677234626902
8 2 0
8 3 0
8 4 0
8 5 1.1053792449163369
8 6 1.1248748559011552
8 7 0
8 8 0
8 9 1.6401045997292156
8 10 1.4798179812438736
8 11 1.4995049078310165
8 12 1.6764958914059394
8 13 2.0170578421989727
8 14 2.794080911555677
8 15 2.6999361792096788
8 16 2.794080911555677
8 17 2.0170578421989727
8 18 1.6764958914059394
8 19 1.4995049078310165
8 20 1.4798179812438736
8 21 1.6401045997292156
8 22 0
8 23 0
8 24 1.1248748559011552
8 25 1.1053792449163369
8 26 0
8 27 0
8 28 0
8 29 1.1191677234626902
9 0 1.3794199422383422
9 1 0
9 2 0
9 3 0
9 4 0
9 5 0
9 6 1.3334437510384782
9 7 0
9 8 1.4037380462782165
9 9 1.6738212761437876
9 10 1.7687210382282368
9 11 1.6706072578769673
9 12 1.3383706167971143
9 13 3.259397376126765
9 14 4.415718063160603
9 15 4.294612695782476
9 16 4.415718063160603
9 17 3.259397376126765
9 18 1.3383706167971143
9 19 1.6706072578769673
9 20 1.7687210382282368
9 21 1.6738212761437876
9 22 1.4037380462782165
9 23 0
9 24 1.3334437510384782
9 25 0
9 26 0
9 27 0
9 28 0
9 29 0
10 0 0
10 1 0
10 2 0
10 3 0
10 4 0
10 5 0
10 6 0
10 7 1.3602213890590173
10 8 1.457484199789376
10 9 1.4403769659805792
10 10 1.3502181862574272
10 11 1.8175472824543757
10 12 2.1662802491562334
10 13 2.7475993513795234
10 14 3.8965049241743803
10 15 39.45083934245535
10 16 3.8965049241743803
10 17 2.7475993513795234
10 18 2.1662802491562334
10 19 1.8175472824543757
10 20 1.3502181862574272
10 21 1.4403769659805792
10 22 1.457484199789376
10 23 1.3602213890590173
10 24 0
10 25 0
10 26 0
10 27 0
10 28 0
10 29 0
11 0 0
11 1 0
11 2 0
11 3 1.4456781870417545
11 4 0
11 5 0
11 6 0
11 7 1.1419486675520976
11 8 1.328668243972584
11 9 1.6833809677534561
11 10 1.4918541223108128
11 11 1.640046239058482
11 12 1.4474408083146721
11 13 2.598017970253072
11 14 3.590834740221302
11 15 4.952271288444864
11 16 3.590834740221302
11 17 2.598017970253072
11 18 1.4474408083146721
11 19 1.640046239058482
11 20 1.4918541223108128
11 21 1.6833809677534561
11 22 1.328668243972584
11 23 1.1419486675520976
11 24 0
11 25 0
11 26 0
11 27 1.4456781870417545
11 28 0
11 29 0
12 0 0
12 1 1.2518489151585757
12 2 0
12 3 1.2652753736114795
12 4 1.0951493701309456
12 5 1.0722573170357173
12 6 0
12 7 1.6761307617751375
12 8 1.3332813921811162
12 9 1.4423701873124533
12 10 2.0232578611421914
12 11 2.050796073898496
12 12 2.1211677125872845
12 13 2.0308350841796856
12 14 2.4235698208986567
12 15 3.1390479689845407
12 16 2.4235698208986567
12 17 2.0308350841796856
12 18 2.1211677125872845
12 19 2.050796073898496
12 20 2.0232578611421914
12 21 1.4423701873124533
12 22 1.3332813921811162
12 23 1.6761307617751375
12 24 0
12 25 1.0722573170357173
12 26 1.0951493701309456
12 27 1.2652753736114795
12 28 0
12 29 1.2518489151585757
13 0 0
13 1 0
13 2 1.222393762616536
13 3 1.425932276696
13 4 0
13 5 1.3668903553581624
13 6 0
13 7 0
13 8 0
13 9 1.8639813114302821
13 10 1.3207239801973505
13 11 1.7061544684014405
13 12 1.7383120533214536
13 13 1.7147377314448569
13 14 2.4002328317344244
13 15 1.7790021948670287
13 16 2.4002328317344244
13 17 1.7147377314448569
13 18 1.7383120533214536
13 19 1.7061544684014405
13 20 1.3207239801973505
13 21 1.8639813114302821
13 22 0
13 23 0
13 24 0
13 25 1.3668903553581624
13 26 0
13 27 1.425932276696
13 28 1.222393762616536
13 29 0
14 0 1.2953974587547608
14 1 0
14 2 1.5247036895803858
14 3 1.0953014718204144
14 4 0
14 5 1.447583404247111
14 6 1.0268855230768623
14 7 1.152144080520686
14 8 1.1683306497191601
14 9 1.9369361734805803
14 10 1.5770020507633455
14 11 1.6808273511769503
14 12 1.674480482289758
14 13 1.7351666968288595
14 14 1.823153248634768
14 15 1.7431967338964596
14 16 1.823153248634768
14 17 1.7351666968288595
14 18 1.674480482289758
14 19 1.6808273511769503
14 20 1.5770020507633455
14 21 1.9369361734805803
14 22 1.1683306497191601
14 23 1.152144080520686
14 24 1.0268855230768623
14 25 1.447583404247111
14 26 0
14 27 1.0953014718204144
14 28 1.5247036895803858
14 29 0
15 0 0
15 1 0
15 2 0
15 3 1.2012342045500173
15 4 0
15 5 0
15 6 0
15 7 1.340516630077787
15 8 1.1419404394324546
15 9 1.6032331580494983
15 10 1.6494948284406068
15 11 1.2904465870420334
15 12 1.7617115635424627
15 13 2.276140852622504
15 14 2.0901611933964572
15 15 2.188737232420406
15 16 2.0901611933964572
15 17 2.276140852622504
15 18 1.7617115635424627
15 19 1.2904465870420334
15 20 1.6494948284406068
15 21 1.6032331580494983
15 22 1.1419404394324546
15 23 1.340516630077787
15 24 0
15 25 0
15 26 0
15 27 1.2012342045500173
15 28 0
15 29 0
16 0 1.2953974587547608
16 1 0
16 2 1.5247036895803858
16 3 1.0953014718204144
16 4 0
16 5 1.447583404247111
16 6 1.0268855230768623
16 7 1.152144080520686
16 8 1.1683306497191601
16 9 1.9369361734805803
16 10 1.5770020507633455
16 11 1.6808273511769503
16 12 1.674480482289758
16 13 1.7351666968288595
16 14 1.823153248634768
16 15 1.7431967338964596
16 16 1.823153248634768
16 17 1.7351666968288595
16 18 1.674480482289758
16 19 1.6808273511769503
16 20 1.5770020507633455
16 21 1.9369361734805803
16 22 1.1683306497191601
16 23 1.152144080520686
16 24 1.0268855230768623
16 25 1.447583404247111
16 26 0
16 27 1.0953014718204144
16 28 1.5247036895803858
16 29 0
17 0 0
17 1 0
17 2 1.222393762616536
17 3 1.425932276696
17 4 0
17 5 1.3668903553581624
17 6 0
17 7 0
17 8 0
17 9 1.8639813114302821
17 10 1.3207239801973505
17 11 1.7061544684014405
17 12 1.7383120533214536
17 13 1.7147377314448569
17 14 2.4002328317344244
17 15 1.7790021948670287
17 16 2.4002328317344244
17 17 1.7147377314448569
17 18 1.7383120533214536
17 19 1.7061544684014405
17 20 1.3207239801973505
17 21 1.8639813114302821
17 22 0
17 23 0
17 24 0
17 25 1.3668903553581624
17 26 0
17 27 1.425932276696
17 28 1.222393762616536
17 29 0
18 0 0
18 1 1.2518489151585757
18 2 0
18 3 1.2652753736114795
18 4 1.0951493701309456
18 5 1.0722573170357173
18 6 0
18 7 1.6761307617751375
18 8 1.3332813921811162
18 9 1.4423701873124533
18 10 2.0232578611421914
18 11 2.050796073898496
18 12 2.1211677125872845
18 13 2.0308350841796856
18 14 2.4235698208986567
18 15 3.1390479689845407
18 16 2.4235698208986567
18 17 2.0308350841796856
18 18 2.1211677125872845
18 19 2.050796073898496
18 20 2.0232578611421914
18 21 1.4423701873124533
18 22 1.3332813921811162
18 23 1.6761307617751375
18 24 0
18 25 1.0722573170357173
18 26 1.0951493701309456
18 27 1.2652753736114795
18 28 0
18 29 1.2518489151585757
19 0 0
19 1 0
19 2 0
19 3 1.4456781870417545
19 4 0
19 5 0
19 6 0
19 7 1.1419486675520976
19 8 1.328668243972584
19 9 1.6833809677534561
19 10 1.4918541223108128
19 11 1.640046239058482
19 12 1.4474408083146721
19 13 2.598017970253072
19 14 3.590834740221302
19 15 4.952271288444864
19 16 3.590834740221302
19 17 2.598017970253072
19 18 1.4474408083146721
19 19 1.640046239058482
19 20 1.4918541223108128
19 21 1.6833809677534561
19 22 1.328668243972584
19 23 1.1419486675520976
19 24 0
19 25 0
19 26 0
19 27 1.4456781870417545
19 28 0
19 29 0
20 0 0
20 1 0
20 2 0
20 3 0
20 4 0
20 5 0
20 6 0
20 7 1.3602213890590173
20 8 1.457484199789376
20 9 1.4403769659805792
20 10 1.3502181862574272
20 11 1.8175472824543757
20 12 2.1662802491562334
20 13 2.7475993513795234
20 14 3.8965049241743803
20 15 39.45083934245535
20 16 3.8965049241743803
20 17 2.7475993513795234
20 18 2.1662802491562334
20 19 1.8175472824543757
20 20 1.3502181862574272
20 21 1.4403769659805792
20 22 1.457484199789376
20 23 1.3602213890590173
20 24 0
20 25 0
20 26 0
20 27 0
20 28 0
20 29 0
21 0 1.3794199422383422
21 1 0
21 2 0
21 3 0
21 4 0
21 5 0
21 6 1.3334437510384782
21 7 0
21 8 1.4037380462782165
21 9 1.6738212761437876
21 10 1.7687210382282368
21 11 1.6706072578769673
21 12 1.3383706167971143
21 13 3.259397376126765
21 14 4.415718063160603
21 15 4.294612695782476
21 16 4.415718063160603
21 17 3.259397376126765
21 18 1.3383706167971143
21 19 1.6706072578769673
21 20 1.7687210382282368
21 21 1.6738212761437876
21 22 1.4037380462782165
21 23 0
21 24 1.3334437510384782
21 25 0
21 26 0
21 27 0
21 28 0
21 29 0
22 0 0
22 1 1.1191677234626902
22 2 0
22 3 0
22 4 0
22 5 1.1053792449163369
22 6 1.1248748559011552
22 7 0
22 8 0
22 9 1.6401045997292156
22 10 1.4798179812438736
22 11 1.4995049078310165
22 12 1.6764958914059394
22 13 2.0170578421989727
22 14 2.794080911555677
22 15 2.6999361792096788
22 16 2.794080911555677
22 17 2.0170578421989727
22 18 1.6764958914059394
22 19 1.4995049078310165
22 20 1.4798179812438736
22 21 1.6401045997292156
22 22 0
22 23 0
22 24 1.1248748559011552
22 25 1.1053792449163369
22 26 0
22 27 0
22 28 0
22 29 1.1191677234626902
23 0 1.1250418277125696
23 1 0
23 2 0
23 3 0
23 4 0
23 5 0
23 6 0
23 7 0
23 8 1.217272908730129
23 9 1.6785890164313644
23 10 1.5563658344479139
23 11 1.409068559957366
23 12 1.7156673868309833
23 13 1.9861463341610832
23 14 2.22612446216005
23 15 1.6497054529209743
23 16 2.22612446216005
23 17 1.9861463341610832
23 18 1.7156673868309833
23 19 1.409068559957366
23 20 1.5563658344479139
23 21 1.6785890164313644
23 22 1.217272908730129
23 23 0
23 24 0
23 25 0
23 26 0
23 27 0
23 28 0
23 29 0
24 0 0
24 1 1.1171157556742768
24 2 0
24 3 0
24 4 1.2006543613165865
24 5 1.5360332897022444
24 6 0
24 7 0
24 8 0
24 9 1.4758052122674554
24 10 0
24 11 1.4619272240646684
24 12 1.3917884045131597
24 13 2.268865467303229
24 14 1.6972100130887278
24 15 2.0956038667802854
24 16 1.6972100130887278
24 17 2.268865467303229
24 18 1.3917884045131597
24 19 1.4619272240646684
24 20 0
24 21 1.4758052122674554
24 22 0
24 23 0
24 24 0
24 25 1.5360332897022444
24 26 1.2006543613165865
24 27 0
24 28 0
24 29 1.1171157556742768
25 0 1.516653792144827
25 1 1.1520541636714283
25 2 0
25 3 1.1959125063369493
25 4 1.1506089025721995
25 5 0
25 6 1.210788376682791
25 7 0
25 8 1.2573556425520556
25 9 1.3265996978641772
25 10 1.0579999483624347
25 11 0
25 12 1.2783875643598208
25 13 1.4996727237416196
25 14 1.3311371361445892
25 15 1.7434447201449008
25 16 1.3311371361445892
25 17 1.4996727237416196
25 18 1.2783875643598208
25 19 0
25 20 1.0579999483624347
25 21 1.3265996978641772
25 22 1.2573556425520556
25 23 0
25 24 1.210788376682791
25 25 0
25 26 1.1506089025721995
25 27 1.1959125063369493
25 28 0
25 29 1.1520541636714283
26 0 0
26 1 0
26 2 0
26 3 0
26 4 0
26 5 0
26 6 1.0478295879757715
26 7 1.3077074541842504
26 8 0
26 9 1.3872395112497447
26 10 0
26 11 1.2791456568192052
26 12 1.268326813684524
26 13 0
26 14 1.454931715526833
26 15 1.5931960779470882
26 16 1.454931715526833
26 17 0
26 18 1.268326813684524
26 19 1.2791456568192052
26 20 0
26 21 1.3872395112497447
26 22 0
26 23 1.3077074541842504
26 24 1.0478295879757715
26 25 0
26 26 0
26 27 0
26 28 0
26 29 0
27 0 0
27 1 0
27 2 0.9792132459275825
27 3 0
27 4 0
27 5 0
27 6 0
27 7 0.9975384231921919
27 8 1.0732897321684043
27 9 0
27 10 0
27 11 1.1926746624272393
27 12 0
27 13 1.2961136010462322
27 14 0
27 15 0
27 16 0
27 17 1.2961136010462322
27 18 0
27 19 1.1926746624272393
27 20 0
27 21 0
27 22 1.0732897321684043
27 23 0.9975384231921919
27 24 0
27 25 0
27 26 0
27 27 0
27 28 0.9792132459275825
27 29 0
28 0 0
28 1 0
28 2 0
28 3 0
28 4 1.2100445173950531
28 5 0
28 6 0
28 7 0
28 8 1.122809852862081
28 9 1.0588765915890197
28 10 0
28 11 1.2109837564919321
28 12 0
28 13 1.3727411994962961
28 14 1.4380416034786965
28 15 1.3027119925549242
28 16 1.4380416034786965
28 17 1.3727411994962961
28 18 0
28 19 1.2109837564919321
28 20 0
28 21 1.0588765915890197
28 22 1.122809852862081
28 23 0
28 24 0
28 25 0
28 26 1.2100445173950531
28 27 0
28 28 0
28 29 0
29 0 0
29 1 0
29 2 0
29 3 0
29 4 0
29 5 1.0822662648993409
29 6 0
29 7 1.2106946281033366
29 8 1.1491533725137522
29 9 0
29 10 1.3493362188882008
29 11 0
29 12 0
29 13 0
29 14 0
29 15 0
29 16 0
29 17 0
29 18 0
29 19 0
29 20 1.3493362188882008
29 21 0
29 22 1.1491533725137522
29 23 1.2106946281033366
29 24 0
29 25 1.0822662648993409
29 26 0
29 27 0
29 28 0
29 29 0
