0 0 10.474857777058174
0 1 13.912112945403395
0 2 13.037900382976773
0 3 12.682917576189348
0 4 13.509134001519547
0 5 14.044192136979424
0 6 13.772832873270884
0 7 14.994907317718575
0 8 14.376732633212375
0 9 14.573717977042392
0 10 14.205561384874482
0 11 15.465245147099306
0 12 16.598103636894216
0 13 14.950085200800592
0 14 14.690661514509411
0 15 14.754489138360226
0 16 15.340702004924491
0 17 14.344064628989594
0 18 14.68348445877937
0 19 15.499246875744193
0 20 15.661943547855255
0 21 14.170111293418213
0 22 13.424654191477865
0 23 15.673184838171586
0 24 15.187922317869539
0 25 12.68334115076804
0 26 15.819157593003329
0 27 13.418657428353256
0 28 11.695859880829824
0 29 13.267504440749859
1 0 12.765523552280067
1 1 13.199912925983346
1 2 12.173718048688741
1 3 12.826756260857525
1 4 12.813303460113078
1 5 13.94728390232884
1 6 13.839953632863432
1 7 13.087964118093746
1 8 12.582198082525098
1 9 14.055053065567668
1 10 16.30643737983564
1 11 14.968964841340195
1 12 15.669557602304033
1 13 14.55987900705682
1 14 16.402195775792176
1 15 16.89490477971733
1 16 15.74690781830139
1 17 12.617761277951326
1 18 14.628867145008215
1 19 12.806472648627732
1 20 15.852803859036696
1 21 12.876182775448333
1 22 15.213963354721592
1 23 15.393616691480771
1 24 16.297921989335265
1 25 15.365856131021195
1 26 14.712519344783008
1 27 13.65808697433102
1 28 12.384261934062145
1 29 13.006339557354732
2 0 11.471902589939283
2 1 12.175785823631085
2 2 12.67361994275723
2 3 12.121830506628644
2 4 13.5565995806855
2 5 15.312785336895137
2 6 13.890078304081008
2 7 12.621137186235382
2 8 13.634768907500257
2 9 14.07362286308613
2 10 16.68605171588286
2 11 14.722612626252934
2 12 14.221860422931805
2 13 13.167044114385636
2 14 15.143001951377096
2 15 14.333848766208625
2 16 14.059609232093047
2 17 15.500965017583063
2 18 16.19709111614756
2 19 15.430610902047661
2 20 14.434769373345421
2 21 14.789366651032568
2 22 14.04837927768333
2 23 15.24935697630187
2 24 13.352653852018676
2 25 14.896057579640132
2 26 13.431107369461008
2 27 13.80616867922791
2 28 13.802826103985385
2 29 13.088769543923712
3 0 13.558647073396774
3 1 14.932541788016746
3 2 12.876760687721198
3 3 13.807104825095259
3 4 15.179926775074602
3 5 14.058773575416698
3 6 13.54710810781058
3 7 13.691049484352362
3 8 16.257319531214204
3 9 15.163464869411769
3 10 13.991969372093234
3 11 13.462581668664475
3 12 14.091796817370174
3 13 15.77995116838433
3 14 15.456631682547641
3 15 16.266065104945753
3 16 14.534200833443661
3 17 15.893494125694724
3 18 15.251913754152104
3 19 14.911278849326951
3 20 14.333848766208625
3 21 15.592828819535363
3 22 14.28133547712822
3 23 15.476792711254873
3 24 15.559280107713159
3 25 13.999360526921024
3 26 13.91559181615025
3 27 14.73732408097245
3 28 15.014472227464413
3 29 13.410555965765525
4 0 13.13620157343995
4 1 12.48497288274798
4 2 15.723295602282398
4 3 16.864681392501435
4 4 13.757002005141365
4 5 14.107162209443626
4 6 15.63108318322405
4 7 17.051797889392986
4 8 12.63393001588208
4 9 14.6391099811823
4 10 15.653128618808266
4 11 16.727915268239506
4 12 17.41923678573737
4 13 15.85317888982452
4 14 14.453849992997013
4 15 15.196207454552061
4 16 17.53238571331103
4 17 16.262386565761723
4 18 15.557753197025862
4 19 16.935975696627718
4 20 17.813307786885755
4 21 13.39105532495048
4 22 14.91706307487193
4 23 14.525534199785435
4 24 14.098769070585673
4 25 16.30643737983564
4 26 15.400870197204881
4 27 16.67378967713696
4 28 16.44354065003521
4 29 15.126503903637628
5 0 12.162592690903688
5 1 13.677489261476389
5 2 13.497810785325111
5 3 13.377751199530817
5 4 12.308639502966424
5 5 14.94732927081213
5 6 15.717733268176124
5 7 15.55915327006859
5 8 14.291234389683483
5 9 14.067635365416896
5 10 14.362878473123498
5 11 16.90322680275164
5 12 13.502585427761666
5 13 15.018330945520534
5 14 14.000088606104901
5 15 15.60563221726815
5 16 14.216881930665286
5 17 17.316440089202324
5 18 13.734674020050166
5 19 14.511427093073408
5 20 16.934795851941146
5 21 15.76118969699818
5 22 12.605522605853135
5 23 15.830774729584515
5 24 16.10737370499106
5 25 13.269201256916052
5 26 13.987498326053641
5 27 13.226726606639323
5 28 13.79175986801495
5 29 15.954052367937042
6 0 12.225119044987663
6 1 13.455954956080967
6 2 15.932982998463787
6 3 15.283258964969242
6 4 15.10602561027666
6 5 14.810995127499604
6 6 12.602936668392385
6 7 14.670935344955048
6 8 14.332961439172788
6 9 13.07094923206687
6 10 14.646831589929214
6 11 14.920034822179874
6 12 15.05033125706706
6 13 16.6869493126904
6 14 20.27898663347656
6 15 18.513285925228903
6 16 18.5697475959603
6 17 15.375852551165538
6 18 18.731318579608477
6 19 15.498877794285574
6 20 18.103145938264554
6 21 13.84053573730481
6 22 17.41923678573737
6 23 14.073919239346374
6 24 16.340696566215733
6 25 13.837132883267426
6 26 14.010522945119995
6 27 17.034141527179628
6 28 16.191477152808687
6 29 14.106736483738514
7 0 15.096496932463921
7 1 16.017786889922238
7 2 14.316576648951251
7 3 12.13643115447498
7 4 15.122320634558507
7 5 13.554286218490228
7 6 15.13397799297928
7 7 15.038205729293887
7 8 13.159032781789778
7 9 14.014852071050353
7 10 17.286226634614334
7 11 17.829626365837694
7 12 16.95411519683746
7 13 16.390703604585376
7 14 17.736783255009126
7 15 18.955119182748945
7 16 22.31640108532082
7 17 17.013223437695874
7 18 20.948379684458057
7 19 17.206404790644825
7 20 14.086019557086207
7 21 17.09105673452195
7 22 14.752709369992688
7 23 15.464720352740475
7 24 17.669263892700936
7 25 14.112930842401786
7 26 13.332771103309186
7 27 13.691049484352362
7 28 12.578984304141656
7 29 15.41415234754783
8 0 14.235486044955522
8 1 15.122550853809011
8 2 15.366419878172543
8 3 15.414000829333787
8 4 13.569705261173214
8 5 15.373024335918906
8 6 15.774047296339363
8 7 13.854538136081217
8 8 14.484902962816257
8 9 17.11350707867162
8 10 14.272419474879085
8 11 14.692534762699621
8 12 16.905121314954986
8 13 18.04805070395744
8 14 19.279981331455062
8 15 20.04835531452302
8 16 22.768944741882407
8 17 18.53415778831576
8 18 19.90876650142174
8 19 17.736783255009126
8 20 14.852254509866581
8 21 16.946133469974022
8 22 15.766161372848302
8 23 17.582557895559795
8 24 14.90902780822811
8 25 15.722416029365506
8 26 13.613427729518007
8 27 15.032516504677666
8 28 12.503017202030055
8 29 15.816764096995229
9 0 15.272398607193592
9 1 14.378189326054809
9 2 14.585839093978622
9 3 14.382403831737138
9 4 13.750149428614527
9 5 15.259609583141701
9 6 15.164361935548236
9 7 14.856225629018299
9 8 16.104610422102773
9 9 14.119688732781352
9 10 17.201687511841673
9 11 16.026352697028287
9 12 18.826826009647885
9 13 21.733176814913232
9 14 22.197867141890494
9 15 24.783284051240738
9 16 22.552613539903206
9 17 25.20713450126159
9 18 21.197578307856002
9 19 19.93471890184012
9 20 18.28591637329967
9 21 17.894263181699408
9 22 15.94432786709511
9 23 14.862783580176014
9 24 13.07094923206687
9 25 14.140555129027096
9 26 15.270089059380133
9 27 13.619914664060595
9 28 12.42824730217815
9 29 14.433766275048635
10 0 14.190573898805109
10 1 14.689245769726556
10 2 13.12514363580722
10 3 17.289928465298495
10 4 14.202710973768822
10 5 11.844041667445667
10 6 15.835166188818162
10 7 15.151973163548547
10 8 15.339060144555615
10 9 18.051307641611476
10 10 14.721591236854435
10 11 18.64720733327608
10 12 19.43403878688019
10 13 19.763068957859282
10 14 21.489409477484067
10 15 27.41292886005897
10 16 7.257717980591148
10 17 25.433566598170813
10 18 21.647820023997436
10 19 20.860247822071862
10 20 19.70621595002263
10 21 15.79384344776796
10 22 16.894441092417544
10 23 14.453031653135339
10 24 15.571659010492068
10 25 14.821261978345817
10 26 14.79228613832348
10 27 14.974471699187433
10 28 15.325560628984716
10 29 12.308639502966424
11 0 13.872787093186085
11 1 13.966092102168629
11 2 15.112487079670151
11 3 16.67659939510338
11 4 14.539933041450421
11 5 15.709330326786775
11 6 16.043361797906492
11 7 15.716177672856665
11 8 15.267770785480122
11 9 19.182687652951326
11 10 13.920446530868578
11 11 17.43453295489738
11 12 20.445794410210443
11 13 19.643430146421768
11 14 18.469528697178358
11 15 22.02874783638353
11 16 24.99701030402047
11 17 21.53741704451025
11 18 24.76944440923246
11 19 18.262771121452097
11 20 19.81963722120182
11 21 16.026352697028287
11 22 17.943773490729274
11 23 14.1348451714358
11 24 12.662263525162267
11 25 15.303695500329024
11 26 15.017566973084708
11 27 14.912943243801921
11 28 16.89368516066198
11 29 14.1659116458773
12 0 13.583822683925968
12 1 13.109342633972727
12 2 13.35669200781837
12 3 15.84917149584524
12 4 15.8287419821414
12 5 16.374109314542036
12 6 14.912084678122497
12 7 16.1515253763482
12 8 16.55980063128786
12 9 16.971141562826343
12 10 15.504944379857648
12 11 16.121666919340047
12 12 18.602479593670267
12 13 24.560779931139194
12 14 20.250799953841884
12 15 21.606137668788026
12 16 22.27014885392096
12 17 18.475646677699203
12 18 22.09422021572486
12 19 17.758524822089132
12 20 17.166622876823272
12 21 17.60978721285191
12 22 16.955127764582592
12 23 13.868525001399785
12 24 16.22281929569425
12 25 14.828105531933572
12 26 15.774047296339363
12 27 13.621896122763458
12 28 16.680239036820534
12 29 14.23410461629503
13 0 13.551275305972315
13 1 12.61942081627123
13 2 13.138370377672869
13 3 14.50582942992748
13 4 16.36211820885588
13 5 15.344500169960506
13 6 15.013015644506929
13 7 20.71929240201341
13 8 13.958414581211883
13 9 15.749116451980305
13 10 15.553709451162993
13 11 14.444681707190403
13 12 18.239107406073177
13 13 17.89728244199184
13 14 17.913109614756166
13 15 18.570676619027925
13 16 17.630242300556016
13 17 20.625800103376545
13 18 24.560779931139194
13 19 19.789597766105114
13 20 15.443133973713268
13 21 15.674314582539255
13 22 16.892578419858253
13 23 14.510053602238779
13 24 14.651811029049322
13 25 13.450866261891484
13 26 14.81727446126812
13 27 14.78066212383303
13 28 14.863406115836264
13 29 14.313240874847382
14 0 12.512237385947063
14 1 11.487888221710564
14 2 17.426484129897926
14 3 15.156978146396812
14 4 12.478632606331782
14 5 14.668797171875354
14 6 14.571939747411168
14 7 15.150339880771078
14 8 18.417662482290442
14 9 17.702163298639885
14 10 16.842240576222025
14 11 16.971428555172132
14 12 18.334640450324983
14 13 17.13902883596929
14 14 20.420671050804266
14 15 19.28232732022217
14 16 19.82593563040848
14 17 18.835367097444315
14 18 21.34261123096368
14 19 16.747649701394714
14 20 19.753076815983444
14 21 16.847185467114418
14 22 15.301691614009332
14 23 15.267770785480122
14 24 13.291448589888725
14 25 14.863971787458933
14 26 14.980565244026455
14 27 14.902838795074663
14 28 16.48746702305639
14 29 12.686230167813113
15 0 15.009200585849113
15 1 13.953875612967883
15 2 17.289928465298495
15 3 14.656413654701653
15 4 16.297968866339488
15 5 15.564403732039514
15 6 14.173434232655977
15 7 14.789757908321585
15 8 15.760228770982668
15 9 15.95618539114066
15 10 17.11244640651595
15 11 16.013160121808532
15 12 18.76085719569388
15 13 17.456887630965163
15 14 15.903628261269553
15 15 18.35780032611189
15 16 15.903628261269553
15 17 17.456887630965163
15 18 18.76085719569388
15 19 16.013160121808532
15 20 17.11244640651595
15 21 15.95618539114066
15 22 15.760228770982668
15 23 14.789757908321585
15 24 14.173434232655977
15 25 15.564403732039514
15 26 16.297968866339488
15 27 14.656413654701653
15 28 17.289928465298495
15 29 13.953875612967883
16 0 14.678513884129561
16 1 12.686230167813113
16 2 16.48746702305639
16 3 14.902838795074663
16 4 14.980565244026455
16 5 14.863971787458933
16 6 13.291448589888725
16 7 15.267770785480122
16 8 15.301691614009332
16 9 16.847185467114418
16 10 19.753076815983444
16 11 16.747649701394714
16 12 21.34261123096368
16 13 18.835367097444315
16 14 19.82593563040848
16 15 19.28232732022217
16 16 20.420671050804266
16 17 17.13902883596929
16 18 18.334640450324983
16 19 16.971428555172132
16 20 16.842240576222025
16 21 17.702163298639885
16 22 18.417662482290442
16 23 15.150339880771078
16 24 14.571939747411168
16 25 14.668797171875354
16 26 12.478632606331782
16 27 15.156978146396812
16 28 17.426484129897926
16 29 11.487888221710564
17 0 14.384931141431455
17 1 14.313240874847382
17 2 14.863406115836264
17 3 14.78066212383303
17 4 14.81727446126812
17 5 13.450866261891484
17 6 14.651811029049322
17 7 14.510053602238779
17 8 16.892578419858253
17 9 15.674314582539255
17 10 15.443133973713268
17 11 19.789597766105114
17 12 24.560779931139194
17 13 20.625800103376545
17 14 17.630242300556016
17 15 18.570676619027925
17 16 17.913109614756166
17 17 17.89728244199184
17 18 18.239107406073177
17 19 14.444681707190403
17 20 15.553709451162993
17 21 15.749116451980305
17 22 13.958414581211883
17 23 20.71929240201341
17 24 15.013015644506929
17 25 15.344500169960506
17 26 16.36211820885588
17 27 14.50582942992748
17 28 13.138370377672869
17 29 12.61942081627123
18 0 12.373914652438827
18 1 14.23410461629503
18 2 16.680239036820534
18 3 13.621896122763458
18 4 15.774047296339363
18 5 14.828105531933572
18 6 16.22281929569425
18 7 13.868525001399785
18 8 16.955127764582592
18 9 17.60978721285191
18 10 17.166622876823272
18 11 17.758524822089132
18 12 22.09422021572486
18 13 18.475646677699203
18 14 22.27014885392096
18 15 21.606137668788026
18 16 20.250799953841884
18 17 24.560779931139194
18 18 18.602479593670267
18 19 16.121666919340047
18 20 15.504944379857648
18 21 16.971141562826343
18 22 16.55980063128786
18 23 16.1515253763482
18 24 14.912084678122497
18 25 16.374109314542036
18 26 15.8287419821414
18 27 15.84917149584524
18 28 13.35669200781837
18 29 13.109342633972727
19 0 12.231202250517153
19 1 14.1659116458773
19 2 16.89368516066198
19 3 14.912943243801921
19 4 15.017566973084708
19 5 15.303695500329024
19 6 12.662263525162267
19 7 14.1348451714358
19 8 17.943773490729274
19 9 16.026352697028287
19 10 19.81963722120182
19 11 18.262771121452097
19 12 24.76944440923246
19 13 21.53741704451025
19 14 24.99701030402047
19 15 22.02874783638353
19 16 18.469528697178358
19 17 19.643430146421768
19 18 20.445794410210443
19 19 17.43453295489738
19 20 13.920446530868578
19 21 19.182687652951326
19 22 15.267770785480122
19 23 15.716177672856665
19 24 16.043361797906492
19 25 15.709330326786775
19 26 14.539933041450421
19 27 16.67659939510338
19 28 15.112487079670151
19 29 13.966092102168629
20 0 14.172028995528493
20 1 12.308639502966424
20 2 15.325560628984716
20 3 14.974471699187433
20 4 14.79228613832348
20 5 14.821261978345817
20 6 15.571659010492068
20 7 14.453031653135339
20 8 16.894441092417544
20 9 15.79384344776796
20 10 19.70621595002263
20 11 20.860247822071862
20 12 21.647820023997436
20 13 25.433566598170813
20 14 7.257717980591148
20 15 27.41292886005897
20 16 21.489409477484067
20 17 19.763068957859282
20 18 19.43403878688019
20 19 18.64720733327608
20 20 14.721591236854435
20 21 18.051307641611476
20 22 15.339060144555615
20 23 15.151973163548547
20 24 15.835166188818162
20 25 11.844041667445667
20 26 14.202710973768822
20 27 17.289928465298495
20 28 13.12514363580722
20 29 14.689245769726556
21 0 13.335612115752582
21 1 14.433766275048635
21 2 12.42824730217815
21 3 13.619914664060595
21 4 15.270089059380133
21 5 14.140555129027096
21 6 13.07094923206687
21 7 14.862783580176014
21 8 15.94432786709511
21 9 17.894263181699408
21 10 18.28591637329967
21 11 19.93471890184012
21 12 21.197578307856002
21 13 25.20713450126159
21 14 22.552613539903206
21 15 24.783284051240738
21 16 22.197867141890494
21 17 21.733176814913232
21 18 18.826826009647885
21 19 16.026352697028287
21 20 17.201687511841673
21 21 14.119688732781352
21 22 16.104610422102773
21 23 14.856225629018299
21 24 15.164361935548236
21 25 15.259609583141701
21 26 13.750149428614527
21 27 14.382403831737138
21 28 14.585839093978622
21 29 14.378189326054809
22 0 13.276790672223715
22 1 15.816764096995229
22 2 12.503017202030055
22 3 15.032516504677666
22 4 13.613427729518007
22 5 15.722416029365506
22 6 14.90902780822811
22 7 17.582557895559795
22 8 15.766161372848302
22 9 16.946133469974022
22 10 14.852254509866581
22 11 17.736783255009126
22 12 19.90876650142174
22 13 18.53415778831576
22 14 22.768944741882407
22 15 20.04835531452302
22 16 19.279981331455062
22 17 18.04805070395744
22 18 16.905121314954986
22 19 14.692534762699621
22 20 14.272419474879085
22 21 17.11350707867162
22 22 14.484902962816257
22 23 13.854538136081217
22 24 15.774047296339363
22 25 15.373024335918906
22 26 13.569705261173214
22 27 15.414000829333787
22 28 15.366419878172543
22 29 15.122550853809011
23 0 13.648061945930726
23 1 15.41415234754783
23 2 12.578984304141656
23 3 13.691049484352362
23 4 13.332771103309186
23 5 14.112930842401786
23 6 17.669263892700936
23 7 15.464720352740475
23 8 14.752709369992688
23 9 17.09105673452195
23 10 14.086019557086207
23 11 17.206404790644825
23 12 20.948379684458057
23 13 17.013223437695874
23 14 22.31640108532082
23 15 18.955119182748945
23 16 17.736783255009126
23 17 16.390703604585376
23 18 16.95411519683746
23 19 17.829626365837694
23 20 17.286226634614334
23 21 14.014852071050353
23 22 13.159032781789778
23 23 15.038205729293887
23 24 15.13397799297928
23 25 13.554286218490228
23 26 15.122320634558507
23 27 12.13643115447498
23 28 14.316576648951251
23 29 16.017786889922238
24 0 14.053817917292147
24 1 14.106736483738514
24 2 16.191477152808687
24 3 17.034141527179628
24 4 14.010522945119995
24 5 13.837132883267426
24 6 16.340696566215733
24 7 14.073919239346374
24 8 17.41923678573737
24 9 13.84053573730481
24 10 18.103145938264554
24 11 15.498877794285574
24 12 18.731318579608477
24 13 15.375852551165538
24 14 18.5697475959603
24 15 18.513285925228903
24 16 20.27898663347656
24 17 16.6869493126904
24 18 15.05033125706706
24 19 14.920034822179874
24 20 14.646831589929214
24 21 13.07094923206687
24 22 14.332961439172788
24 23 14.670935344955048
24 24 12.602936668392385
24 25 14.810995127499604
24 26 15.10602561027666
24 27 15.283258964969242
24 28 15.932982998463787
24 29 13.455954956080967
25 0 14.044192136979424
25 1 15.954052367937042
25 2 13.79175986801495
25 3 13.226726606639323
25 4 13.987498326053641
25 5 13.269201256916052
25 6 16.10737370499106
25 7 15.830774729584515
25 8 12.605522605853135
25 9 15.76118969699818
25 10 16.934795851941146
25 11 14.511427093073408
25 12 13.734674020050166
25 13 17.316440089202324
25 14 14.216881930665286
25 15 15.60563221726815
25 16 14.000088606104901
25 17 15.018330945520534
25 18 13.502585427761666
25 19 16.90322680275164
25 20 14.362878473123498
25 21 14.067635365416896
25 22 14.291234389683483
25 23 15.55915327006859
25 24 15.717733268176124
25 25 14.94732927081213
25 26 12.308639502966424
25 27 13.377751199530817
25 28 13.497810785325111
25 29 13.677489261476389
26 0 12.918262864905312
26 1 15.126503903637628
26 2 16.44354065003521
26 3 16.67378967713696
26 4 15.400870197204881
26 5 16.30643737983564
26 6 14.098769070585673
26 7 14.525534199785435
26 8 14.91706307487193
26 9 13.39105532495048
26 10 17.813307786885755
26 11 16.935975696627718
26 12 15.557753197025862
26 13 16.262386565761723
26 14 17.53238571331103
26 15 15.196207454552061
26 16 14.453849992997013
26 17 15.85317888982452
26 18 17.41923678573737
26 19 16.727915268239506
26 20 15.653128618808266
26 21 14.6391099811823
26 22 12.63393001588208
26 23 17.051797889392986
26 24 15.63108318322405
26 25 14.107162209443626
26 26 13.757002005141365
26 27 16.864681392501435
26 28 15.723295602282398
26 29 12.48497288274798
27 0 13.888022909925253
27 1 13.410555965765525
27 2 15.014472227464413
27 3 14.73732408097245
27 4 13.91559181615025
27 5 13.999360526921024
27 6 15.559280107713159
27 7 15.476792711254873
27 8 14.28133547712822
27 9 15.592828819535363
27 10 14.333848766208625
27 11 14.911278849326951
27 12 15.251913754152104
27 13 15.893494125694724
27 14 14.534200833443661
27 15 16.266065104945753
27 16 15.456631682547641
27 17 15.77995116838433
27 18 14.091796817370174
27 19 13.462581668664475
27 20 13.991969372093234
27 21 15.163464869411769
27 22 16.257319531214204
27 23 13.691049484352362
27 24 13.54710810781058
27 25 14.058773575416698
27 26 15.179926775074602
27 27 13.807104825095259
27 28 12.876760687721198
27 29 14.932541788016746
28 0 14.451923575008376
28 1 13.088769543923712
28 2 13.802826103985385
28 3 13.80616867922791
28 4 13.431107369461008
28 5 14.896057579640132
28 6 13.352653852018676
28 7 15.24935697630187
28 8 14.04837927768333
28 9 14.789366651032568
28 10 14.434769373345421
28 11 15.430610902047661
28 12 16.19709111614756
28 13 15.500965017583063
28 14 14.059609232093047
28 15 14.333848766208625
28 16 15.143001951377096
28 17 13.167044114385636
28 18 14.221860422931805
28 19 14.722612626252934
28 20 16.68605171588286
28 21 14.07362286308613
28 22 13.634768907500257
28 23 12.621137186235382
28 24 13.890078304081008
28 25 15.312785336895137
28 26 13.5565995806855
28 27 12.121830506628644
28 28 12.67361994275723
28 29 12.175785823631085
29 0 13.76191992041214
29 1 13.006339557354732
29 2 12.384261934062145
29 3 13.65808697433102
29 4 14.712519344783008
29 5 15.365856131021195
29 6 16.297921989335265
29 7 15.393616691480771
29 8 15.213963354721592
29 9 12.876182775448333
29 10 15.852803859036696
29 11 12.806472648627732
29 12 14.628867145008215
29 13 12.617761277951326
29 14 15.74690781830139
29 15 16.89490477971733
29 16 16.402195775792176
29 17 14.55987900705682
29 18 15.669557602304033
29 19 14.968964841340195
29 20 16.30643737983564
29 21 14.055053065567668
29 22 12.582198082525098
29 23 13.087964118093746
29 24 13.839953632863432
29 25 13.94728390232884
29 26 12.813303460113078
29 27 12.826756260857525
29 28 12.173718048688741
29 29 13.199912925983346
