0 0 13.996168982122049
0 1 12.324173933919537
0 2 13.851844520556678
0 3 12.824409972220526
0 4 14.903379904262506
0 5 14.731332818048257
0 6 15.161458716363544
0 7 13.973351298886467
0 8 13.211822718029627
0 9 14.766760172313367
0 10 13.39301721121302
0 11 13.161442429623735
0 12 14.670252809337345
0 13 15.207553472718876
0 14 14.754489138360226
0 15 14.796780154074412
0 16 14.754489138360226
0 17 15.207553472718876
0 18 14.670252809337345
0 19 13.161442429623735
0 20 13.39301721121302
0 21 14.766760172313367
0 22 13.211822718029627
0 23 13.973351298886467
0 24 15.161458716363544
0 25 14.731332818048257
0 26 14.903379904262506
0 27 12.824409972220526
0 28 13.851844520556678
0 29 12.324173933919537
1 0 13.095931140900973
1 1 12.780215257997213
1 2 12.007609602757384
1 3 12.548647382171083
1 4 16.264155117909443
1 5 15.105494974944587
1 6 14.305371845461616
1 7 14.61762293738111
1 8 13.999360526921024
1 9 14.127527137510368
1 10 16.749486579377635
1 11 14.97723091879093
1 12 14.399167558820212
1 13 14.249568090180002
1 14 16.89490477971733
1 15 13.838281306987053
1 16 16.89490477971733
1 17 14.249568090180002
1 18 14.399167558820212
1 19 14.97723091879093
1 20 16.749486579377635
1 21 14.127527137510368
1 22 13.999360526921024
1 23 14.61762293738111
1 24 14.305371845461616
1 25 15.105494974944587
1 26 16.264155117909443
1 27 12.548647382171083
1 28 12.007609602757384
1 29 12.780215257997213
2 0 13.672047367128634
2 1 11.752724493877986
2 2 12.967219439672697
2 3 12.360380263304481
2 4 14.873463859647527
2 5 15.347667520636977
2 6 12.969514707036097
2 7 14.192528645727746
2 8 15.025394038684123
2 9 15.31982435839188
2 10 14.164119668711804
2 11 13.74203306279975
2 12 16.240627401597497
2 13 14.34464776395485
2 14 14.333848766208625
2 15 15.49051057586605
2 16 14.333848766208625
2 17 14.34464776395485
2 18 16.240627401597497
2 19 13.74203306279975
2 20 14.164119668711804
2 21 15.31982435839188
2 22 15.025394038684123
2 23 14.192528645727746
2 24 12.969514707036097
2 25 15.347667520636977
2 26 14.873463859647527
2 27 12.360380263304481
2 28 12.967219439672697
2 29 11.752724493877986
3 0 12.330902546269309
3 1 14.31102632954635
3 2 16.351141460470373
3 3 15.44083690825524
3 4 13.828563925434675
3 5 11.524854589884024
3 6 13.610516126137593
3 7 17.06491676604675
3 8 14.8870065684573
3 9 15.022292937213857
3 10 16.07291023224023
3 11 15.674518726299569
3 12 16.27571760818885
3 13 15.329122105107341
3 14 16.266065104945753
3 15 15.535576527312896
3 16 16.266065104945753
3 17 15.329122105107341
3 18 16.27571760818885
3 19 15.674518726299569
3 20 16.07291023224023
3 21 15.022292937213857
3 22 14.8870065684573
3 23 17.06491676604675
3 24 13.610516126137593
3 25 11.524854589884024
3 26 13.828563925434675
3 27 15.44083690825524
3 28 16.351141460470373
3 29 14.31102632954635
4 0 13.45726883241081
4 1 14.199501302739797
4 2 13.648061945930726
4 3 13.125965196574715
4 4 14.331722203918503
4 5 14.669145723715351
4 6 16.980765353725612
4 7 14.197966645429005
4 8 13.991969372093234
4 9 18.25501165759218
4 10 12.689435657255578
4 11 15.767519773258684
4 12 16.00286748684559
4 13 16.255196446565275
4 14 15.196207454552061
4 15 15.968585976665068
4 16 15.196207454552061
4 17 16.255196446565275
4 18 16.00286748684559
4 19 15.767519773258684
4 20 12.689435657255578
4 21 18.25501165759218
4 22 13.991969372093234
4 23 14.197966645429005
4 24 16.980765353725612
4 25 14.669145723715351
4 26 14.331722203918503
4 27 13.125965196574715
4 28 13.648061945930726
4 29 14.199501302739797
5 0 13.277718229522177
5 1 12.67259580038571
5 2 16.534323888291144
5 3 14.554149369155512
5 4 12.992603214957997
5 5 15.057101945519419
5 6 16.198765891806293
5 7 13.91095493309676
5 8 14.78358802902294
5 9 14.973854740934142
5 10 16.98205345535446
5 11 15.94475740016037
5 12 14.463123279801316
5 13 16.036654732335098
5 14 15.60563221726815
5 15 15.982743565665704
5 16 15.60563221726815
5 17 16.036654732335098
5 18 14.463123279801316
5 19 15.94475740016037
5 20 16.98205345535446
5 21 14.973854740934142
5 22 14.78358802902294
5 23 13.91095493309676
5 24 16.198765891806293
5 25 15.057101945519419
5 26 12.992603214957997
5 27 14.554149369155512
5 28 16.534323888291144
5 29 12.67259580038571
6 0 12.244910435443028
6 1 15.939053668589683
6 2 12.73859390370908
6 3 14.093346303087811
6 4 14.352157396647867
6 5 13.886950754157562
6 6 16.167323807744854
6 7 14.000647919319329
6 8 15.27795120618135
6 9 14.632068750895625
6 10 16.33942692710123
6 11 16.51009294054105
6 12 14.086019557086207
6 13 15.73206039795888
6 14 18.513285925228903
6 15 17.347872374942842
6 16 18.513285925228903
6 17 15.73206039795888
6 18 14.086019557086207
6 19 16.51009294054105
6 20 16.33942692710123
6 21 14.632068750895625
6 22 15.27795120618135
6 23 14.000647919319329
6 24 16.167323807744854
6 25 13.886950754157562
6 26 14.352157396647867
6 27 14.093346303087811
6 28 12.73859390370908
6 29 15.939053668589683
7 0 14.655781214390991
7 1 14.944790336370977
7 2 13.981729827166962
7 3 13.495182537416571
7 4 14.24521429316178
7 5 14.824724904046978
7 6 16.581089827608942
7 7 16.074099610941424
7 8 14.566960438603052
7 9 15.379504772168447
7 10 16.63804540240549
7 11 18.0865516651244
7 12 14.875454074185534
7 13 19.088267688409438
7 14 18.955119182748945
7 15 21.135927772945738
7 16 18.955119182748945
7 17 19.088267688409438
7 18 14.875454074185534
7 19 18.0865516651244
7 20 16.63804540240549
7 21 15.379504772168447
7 22 14.566960438603052
7 23 16.074099610941424
7 24 16.581089827608942
7 25 14.824724904046978
7 26 14.24521429316178
7 27 13.495182537416571
7 28 13.981729827166962
7 29 14.944790336370977
8 0 13.963905871908448
8 1 14.141731760631096
8 2 14.09791152500377
8 3 14.093254120154311
8 4 14.017524122818086
8 5 14.906828674300316
8 6 14.169572756974942
8 7 14.65720796661447
8 8 14.389184301521269
8 9 16.583787456872013
8 10 16.276837152128692
8 11 16.224926920695225
8 12 19.155808858688772
8 13 19.843487961092595
8 14 20.04835531452302
8 15 22.749272141173567
8 16 20.04835531452302
8 17 19.843487961092595
8 18 19.155808858688772
8 19 16.224926920695225
8 20 16.276837152128692
8 21 16.583787456872013
8 22 14.389184301521269
8 23 14.65720796661447
8 24 14.169572756974942
8 25 14.906828674300316
8 26 14.017524122818086
8 27 14.093254120154311
8 28 14.09791152500377
8 29 14.141731760631096
9 0 14.076996221475564
9 1 14.612576341059787
9 2 13.570566290631016
9 3 17.450314624553876
9 4 15.502745118293497
9 5 13.799176723701338
9 6 15.303695500329024
9 7 15.212777020184769
9 8 17.546160011174614
9 9 14.915148161632434
9 10 16.79467215691488
9 11 18.185753292889274
9 12 20.080461708428498
9 13 21.830854699914468
9 14 24.783284051240738
9 15 24.04763295808588
9 16 24.783284051240738
9 17 21.830854699914468
9 18 20.080461708428498
9 19 18.185753292889274
9 20 16.79467215691488
9 21 14.915148161632434
9 22 17.546160011174614
9 23 15.212777020184769
9 24 15.303695500329024
9 25 13.799176723701338
9 26 15.502745118293497
9 27 17.450314624553876
9 28 13.570566290631016
9 29 14.612576341059787
10 0 14.680960841548593
10 1 14.716120773208475
10 2 13.555051086623475
10 3 14.899483169688324
10 4 14.132148614119753
10 5 14.366198321351703
10 6 16.421771763911003
10 7 18.11837280702151
10 8 13.039096000605966
10 9 15.640352282877847
10 10 19.55941067036801
10 11 17.2720907210694
10 12 20.91070747051208
10 13 23.21336274436532
10 14 27.41292886005897
10 15 7.445708105987574
10 16 27.41292886005897
10 17 23.21336274436532
10 18 20.91070747051208
10 19 17.2720907210694
10 20 19.55941067036801
10 21 15.640352282877847
10 22 13.039096000605966
10 23 18.11837280702151
10 24 16.421771763911003
10 25 14.366198321351703
10 26 14.132148614119753
10 27 14.899483169688324
10 28 13.555051086623475
10 29 14.716120773208475
11 0 14.189094265298246
11 1 13.594758198302136
11 2 13.78137771191529
11 3 13.580548032553072
11 4 15.259609583141701
11 5 13.811406466451047
11 6 14.045742870738785
11 7 18.100755315622056
11 8 13.709130804476098
11 9 14.425687690809905
11 10 16.02248983521872
11 11 17.924473264808384
11 12 21.096541857573644
11 13 23.985613339060144
11 14 22.02874783638353
11 15 26.338827984714527
11 16 22.02874783638353
11 17 23.985613339060144
11 18 21.096541857573644
11 19 17.924473264808384
11 20 16.02248983521872
11 21 14.425687690809905
11 22 13.709130804476098
11 23 18.100755315622056
11 24 14.045742870738785
11 25 13.811406466451047
11 26 15.259609583141701
11 27 13.580548032553072
11 28 13.78137771191529
11 29 13.594758198302136
12 0 14.482274736365456
12 1 13.881637081216518
12 2 15.302236299885328
12 3 14.3987044220182
12 4 14.407685060074249
12 5 14.889717582185689
12 6 13.020593642744423
12 7 15.724664496010929
12 8 16.535414880883348
12 9 17.303837714030962
12 10 19.281144816523163
12 11 20.117786079913785
12 12 17.775555416301
12 13 21.397097190475804
12 14 21.606137668788026
12 15 22.97340921445197
12 16 21.606137668788026
12 17 21.397097190475804
12 18 17.775555416301
12 19 20.117786079913785
12 20 19.281144816523163
12 21 17.303837714030962
12 22 16.535414880883348
12 23 15.724664496010929
12 24 13.020593642744423
12 25 14.889717582185689
12 26 14.407685060074249
12 27 14.3987044220182
12 28 15.302236299885328
12 29 13.881637081216518
13 0 13.491251784508702
13 1 11.872872684483303
13 2 14.587446126062598
13 3 14.919436649969041
13 4 14.314216851587895
13 5 13.932612303811494
13 6 15.166499617897804
13 7 17.556990196583328
13 8 14.955030470490843
13 9 16.143778953743897
13 10 17.600335792541767
13 11 18.290353996436497
13 12 17.044815495922162
13 13 18.277545364719042
13 14 18.570676619027925
13 15 21.01105656333204
13 16 18.570676619027925
13 17 18.277545364719042
13 18 17.044815495922162
13 19 18.290353996436497
13 20 17.600335792541767
13 21 16.143778953743897
13 22 14.955030470490843
13 23 17.556990196583328
13 24 15.166499617897804
13 25 13.932612303811494
13 26 14.314216851587895
13 27 14.919436649969041
13 28 14.587446126062598
13 29 11.872872684483303
14 0 13.817572893384115
14 1 14.383199653998627
14 2 16.17790862207399
14 3 15.83277162024544
14 4 13.301092893386999
14 5 14.016388436567318
14 6 15.90617921583274
14 7 18.39840595962926
14 8 13.802181889109457
14 9 14.880443304322373
14 10 17.11244640651595
14 11 13.33378005017575
14 12 20.89294965402448
14 13 17.563155429951944
14 14 19.28232732022217
14 15 19.59761007801145
14 16 19.28232732022217
14 17 17.563155429951944
14 18 20.89294965402448
14 19 13.33378005017575
14 20 17.11244640651595
14 21 14.880443304322373
14 22 13.802181889109457
14 23 18.39840595962926
14 24 15.90617921583274
14 25 14.016388436567318
14 26 13.301092893386999
14 27 15.83277162024544
14 28 16.17790862207399
14 29 14.383199653998627
15 0 12.682068396512296
15 1 15.33653286852275
15 2 14.759284094390862
15 3 15.412061492339845
15 4 14.069499000128737
15 5 16.68239209850865
15 6 13.89954622079439
15 7 15.256088844399919
15 8 16.03933026348822
15 9 15.027730545837358
15 10 18.262761307291782
15 11 17.728389839435643
15 12 17.877934305666447
15 13 15.606456040472112
15 14 18.35780032611189
15 15 18.976291509293397
15 16 18.35780032611189
15 17 15.606456040472112
15 18 17.877934305666447
15 19 17.728389839435643
15 20 18.262761307291782
15 21 15.027730545837358
15 22 16.03933026348822
15 23 15.256088844399919
15 24 13.89954622079439
15 25 16.68239209850865
15 26 14.069499000128737
15 27 15.412061492339845
15 28 14.759284094390862
15 29 15.33653286852275
16 0 13.817572893384115
16 1 14.383199653998627
16 2 16.17790862207399
16 3 15.83277162024544
16 4 13.301092893386999
16 5 14.016388436567318
16 6 15.90617921583274
16 7 18.39840595962926
16 8 13.802181889109457
16 9 14.880443304322373
16 10 17.11244640651595
16 11 13.33378005017575
16 12 20.89294965402448
16 13 17.563155429951944
16 14 19.28232732022217
16 15 19.59761007801145
16 16 19.28232732022217
16 17 17.563155429951944
16 18 20.89294965402448
16 19 13.33378005017575
16 20 17.11244640651595
16 21 14.880443304322373
16 22 13.802181889109457
16 23 18.39840595962926
16 24 15.90617921583274
16 25 14.016388436567318
16 26 13.301092893386999
16 27 15.83277162024544
16 28 16.17790862207399
16 29 14.383199653998627
17 0 13.491251784508702
17 1 11.872872684483303
17 2 14.587446126062598
17 3 14.919436649969041
17 4 14.314216851587895
17 5 13.932612303811494
17 6 15.166499617897804
17 7 17.556990196583328
17 8 14.955030470490843
17 9 16.143778953743897
17 10 17.600335792541767
17 11 18.290353996436497
17 12 17.044815495922162
17 13 18.277545364719042
17 14 18.570676619027925
17 15 21.01105656333204
17 16 18.570676619027925
17 17 18.277545364719042
17 18 17.044815495922162
17 19 18.290353996436497
17 20 17.600335792541767
17 21 16.143778953743897
17 22 14.955030470490843
17 23 17.556990196583328
17 24 15.166499617897804
17 25 13.932612303811494
17 26 14.314216851587895
17 27 14.919436649969041
17 28 14.587446126062598
17 29 11.872872684483303
18 0 14.482274736365456
18 1 13.881637081216518
18 2 15.302236299885328
18 3 14.3987044220182
18 4 14.407685060074249
18 5 14.889717582185689
18 6 13.020593642744423
18 7 15.724664496010929
18 8 16.535414880883348
18 9 17.303837714030962
18 10 19.281144816523163
18 11 20.117786079913785
18 12 17.775555416301
18 13 21.397097190475804
18 14 21.606137668788026
18 15 22.97340921445197
18 16 21.606137668788026
18 17 21.397097190475804
18 18 17.775555416301
18 19 20.117786079913785
18 20 19.281144816523163
18 21 17.303837714030962
18 22 16.535414880883348
18 23 15.724664496010929
18 24 13.020593642744423
18 25 14.889717582185689
18 26 14.407685060074249
18 27 14.3987044220182
18 28 15.302236299885328
18 29 13.881637081216518
19 0 14.189094265298246
19 1 13.594758198302136
19 2 13.78137771191529
19 3 13.580548032553072
19 4 15.259609583141701
19 5 13.811406466451047
19 6 14.045742870738785
19 7 18.100755315622056
19 8 13.709130804476098
19 9 14.425687690809905
19 10 16.02248983521872
19 11 17.924473264808384
19 12 21.096541857573644
19 13 23.985613339060144
19 14 22.02874783638353
19 15 26.338827984714527
19 16 22.02874783638353
19 17 23.985613339060144
19 18 21.096541857573644
19 19 17.924473264808384
19 20 16.02248983521872
19 21 14.425687690809905
19 22 13.709130804476098
19 23 18.100755315622056
19 24 14.045742870738785
19 25 13.811406466451047
19 26 15.259609583141701
19 27 13.580548032553072
19 28 13.78137771191529
19 29 13.594758198302136
20 0 14.680960841548593
20 1 14.716120773208475
20 2 13.555051086623475
20 3 14.899483169688324
20 4 14.132148614119753
20 5 14.366198321351703
20 6 16.421771763911003
20 7 18.11837280702151
20 8 13.039096000605966
20 9 15.640352282877847
20 10 19.55941067036801
20 11 17.2720907210694
20 12 20.91070747051208
20 13 23.21336274436532
20 14 27.41292886005897
20 15 7.445708105987574
20 16 27.41292886005897
20 17 23.21336274436532
20 18 20.91070747051208
20 19 17.2720907210694
20 20 19.55941067036801
20 21 15.640352282877847
20 22 13.039096000605966
20 23 18.11837280702151
20 24 16.421771763911003
20 25 14.366198321351703
20 26 14.132148614119753
20 27 14.899483169688324
20 28 13.555051086623475
20 29 14.716120773208475
21 0 14.076996221475564
21 1 14.612576341059787
21 2 13.570566290631016
21 3 17.450314624553876
21 4 15.502745118293497
21 5 13.799176723701338
21 6 15.303695500329024
21 7 15.212777020184769
21 8 17.546160011174614
21 9 14.915148161632434
21 10 16.79467215691488
21 11 18.185753292889274
21 12 20.080461708428498
21 13 21.830854699914468
21 14 24.783284051240738
21 15 24.04763295808588
21 16 24.783284051240738
21 17 21.830854699914468
21 18 20.080461708428498
21 19 18.185753292889274
21 20 16.79467215691488
21 21 14.915148161632434
21 22 17.546160011174614
21 23 15.212777020184769
21 24 15.303695500329024
21 25 13.799176723701338
21 26 15.502745118293497
21 27 17.450314624553876
21 28 13.570566290631016
21 29 14.612576341059787
22 0 13.963905871908448
22 1 14.141731760631096
22 2 14.09791152500377
22 3 14.093254120154311
22 4 14.017524122818086
22 5 14.906828674300316
22 6 14.169572756974942
22 7 14.65720796661447
22 8 14.389184301521269
22 9 16.583787456872013
22 10 16.276837152128692
22 11 16.224926920695225
22 12 19.155808858688772
22 13 19.843487961092595
22 14 20.04835531452302
22 15 22.749272141173567
22 16 20.04835531452302
22 17 19.843487961092595
22 18 19.155808858688772
22 19 16.224926920695225
22 20 16.276837152128692
22 21 16.583787456872013
22 22 14.389184301521269
22 23 14.65720796661447
22 24 14.169572756974942
22 25 14.906828674300316
22 26 14.017524122818086
22 27 14.093254120154311
22 28 14.09791152500377
22 29 14.141731760631096
23 0 14.655781214390991
23 1 14.944790336370977
23 2 13.981729827166962
23 3 13.495182537416571
23 4 14.24521429316178
23 5 14.824724904046978
23 6 16.581089827608942
23 7 16.074099610941424
23 8 14.566960438603052
23 9 15.379504772168447
23 10 16.63804540240549
23 11 18.0865516651244
23 12 14.875454074185534
23 13 19.088267688409438
23 14 18.955119182748945
23 15 21.135927772945738
23 16 18.955119182748945
23 17 19.088267688409438
23 18 14.875454074185534
23 19 18.0865516651244
23 20 16.63804540240549
23 21 15.379504772168447
23 22 14.566960438603052
23 23 16.074099610941424
23 24 16.581089827608942
23 25 14.824724904046978
23 26 14.24521429316178
23 27 13.495182537416571
23 28 13.981729827166962
23 29 14.944790336370977
24 0 12.244910435443028
24 1 15.939053668589683
24 2 12.73859390370908
24 3 14.093346303087811
24 4 14.352157396647867
24 5 13.886950754157562
24 6 16.167323807744854
24 7 14.000647919319329
24 8 15.27795120618135
24 9 14.632068750895625
24 10 16.33942692710123
24 11 16.51009294054105
24 12 14.086019557086207
24 13 15.73206039795888
24 14 18.513285925228903
24 15 17.347872374942842
24 16 18.513285925228903
24 17 15.73206039795888
24 18 14.086019557086207
24 19 16.51009294054105
24 20 16.33942692710123
24 21 14.632068750895625
24 22 15.27795120618135
24 23 14.000647919319329
24 24 16.167323807744854
24 25 13.886950754157562
24 26 14.352157396647867
24 27 14.093346303087811
24 28 12.73859390370908
24 29 15.939053668589683
25 0 13.277718229522177
25 1 12.67259580038571
25 2 16.534323888291144
25 3 14.554149369155512
25 4 12.992603214957997
25 5 15.057101945519419
25 6 16.198765891806293
25 7 13.91095493309676
25 8 14.78358802902294
25 9 14.973854740934142
25 10 16.98205345535446
25 11 15.94475740016037
25 12 14.463123279801316
25 13 16.036654732335098
25 14 15.60563221726815
25 15 15.982743565665704
25 16 15.60563221726815
25 17 16.036654732335098
25 18 14.463123279801316
25 19 15.94475740016037
25 20 16.98205345535446
25 21 14.973854740934142
25 22 14.78358802902294
25 23 13.91095493309676
25 24 16.198765891806293
25 25 15.057101945519419
25 26 12.992603214957997
25 27 14.554149369155512
25 28 16.534323888291144
25 29 12.67259580038571
26 0 13.45726883241081
26 1 14.199501302739797
26 2 13.648061945930726
26 3 13.125965196574715
26 4 14.331722203918503
26 5 14.669145723715351
26 6 16.980765353725612
26 7 14.197966645429005
26 8 13.991969372093234
26 9 18.25501165759218
26 10 12.689435657255578
26 11 15.767519773258684
26 12 16.00286748684559
26 13 16.255196446565275
26 14 15.196207454552061
26 15 15.968585976665068
26 16 15.196207454552061
26 17 16.255196446565275
26 18 16.00286748684559
26 19 15.767519773258684
26 20 12.689435657255578
26 21 18.25501165759218
26 22 13.991969372093234
26 23 14.197966645429005
26 24 16.980765353725612
26 25 14.669145723715351
26 26 14.331722203918503
26 27 13.125965196574715
26 28 13.648061945930726
26 29 14.199501302739797
27 0 12.330902546269309
27 1 14.31102632954635
27 2 16.351141460470373
27 3 15.44083690825524
27 4 13.828563925434675
27 5 11.524854589884024
27 6 13.610516126137593
27 7 17.06491676604675
27 8 14.8870065684573
27 9 15.022292937213857
27 10 16.07291023224023
27 11 15.674518726299569
27 12 16.27571760818885
27 13 15.329122105107341
27 14 16.266065104945753
27 15 15.535576527312896
27 16 16.266065104945753
27 17 15.329122105107341
27 18 16.27571760818885
27 19 15.674518726299569
27 20 16.07291023224023
27 21 15.022292937213857
27 22 14.8870065684573
27 23 17.06491676604675
27 24 13.610516126137593
27 25 11.524854589884024
27 26 13.828563925434675
27 27 15.44083690825524
27 28 16.351141460470373
27 29 14.31102632954635
28 0 13.672047367128634
28 1 11.752724493877986
28 2 12.967219439672697
28 3 12.360380263304481
28 4 14.873463859647527
28 5 15.347667520636977
28 6 12.969514707036097
28 7 14.192528645727746
28 8 15.025394038684123
28 9 15.31982435839188
28 10 14.164119668711804
28 11 13.74203306279975
28 12 16.240627401597497
28 13 14.34464776395485
28 14 14.333848766208625
28 15 15.49051057586605
28 16 14.333848766208625
28 17 14.34464776395485
28 18 16.240627401597497
28 19 13.74203306279975
28 20 14.164119668711804
28 21 15.31982435839188
28 22 15.025394038684123
28 23 14.192528645727746
28 24 12.969514707036097
28 25 15.347667520636977
28 26 14.873463859647527
28 27 12.360380263304481
28 28 12.967219439672697
28 29 11.752724493877986
29 0 13.095931140900973
29 1 12.780215257997213
29 2 12.007609602757384
29 3 12.548647382171083
29 4 16.264155117909443
29 5 15.105494974944587
29 6 14.305371845461616
29 7 14.61762293738111
29 8 13.999360526921024
29 9 14.127527137510368
29 10 16.749486579377635
29 11 14.97723091879093
29 12 14.399167558820212
29 13 14.249568090180002
29 14 16.89490477971733
29 15 13.838281306987053
29 16 16.89490477971733
29 17 14.249568090180002
29 18 14.399167558820212
29 19 14.97723091879093
29 20 16.749486579377635
29 21 14.127527137510368
29 22 13.999360526921024
29 23 14.61762293738111
29 24 14.305371845461616
29 25 15.105494974944587
29 26 16.264155117909443
29 27 12.548647382171083
29 28 12.007609602757384
29 29 12.780215257997213
