0 0 14.062724751344193
0 1 11.650912677034984
0 2 13.50460187667973
0 3 14.02916063472843
0 4 12.096091906191443
0 5 16.25513877464808
0 6 13.01356212950456
0 7 16.60195305656761
0 8 13.353684313150913
0 9 14.739648589883075
0 10 14.523970767760334
0 11 13.742328399203693
0 12 15.453686445816553
0 13 15.032243481514666
0 14 14.344064628989594
0 15 15.207553472718876
0 16 14.950085200800592
0 17 13.392122912243185
0 18 14.432676279000171
0 19 14.135175895242424
0 20 15.22027441275595
0 21 13.813303833878072
0 22 13.839953632863432
0 23 15.573982705689401
0 24 13.088641131810858
0 25 13.165833850602422
0 26 13.242327767154295
0 27 14.550761163328787
0 28 12.036635422773
0 29 13.111387827830422
1 0 12.495684473609481
1 1 15.061027808370149
1 2 13.57658921899474
1 3 11.46321643744533
1 4 12.527812991364279
1 5 15.343495413949215
1 6 13.284982820069587
1 7 15.82445763985476
1 8 13.839301865098012
1 9 15.79684195078779
1 10 16.941848535024853
1 11 14.76908006755688
1 12 15.080129896533373
1 13 11.860787296724732
1 14 12.617761277951326
1 15 14.249568090180002
1 16 14.55987900705682
1 17 17.443976777342026
1 18 13.105030025846464
1 19 16.839384299734903
1 20 13.610516126137593
1 21 13.002222553414112
1 22 14.543012522689562
1 23 15.341717452825412
1 24 14.32079646329648
1 25 12.610474811552182
1 26 13.332967911391668
1 27 11.267041364695569
1 28 13.329041543877308
1 29 13.279278650302956
2 0 12.243838410473009
2 1 12.428786772597658
2 2 14.493220080085438
2 3 14.226446093925171
2 4 15.917158692045904
2 5 15.418715501486727
2 6 13.665546921347602
2 7 13.912095271775302
2 8 15.463824958909564
2 9 13.774811460994988
2 10 15.42902728052223
2 11 14.013149760168874
2 12 13.606001575673162
2 13 13.859551397119054
2 14 15.500965017583063
2 15 14.34464776395485
2 16 13.167044114385636
2 17 14.1888160773265
2 18 16.10737370499106
2 19 16.407851060662257
2 20 14.299600797036495
2 21 16.5231288577749
2 22 16.253737005718605
2 23 16.055803330021273
2 24 12.235291174061583
2 25 16.785203980425905
2 26 14.315340227176485
2 27 13.424571113887303
2 28 13.410606107478502
2 29 12.019599628454522
3 0 12.966828473123753
3 1 14.090001098886866
3 2 15.105091662740584
3 3 15.442431395361362
3 4 14.626093546443098
3 5 15.270430526844011
3 6 12.327680755587817
3 7 12.929060700266655
3 8 13.272221540143438
3 9 16.66225323867113
3 10 14.937087492971488
3 11 14.23996271063265
3 12 15.320195007364081
3 13 14.142274213017474
3 14 15.893494125694724
3 15 15.329122105107341
3 16 15.77995116838433
3 17 16.083218781025856
3 18 13.59055952840509
3 19 14.893637361026892
3 20 13.42521226656949
3 21 14.319786970523237
3 22 17.90049655386577
3 23 13.346519074719865
3 24 13.787848993360733
3 25 12.7340495719911
3 26 13.722087279744425
3 27 15.100160017557586
3 28 14.865986840225938
3 29 11.670995658222822
4 0 16.19224594581937
4 1 16.081030165980863
4 2 13.325926388064504
4 3 13.975034145443166
4 4 15.213963354721592
4 5 14.796780154074412
4 6 14.628867145008215
4 7 15.5086196069791
4 8 13.33385996209861
4 9 16.641989430242848
4 10 15.849233553128586
4 11 16.386847081189828
4 12 15.616152466925191
4 13 16.199819801888616
4 14 16.262386565761723
4 15 16.255196446565275
4 16 15.85317888982452
4 17 18.078152095447606
4 18 14.450202565747855
4 19 16.139978032820746
4 20 15.722416029365506
4 21 13.937449288765036
4 22 14.058768539827755
4 23 15.563918948571402
4 24 16.045801702284912
4 25 12.526991923132373
4 26 15.16613424725287
4 27 14.38744588662752
4 28 14.54334240507657
4 29 14.60851558315335
5 0 14.000272602870341
5 1 17.509995012465602
5 2 14.149775833789839
5 3 13.463321336950086
5 4 16.027833845813877
5 5 13.884232147800578
5 6 14.197370181471099
5 7 15.224754760687373
5 8 12.769527789746693
5 9 14.92238102873466
5 10 17.348043380426567
5 11 15.412956000099808
5 12 15.27088987999594
5 13 17.68448741369993
5 14 17.316440089202324
5 15 16.036654732335098
5 16 15.018330945520534
5 17 15.116527508041926
5 18 16.819218922064273
5 19 16.783545174255686
5 20 16.35521313664066
5 21 15.88848947629618
5 22 13.426292679916566
5 23 13.900865750444238
5 24 17.621430557136918
5 25 14.638646485217132
5 26 13.560079033289107
5 27 15.648374494604393
5 28 13.48112999990821
5 29 10.628892137465007
6 0 14.77494764667952
6 1 14.485834371354795
6 2 13.507373477707123
6 3 14.006761230502313
6 4 15.669557602304033
6 5 13.74203306279975
6 6 14.16887319122267
6 7 13.098023232568234
6 8 16.545211864556215
6 9 17.803938796545193
6 10 18.457448331884937
6 11 21.357793397500863
6 12 17.199627424511217
6 13 18.87118045867451
6 14 15.375852551165538
6 15 15.73206039795888
6 16 16.6869493126904
6 17 15.504990697637254
6 18 17.278289094924283
6 19 14.071041505755119
6 20 14.288730306920804
6 21 14.141561477841654
6 22 14.216468864674944
6 23 13.855183958308965
6 24 16.41732520985206
6 25 14.398191694646762
6 26 12.225569199765228
6 27 12.691522694269803
6 28 14.310250101561998
6 29 12.872079794009814
7 0 16.776111133861434
7 1 16.345738634330928
7 2 15.633633007054877
7 3 16.290829144185054
7 4 13.106351816483006
7 5 13.728433211059013
7 6 15.77995116838433
7 7 15.177269361149278
7 8 14.511427093073408
7 9 14.318189297840302
7 10 15.934410499453078
7 11 17.724503514702263
7 12 19.026382634343374
7 13 17.369516035208775
7 14 17.013223437695874
7 15 19.088267688409438
7 16 16.390703604585376
7 17 16.788629339449344
7 18 18.159816028405253
7 19 15.308937041459453
7 20 16.044053120944238
7 21 12.763300376762079
7 22 13.970083005096646
7 23 13.829568631819805
7 24 14.78066212383303
7 25 15.044572750677364
7 26 13.383107299939716
7 27 14.982497308459697
7 28 13.553467407055054
7 29 12.613693623871193
8 0 13.846234401527504
8 1 12.670927354888375
8 2 13.987498326053641
8 3 14.592893410638082
8 4 12.612163726429007
8 5 15.906847818024653
8 6 15.379581188785924
8 7 14.012975814722868
8 8 14.000088606104901
8 9 17.901739103427953
8 10 19.99846042143909
8 11 23.00400002361462
8 12 18.064419824234097
8 13 22.787150635280337
8 14 18.53415778831576
8 15 19.843487961092595
8 16 18.04805070395744
8 17 17.267997169392288
8 18 16.326991435240558
8 19 19.102575919604522
8 20 16.505550846960567
8 21 15.908111076557814
8 22 16.52634578270679
8 23 14.12183975889162
8 24 13.697578908201317
8 25 14.3987044220182
8 26 15.350732525384952
8 27 13.21795246394303
8 28 14.121607326771235
8 29 14.379071855769547
9 0 13.828563925434675
9 1 13.002222553414112
9 2 17.543227837106276
9 3 14.471332453443056
9 4 16.290874232429882
9 5 14.143342703239105
9 6 16.23955158813453
9 7 13.48396590355833
9 8 15.206228175475944
9 9 17.279560296329652
9 10 18.955119182748945
9 11 18.127388438752583
9 12 22.931065171382606
9 13 20.738476716082754
9 14 25.20713450126159
9 15 21.830854699914468
9 16 21.733176814913232
9 17 19.27043768423222
9 18 17.37491621607284
9 19 13.795796032283244
9 20 13.709130804476098
9 21 17.401587414141343
9 22 14.076114174695265
9 23 15.915782242464124
9 24 13.927153640911927
9 25 14.133212748643498
9 26 16.67659939510338
9 27 13.731096126326346
9 28 15.697579832690883
9 29 13.479888153317372
10 0 14.936837254681173
10 1 14.751285818077621
10 2 16.560208695095874
10 3 14.597296180207652
10 4 16.404875903686634
10 5 13.589039157821487
10 6 14.482944040959909
10 7 15.4128095348941
10 8 16.705676652846087
10 9 17.782834259898696
10 10 19.91205128503028
10 11 19.94831312403473
10 12 22.552613539903206
10 13 6.488974721317965
10 14 25.433566598170813
10 15 23.21336274436532
10 16 19.763068957859282
10 17 18.81606790879604
10 18 15.3078855297581
10 19 13.940149696024354
10 20 15.95073163600496
10 21 15.054125591992767
10 22 16.16571240909447
10 23 13.388244919822789
10 24 15.582302967700729
10 25 14.105614339849332
10 26 14.070477313267203
10 27 15.399097684506836
10 28 14.878159664676717
10 29 13.95499437525279
11 0 14.058773575416698
11 1 12.644270958412214
11 2 15.899076946259616
11 3 15.372069946587615
11 4 15.031284487650469
11 5 11.927597098255376
11 6 14.862783580176014
11 7 19.331678000929003
11 8 15.874558261078361
11 9 17.797860033671018
11 10 20.080461708428498
11 11 21.326084381890126
11 12 25.062638251181923
11 13 28.53462337688299
11 14 21.53741704451025
11 15 23.985613339060144
11 16 19.643430146421768
11 17 18.36546842223456
11 18 17.380576603863165
11 19 16.164977869456894
11 20 17.149922611777253
11 21 15.186895070533076
11 22 14.344154158749436
11 23 14.652524626881377
11 24 15.233766749349767
11 25 14.554730870393604
11 26 16.527349817579765
11 27 15.222156888283015
11 28 14.698017943901203
11 29 13.508995731783582
12 0 12.74946092903992
12 1 13.491013149154822
12 2 15.717733268176124
12 3 13.610722784591639
12 4 14.249458841132173
12 5 14.65720796661447
12 6 18.697214710297022
12 7 16.125093403750693
12 8 16.326991435240558
12 9 16.960472329893506
12 10 16.589143563962008
12 11 20.325834421237513
12 12 22.620768087975314
12 13 22.32220319386666
12 14 18.475646677699203
12 15 21.397097190475804
12 16 24.560779931139194
12 17 19.43770776066326
12 18 15.250923068812197
12 19 15.991730668828785
12 20 15.856423912134076
12 21 16.254249393204258
12 22 15.483738481855477
12 23 14.937716647457647
12 24 16.090450958289335
12 25 14.13099955271995
12 26 13.87307229418098
12 27 14.757825266763355
12 28 15.230881027496004
12 29 16.250615719604134
13 0 13.981729827166962
13 1 14.372944538576284
13 2 13.563394450346468
13 3 13.910958358829358
13 4 15.038205729293887
13 5 14.957014735442842
13 6 16.711161737912757
13 7 14.399997632301101
13 8 14.978066868982472
13 9 17.485775587890487
13 10 20.747367863683166
13 11 17.822541255276242
13 12 17.413927294887735
13 13 20.25518963412199
13 14 20.625800103376545
13 15 18.277545364719042
13 16 17.89728244199184
13 17 18.9683202821872
13 18 16.013160121808532
13 19 18.23505047891199
13 20 16.865752526673848
13 21 16.89159409217372
13 22 13.994158055272024
13 23 17.238921771002286
13 24 15.015490906525757
13 25 17.17817972490507
13 26 15.592856371898547
13 27 13.762505810012433
13 28 16.276588945033108
13 29 14.99547616622285
14 0 14.826278011490762
14 1 15.571009041615055
14 2 15.173418949864939
14 3 13.855183958308965
14 4 13.035721147379725
14 5 14.766565303643274
14 6 16.104610422102773
14 7 14.56464509862631
14 8 14.811459244067969
14 9 14.511324207098335
14 10 15.443133973713268
14 11 18.65603369924328
14 12 15.68148333168658
14 13 18.863389953942253
14 14 18.835367097444315
14 15 17.563155429951944
14 16 17.13902883596929
14 17 16.828435196826394
14 18 16.077361095473147
14 19 17.96633257792588
14 20 15.553709451162993
14 21 13.296081337940505
14 22 17.86833609050559
14 23 15.051171958943373
14 24 13.757044030133965
14 25 16.143438808578505
14 26 14.625948443187223
14 27 14.427935508040605
14 28 15.206260196480622
14 29 13.400034316970249
15 0 13.999409518924256
15 1 13.805053945416178
15 2 14.075957525497742
15 3 15.240459149759777
15 4 15.295239124156055
15 5 14.93319580571967
15 6 15.934551826267006
15 7 15.411193507573547
15 8 19.182687652951326
15 9 15.957169171580722
15 10 17.600335792541767
15 11 17.74229331046732
15 12 22.299412603050225
15 13 18.29238978835209
15 14 17.456887630965163
15 15 15.606456040472112
15 16 17.456887630965163
15 17 18.29238978835209
15 18 22.299412603050225
15 19 17.74229331046732
15 20 17.600335792541767
15 21 15.957169171580722
15 22 19.182687652951326
15 23 15.411193507573547
15 24 15.934551826267006
15 25 14.93319580571967
15 26 15.295239124156055
15 27 15.240459149759777
15 28 14.075957525497742
15 29 13.805053945416178
16 0 14.384931141431455
16 1 13.400034316970249
16 2 15.206260196480622
16 3 14.427935508040605
16 4 14.625948443187223
16 5 16.143438808578505
16 6 13.757044030133965
16 7 15.051171958943373
16 8 17.86833609050559
16 9 13.296081337940505
16 10 15.553709451162993
16 11 17.96633257792588
16 12 16.077361095473147
16 13 16.828435196826394
16 14 17.13902883596929
16 15 17.563155429951944
16 16 18.835367097444315
16 17 18.863389953942253
16 18 15.68148333168658
16 19 18.65603369924328
16 20 15.443133973713268
16 21 14.511324207098335
16 22 14.811459244067969
16 23 14.56464509862631
16 24 16.104610422102773
16 25 14.766565303643274
16 26 13.035721147379725
16 27 13.855183958308965
16 28 15.173418949864939
16 29 15.571009041615055
17 0 13.392289234466183
17 1 14.99547616622285
17 2 16.276588945033108
17 3 13.762505810012433
17 4 15.592856371898547
17 5 17.17817972490507
17 6 15.015490906525757
17 7 17.238921771002286
17 8 13.994158055272024
17 9 16.89159409217372
17 10 16.865752526673848
17 11 18.23505047891199
17 12 16.013160121808532
17 13 18.9683202821872
17 14 17.89728244199184
17 15 18.277545364719042
17 16 20.625800103376545
17 17 20.25518963412199
17 18 17.413927294887735
17 19 17.822541255276242
17 20 20.747367863683166
17 21 17.485775587890487
17 22 14.978066868982472
17 23 14.399997632301101
17 24 16.711161737912757
17 25 14.957014735442842
17 26 15.038205729293887
17 27 13.910958358829358
17 28 13.563394450346468
17 29 14.372944538576284
18 0 14.140056182940937
18 1 16.250615719604134
18 2 15.230881027496004
18 3 14.757825266763355
18 4 13.87307229418098
18 5 14.13099955271995
18 6 16.090450958289335
18 7 14.937716647457647
18 8 15.483738481855477
18 9 16.254249393204258
18 10 15.856423912134076
18 11 15.991730668828785
18 12 15.250923068812197
18 13 19.43770776066326
18 14 24.560779931139194
18 15 21.397097190475804
18 16 18.475646677699203
18 17 22.32220319386666
18 18 22.620768087975314
18 19 20.325834421237513
18 20 16.589143563962008
18 21 16.960472329893506
18 22 16.326991435240558
18 23 16.125093403750693
18 24 18.697214710297022
18 25 14.65720796661447
18 26 14.249458841132173
18 27 13.610722784591639
18 28 15.717733268176124
18 29 13.491013149154822
19 0 15.930217133087769
19 1 13.508995731783582
19 2 14.698017943901203
19 3 15.222156888283015
19 4 16.527349817579765
19 5 14.554730870393604
19 6 15.233766749349767
19 7 14.652524626881377
19 8 14.344154158749436
19 9 15.186895070533076
19 10 17.149922611777253
19 11 16.164977869456894
19 12 17.380576603863165
19 13 18.36546842223456
19 14 19.643430146421768
19 15 23.985613339060144
19 16 21.53741704451025
19 17 28.53462337688299
19 18 25.062638251181923
19 19 21.326084381890126
19 20 20.080461708428498
19 21 17.797860033671018
19 22 15.874558261078361
19 23 19.331678000929003
19 24 14.862783580176014
19 25 11.927597098255376
19 26 15.031284487650469
19 27 15.372069946587615
19 28 15.899076946259616
19 29 12.644270958412214
20 0 13.432439504720081
20 1 13.95499437525279
20 2 14.878159664676717
20 3 15.399097684506836
20 4 14.070477313267203
20 5 14.105614339849332
20 6 15.582302967700729
20 7 13.388244919822789
20 8 16.16571240909447
20 9 15.054125591992767
20 10 15.95073163600496
20 11 13.940149696024354
20 12 15.3078855297581
20 13 18.81606790879604
20 14 19.763068957859282
20 15 23.21336274436532
20 16 25.433566598170813
20 17 6.488974721317965
20 18 22.552613539903206
20 19 19.94831312403473
20 20 19.91205128503028
20 21 17.782834259898696
20 22 16.705676652846087
20 23 15.4128095348941
20 24 14.482944040959909
20 25 13.589039157821487
20 26 16.404875903686634
20 27 14.597296180207652
20 28 16.560208695095874
20 29 14.751285818077621
21 0 13.08122111877172
21 1 13.479888153317372
21 2 15.697579832690883
21 3 13.731096126326346
21 4 16.67659939510338
21 5 14.133212748643498
21 6 13.927153640911927
21 7 15.915782242464124
21 8 14.076114174695265
21 9 17.401587414141343
21 10 13.709130804476098
21 11 13.795796032283244
21 12 17.37491621607284
21 13 19.27043768423222
21 14 21.733176814913232
21 15 21.830854699914468
21 16 25.20713450126159
21 17 20.738476716082754
21 18 22.931065171382606
21 19 18.127388438752583
21 20 18.955119182748945
21 21 17.279560296329652
21 22 15.206228175475944
21 23 13.48396590355833
21 24 16.23955158813453
21 25 14.143342703239105
21 26 16.290874232429882
21 27 14.471332453443056
21 28 17.543227837106276
21 29 13.002222553414112
22 0 14.585871932736277
22 1 14.379071855769547
22 2 14.121607326771235
22 3 13.21795246394303
22 4 15.350732525384952
22 5 14.3987044220182
22 6 13.697578908201317
22 7 14.12183975889162
22 8 16.52634578270679
22 9 15.908111076557814
22 10 16.505550846960567
22 11 19.102575919604522
22 12 16.326991435240558
22 13 17.267997169392288
22 14 18.04805070395744
22 15 19.843487961092595
22 16 18.53415778831576
22 17 22.787150635280337
22 18 18.064419824234097
22 19 23.00400002361462
22 20 19.99846042143909
22 21 17.901739103427953
22 22 14.000088606104901
22 23 14.012975814722868
22 24 15.379581188785924
22 25 15.906847818024653
22 26 12.612163726429007
22 27 14.592893410638082
22 28 13.987498326053641
22 29 12.670927354888375
23 0 13.157365453859608
23 1 12.613693623871193
23 2 13.553467407055054
23 3 14.982497308459697
23 4 13.383107299939716
23 5 15.044572750677364
23 6 14.78066212383303
23 7 13.829568631819805
23 8 13.970083005096646
23 9 12.763300376762079
23 10 16.044053120944238
23 11 15.308937041459453
23 12 18.159816028405253
23 13 16.788629339449344
23 14 16.390703604585376
23 15 19.088267688409438
23 16 17.013223437695874
23 17 17.369516035208775
23 18 19.026382634343374
23 19 17.724503514702263
23 20 15.934410499453078
23 21 14.318189297840302
23 22 14.511427093073408
23 23 15.177269361149278
23 24 15.77995116838433
23 25 13.728433211059013
23 26 13.106351816483006
23 27 16.290829144185054
23 28 15.633633007054877
23 29 16.345738634330928
24 0 11.85085249709633
24 1 12.872079794009814
24 2 14.310250101561998
24 3 12.691522694269803
24 4 12.225569199765228
24 5 14.398191694646762
24 6 16.41732520985206
24 7 13.855183958308965
24 8 14.216468864674944
24 9 14.141561477841654
24 10 14.288730306920804
24 11 14.071041505755119
24 12 17.278289094924283
24 13 15.504990697637254
24 14 16.6869493126904
24 15 15.73206039795888
24 16 15.375852551165538
24 17 18.87118045867451
24 18 17.199627424511217
24 19 21.357793397500863
24 20 18.457448331884937
24 21 17.803938796545193
24 22 16.545211864556215
24 23 13.098023232568234
24 24 14.16887319122267
24 25 13.74203306279975
24 26 15.669557602304033
24 27 14.006761230502313
24 28 13.507373477707123
24 29 14.485834371354795
25 0 12.043587385467324
25 1 10.628892137465007
25 2 13.48112999990821
25 3 15.648374494604393
25 4 13.560079033289107
25 5 14.638646485217132
25 6 17.621430557136918
25 7 13.900865750444238
25 8 13.426292679916566
25 9 15.88848947629618
25 10 16.35521313664066
25 11 16.783545174255686
25 12 16.819218922064273
25 13 15.116527508041926
25 14 15.018330945520534
25 15 16.036654732335098
25 16 17.316440089202324
25 17 17.68448741369993
25 18 15.27088987999594
25 19 15.412956000099808
25 20 17.348043380426567
25 21 14.92238102873466
25 22 12.769527789746693
25 23 15.224754760687373
25 24 14.197370181471099
25 25 13.884232147800578
25 26 16.027833845813877
25 27 13.463321336950086
25 28 14.149775833789839
25 29 17.509995012465602
26 0 12.372872806891582
26 1 14.60851558315335
26 2 14.54334240507657
26 3 14.38744588662752
26 4 15.16613424725287
26 5 12.526991923132373
26 6 16.045801702284912
26 7 15.563918948571402
26 8 14.058768539827755
26 9 13.937449288765036
26 10 15.722416029365506
26 11 16.139978032820746
26 12 14.450202565747855
26 13 18.078152095447606
26 14 15.85317888982452
26 15 16.255196446565275
26 16 16.262386565761723
26 17 16.199819801888616
26 18 15.616152466925191
26 19 16.386847081189828
26 20 15.849233553128586
26 21 16.641989430242848
26 22 13.33385996209861
26 23 15.5086196069791
26 24 14.628867145008215
26 25 14.796780154074412
26 26 15.213963354721592
26 27 13.975034145443166
26 28 13.325926388064504
26 29 16.081030165980863
27 0 13.844984378882918
27 1 11.670995658222822
27 2 14.865986840225938
27 3 15.100160017557586
27 4 13.722087279744425
27 5 12.7340495719911
27 6 13.787848993360733
27 7 13.346519074719865
27 8 17.90049655386577
27 9 14.319786970523237
27 10 13.42521226656949
27 11 14.893637361026892
27 12 13.59055952840509
27 13 16.083218781025856
27 14 15.77995116838433
27 15 15.329122105107341
27 16 15.893494125694724
27 17 14.142274213017474
27 18 15.320195007364081
27 19 14.23996271063265
27 20 14.937087492971488
27 21 16.66225323867113
27 22 13.272221540143438
27 23 12.929060700266655
27 24 12.327680755587817
27 25 15.270430526844011
27 26 14.626093546443098
27 27 15.442431395361362
27 28 15.105091662740584
27 29 14.090001098886866
28 0 11.019422359380933
28 1 12.019599628454522
28 2 13.410606107478502
28 3 13.424571113887303
28 4 14.315340227176485
28 5 16.785203980425905
28 6 12.235291174061583
28 7 16.055803330021273
28 8 16.253737005718605
28 9 16.5231288577749
28 10 14.299600797036495
28 11 16.407851060662257
28 12 16.10737370499106
28 13 14.1888160773265
28 14 13.167044114385636
28 15 14.34464776395485
28 16 15.500965017583063
28 17 13.859551397119054
28 18 13.606001575673162
28 19 14.013149760168874
28 20 15.42902728052223
28 21 13.774811460994988
28 22 15.463824958909564
28 23 13.912095271775302
28 24 13.665546921347602
28 25 15.418715501486727
28 26 15.917158692045904
28 27 14.226446093925171
28 28 14.493220080085438
28 29 12.428786772597658
29 0 12.198055876046523
29 1 13.279278650302956
29 2 13.329041543877308
29 3 11.267041364695569
29 4 13.332967911391668
29 5 12.610474811552182
29 6 14.32079646329648
29 7 15.341717452825412
29 8 14.543012522689562
29 9 13.002222553414112
29 10 13.610516126137593
29 11 16.839384299734903
29 12 13.105030025846464
29 13 17.443976777342026
29 14 14.55987900705682
29 15 14.249568090180002
29 16 12.617761277951326
29 17 11.860787296724732
29 18 15.080129896533373
29 19 14.76908006755688
29 20 16.941848535024853
29 21 15.79684195078779
29 22 13.839301865098012
29 23 15.82445763985476
29 24 13.284982820069587
29 25 15.343495413949215
29 26 12.527812991364279
29 27 11.46321643744533
29 28 13.57658921899474
29 29 15.061027808370149
