0 0 13.49632649741124
0 1 13.000090131404786
0 2 14.761571182217377
0 3 14.28163144584059
0 4 15.50000369688746
0 5 14.111836507958344
0 6 15.65604705270986
0 7 15.33799049492678
0 8 14.103912571130408
0 9 16.0325896644038
0 10 14.896556476399713
0 11 13.214739986082384
0 12 14.708905336888161
0 13 13.742328399203693
0 14 15.499246875744193
0 15 13.161442429623735
0 16 15.465245147099306
0 17 14.135175895242424
0 18 13.703637282861818
0 19 12.629501824700515
0 20 15.3134152435555
0 21 14.599741827945541
0 22 14.76906951050009
0 23 12.566570845250165
0 24 13.091147546015351
0 25 12.514851700377754
0 26 12.387009752660337
0 27 12.350370013911567
0 28 11.475913880170777
0 29 11.808487198113408
1 0 14.123331995301193
1 1 13.927241160898577
1 2 13.728856769537279
1 3 16.88584277700498
1 4 14.742872067258826
1 5 14.231318983692434
1 6 12.98491708278875
1 7 15.612204852889091
1 8 14.63654701440113
1 9 17.816578019092315
1 10 13.608725796259375
1 11 12.974940368910856
1 12 12.831535603643742
1 13 14.76908006755688
1 14 12.806472648627732
1 15 14.97723091879093
1 16 14.968964841340195
1 17 16.839384299734903
1 18 14.189431916454716
1 19 13.617535002905967
1 20 15.791029581604802
1 21 14.236370787227937
1 22 13.487021375883112
1 23 14.024961900233766
1 24 15.382546721995778
1 25 12.568933172135823
1 26 11.810517434571002
1 27 11.92966944827549
1 28 11.067250947884727
1 29 12.1495097430611
2 0 13.027369999024515
2 1 14.914024031003562
2 2 16.413367937041755
2 3 15.097031813741118
2 4 15.29698906284855
2 5 16.69758138739509
2 6 14.893995628174595
2 7 12.604255174854458
2 8 15.298590803515976
2 9 15.193392900267456
2 10 12.747180723184323
2 11 16.466449553300105
2 12 14.643037386661224
2 13 14.013149760168874
2 14 15.430610902047661
2 15 13.74203306279975
2 16 14.722612626252934
2 17 16.407851060662257
2 18 16.257319531214204
2 19 14.4579057064117
2 20 16.019088351566776
2 21 12.270558180536533
2 22 15.764881876176696
2 23 14.868375641913449
2 24 13.522048931701827
2 25 15.978663694358795
2 26 12.346794994095399
2 27 11.100641346901893
2 28 11.524796174010625
2 29 12.860530024003134
3 0 13.393690386055969
3 1 15.283992413564114
3 2 14.183293461376179
3 3 14.28573038107511
3 4 14.485646644277098
3 5 15.925396518075308
3 6 13.211065563450372
3 7 14.961031860095302
3 8 14.673544966553113
3 9 15.750618121611046
3 10 15.525705694200632
3 11 15.06161813152359
3 12 16.0571395904446
3 13 14.23996271063265
3 14 14.911278849326951
3 15 15.674518726299569
3 16 13.462581668664475
3 17 14.893637361026892
3 18 14.554360335078862
3 19 14.92137524174795
3 20 14.24521429316178
3 21 15.298588907302813
3 22 14.233864791986328
3 23 14.375650305772421
3 24 13.870210612826915
3 25 15.85680438546584
3 26 14.286211446442314
3 27 11.299207079921176
3 28 12.71941844220156
3 29 14.799090521145253
4 0 14.399985901497647
4 1 14.175795989874727
4 2 16.127498782543967
4 3 17.183972932454335
4 4 16.702440984077
4 5 14.128683754052938
4 6 14.817504046034948
4 7 13.506236878139307
4 8 16.151137832163307
4 9 17.465483334854277
4 10 14.813520365107987
4 11 16.183222178256415
4 12 16.703745591421953
4 13 16.386847081189828
4 14 16.935975696627718
4 15 15.767519773258684
4 16 16.727915268239506
4 17 16.139978032820746
4 18 14.052097767598726
4 19 14.4398874683675
4 20 14.506482707130205
4 21 15.635211649237053
4 22 13.547080576893508
4 23 13.400034316970249
4 24 13.730602987550743
4 25 13.78196616040794
4 26 14.545181287782071
4 27 13.88704691244825
4 28 13.758050460514804
4 29 10.657746237178458
5 0 14.927377581454275
5 1 13.716344366817644
5 2 14.651446193371816
5 3 13.784275561103746
5 4 15.119436790813738
5 5 14.543318732798797
5 6 15.052296605968294
5 7 16.241482915741308
5 8 13.832307041503546
5 9 18.631670696829996
5 10 16.306930079489895
5 11 14.974091095472748
5 12 15.300914591575173
5 13 15.412956000099808
5 14 14.511427093073408
5 15 15.94475740016037
5 16 16.90322680275164
5 17 16.783545174255686
5 18 18.364675284148955
5 19 15.02838871825596
5 20 15.099445295084852
5 21 14.98620385024334
5 22 15.09534560596437
5 23 13.728790839730342
5 24 13.953875612967883
5 25 15.471445440626834
5 26 14.822683376619453
5 27 13.83127196891233
5 28 12.153125950985519
5 29 13.883622938641123
6 0 14.253953933390232
6 1 13.853956524637818
6 2 14.700819520269508
6 3 14.506858841546965
6 4 14.920113790402144
6 5 13.947035732517369
6 6 15.117341985424853
6 7 17.11500736920316
6 8 15.480687955580198
6 9 16.30934415884191
6 10 14.987529733827952
6 11 17.301184254890764
6 12 15.49836581166901
6 13 21.357793397500863
6 14 15.498877794285574
6 15 16.51009294054105
6 16 14.920034822179874
6 17 14.071041505755119
6 18 12.833380635797115
6 19 15.876203158656802
6 20 14.344389428618607
6 21 14.613264265120545
6 22 14.902838795074663
6 23 15.640818500074392
6 24 13.341375357892975
6 25 14.383199653998627
6 26 14.072339341128247
6 27 13.405226929105442
6 28 13.055244434127507
6 29 14.245578628699988
7 0 15.484700933439232
7 1 14.181255402853848
7 2 15.20911050628786
7 3 13.95893109858235
7 4 13.805092822394347
7 5 15.052811552294138
7 6 17.886105256736375
7 7 16.497455159527256
7 8 18.42169113111996
7 9 20.42268939848316
7 10 16.940288953034898
7 11 20.037443457896376
7 12 17.836290966659224
7 13 17.724503514702263
7 14 17.206404790644825
7 15 18.0865516651244
7 16 17.829626365837694
7 17 15.308937041459453
7 18 16.711161737912757
7 19 16.602428978667422
7 20 13.450866261891484
7 21 15.134294194980345
7 22 15.592856371898547
7 23 14.31479213565859
7 24 16.198718406765042
7 25 14.393199266460057
7 26 12.61942081627123
7 27 14.745717262081007
7 28 14.760895223609902
7 29 15.276640819353144
8 0 14.165738189094165
8 1 14.059106843906708
8 2 17.652904788722818
8 3 14.238172902651808
8 4 16.61611689381663
8 5 15.06155694387769
8 6 17.146068494521842
8 7 19.16938057814079
8 8 18.338654275367944
8 9 21.08918597347455
8 10 21.466280961321495
8 11 22.246910125848686
8 12 20.23242544747799
8 13 23.00400002361462
8 14 17.736783255009126
8 15 16.224926920695225
8 16 14.692534762699621
8 17 19.102575919604522
8 18 13.868525001399785
8 19 16.091100619702996
8 20 13.020593642744423
8 21 15.155609791939836
8 22 16.66457156871113
8 23 16.699886502048958
8 24 15.193984739172809
8 25 14.6179629741497
8 26 12.951022805924433
8 27 16.250615719604134
8 28 13.122242345672786
8 29 15.010148256328435
9 0 13.728826454847272
9 1 14.06178626148966
9 2 12.831535603643742
9 3 15.580564871140476
9 4 14.841479839819549
9 5 15.713667549499915
9 6 14.850117084778823
9 7 17.140618063623904
9 8 15.610410588144257
9 9 21.446432354273608
9 10 25.965258878001194
9 11 22.110242341576637
9 12 24.05513688429568
9 13 18.127388438752583
9 14 19.93471890184012
9 15 18.185753292889274
9 16 16.026352697028287
9 17 13.795796032283244
9 18 15.715262696969775
9 19 15.47312822200629
9 20 15.802059855730866
9 21 14.378262125277447
9 22 15.233766749349767
9 23 13.244418380802909
9 24 13.573175662888378
9 25 15.42353627488328
9 26 15.9661890190072
9 27 12.708332790425398
9 28 13.498501622886453
9 29 15.648374494604393
10 0 13.784991006482617
10 1 13.912095271775302
10 2 13.564458441462248
10 3 13.835896163047089
10 4 17.18531863754737
10 5 17.42578256338773
10 6 16.648644103395768
10 7 16.65542042477347
10 8 20.374270775743206
10 9 21.18054068898398
10 10 22.077401320251248
10 11 8.71462058823941
10 12 21.913809266776067
10 13 19.94831312403473
10 14 20.860247822071862
10 15 17.2720907210694
10 16 18.64720733327608
10 17 13.940149696024354
10 18 15.708382501245827
10 19 13.755588076722475
10 20 15.085570949871336
10 21 14.937716647457647
10 22 13.957951309929028
10 23 16.821490347288584
10 24 16.297968866339488
10 25 16.006096259948887
10 26 15.244354235082238
10 27 16.398092712935302
10 28 12.35030968707401
10 29 12.395509928266971
11 0 15.44083691544803
11 1 14.250546632398358
11 2 12.617761277951326
11 3 14.399683666999668
11 4 12.769527789746693
11 5 16.248229027693444
11 6 15.27088987999594
11 7 16.64608093689686
11 8 18.701269993567944
11 9 22.54783278693634
11 10 23.82206786430629
11 11 23.408639816968208
11 12 25.20713450126159
11 13 21.326084381890126
11 14 18.262771121452097
11 15 17.924473264808384
11 16 17.43453295489738
11 17 16.164977869456894
11 18 15.699272946282607
11 19 15.890780500463704
11 20 13.959241442624325
11 21 15.500759824233418
11 22 13.500663433345558
11 23 14.821122688313132
11 24 14.612386543180346
11 25 15.458181969352653
11 26 14.708081481064701
11 27 17.685333680038443
11 28 14.772863350789613
11 29 14.28057975602181
12 0 13.39301721121302
12 1 15.570044028532557
12 2 14.28133547712822
12 3 13.950010238378017
12 4 15.456631682547641
12 5 16.255196446565275
12 6 15.414236850176875
12 7 17.901739103427953
12 8 20.948379684458057
12 9 21.780362496198315
12 10 20.04835531452302
12 11 20.81263811969757
12 12 21.327698333645074
12 13 20.325834421237513
12 14 17.758524822089132
12 15 20.117786079913785
12 16 16.121666919340047
12 17 15.991730668828785
12 18 16.656895296025578
12 19 16.421422497606535
12 20 13.802181889109457
12 21 15.859313619181583
12 22 17.167896425712886
12 23 14.743455632042565
12 24 15.896958242144057
12 25 14.366198321351703
12 26 13.864958407557811
12 27 14.129846304033082
12 28 15.87224628490532
12 29 12.270558180536533
13 0 13.999360526921024
13 1 14.394788596254957
13 2 13.106351816483006
13 3 14.782752371972316
13 4 14.439763911316247
13 5 15.497623526596415
13 6 17.09105673452195
13 7 17.894588405634735
13 8 16.390703604585376
13 9 17.27219276534278
13 10 20.080461708428498
13 11 19.526973850035354
13 12 19.12378061552685
13 13 17.822541255276242
13 14 19.789597766105114
13 15 18.290353996436497
13 16 14.444681707190403
13 17 18.23505047891199
13 18 16.949781786396944
13 19 17.820612360643256
13 20 17.149922611777253
13 21 15.446574325262537
13 22 14.510053602238779
13 23 14.10461497249865
13 24 13.582168206832614
13 25 13.372312799417179
13 26 14.702503570936951
13 27 15.811193222569095
13 28 12.793465355363232
13 29 15.728510855681824
14 0 15.10729177746947
14 1 14.704634902189662
14 2 12.536026916000433
14 3 15.262199336062626
14 4 15.879667276185339
14 5 14.632068750895625
14 6 14.920034822179874
14 7 16.07941307401995
14 8 17.9864469959828
14 9 16.5835339608823
14 10 19.81963722120182
14 11 18.81606790879604
14 12 20.445794410210443
14 13 18.65603369924328
14 14 16.747649701394714
14 15 13.33378005017575
14 16 16.971428555172132
14 17 17.96633257792588
14 18 19.739097159460915
14 19 14.946478829788788
14 20 13.920446530868578
14 21 17.14434564064211
14 22 15.237550184431276
14 23 14.347728628504088
14 24 14.92410923313827
14 25 13.621719633086634
14 26 14.5143328540854
14 27 13.937449288765036
14 28 17.051797889392986
14 29 13.533817639494604
15 0 11.477370048875459
15 1 15.502999801734447
15 2 15.672159312651768
15 3 14.660554859425021
15 4 14.067635365416896
15 5 15.26301283612904
15 6 13.767751431052814
15 7 17.19696809691548
15 8 16.010290125121976
15 9 18.99603751007822
15 10 16.02248983521872
15 11 15.669484987759404
15 12 15.813988881016465
15 13 17.74229331046732
15 14 16.013160121808532
15 15 17.728389839435643
15 16 16.013160121808532
15 17 17.74229331046732
15 18 15.813988881016465
15 19 15.669484987759404
15 20 16.02248983521872
15 21 18.99603751007822
15 22 16.010290125121976
15 23 17.19696809691548
15 24 13.767751431052814
15 25 15.26301283612904
15 26 14.067635365416896
15 27 14.660554859425021
15 28 15.672159312651768
15 29 15.502999801734447
16 0 14.331722203918503
16 1 13.533817639494604
16 2 17.051797889392986
16 3 13.937449288765036
16 4 14.5143328540854
16 5 13.621719633086634
16 6 14.92410923313827
16 7 14.347728628504088
16 8 15.237550184431276
16 9 17.14434564064211
16 10 13.920446530868578
16 11 14.946478829788788
16 12 19.739097159460915
16 13 17.96633257792588
16 14 16.971428555172132
16 15 13.33378005017575
16 16 16.747649701394714
16 17 18.65603369924328
16 18 20.445794410210443
16 19 18.81606790879604
16 20 19.81963722120182
16 21 16.5835339608823
16 22 17.9864469959828
16 23 16.07941307401995
16 24 14.920034822179874
16 25 14.632068750895625
16 26 15.879667276185339
16 27 15.262199336062626
16 28 12.536026916000433
16 29 14.704634902189662
17 0 14.058773575416698
17 1 15.728510855681824
17 2 12.793465355363232
17 3 15.811193222569095
17 4 14.702503570936951
17 5 13.372312799417179
17 6 13.582168206832614
17 7 14.10461497249865
17 8 14.510053602238779
17 9 15.446574325262537
17 10 17.149922611777253
17 11 17.820612360643256
17 12 16.949781786396944
17 13 18.23505047891199
17 14 14.444681707190403
17 15 18.290353996436497
17 16 19.789597766105114
17 17 17.822541255276242
17 18 19.12378061552685
17 19 19.526973850035354
17 20 20.080461708428498
17 21 17.27219276534278
17 22 16.390703604585376
17 23 17.894588405634735
17 24 17.09105673452195
17 25 15.497623526596415
17 26 14.439763911316247
17 27 14.782752371972316
17 28 13.106351816483006
17 29 14.394788596254957
18 0 12.73859390370908
18 1 12.270558180536533
18 2 15.87224628490532
18 3 14.129846304033082
18 4 13.864958407557811
18 5 14.366198321351703
18 6 15.896958242144057
18 7 14.743455632042565
18 8 17.167896425712886
18 9 15.859313619181583
18 10 13.802181889109457
18 11 16.421422497606535
18 12 16.656895296025578
18 13 15.991730668828785
18 14 16.121666919340047
18 15 20.117786079913785
18 16 17.758524822089132
18 17 20.325834421237513
18 18 21.327698333645074
18 19 20.81263811969757
18 20 20.04835531452302
18 21 21.780362496198315
18 22 20.948379684458057
18 23 17.901739103427953
18 24 15.414236850176875
18 25 16.255196446565275
18 26 15.456631682547641
18 27 13.950010238378017
18 28 14.28133547712822
18 29 15.570044028532557
19 0 13.073273681671782
19 1 14.28057975602181
19 2 14.772863350789613
19 3 17.685333680038443
19 4 14.708081481064701
19 5 15.458181969352653
19 6 14.612386543180346
19 7 14.821122688313132
19 8 13.500663433345558
19 9 15.500759824233418
19 10 13.959241442624325
19 11 15.890780500463704
19 12 15.699272946282607
19 13 16.164977869456894
19 14 17.43453295489738
19 15 17.924473264808384
19 16 18.262771121452097
19 17 21.326084381890126
19 18 25.20713450126159
19 19 23.408639816968208
19 20 23.82206786430629
19 21 22.54783278693634
19 22 18.701269993567944
19 23 16.64608093689686
19 24 15.27088987999594
19 25 16.248229027693444
19 26 12.769527789746693
19 27 14.399683666999668
19 28 12.617761277951326
19 29 14.250546632398358
20 0 15.448505066778585
20 1 12.395509928266971
20 2 12.35030968707401
20 3 16.398092712935302
20 4 15.244354235082238
20 5 16.006096259948887
20 6 16.297968866339488
20 7 16.821490347288584
20 8 13.957951309929028
20 9 14.937716647457647
20 10 15.085570949871336
20 11 13.755588076722475
20 12 15.708382501245827
20 13 13.940149696024354
20 14 18.64720733327608
20 15 17.2720907210694
20 16 20.860247822071862
20 17 19.94831312403473
20 18 21.913809266776067
20 19 8.71462058823941
20 20 22.077401320251248
20 21 21.18054068898398
20 22 20.374270775743206
20 23 16.65542042477347
20 24 16.648644103395768
20 25 17.42578256338773
20 26 17.18531863754737
20 27 13.835896163047089
20 28 13.564458441462248
20 29 13.912095271775302
21 0 13.147775852440635
21 1 15.648374494604393
21 2 13.498501622886453
21 3 12.708332790425398
21 4 15.9661890190072
21 5 15.42353627488328
21 6 13.573175662888378
21 7 13.244418380802909
21 8 15.233766749349767
21 9 14.378262125277447
21 10 15.802059855730866
21 11 15.47312822200629
21 12 15.715262696969775
21 13 13.795796032283244
21 14 16.026352697028287
21 15 18.185753292889274
21 16 19.93471890184012
21 17 18.127388438752583
21 18 24.05513688429568
21 19 22.110242341576637
21 20 25.965258878001194
21 21 21.446432354273608
21 22 15.610410588144257
21 23 17.140618063623904
21 24 14.850117084778823
21 25 15.713667549499915
21 26 14.841479839819549
21 27 15.580564871140476
21 28 12.831535603643742
21 29 14.06178626148966
22 0 15.096496932463921
22 1 15.010148256328435
22 2 13.122242345672786
22 3 16.250615719604134
22 4 12.951022805924433
22 5 14.6179629741497
22 6 15.193984739172809
22 7 16.699886502048958
22 8 16.66457156871113
22 9 15.155609791939836
22 10 13.020593642744423
22 11 16.091100619702996
22 12 13.868525001399785
22 13 19.102575919604522
22 14 14.692534762699621
22 15 16.224926920695225
22 16 17.736783255009126
22 17 23.00400002361462
22 18 20.23242544747799
22 19 22.246910125848686
22 20 21.466280961321495
22 21 21.08918597347455
22 22 18.338654275367944
22 23 19.16938057814079
22 24 17.146068494521842
22 25 15.06155694387769
22 26 16.61611689381663
22 27 14.238172902651808
22 28 17.652904788722818
22 29 14.059106843906708
23 0 13.95578864216534
23 1 15.276640819353144
23 2 14.760895223609902
23 3 14.745717262081007
23 4 12.61942081627123
23 5 14.393199266460057
23 6 16.198718406765042
23 7 14.31479213565859
23 8 15.592856371898547
23 9 15.134294194980345
23 10 13.450866261891484
23 11 16.602428978667422
23 12 16.711161737912757
23 13 15.308937041459453
23 14 17.829626365837694
23 15 18.0865516651244
23 16 17.206404790644825
23 17 17.724503514702263
23 18 17.836290966659224
23 19 20.037443457896376
23 20 16.940288953034898
23 21 20.42268939848316
23 22 18.42169113111996
23 23 16.497455159527256
23 24 17.886105256736375
23 25 15.052811552294138
23 26 13.805092822394347
23 27 13.95893109858235
23 28 15.20911050628786
23 29 14.181255402853848
24 0 12.707193215954817
24 1 14.245578628699988
24 2 13.055244434127507
24 3 13.405226929105442
24 4 14.072339341128247
24 5 14.383199653998627
24 6 13.341375357892975
24 7 15.640818500074392
24 8 14.902838795074663
24 9 14.613264265120545
24 10 14.344389428618607
24 11 15.876203158656802
24 12 12.833380635797115
24 13 14.071041505755119
24 14 14.920034822179874
24 15 16.51009294054105
24 16 15.498877794285574
24 17 21.357793397500863
24 18 15.49836581166901
24 19 17.301184254890764
24 20 14.987529733827952
24 21 16.30934415884191
24 22 15.480687955580198
24 23 17.11500736920316
24 24 15.117341985424853
24 25 13.947035732517369
24 26 14.920113790402144
24 27 14.506858841546965
24 28 14.700819520269508
24 29 13.853956524637818
25 0 13.31810838626033
25 1 13.883622938641123
25 2 12.153125950985519
25 3 13.83127196891233
25 4 14.822683376619453
25 5 15.471445440626834
25 6 13.953875612967883
25 7 13.728790839730342
25 8 15.09534560596437
25 9 14.98620385024334
25 10 15.099445295084852
25 11 15.02838871825596
25 12 18.364675284148955
25 13 16.783545174255686
25 14 16.90322680275164
25 15 15.94475740016037
25 16 14.511427093073408
25 17 15.412956000099808
25 18 15.300914591575173
25 19 14.974091095472748
25 20 16.306930079489895
25 21 18.631670696829996
25 22 13.832307041503546
25 23 16.241482915741308
25 24 15.052296605968294
25 25 14.543318732798797
25 26 15.119436790813738
25 27 13.784275561103746
25 28 14.651446193371816
25 29 13.716344366817644
26 0 16.31688931334783
26 1 10.657746237178458
26 2 13.758050460514804
26 3 13.88704691244825
26 4 14.545181287782071
26 5 13.78196616040794
26 6 13.730602987550743
26 7 13.400034316970249
26 8 13.547080576893508
26 9 15.635211649237053
26 10 14.506482707130205
26 11 14.4398874683675
26 12 14.052097767598726
26 13 16.139978032820746
26 14 16.727915268239506
26 15 15.767519773258684
26 16 16.935975696627718
26 17 16.386847081189828
26 18 16.703745591421953
26 19 16.183222178256415
26 20 14.813520365107987
26 21 17.465483334854277
26 22 16.151137832163307
26 23 13.506236878139307
26 24 14.817504046034948
26 25 14.128683754052938
26 26 16.702440984077
26 27 17.183972932454335
26 28 16.127498782543967
26 29 14.175795989874727
27 0 12.515968421632724
27 1 14.799090521145253
27 2 12.71941844220156
27 3 11.299207079921176
27 4 14.286211446442314
27 5 15.85680438546584
27 6 13.870210612826915
27 7 14.375650305772421
27 8 14.233864791986328
27 9 15.298588907302813
27 10 14.24521429316178
27 11 14.92137524174795
27 12 14.554360335078862
27 13 14.893637361026892
27 14 13.462581668664475
27 15 15.674518726299569
27 16 14.911278849326951
27 17 14.23996271063265
27 18 16.0571395904446
27 19 15.06161813152359
27 20 15.525705694200632
27 21 15.750618121611046
27 22 14.673544966553113
27 23 14.961031860095302
27 24 13.211065563450372
27 25 15.925396518075308
27 26 14.485646644277098
27 27 14.28573038107511
27 28 14.183293461376179
27 29 15.283992413564114
28 0 10.890441219745478
28 1 12.860530024003134
28 2 11.524796174010625
28 3 11.100641346901893
28 4 12.346794994095399
28 5 15.978663694358795
28 6 13.522048931701827
28 7 14.868375641913449
28 8 15.764881876176696
28 9 12.270558180536533
28 10 16.019088351566776
28 11 14.4579057064117
28 12 16.257319531214204
28 13 16.407851060662257
28 14 14.722612626252934
28 15 13.74203306279975
28 16 15.430610902047661
28 17 14.013149760168874
28 18 14.643037386661224
28 19 16.466449553300105
28 20 12.747180723184323
28 21 15.193392900267456
28 22 15.298590803515976
28 23 12.604255174854458
28 24 14.893995628174595
28 25 16.69758138739509
28 26 15.29698906284855
28 27 15.097031813741118
28 28 16.413367937041755
28 29 14.914024031003562
29 0 12.541979642703359
29 1 12.1495097430611
29 2 11.067250947884727
29 3 11.92966944827549
29 4 11.810517434571002
29 5 12.568933172135823
29 6 15.382546721995778
29 7 14.024961900233766
29 8 13.487021375883112
29 9 14.236370787227937
29 10 15.791029581604802
29 11 13.617535002905967
29 12 14.189431916454716
29 13 16.839384299734903
29 14 14.968964841340195
29 15 14.97723091879093
29 16 12.806472648627732
29 17 14.76908006755688
29 18 12.831535603643742
29 19 12.974940368910856
29 20 13.608725796259375
29 21 17.816578019092315
29 22 14.63654701440113
29 23 15.612204852889091
29 24 12.98491708278875
29 25 14.231318983692434
29 26 14.742872067258826
29 27 16.88584277700498
29 28 13.728856769537279
29 29 13.927241160898577
