0 0 3.237867859381354
0 1 2.729385208350402
0 2 3.156975878896892
0 3 3.102741044467375
0 4 3.199204787300383
0 5 3.024038407680958
0 6 3.1545309800869523
0 7 2.9708081940460382
0 8 3.0828414038590326
0 9 3.097764354385905
0 10 3.3402265959029185
0 11 3.213001069341961
0 12 3.255120324644798
0 13 3.517540242715777
0 14 3.2597877521895517
0 15 3.643163911364475
0 16 3.2353202703779207
0 17 3.133706334154637
0 18 3.1998588115733146
0 19 3.0106295724992544
0 20 2.7578079423266795
0 21 3.1317999597772137
0 22 3.796979445337093
0 23 2.78879275919873
0 24 3.02324827926498
0 25 3.1393785884093512
0 26 3.066213299276753
0 27 3.1409782539466344
0 28 3.1076155576093356
0 29 2.606703378674555
1 0 3.0792953524098308
1 1 2.9824756704270254
1 2 3.5170349166374106
1 3 3.3143377620453354
1 4 3.3823291297407003
1 5 2.8547561888920376
1 6 3.1106221820821403
1 7 3.7100907339939093
1 8 3.4584018748483225
1 9 3.246272152933336
1 10 3.097792853161388
1 11 3.0612441096674923
1 12 3.4309729783315372
1 13 3.374055793850892
1 14 3.3770512358207503
1 15 3.505539470234246
1 16 3.34742280834231
1 17 3.89434373932606
1 18 4.146593464938111
1 19 3.4281272022006886
1 20 3.6247995687534647
1 21 3.2881331936632816
1 22 3.2751685652103935
1 23 3.594264274661784
1 24 3.085054800743114
1 25 2.636257459841411
1 26 3.4284450384163487
1 27 3.135019047406769
1 28 3.228783628823637
1 29 3.140243364909838
2 0 3.007078603282943
2 1 3.078910705739144
2 2 3.373151783067402
2 3 3.652356617989001
2 4 2.853580529020837
2 5 3.0747635207811705
2 6 3.739310714177906
2 7 3.6538234764337743
2 8 3.1385694466321348
2 9 3.498990846708416
2 10 3.2143655815846146
2 11 3.6479071320386494
2 12 3.7771329919545735
2 13 3.9664287276925254
2 14 3.7946008688795616
2 15 3.4149330290781688
2 16 5.001634976189667
2 17 4.0038247742784625
2 18 3.4632229229774825
2 19 3.978823999014574
2 20 3.6635023728523994
2 21 3.2395340276288906
2 22 3.293265962689491
2 23 3.4463891190089346
2 24 3.4814414591746328
2 25 3.5880549418157703
2 26 2.9652271926607034
2 27 3.3383081010526783
2 28 2.9005938914172185
2 29 3.170713001858735
3 0 3.0570601896256506
3 1 2.8163698836912117
3 2 3.5411091891233295
3 3 3.272083256068277
3 4 3.397612419462681
3 5 3.457561111112415
3 6 3.531620321187098
3 7 3.1053633542202728
3 8 3.1335508288777647
3 9 3.482029153173873
3 10 4.095958473045452
3 11 3.8817404549229155
3 12 3.9713649190729745
3 13 4.016430694952378
3 14 3.9022836807360557
3 15 4.017034330397278
3 16 4.241393180019804
3 17 3.892421948440516
3 18 3.9743743512803764
3 19 4.352469334984573
3 20 3.4149330290781688
3 21 3.6669576249331044
3 22 3.708074857502979
3 23 3.2680944788488278
3 24 3.2738241644136212
3 25 3.598186280819805
3 26 3.124428180807378
3 27 3.144749360527874
3 28 2.614762383171089
3 29 3.3734370000731517
4 0 3.1954593225227983
4 1 3.1854919191207913
4 2 3.271863501323751
4 3 3.2004279646048643
4 4 3.4012243900917682
4 5 3.8203352424850348
4 6 3.342172391149879
4 7 3.2506338761298528
4 8 3.7849583725266562
4 9 4.069830456122581
4 10 3.3229734906876867
4 11 4.520817186032745
4 12 4.399750467811375
4 13 3.88181065049244
4 14 4.9317956970434045
4 15 5.0608308219582225
4 16 4.163369401111327
4 17 5.68132279405335
4 18 4.110196353690566
4 19 4.0847184973437045
4 20 4.09867691769826
4 21 4.0556021944913185
4 22 3.9124190579508773
4 23 3.935457232743072
4 24 3.6374824202111036
4 25 3.097792853161388
4 26 3.0733443852515285
4 27 3.050083477525053
4 28 2.872362727359092
4 29 3.102979679846151
5 0 2.782265425213522
5 1 2.9784313598592136
5 2 3.058359422667492
5 3 3.2201014229494467
5 4 3.2978665151051416
5 5 3.142530610425319
5 6 3.05478971686866
5 7 3.490167407174794
5 8 3.840057309183805
5 9 3.9612197634863415
5 10 4.081681902943268
5 11 3.6758883887050566
5 12 4.966729838734989
5 13 5.321672960499626
5 14 5.54536931221296
5 15 4.998460707202605
5 16 5.082791996879349
5 17 5.155809354154646
5 18 5.732814038038471
5 19 4.463641498249163
5 20 4.2609838112966845
5 21 4.138324936147866
5 22 4.583421470467448
5 23 3.432940982446113
5 24 3.312755682005346
5 25 3.444972015820345
5 26 3.1815122726284586
5 27 3.5279782358120975
5 28 2.932754815779664
5 29 2.8630104485814503
6 0 3.1392181536823816
6 1 3.1949545654094234
6 2 2.9349126119269395
6 3 2.951293778534343
6 4 3.8340491073487177
6 5 3.356958437395864
6 6 3.8956500114154466
6 7 3.787879971434195
6 8 3.6030859987089747
6 9 5.011867036835456
6 10 4.067063015284773
6 11 5.1267682269249715
6 12 4.401599024905572
6 13 5.012625031499663
6 14 4.942176145996384
6 15 5.169046636354441
6 16 6.293452800792516
6 17 6.306576449114985
6 18 5.403083322005068
6 19 5.317235484244358
6 20 4.191652553679128
6 21 5.414279266072559
6 22 4.399750467811375
6 23 3.9671748360910075
6 24 3.7115971624984367
6 25 4.105451218667552
6 26 3.4250339938147185
6 27 3.258538112010654
6 28 3.386646661019409
6 29 3.7201575491552523
7 0 2.7926439917767283
7 1 2.7798772856529967
7 2 3.4568883545759794
7 3 3.798473641594776
7 4 3.1857859967257522
7 5 3.2893517637169953
7 6 3.8204809309476158
7 7 3.5026194711191225
7 8 4.55641492478021
7 9 4.232718607245841
7 10 4.269325548223193
7 11 5.0237919331428005
7 12 5.222765216455445
7 13 6.103730692658823
7 14 5.69800203205879
7 15 7.165720765984936
7 16 5.441223124289388
7 17 6.768069887995308
7 18 5.2805763365112215
7 19 5.491607934286422
7 20 5.417699829648541
7 21 5.162253015833284
7 22 3.869414558345748
7 23 3.993636574608804
7 24 3.133443746854668
7 25 3.67250988463987
7 26 3.2899045579594097
7 27 3.1053633542202728
7 28 4.056913801944266
7 29 2.9254829373356377
8 0 3.4963254389851217
8 1 2.976648682773623
8 2 3.078358192435226
8 3 3.372078954233746
8 4 3.287218157413954
8 5 3.5899259646413446
8 6 3.327406375668262
8 7 3.748226161337896
8 8 4.334767758576786
8 9 4.458898996236171
8 10 5.018219283314858
8 11 5.640966857026356
8 12 5.3526573928370915
8 13 5.861264054982962
8 14 6.849597480738019
8 15 8.460913496027818
8 16 7.509234931779522
8 17 7.165999670619346
8 18 6.203528038770537
8 19 5.69800203205879
8 20 5.696042865814523
8 21 4.813926256659287
8 22 4.641802429650795
8 23 3.410836359023556
8 24 4.568609176493962
8 25 3.480702376126981
8 26 3.412044505914612
8 27 3.0116661572050276
8 28 3.1620011102678327
8 29 3.2563926082049
9 0 2.725124217813416
9 1 3.186267365287907
9 2 3.093130703214362
9 3 3.0294486977723207
9 4 3.015383646625993
9 5 3.697587629628015
9 6 3.0982133335641495
9 7 4.3762525108736074
9 8 3.5379983964018886
9 9 5.028495441443327
9 10 4.445302401121651
9 11 5.11290236364621
9 12 6.075018438425192
9 13 5.805975033586928
9 14 6.519227220994372
9 15 8.273493410759398
9 16 10.963076026341836
9 17 8.0977388237611
9 18 6.609015075868897
9 19 5.571724530824046
9 20 5.551592764350761
9 21 4.30087728793323
9 22 5.386597252396997
9 23 4.054307307107552
9 24 5.011867036835456
9 25 3.6099798274602177
9 26 3.8175222648450333
9 27 3.301470764831661
9 28 3.459651372459839
9 29 3.436812815344816
10 0 3.2356016342464424
10 1 3.100688007107702
10 2 3.0368896139197727
10 3 2.9751871454781478
10 4 3.4318898627309395
10 5 4.172431897196184
10 6 3.573909035670766
10 7 4.201228922620278
10 8 4.248119908224175
10 9 4.758484826896574
10 10 5.620971199526239
10 11 4.999817676218283
10 12 5.4868066071547235
10 13 6.4972445874939275
10 14 8.022575909137217
10 15 11.376255561411801
10 16 25.230808668882087
10 17 10.985674077299796
10 18 7.096130757391949
10 19 6.969846507658226
10 20 4.6105651020096685
10 21 5.355114672272243
10 22 4.660218516787647
10 23 4.6200830675802065
10 24 4.174168914796469
10 25 3.590627157849254
10 26 3.3904443449785675
10 27 3.6291275901088986
10 28 3.277015827231229
10 29 3.2978665151051416
11 0 2.7926012735981063
11 1 3.2484690618996948
11 2 3.6183928337598066
11 3 3.08499914144742
11 4 3.524569831965647
11 5 3.3266560188676664
11 6 3.871927338802062
11 7 3.4301181428853833
11 8 4.728955553024816
11 9 5.0646306992464165
11 10 5.448939727720469
11 11 5.4482915484054315
11 12 4.8839005157473165
11 13 7.011299354413173
11 14 6.8511075079241675
11 15 8.845520366733155
11 16 9.623958892335057
11 17 10.061779483035021
11 18 6.86798376564444
11 19 7.129448264231568
11 20 4.763784549069
11 21 5.11290236364621
11 22 4.816873621486752
11 23 5.066268977205849
11 24 3.967568810989447
11 25 4.00916200643357
11 26 3.9575089230991116
11 27 3.118396774588511
11 28 2.944181051591776
11 29 3.1930661673295715
12 0 3.2908827851219162
12 1 3.563149814757122
12 2 3.693360042417508
12 3 3.0287233260247146
12 4 3.4994189716548902
12 5 3.071240022500331
12 6 4.247336507313491
12 7 3.8838659694369637
12 8 4.451292458519203
12 9 5.171679233642347
12 10 5.246902764203467
12 11 5.805300653328382
12 12 5.692301546602332
12 13 6.106163815025897
12 14 6.3756202212242865
12 15 6.917219215996166
12 16 7.479932267418052
12 17 7.463469819169628
12 18 6.695820335161221
12 19 6.643686238738971
12 20 5.606687394227955
12 21 4.982758742863602
12 22 5.206728899567436
12 23 5.124931124131101
12 24 3.69614068479818
12 25 4.212630338732766
12 26 3.327406375668262
12 27 3.8208812822109697
12 28 3.192400504604856
12 29 3.3161892475239316
13 0 3.2573562381436556
13 1 3.4580435738135713
13 2 3.523938313725205
13 3 3.3355650560795813
13 4 3.6036652484435505
13 5 3.6365324873920124
13 6 4.557048111562723
13 7 3.891576940792674
13 8 5.243445891906019
13 9 4.43315233848546
13 10 5.201522928822344
13 11 6.23939102906183
13 12 5.614951421942444
13 13 5.98659770023639
13 14 6.689381162614442
13 15 6.040647599126183
13 16 7.294760367617699
13 17 6.013395875411357
13 18 6.106163815025897
13 19 5.980898744591729
13 20 6.704580115416979
13 21 4.335942051678758
13 22 4.723885627426522
13 23 4.584617122922675
13 24 4.1871877742883035
13 25 4.234286803899239
13 26 3.3745119461467046
13 27 3.4247347983061602
13 28 3.216259257610271
13 29 3.5060211233843335
14 0 3.416641252526286
14 1 3.8972215031523647
14 2 3.0235292332448145
14 3 3.385720203829242
14 4 4.131968717169875
14 5 3.511195009085802
14 6 4.344070953932866
14 7 4.486831426228358
14 8 4.10388642620638
14 9 4.940671029289301
14 10 4.976747833820417
14 11 5.134489003040217
14 12 4.777602387726582
14 13 6.23367687595873
14 14 6.082855551218346
14 15 6.14012833803157
14 16 5.676325335747758
14 17 6.622789251074732
14 18 5.6323438158843615
14 19 5.189879017635593
14 20 5.312026570428849
14 21 5.314336708136859
14 22 4.593241556557894
14 23 4.728955553024816
14 24 4.516598146832161
14 25 4.30006064017384
14 26 3.6534770131847734
14 27 3.619755099093875
14 28 3.0801469204539824
14 29 3.384128422781246
15 0 3.039784725392475
15 1 3.5628272537982855
15 2 2.9751871454781478
15 3 3.0591806802856043
15 4 3.3441792724671986
15 5 3.7876610326414033
15 6 4.065748307956051
15 7 4.463433925248328
15 8 4.714443073279542
15 9 5.254426047053805
15 10 4.78906955622094
15 11 5.4191163579375505
15 12 5.434768034950755
15 13 6.639544611010573
15 14 6.337427696862399
15 15 6.189861357991581
15 16 6.337427696862399
15 17 6.639544611010573
15 18 5.434768034950755
15 19 5.4191163579375505
15 20 4.78906955622094
15 21 5.254426047053805
15 22 4.714443073279542
15 23 4.463433925248328
15 24 4.065748307956051
15 25 3.7876610326414033
15 26 3.3441792724671986
15 27 3.0591806802856043
15 28 2.9751871454781478
15 29 3.5628272537982855
16 0 3.2119794030932933
16 1 3.384128422781246
16 2 3.0801469204539824
16 3 3.619755099093875
16 4 3.6534770131847734
16 5 4.30006064017384
16 6 4.516598146832161
16 7 4.728955553024816
16 8 4.593241556557894
16 9 5.314336708136859
16 10 5.312026570428849
16 11 5.189879017635593
16 12 5.6323438158843615
16 13 6.622789251074732
16 14 5.676325335747758
16 15 6.14012833803157
16 16 6.082855551218346
16 17 6.23367687595873
16 18 4.777602387726582
16 19 5.134489003040217
16 20 4.976747833820417
16 21 4.940671029289301
16 22 4.10388642620638
16 23 4.486831426228358
16 24 4.344070953932866
16 25 3.511195009085802
16 26 4.131968717169875
16 27 3.385720203829242
16 28 3.0235292332448145
16 29 3.8972215031523647
17 0 2.8601124087655503
17 1 3.5060211233843335
17 2 3.216259257610271
17 3 3.4247347983061602
17 4 3.3745119461467046
17 5 4.234286803899239
17 6 4.1871877742883035
17 7 4.584617122922675
17 8 4.723885627426522
17 9 4.335942051678758
17 10 6.704580115416979
17 11 5.980898744591729
17 12 6.106163815025897
17 13 6.013395875411357
17 14 7.294760367617699
17 15 6.040647599126183
17 16 6.689381162614442
17 17 5.98659770023639
17 18 5.614951421942444
17 19 6.23939102906183
17 20 5.201522928822344
17 21 4.43315233848546
17 22 5.243445891906019
17 23 3.891576940792674
17 24 4.557048111562723
17 25 3.6365324873920124
17 26 3.6036652484435505
17 27 3.3355650560795813
17 28 3.523938313725205
17 29 3.4580435738135713
18 0 2.831998530713249
18 1 3.3161892475239316
18 2 3.192400504604856
18 3 3.8208812822109697
18 4 3.327406375668262
18 5 4.212630338732766
18 6 3.69614068479818
18 7 5.124931124131101
18 8 5.206728899567436
18 9 4.982758742863602
18 10 5.606687394227955
18 11 6.643686238738971
18 12 6.695820335161221
18 13 7.463469819169628
18 14 7.479932267418052
18 15 6.917219215996166
18 16 6.3756202212242865
18 17 6.106163815025897
18 18 5.692301546602332
18 19 5.805300653328382
18 20 5.246902764203467
18 21 5.171679233642347
18 22 4.451292458519203
18 23 3.8838659694369637
18 24 4.247336507313491
18 25 3.071240022500331
18 26 3.4994189716548902
18 27 3.0287233260247146
18 28 3.693360042417508
18 29 3.563149814757122
19 0 3.3359740114694443
19 1 3.1930661673295715
19 2 2.944181051591776
19 3 3.118396774588511
19 4 3.9575089230991116
19 5 4.00916200643357
19 6 3.967568810989447
19 7 5.066268977205849
19 8 4.816873621486752
19 9 5.11290236364621
19 10 4.763784549069
19 11 7.129448264231568
19 12 6.86798376564444
19 13 10.061779483035021
19 14 9.623958892335057
19 15 8.845520366733155
19 16 6.8511075079241675
19 17 7.011299354413173
19 18 4.8839005157473165
19 19 5.4482915484054315
19 20 5.448939727720469
19 21 5.0646306992464165
19 22 4.728955553024816
19 23 3.4301181428853833
19 24 3.871927338802062
19 25 3.3266560188676664
19 26 3.524569831965647
19 27 3.08499914144742
19 28 3.6183928337598066
19 29 3.2484690618996948
20 0 3.3324898841238273
20 1 3.2978665151051416
20 2 3.277015827231229
20 3 3.6291275901088986
20 4 3.3904443449785675
20 5 3.590627157849254
20 6 4.174168914796469
20 7 4.6200830675802065
20 8 4.660218516787647
20 9 5.355114672272243
20 10 4.6105651020096685
20 11 6.969846507658226
20 12 7.096130757391949
20 13 10.985674077299796
20 14 25.230808668882087
20 15 11.376255561411801
20 16 8.022575909137217
20 17 6.4972445874939275
20 18 5.4868066071547235
20 19 4.999817676218283
20 20 5.620971199526239
20 21 4.758484826896574
20 22 4.248119908224175
20 23 4.201228922620278
20 24 3.573909035670766
20 25 4.172431897196184
20 26 3.4318898627309395
20 27 2.9751871454781478
20 28 3.0368896139197727
20 29 3.100688007107702
21 0 3.605071686399066
21 1 3.436812815344816
21 2 3.459651372459839
21 3 3.301470764831661
21 4 3.8175222648450333
21 5 3.6099798274602177
21 6 5.011867036835456
21 7 4.054307307107552
21 8 5.386597252396997
21 9 4.30087728793323
21 10 5.551592764350761
21 11 5.571724530824046
21 12 6.609015075868897
21 13 8.0977388237611
21 14 10.963076026341836
21 15 8.273493410759398
21 16 6.519227220994372
21 17 5.805975033586928
21 18 6.075018438425192
21 19 5.11290236364621
21 20 4.445302401121651
21 21 5.028495441443327
21 22 3.5379983964018886
21 23 4.3762525108736074
21 24 3.0982133335641495
21 25 3.697587629628015
21 26 3.015383646625993
21 27 3.0294486977723207
21 28 3.093130703214362
21 29 3.186267365287907
22 0 3.1471532882957605
22 1 3.2563926082049
22 2 3.1620011102678327
22 3 3.0116661572050276
22 4 3.412044505914612
22 5 3.480702376126981
22 6 4.568609176493962
22 7 3.410836359023556
22 8 4.641802429650795
22 9 4.813926256659287
22 10 5.696042865814523
22 11 5.69800203205879
22 12 6.203528038770537
22 13 7.165999670619346
22 14 7.509234931779522
22 15 8.460913496027818
22 16 6.849597480738019
22 17 5.861264054982962
22 18 5.3526573928370915
22 19 5.640966857026356
22 20 5.018219283314858
22 21 4.458898996236171
22 22 4.334767758576786
22 23 3.748226161337896
22 24 3.327406375668262
22 25 3.5899259646413446
22 26 3.287218157413954
22 27 3.372078954233746
22 28 3.078358192435226
22 29 2.976648682773623
23 0 3.2299017764679614
23 1 2.9254829373356377
23 2 4.056913801944266
23 3 3.1053633542202728
23 4 3.2899045579594097
23 5 3.67250988463987
23 6 3.133443746854668
23 7 3.993636574608804
23 8 3.869414558345748
23 9 5.162253015833284
23 10 5.417699829648541
23 11 5.491607934286422
23 12 5.2805763365112215
23 13 6.768069887995308
23 14 5.441223124289388
23 15 7.165720765984936
23 16 5.69800203205879
23 17 6.103730692658823
23 18 5.222765216455445
23 19 5.0237919331428005
23 20 4.269325548223193
23 21 4.232718607245841
23 22 4.55641492478021
23 23 3.5026194711191225
23 24 3.8204809309476158
23 25 3.2893517637169953
23 26 3.1857859967257522
23 27 3.798473641594776
23 28 3.4568883545759794
23 29 2.7798772856529967
24 0 3.0687926824746667
24 1 3.7201575491552523
24 2 3.386646661019409
24 3 3.258538112010654
24 4 3.4250339938147185
24 5 4.105451218667552
24 6 3.7115971624984367
24 7 3.9671748360910075
24 8 4.399750467811375
24 9 5.414279266072559
24 10 4.191652553679128
24 11 5.317235484244358
24 12 5.403083322005068
24 13 6.306576449114985
24 14 6.293452800792516
24 15 5.169046636354441
24 16 4.942176145996384
24 17 5.012625031499663
24 18 4.401599024905572
24 19 5.1267682269249715
24 20 4.067063015284773
24 21 5.011867036835456
24 22 3.6030859987089747
24 23 3.787879971434195
24 24 3.8956500114154466
24 25 3.356958437395864
24 26 3.8340491073487177
24 27 2.951293778534343
24 28 2.9349126119269395
24 29 3.1949545654094234
25 0 3.024038407680958
25 1 2.8630104485814503
25 2 2.932754815779664
25 3 3.5279782358120975
25 4 3.1815122726284586
25 5 3.444972015820345
25 6 3.312755682005346
25 7 3.432940982446113
25 8 4.583421470467448
25 9 4.138324936147866
25 10 4.2609838112966845
25 11 4.463641498249163
25 12 5.732814038038471
25 13 5.155809354154646
25 14 5.082791996879349
25 15 4.998460707202605
25 16 5.54536931221296
25 17 5.321672960499626
25 18 4.966729838734989
25 19 3.6758883887050566
25 20 4.081681902943268
25 21 3.9612197634863415
25 22 3.840057309183805
25 23 3.490167407174794
25 24 3.05478971686866
25 25 3.142530610425319
25 26 3.2978665151051416
25 27 3.2201014229494467
25 28 3.058359422667492
25 29 2.9784313598592136
26 0 3.223343046252867
26 1 3.102979679846151
26 2 2.872362727359092
26 3 3.050083477525053
26 4 3.0733443852515285
26 5 3.097792853161388
26 6 3.6374824202111036
26 7 3.935457232743072
26 8 3.9124190579508773
26 9 4.0556021944913185
26 10 4.09867691769826
26 11 4.0847184973437045
26 12 4.110196353690566
26 13 5.68132279405335
26 14 4.163369401111327
26 15 5.0608308219582225
26 16 4.9317956970434045
26 17 3.88181065049244
26 18 4.399750467811375
26 19 4.520817186032745
26 20 3.3229734906876867
26 21 4.069830456122581
26 22 3.7849583725266562
26 23 3.2506338761298528
26 24 3.342172391149879
26 25 3.8203352424850348
26 26 3.4012243900917682
26 27 3.2004279646048643
26 28 3.271863501323751
26 29 3.1854919191207913
27 0 2.7445378607709427
27 1 3.3734370000731517
27 2 2.614762383171089
27 3 3.144749360527874
27 4 3.124428180807378
27 5 3.598186280819805
27 6 3.2738241644136212
27 7 3.2680944788488278
27 8 3.708074857502979
27 9 3.6669576249331044
27 10 3.4149330290781688
27 11 4.352469334984573
27 12 3.9743743512803764
27 13 3.892421948440516
27 14 4.241393180019804
27 15 4.017034330397278
27 16 3.9022836807360557
27 17 4.016430694952378
27 18 3.9713649190729745
27 19 3.8817404549229155
27 20 4.095958473045452
27 21 3.482029153173873
27 22 3.1335508288777647
27 23 3.1053633542202728
27 24 3.531620321187098
27 25 3.457561111112415
27 26 3.397612419462681
27 27 3.272083256068277
27 28 3.5411091891233295
27 29 2.8163698836912117
28 0 2.760687964969549
28 1 3.170713001858735
28 2 2.9005938914172185
28 3 3.3383081010526783
28 4 2.9652271926607034
28 5 3.5880549418157703
28 6 3.4814414591746328
28 7 3.4463891190089346
28 8 3.293265962689491
28 9 3.2395340276288906
28 10 3.6635023728523994
28 11 3.978823999014574
28 12 3.4632229229774825
28 13 4.0038247742784625
28 14 5.001634976189667
28 15 3.4149330290781688
28 16 3.7946008688795616
28 17 3.9664287276925254
28 18 3.7771329919545735
28 19 3.6479071320386494
28 20 3.2143655815846146
28 21 3.498990846708416
28 22 3.1385694466321348
28 23 3.6538234764337743
28 24 3.739310714177906
28 25 3.0747635207811705
28 26 2.853580529020837
28 27 3.652356617989001
28 28 3.373151783067402
28 29 3.078910705739144
29 0 2.843829399524976
29 1 3.140243364909838
29 2 3.228783628823637
29 3 3.135019047406769
29 4 3.4284450384163487
29 5 2.636257459841411
29 6 3.085054800743114
29 7 3.594264274661784
29 8 3.2751685652103935
29 9 3.2881331936632816
29 10 3.6247995687534647
29 11 3.4281272022006886
29 12 4.146593464938111
29 13 3.89434373932606
29 14 3.34742280834231
29 15 3.505539470234246
29 16 3.3770512358207503
29 17 3.374055793850892
29 18 3.4309729783315372
29 19 3.0612441096674923
29 20 3.097792853161388
29 21 3.246272152933336
29 22 3.4584018748483225
29 23 3.7100907339939093
29 24 3.1106221820821403
29 25 2.8547561888920376
29 26 3.3823291297407003
29 27 3.3143377620453354
29 28 3.5170349166374106
29 29 2.9824756704270254
