0 0 3.2970893335359013
0 1 2.8261511006915665
0 2 3.2074526118089053
0 3 2.9413735157943
0 4 2.976221421483244
0 5 3.088205199046472
0 6 3.3555274239196624
0 7 2.689213796947982
0 8 3.1106221820821403
0 9 3.125545478639282
0 10 3.2293156207969074
0 11 3.390820425353293
0 12 2.8839641139451055
0 13 3.586714999618117
0 14 3.517540242715777
0 15 3.40203086498856
0 16 3.133706334154637
0 17 3.301291951225499
0 18 3.25124450280827
0 19 3.6212892403307024
0 20 3.0495169939425613
0 21 3.141940235234249
0 22 3.6718357314329815
0 23 3.239976230798625
0 24 3.439661428179068
0 25 2.941506330075566
0 26 3.5454784621160167
0 27 3.3031841993288733
0 28 2.705062891249038
0 29 3.2134766223788143
1 0 2.866543130870933
1 1 2.614996411136582
1 2 3.114626620773548
1 3 3.1180402018415756
1 4 3.1341186238507794
1 5 3.185979747363051
1 6 2.9241087626315267
1 7 2.773310462626132
1 8 3.317942542326902
1 9 3.8682890165465316
1 10 3.4026290315343983
1 11 3.2111913823114104
1 12 3.4492612031724605
1 13 3.4249441456509437
1 14 3.374055793850892
1 15 3.2913879668421906
1 16 3.89434373932606
1 17 3.8324183473538187
1 18 3.59498743760945
1 19 3.5350592296532506
1 20 3.319157119207721
1 21 3.1667379377196707
1 22 3.604344360439336
1 23 3.4605274095832064
1 24 3.6582764188213455
1 25 3.150972109608697
1 26 3.2267970541350457
1 27 3.2261245090763544
1 28 3.187999707711802
1 29 3.1277093208421243
2 0 2.7058803793590953
2 1 3.503323577713366
2 2 3.012437811043372
2 3 3.4121130409911213
2 4 3.1202772743277807
2 5 2.7542155382467084
2 6 3.4825466953049165
2 7 3.320574222769851
2 8 3.163292910693004
2 9 3.205916170586455
2 10 2.9985123048133593
2 11 3.1682179324386226
2 12 3.312755682005346
2 13 3.784269634484976
2 14 3.9664287276925254
2 15 3.7233254452091322
2 16 4.0038247742784625
2 17 3.8042782724166417
2 18 3.891227812195777
2 19 3.6248526193496775
2 20 3.5842546250984864
2 21 3.833638685868516
2 22 3.260471262463045
2 23 3.7052749074796694
2 24 3.6055887644902342
2 25 3.6624788206440075
2 26 3.0714346729854034
2 27 3.225812939839964
2 28 3.0874493960320657
2 29 3.360930291920652
3 0 2.601054757571199
3 1 3.2060233309549986
3 2 3.07672095328353
3 3 3.0087880895436725
3 4 3.003277344193148
3 5 3.335208549381521
3 6 3.4003243827414846
3 7 3.4987677881298875
3 8 2.9719634393654304
3 9 3.3961934376044693
3 10 3.6022578309293944
3 11 3.848326545903947
3 12 3.74843516862991
3 13 4.098512130007417
3 14 4.016430694952378
3 15 4.623851635566316
3 16 3.892421948440516
3 17 4.6045660470773
3 18 3.726655416990852
3 19 4.789968576987508
3 20 4.846750479062688
3 21 3.436589730475921
3 22 3.709709137380941
3 23 4.016307876315943
3 24 3.5673984746303704
3 25 3.5466112589810947
3 26 3.4110475025125613
3 27 3.0617883323678883
3 28 2.90741457909575
3 29 3.2467173350637886
4 0 3.043891134054225
4 1 3.2470257471892916
4 2 2.9103315276025157
4 3 3.329188059812647
4 4 3.5411492699953637
4 5 3.1635101306896156
4 6 3.045888766281235
4 7 3.429556326505392
4 8 3.938357361556914
4 9 3.9242630653679056
4 10 3.480702376126981
4 11 4.068177028831873
4 12 4.928232665170179
4 13 3.4475242807579103
4 14 3.88181065049244
4 15 4.18673757216156
4 16 5.68132279405335
4 17 5.084180734434534
4 18 4.701293413828561
4 19 4.594868282065998
4 20 3.9193626613127455
4 21 4.117883098911842
4 22 4.329724040394595
4 23 3.936667796768714
4 24 4.146593464938111
4 25 2.9823135644262972
4 26 3.2751685652103935
4 27 3.59175420262457
4 28 2.883338133458119
4 29 2.7969745839316924
5 0 3.041830718076079
5 1 3.1944757790195375
5 2 3.1302933436319376
5 3 2.994442032918125
5 4 3.4344028100210098
5 5 3.22773644158058
5 6 2.834770504267041
5 7 3.4428386447140618
5 8 3.6067390251622924
5 9 3.684796013276861
5 10 3.6905432240146947
5 11 4.1445263229668114
5 12 4.078547859251243
5 13 4.821808021390482
5 14 5.321672960499626
5 15 4.643774225640073
5 16 5.155809354154646
5 17 5.249353124119373
5 18 4.823366437706034
5 19 4.515116690119328
5 20 4.015750782506149
5 21 5.075608894365596
5 22 3.8555880562351375
5 23 4.411263689427683
5 24 3.659433815385386
5 25 3.8438915321250655
5 26 3.19260625661899
5 27 3.4857326871111227
5 28 3.3187424412085114
5 29 2.5805755402153947
6 0 3.090987016526173
6 1 3.5302469810220964
6 2 3.0392524732679242
6 3 3.337322329739053
6 4 3.461788778614078
6 5 3.2233481406661695
6 6 3.128852771499874
6 7 3.342259288188566
6 8 4.129691617555668
6 9 4.0764088832129435
6 10 4.350392139326232
6 11 3.792691040068204
6 12 4.900833978111769
6 13 4.323861989192294
6 14 5.012625031499663
6 15 5.069219461564528
6 16 6.306576449114985
6 17 5.336483182870741
6 18 6.071297055994408
6 19 5.617987211102128
6 20 4.661018929108455
6 21 4.361182110793662
6 22 4.599932529376618
6 23 4.834328657119941
6 24 4.391729636603144
6 25 4.201148358119656
6 26 3.4309729783315372
6 27 3.6823672031050307
6 28 3.6753017480377337
6 29 3.037966140052078
7 0 3.1004895880230685
7 1 2.7691651896114573
7 2 3.358939348088396
7 3 3.3752942382758784
7 4 3.1667671095080285
7 5 3.5400257514079585
7 6 3.4247347983061602
7 7 4.072524390474381
7 8 3.6641758354577685
7 9 4.3351669629287635
7 10 3.9077061072848505
7 11 5.349946228562286
7 12 4.477762856319103
7 13 4.4216292591780935
7 14 6.103730692658823
7 15 5.3108876429270815
7 16 6.768069887995308
7 17 6.228015245050766
7 18 5.77254377917932
7 19 6.201161447650602
7 20 6.571282518248826
7 21 5.48366115546361
7 22 4.463641498249163
7 23 4.52059990810618
7 24 4.016430694952378
7 25 3.776201423093353
7 26 3.6452586360424606
7 27 3.3363376229806345
7 28 3.046290832244957
7 29 3.144879397342082
8 0 3.0241540979260573
8 1 2.9327943761767723
8 2 3.302633971583595
8 3 3.648528652482989
8 4 3.2258785741750984
8 5 3.168577170713586
8 6 3.643851495725509
8 7 3.626884668057981
8 8 4.082927504667658
8 9 4.117787740743827
8 10 3.9907999446511995
8 11 4.684068831676756
8 12 5.5926454147478335
8 13 5.959541786256822
8 14 5.861264054982962
8 15 6.958106168175326
8 16 7.165999670619346
8 17 6.589797616148639
8 18 7.266362131545851
8 19 6.325604657656302
8 20 5.212159129162507
8 21 5.247712966730464
8 22 5.54536931221296
8 23 4.687695745562364
8 24 3.6002405468202894
8 25 4.001081777068596
8 26 4.383602739637304
8 27 3.461912658877621
8 28 3.1815122726284586
8 29 3.429229165005864
9 0 2.9989972475550353
9 1 2.9077564220996326
9 2 2.9068025188837296
9 3 3.3304939859478706
9 4 3.08499914144742
9 5 3.561431136599387
9 6 3.706490293845452
9 7 3.4639714117309914
9 8 4.545411868912012
9 9 3.935111292181343
9 10 5.1738568543069166
9 11 5.650013929109326
9 12 5.134774539071095
9 13 5.006301113801529
9 14 5.805975033586928
9 15 7.310797852994613
9 16 8.0977388237611
9 17 11.039639566139442
9 18 9.499709111777594
9 19 7.216446349357831
9 20 7.165720765984936
9 21 5.141932035228819
9 22 5.29094695866499
9 23 4.874549792019559
9 24 4.030599027632169
9 25 4.675925997425373
9 26 4.068327486885791
9 27 3.758985065562715
9 28 3.2485070173857333
9 29 3.8682890165465316
10 0 2.774363673404802
10 1 3.0105203747337317
10 2 3.51160214561323
10 3 3.0481834117305318
10 4 3.49392440326384
10 5 3.71748949350709
10 6 3.492660656756979
10 7 4.124728261602169
10 8 3.8027786503181673
10 9 4.552295463446915
10 10 4.623796992255297
10 11 5.611187576582747
10 12 5.924875277171567
10 13 5.205362998736284
10 14 6.4972445874939275
10 15 7.7189566824736895
10 16 10.985674077299796
10 17 27.392671353313293
10 18 10.963076026341836
10 19 7.376666484621181
10 20 6.325352263725601
10 21 5.53860195614919
10 22 5.193062887888082
10 23 5.37154760873839
10 24 4.627499264957577
10 25 4.359000437584284
10 26 3.5404624939591796
10 27 3.4057458012820594
10 28 2.925809102526689
10 29 3.1759202693923623
11 0 2.692785518547222
11 1 3.7172971369510797
11 2 3.4127997657813447
11 3 3.282411576895957
11 4 3.0534970308891483
11 5 3.5275612693364136
11 6 3.164544737314435
11 7 4.891566181431646
11 8 4.004633550250116
11 9 5.0698360256306065
11 10 4.888871272530636
11 11 6.100079041282157
11 12 6.038057456536879
11 13 5.353399850635701
11 14 7.011299354413173
11 15 6.860291950790508
11 16 10.061779483035021
11 17 9.793663108167467
11 18 9.975100084280847
11 19 7.657079820926264
11 20 6.260436914468553
11 21 5.668594563002994
11 22 4.795050392390435
11 23 5.066770443791876
11 24 4.054307307107552
11 25 4.9037656479384495
11 26 3.6478146487887115
11 27 3.4970153460031566
11 28 3.037628522252853
11 29 3.8824998098163097
12 0 3.2912199736155627
12 1 2.991417406435727
12 2 3.0419098522702104
12 3 3.0100459460181668
12 4 3.724052843969207
12 5 3.5917747934899253
12 6 4.56072540868179
12 7 3.6988207789145724
12 8 4.048417983793321
12 9 4.360785501638551
12 10 4.656506212484718
12 11 4.930165226497969
12 12 6.220647610322658
12 13 5.467749900274938
12 14 6.106163815025897
12 15 6.905336430662382
12 16 7.463469819169628
12 17 7.050198614637444
12 18 7.840037097876439
12 19 6.292274913605754
12 20 6.2511921602670615
12 21 5.467146667233829
12 22 5.5926454147478335
12 23 4.527465249493247
12 24 3.9080243861686395
12 25 4.411846295961824
12 26 3.599747549835396
12 27 3.8704405105160684
12 28 3.05478971686866
12 29 3.620373148887117
13 0 3.4091377783963446
13 1 3.6979506165430713
13 2 3.1603781477612896
13 3 3.744591571427255
13 4 3.230756353686732
13 5 3.434758612002214
13 6 4.108011663106104
13 7 3.664052838834078
13 8 5.4181121290721155
13 9 4.475725780895544
13 10 4.862820627576174
13 11 5.22793878409174
13 12 5.4191163579375505
13 13 5.784530321408115
13 14 5.98659770023639
13 15 6.790751129642416
13 16 6.013395875411357
13 17 6.79458753839932
13 18 7.177959867457959
13 19 5.908507144509107
13 20 5.253645818287756
13 21 6.044465635320168
13 22 5.761150334861549
13 23 4.977608289723309
13 24 4.042950506523003
13 25 3.9435359516250723
13 26 3.5026194711191225
13 27 3.6798832033590787
13 28 3.2293796310348735
13 29 3.473746096912439
14 0 2.8601124087655503
14 1 3.4159034180474603
14 2 3.038680518406077
14 3 3.6177897004883124
14 4 3.6826515981728116
14 5 3.3448782700435284
14 6 4.30351974909068
14 7 5.08437025327455
14 8 4.8365080184093
14 9 5.150857956330258
14 10 5.201522928822344
14 11 4.932574944121468
14 12 6.862058687704875
14 13 4.712246439697583
14 14 6.23367687595873
14 15 6.52249641993563
14 16 6.622789251074732
14 17 7.16673596816444
14 18 6.239903545226604
14 19 5.459605367551787
14 20 6.704580115416979
14 21 5.275577506424282
14 22 4.978448971441681
14 23 4.798991648862869
14 24 3.5379983964018886
14 25 4.690399717024063
14 26 3.6753369811963346
14 27 3.342259288188566
14 28 3.292305047086624
14 29 3.0933097096636697
15 0 3.4322631967791066
15 1 3.6705603025751836
15 2 3.0402007102051254
15 3 3.740800590056159
15 4 3.3668765367639115
15 5 3.949658086403384
15 6 3.6713707035324035
15 7 4.301427327742879
15 8 5.0646306992464165
15 9 4.881179131341416
15 10 5.376068688351825
15 11 5.856085676440036
15 12 4.522457402914522
15 13 6.343713081890733
15 14 6.639544611010573
15 15 5.72683258137496
15 16 6.639544611010573
15 17 6.343713081890733
15 18 4.522457402914522
15 19 5.856085676440036
15 20 5.376068688351825
15 21 4.881179131341416
15 22 5.0646306992464165
15 23 4.301427327742879
15 24 3.6713707035324035
15 25 3.949658086403384
15 26 3.3668765367639115
15 27 3.740800590056159
15 28 3.0402007102051254
15 29 3.6705603025751836
16 0 3.1124188866107247
16 1 3.0933097096636697
16 2 3.292305047086624
16 3 3.342259288188566
16 4 3.6753369811963346
16 5 4.690399717024063
16 6 3.5379983964018886
16 7 4.798991648862869
16 8 4.978448971441681
16 9 5.275577506424282
16 10 6.704580115416979
16 11 5.459605367551787
16 12 6.239903545226604
16 13 7.16673596816444
16 14 6.622789251074732
16 15 6.52249641993563
16 16 6.23367687595873
16 17 4.712246439697583
16 18 6.862058687704875
16 19 4.932574944121468
16 20 5.201522928822344
16 21 5.150857956330258
16 22 4.8365080184093
16 23 5.08437025327455
16 24 4.30351974909068
16 25 3.3448782700435284
16 26 3.6826515981728116
16 27 3.6177897004883124
16 28 3.038680518406077
16 29 3.4159034180474603
17 0 3.3621320664903607
17 1 3.473746096912439
17 2 3.2293796310348735
17 3 3.6798832033590787
17 4 3.5026194711191225
17 5 3.9435359516250723
17 6 4.042950506523003
17 7 4.977608289723309
17 8 5.761150334861549
17 9 6.044465635320168
17 10 5.253645818287756
17 11 5.908507144509107
17 12 7.177959867457959
17 13 6.79458753839932
17 14 6.013395875411357
17 15 6.790751129642416
17 16 5.98659770023639
17 17 5.784530321408115
17 18 5.4191163579375505
17 19 5.22793878409174
17 20 4.862820627576174
17 21 4.475725780895544
17 22 5.4181121290721155
17 23 3.664052838834078
17 24 4.108011663106104
17 25 3.434758612002214
17 26 3.230756353686732
17 27 3.744591571427255
17 28 3.1603781477612896
17 29 3.6979506165430713
18 0 3.786318991044558
18 1 3.620373148887117
18 2 3.05478971686866
18 3 3.8704405105160684
18 4 3.599747549835396
18 5 4.411846295961824
18 6 3.9080243861686395
18 7 4.527465249493247
18 8 5.5926454147478335
18 9 5.467146667233829
18 10 6.2511921602670615
18 11 6.292274913605754
18 12 7.840037097876439
18 13 7.050198614637444
18 14 7.463469819169628
18 15 6.905336430662382
18 16 6.106163815025897
18 17 5.467749900274938
18 18 6.220647610322658
18 19 4.930165226497969
18 20 4.656506212484718
18 21 4.360785501638551
18 22 4.048417983793321
18 23 3.6988207789145724
18 24 4.56072540868179
18 25 3.5917747934899253
18 26 3.724052843969207
18 27 3.0100459460181668
18 28 3.0419098522702104
18 29 2.991417406435727
19 0 3.457561111112415
19 1 3.8824998098163097
19 2 3.037628522252853
19 3 3.4970153460031566
19 4 3.6478146487887115
19 5 4.9037656479384495
19 6 4.054307307107552
19 7 5.066770443791876
19 8 4.795050392390435
19 9 5.668594563002994
19 10 6.260436914468553
19 11 7.657079820926264
19 12 9.975100084280847
19 13 9.793663108167467
19 14 10.061779483035021
19 15 6.860291950790508
19 16 7.011299354413173
19 17 5.353399850635701
19 18 6.038057456536879
19 19 6.100079041282157
19 20 4.888871272530636
19 21 5.0698360256306065
19 22 4.004633550250116
19 23 4.891566181431646
19 24 3.164544737314435
19 25 3.5275612693364136
19 26 3.0534970308891483
19 27 3.282411576895957
19 28 3.4127997657813447
19 29 3.7172971369510797
20 0 3.4487516368042175
20 1 3.1759202693923623
20 2 2.925809102526689
20 3 3.4057458012820594
20 4 3.5404624939591796
20 5 4.359000437584284
20 6 4.627499264957577
20 7 5.37154760873839
20 8 5.193062887888082
20 9 5.53860195614919
20 10 6.325352263725601
20 11 7.376666484621181
20 12 10.963076026341836
20 13 27.392671353313293
20 14 10.985674077299796
20 15 7.7189566824736895
20 16 6.4972445874939275
20 17 5.205362998736284
20 18 5.924875277171567
20 19 5.611187576582747
20 20 4.623796992255297
20 21 4.552295463446915
20 22 3.8027786503181673
20 23 4.124728261602169
20 24 3.492660656756979
20 25 3.71748949350709
20 26 3.49392440326384
20 27 3.0481834117305318
20 28 3.51160214561323
20 29 3.0105203747337317
21 0 3.2332821273427745
21 1 3.8682890165465316
21 2 3.2485070173857333
21 3 3.758985065562715
21 4 4.068327486885791
21 5 4.675925997425373
21 6 4.030599027632169
21 7 4.874549792019559
21 8 5.29094695866499
21 9 5.141932035228819
21 10 7.165720765984936
21 11 7.216446349357831
21 12 9.499709111777594
21 13 11.039639566139442
21 14 8.0977388237611
21 15 7.310797852994613
21 16 5.805975033586928
21 17 5.006301113801529
21 18 5.134774539071095
21 19 5.650013929109326
21 20 5.1738568543069166
21 21 3.935111292181343
21 22 4.545411868912012
21 23 3.4639714117309914
21 24 3.706490293845452
21 25 3.561431136599387
21 26 3.08499914144742
21 27 3.3304939859478706
21 28 2.9068025188837296
21 29 2.9077564220996326
22 0 2.9787955556270345
22 1 3.429229165005864
22 2 3.1815122726284586
22 3 3.461912658877621
22 4 4.383602739637304
22 5 4.001081777068596
22 6 3.6002405468202894
22 7 4.687695745562364
22 8 5.54536931221296
22 9 5.247712966730464
22 10 5.212159129162507
22 11 6.325604657656302
22 12 7.266362131545851
22 13 6.589797616148639
22 14 7.165999670619346
22 15 6.958106168175326
22 16 5.861264054982962
22 17 5.959541786256822
22 18 5.5926454147478335
22 19 4.684068831676756
22 20 3.9907999446511995
22 21 4.117787740743827
22 22 4.082927504667658
22 23 3.626884668057981
22 24 3.643851495725509
22 25 3.168577170713586
22 26 3.2258785741750984
22 27 3.648528652482989
22 28 3.302633971583595
22 29 2.9327943761767723
23 0 2.9951331813714495
23 1 3.144879397342082
23 2 3.046290832244957
23 3 3.3363376229806345
23 4 3.6452586360424606
23 5 3.776201423093353
23 6 4.016430694952378
23 7 4.52059990810618
23 8 4.463641498249163
23 9 5.48366115546361
23 10 6.571282518248826
23 11 6.201161447650602
23 12 5.77254377917932
23 13 6.228015245050766
23 14 6.768069887995308
23 15 5.3108876429270815
23 16 6.103730692658823
23 17 4.4216292591780935
23 18 4.477762856319103
23 19 5.349946228562286
23 20 3.9077061072848505
23 21 4.3351669629287635
23 22 3.6641758354577685
23 23 4.072524390474381
23 24 3.4247347983061602
23 25 3.5400257514079585
23 26 3.1667671095080285
23 27 3.3752942382758784
23 28 3.358939348088396
23 29 2.7691651896114573
24 0 3.0938455109103193
24 1 3.037966140052078
24 2 3.6753017480377337
24 3 3.6823672031050307
24 4 3.4309729783315372
24 5 4.201148358119656
24 6 4.391729636603144
24 7 4.834328657119941
24 8 4.599932529376618
24 9 4.361182110793662
24 10 4.661018929108455
24 11 5.617987211102128
24 12 6.071297055994408
24 13 5.336483182870741
24 14 6.306576449114985
24 15 5.069219461564528
24 16 5.012625031499663
24 17 4.323861989192294
24 18 4.900833978111769
24 19 3.792691040068204
24 20 4.350392139326232
24 21 4.0764088832129435
24 22 4.129691617555668
24 23 3.342259288188566
24 24 3.128852771499874
24 25 3.2233481406661695
24 26 3.461788778614078
24 27 3.337322329739053
24 28 3.0392524732679242
24 29 3.5302469810220964
25 0 3.1885328135270714
25 1 2.5805755402153947
25 2 3.3187424412085114
25 3 3.4857326871111227
25 4 3.19260625661899
25 5 3.8438915321250655
25 6 3.659433815385386
25 7 4.411263689427683
25 8 3.8555880562351375
25 9 5.075608894365596
25 10 4.015750782506149
25 11 4.515116690119328
25 12 4.823366437706034
25 13 5.249353124119373
25 14 5.155809354154646
25 15 4.643774225640073
25 16 5.321672960499626
25 17 4.821808021390482
25 18 4.078547859251243
25 19 4.1445263229668114
25 20 3.6905432240146947
25 21 3.684796013276861
25 22 3.6067390251622924
25 23 3.4428386447140618
25 24 2.834770504267041
25 25 3.22773644158058
25 26 3.4344028100210098
25 27 2.994442032918125
25 28 3.1302933436319376
25 29 3.1944757790195375
26 0 2.783432910912851
26 1 2.7969745839316924
26 2 2.883338133458119
26 3 3.59175420262457
26 4 3.2751685652103935
26 5 2.9823135644262972
26 6 4.146593464938111
26 7 3.936667796768714
26 8 4.329724040394595
26 9 4.117883098911842
26 10 3.9193626613127455
26 11 4.594868282065998
26 12 4.701293413828561
26 13 5.084180734434534
26 14 5.68132279405335
26 15 4.18673757216156
26 16 3.88181065049244
26 17 3.4475242807579103
26 18 4.928232665170179
26 19 4.068177028831873
26 20 3.480702376126981
26 21 3.9242630653679056
26 22 3.938357361556914
26 23 3.429556326505392
26 24 3.045888766281235
26 25 3.1635101306896156
26 26 3.5411492699953637
26 27 3.329188059812647
26 28 2.9103315276025157
26 29 3.2470257471892916
27 0 3.083980011373543
27 1 3.2467173350637886
27 2 2.90741457909575
27 3 3.0617883323678883
27 4 3.4110475025125613
27 5 3.5466112589810947
27 6 3.5673984746303704
27 7 4.016307876315943
27 8 3.709709137380941
27 9 3.436589730475921
27 10 4.846750479062688
27 11 4.789968576987508
27 12 3.726655416990852
27 13 4.6045660470773
27 14 3.892421948440516
27 15 4.623851635566316
27 16 4.016430694952378
27 17 4.098512130007417
27 18 3.74843516862991
27 19 3.848326545903947
27 20 3.6022578309293944
27 21 3.3961934376044693
27 22 2.9719634393654304
27 23 3.4987677881298875
27 24 3.4003243827414846
27 25 3.335208549381521
27 26 3.003277344193148
27 27 3.0087880895436725
27 28 3.07672095328353
27 29 3.2060233309549986
28 0 3.2593742696346952
28 1 3.360930291920652
28 2 3.0874493960320657
28 3 3.225812939839964
28 4 3.0714346729854034
28 5 3.6624788206440075
28 6 3.6055887644902342
28 7 3.7052749074796694
28 8 3.260471262463045
28 9 3.833638685868516
28 10 3.5842546250984864
28 11 3.6248526193496775
28 12 3.891227812195777
28 13 3.8042782724166417
28 14 4.0038247742784625
28 15 3.7233254452091322
28 16 3.9664287276925254
28 17 3.784269634484976
28 18 3.312755682005346
28 19 3.1682179324386226
28 20 2.9985123048133593
28 21 3.205916170586455
28 22 3.163292910693004
28 23 3.320574222769851
28 24 3.4825466953049165
28 25 2.7542155382467084
28 26 3.1202772743277807
28 27 3.4121130409911213
28 28 3.012437811043372
28 29 3.503323577713366
29 0 2.8584495609096785
29 1 3.1277093208421243
29 2 3.187999707711802
29 3 3.2261245090763544
29 4 3.2267970541350457
29 5 3.150972109608697
29 6 3.6582764188213455
29 7 3.4605274095832064
29 8 3.604344360439336
29 9 3.1667379377196707
29 10 3.319157119207721
29 11 3.5350592296532506
29 12 3.59498743760945
29 13 3.8324183473538187
29 14 3.89434373932606
29 15 3.2913879668421906
29 16 3.374055793850892
29 17 3.4249441456509437
29 18 3.4492612031724605
29 19 3.2111913823114104
29 20 3.4026290315343983
29 21 3.8682890165465316
29 22 3.317942542326902
29 23 2.773310462626132
29 24 2.9241087626315267
29 25 3.185979747363051
29 26 3.1341186238507794
29 27 3.1180402018415756
29 28 3.114626620773548
29 29 2.614996411136582
