0 0 3.039510502299127
0 1 3.4039317657516097
0 2 3.005069030250916
0 3 3.1013999861891737
0 4 3.2026891683601746
0 5 2.9429729205119193
0 6 3.389458286101487
0 7 3.6959579947207843
0 8 3.1112510970125604
0 9 3.1632636239232492
0 10 3.379171181284369
0 11 3.612372254253398
0 12 3.7365339431251727
0 13 3.25124450280827
0 14 3.1998588115733146
0 15 3.1500939674370754
0 16 3.255120324644798
0 17 2.8839641139451055
0 18 3.0733443852515285
0 19 3.204882912927361
0 20 3.070056656135251
0 21 3.285602478294179
0 22 2.8427075852187316
0 23 3.474229870069072
0 24 3.3126782203286074
0 25 3.2539288469770393
0 26 3.092875629486834
0 27 2.820692808328532
0 28 2.638726064607094
0 29 3.365917127758709
1 0 3.345496057769567
1 1 3.0559988577134747
1 2 3.599792902027444
1 3 3.192741016662528
1 4 3.4475334024554303
1 5 3.1020534616245903
1 6 3.4952980771518547
1 7 3.436991563111318
1 8 2.964674422386666
1 9 3.494836027095079
1 10 4.141311304929402
1 11 4.067255661686667
1 12 3.451685879217605
1 13 3.59498743760945
1 14 4.146593464938111
1 15 3.5736432803367353
1 16 3.4309729783315372
1 17 3.4492612031724605
1 18 3.485106413135597
1 19 3.2924451774744714
1 20 3.770305044049095
1 21 3.233641727560507
1 22 3.0820707562601504
1 23 3.4420774503206557
1 24 2.9444496085635494
1 25 3.2892950961448975
1 26 3.1367143501415478
1 27 3.0516082668201014
1 28 2.98793656706724
1 29 3.1084491026314707
2 0 3.101634559088939
2 1 3.1637326728155393
2 2 2.9724836565339663
2 3 3.009745964012716
2 4 3.1755586426585145
2 5 3.5088251419484884
2 6 3.260139936467418
2 7 3.870818669097113
2 8 3.5894892871984228
2 9 3.6562427740681036
2 10 2.933216840635797
2 11 3.525667803926901
2 12 3.9441612354419346
2 13 3.891227812195777
2 14 3.4632229229774825
2 15 4.053544217092535
2 16 3.7771329919545735
2 17 3.312755682005346
2 18 3.616182467417264
2 19 3.1335508288777647
2 20 3.167091222602755
2 21 3.091324303265672
2 22 3.039900612970331
2 23 3.3671517462639917
2 24 3.25648585738235
2 25 2.6481448916163464
2 26 3.2056851213218662
2 27 3.5696357440012343
2 28 3.1959517622021654
2 29 3.0983533987190883
3 0 3.0529713336548805
3 1 3.011507146541184
3 2 2.701379042236665
3 3 3.0925763255858527
3 4 3.445056496292717
3 5 3.175478030388889
3 6 3.440265799779521
3 7 4.103907229295849
3 8 3.747970144972626
3 9 3.9274817421230015
3 10 4.424095308279735
3 11 4.0187776619061815
3 12 3.6754987766691625
3 13 3.726655416990852
3 14 3.9743743512803764
3 15 4.251953105266011
3 16 3.9713649190729745
3 17 3.74843516862991
3 18 3.717533263551473
3 19 3.902066684689007
3 20 3.5607307831394923
3 21 3.4992879029790562
3 22 3.144337971430762
3 23 3.736920640337996
3 24 3.096641935631056
3 25 3.213428084130368
3 26 3.214487001685646
3 27 2.9002985265869086
3 28 2.9676321755362705
3 29 2.8167259603969588
4 0 3.193579854663753
4 1 3.032066911574379
4 2 3.062446056089888
4 3 3.4973174655186123
4 4 2.761793341371476
4 5 4.141311304929402
4 6 4.079760816543916
4 7 3.901163921144079
4 8 4.593986201183631
4 9 3.8307100611137344
4 10 4.46700037342824
4 11 4.6896519197349225
4 12 4.862257303747692
4 13 4.701293413828561
4 14 4.110196353690566
4 15 4.3175157190188616
4 16 4.399750467811375
4 17 4.928232665170179
4 18 4.396468764029397
4 19 3.6952625848232272
4 20 3.1491762163668517
4 21 3.6764474898259367
4 22 3.2904503323057384
4 23 2.9723023829224187
4 24 4.072069417161882
4 25 2.8601124087655503
4 26 3.426423956641557
4 27 2.875342419372239
4 28 3.3011564676108653
4 29 3.440103602531888
5 0 3.0272455349905676
5 1 2.9668942703451586
5 2 3.6718357314329815
5 3 3.42027541207627
5 4 3.224274611519562
5 5 3.654654165326601
5 6 3.699661835813064
5 7 4.579566796820832
5 8 4.767306250659539
5 9 5.274304418668324
5 10 4.898864761236167
5 11 5.1701083063382045
5 12 4.344679693112849
5 13 4.823366437706034
5 14 5.732814038038471
5 15 4.440472887524769
5 16 4.966729838734989
5 17 4.078547859251243
5 18 3.901988946219506
5 19 3.9381337187199845
5 20 3.8547552685654756
5 21 3.9923225516587335
5 22 3.3295328387175553
5 23 3.0402007102051254
5 24 3.4658903567184156
5 25 3.367650777390765
5 26 3.2923168131234015
5 27 2.720024398803877
5 28 2.8334297747214516
5 29 3.1756431828090803
6 0 3.094625749289415
6 1 3.695433616059919
6 2 2.8252360582767624
6 3 3.1909247340194593
6 4 3.7565690902789886
6 5 4.157641056555005
6 6 4.07103873056629
6 7 4.454760223059061
6 8 4.707543392262262
6 9 5.469504238771874
6 10 5.657748089942136
6 11 6.7781550724252675
6 12 5.181857561589441
6 13 6.071297055994408
6 14 5.403083322005068
6 15 5.417699829648541
6 16 4.401599024905572
6 17 4.900833978111769
6 18 4.438297293526915
6 19 4.787975459739327
6 20 4.111343618944246
6 21 3.6753369811963346
6 22 4.187897969845237
6 23 3.3110441482607467
6 24 3.0801469204539824
6 25 3.253495978459716
6 26 3.535287289931146
6 27 3.1412995680145994
6 28 3.0722891080652723
6 29 3.794004981380795
7 0 2.906958553068527
7 1 3.4110475025125613
7 2 3.0106295724992544
7 3 3.390307929535187
7 4 3.8823115034147935
7 5 4.846750479062688
7 6 3.8756687593619903
7 7 5.15211076109805
7 8 5.311710261559602
7 9 5.186761506541146
7 10 5.0111096163658475
7 11 7.606365576890349
7 12 6.388924431704489
7 13 5.77254377917932
7 14 5.2805763365112215
7 15 6.591774696771672
7 16 5.222765216455445
7 17 4.477762856319103
7 18 4.84223632875524
7 19 4.042950506523003
7 20 4.987551054236131
7 21 4.184005856862952
7 22 3.7624548974920415
7 23 3.89630269489542
7 24 3.3534028787346495
7 25 3.1442149274651054
7 26 3.4527105815692996
7 27 3.4368891903000836
7 28 3.1406222611464667
7 29 2.800415281703963
8 0 3.1280160177461647
8 1 3.3324001778778305
8 2 3.2597877521895517
8 3 3.638432795421736
8 4 3.4632229229774825
8 5 4.069851121489522
8 6 4.963851140628243
8 7 4.623486789012339
8 8 5.281636360685002
8 9 4.335684250366946
8 10 6.066157852639999
8 11 8.02600227129142
8 12 7.466364227399523
8 13 7.266362131545851
8 14 6.203528038770537
8 15 6.183816135856371
8 16 5.3526573928370915
8 17 5.5926454147478335
8 18 4.942164655403835
8 19 5.124931124131101
8 20 3.5821608520515835
8 21 4.79170312205024
8 22 3.8520477021533863
8 23 3.3441792724671986
8 24 3.730391085943581
8 25 3.690951490068655
8 26 3.693360042417508
8 27 3.4822684300240523
8 28 3.065947900167842
8 29 3.228641188742004
9 0 3.5880549418157703
9 1 3.407450642226257
9 2 3.8258115523844682
9 3 3.430668725199047
9 4 4.391729636603144
9 5 4.017034330397278
9 6 5.68132279405335
9 7 5.313161546245405
9 8 6.071297055994408
9 9 5.272583189286041
9 10 8.594704897921245
9 11 9.450991280291966
9 12 10.368776415397198
9 13 9.499709111777594
9 14 6.609015075868897
9 15 6.260436914468553
9 16 6.075018438425192
9 17 5.134774539071095
9 18 5.053585194000465
9 19 4.244848879520048
9 20 4.533619185273641
9 21 3.4301181428853833
9 22 3.7935330681426387
9 23 3.6316424116059576
9 24 3.4539894803250935
9 25 3.653104784779572
9 26 3.3101065844410016
9 27 3.4127997657813447
9 28 3.1827405897189767
9 29 3.0673947662827397
10 0 3.3537334349167867
10 1 2.8317100935904453
10 2 3.6374824202111036
10 3 3.924442761994778
10 4 4.664778049628103
10 5 4.370730222872868
10 6 4.451518960276849
10 7 5.317235484244358
10 8 6.293452800792516
10 9 5.273179702957803
10 10 6.841067172029308
10 11 11.506398346195859
10 12 22.410953729144207
10 13 10.963076026341836
10 14 7.096130757391949
10 15 6.889683569883343
10 16 5.4868066071547235
10 17 5.924875277171567
10 18 5.415615132631244
10 19 5.306145484432457
10 20 4.271656334328028
10 21 4.2786847121775375
10 22 4.344070953932866
10 23 4.63466517891794
10 24 3.5549187607017063
10 25 3.417613369675761
10 26 3.155877742571926
10 27 2.7338534924205655
10 28 3.92998798088653
10 29 3.2923168131234015
11 0 3.542362530711139
11 1 2.7683145670791687
11 2 3.200239923974281
11 3 4.0216004598553745
11 4 3.9671748360910075
11 5 3.855872084292684
11 6 5.22163290592671
11 7 5.29094695866499
11 8 6.229100809372798
11 9 5.839238288195179
11 10 8.460913496027818
11 11 8.0977388237611
11 12 9.688425478895393
11 13 9.975100084280847
11 14 6.86798376564444
11 15 6.113872116545434
11 16 4.8839005157473165
11 17 6.038057456536879
11 18 4.8999764370294345
11 19 4.97189467212978
11 20 4.841199235923665
11 21 4.37758427418809
11 22 3.5158957439115417
11 23 3.8124292042324988
11 24 3.352174703666197
11 25 3.4327128915684475
11 26 3.4842295833327888
11 27 3.0636665712130933
11 28 3.2455872127572696
11 29 3.995877672022273
12 0 3.694767435515797
12 1 2.868169215727812
12 2 3.5820805524856953
12 3 3.717533263551473
12 4 4.056972718924051
12 5 3.3847930203882957
12 6 4.641802429650795
12 7 4.843311270213195
12 8 5.826842640682959
12 9 5.861264054982962
12 10 6.668552484178098
12 11 6.72330299851097
12 12 8.022575909137217
12 13 7.840037097876439
12 14 6.695820335161221
12 15 6.566270743945069
12 16 5.692301546602332
12 17 6.220647610322658
12 18 5.558914592689426
12 19 5.0908843436500035
12 20 4.818253652762656
12 21 5.243445891906019
12 22 4.254220628287446
12 23 4.065748307956051
12 24 3.5362550978246277
12 25 3.949104652297788
12 26 4.255730489935444
12 27 3.2043255087721385
12 28 3.28223641702349
12 29 3.529074686333791
13 0 3.6642289337626126
13 1 3.1053633542202728
13 2 2.9643036228173973
13 3 4.02343450459137
13 4 4.396248521337095
13 5 3.955297068661284
13 6 5.561104577322331
13 7 4.477762856319103
13 8 5.355114672272243
13 9 5.96124842175109
13 10 6.2511921602670615
13 11 6.930897902752545
13 12 6.556891725888912
13 13 7.177959867457959
13 14 6.106163815025897
13 15 7.135597027712909
13 16 5.614951421942444
13 17 5.4191163579375505
13 18 5.890866005640709
13 19 4.787342947302954
13 20 4.656506212484718
13 21 4.503213684246075
13 22 4.605348993510011
13 23 4.411345185302946
13 24 4.79170312205024
13 25 4.185362555768308
13 26 3.3413911275918653
13 27 3.682828188035336
13 28 3.1730534370059393
13 29 3.8518164580464793
14 0 3.1840122345939266
14 1 2.9911514746847288
14 2 3.440144153223862
14 3 3.397608341157918
14 4 3.6030859987089747
14 5 4.350392139326232
14 6 4.289672018684833
14 7 4.2183881174837365
14 8 5.714043925460267
14 9 5.4230980346089925
14 10 5.606687394227955
14 11 4.8839005157473165
14 12 7.17863833499143
14 13 6.239903545226604
14 14 5.6323438158843615
14 15 5.009170306395214
14 16 4.777602387726582
14 17 6.862058687704875
14 18 6.4574779330228305
14 19 4.911497052648883
14 20 5.246902764203467
14 21 4.796063284163314
14 22 4.675749840930911
14 23 3.967726401187241
14 24 4.13705136070913
14 25 4.212630338732766
14 26 3.5742846099452374
14 27 3.3493608975185527
14 28 3.2904503323057384
14 29 3.045888766281235
15 0 3.3120344094340295
15 1 3.0084464299243407
15 2 2.711529664134334
15 3 3.6067390251622924
15 4 3.4199924154132426
15 5 4.417957390330769
15 6 4.278857285619548
15 7 5.028495441443327
15 8 4.5221091469513235
15 9 5.966231756800612
15 10 5.643147864583767
15 11 6.023255443365116
15 12 5.189879017635593
15 13 4.522457402914522
15 14 5.434768034950755
15 15 5.382348922262975
15 16 5.434768034950755
15 17 4.522457402914522
15 18 5.189879017635593
15 19 6.023255443365116
15 20 5.643147864583767
15 21 5.966231756800612
15 22 4.5221091469513235
15 23 5.028495441443327
15 24 4.278857285619548
15 25 4.417957390330769
15 26 3.4199924154132426
15 27 3.6067390251622924
15 28 2.711529664134334
15 29 3.0084464299243407
16 0 3.1846476421395233
16 1 3.045888766281235
16 2 3.2904503323057384
16 3 3.3493608975185527
16 4 3.5742846099452374
16 5 4.212630338732766
16 6 4.13705136070913
16 7 3.967726401187241
16 8 4.675749840930911
16 9 4.796063284163314
16 10 5.246902764203467
16 11 4.911497052648883
16 12 6.4574779330228305
16 13 6.862058687704875
16 14 4.777602387726582
16 15 5.009170306395214
16 16 5.6323438158843615
16 17 6.239903545226604
16 18 7.17863833499143
16 19 4.8839005157473165
16 20 5.606687394227955
16 21 5.4230980346089925
16 22 5.714043925460267
16 23 4.2183881174837365
16 24 4.289672018684833
16 25 4.350392139326232
16 26 3.6030859987089747
16 27 3.397608341157918
16 28 3.440144153223862
16 29 2.9911514746847288
17 0 3.3965773207519008
17 1 3.8518164580464793
17 2 3.1730534370059393
17 3 3.682828188035336
17 4 3.3413911275918653
17 5 4.185362555768308
17 6 4.79170312205024
17 7 4.411345185302946
17 8 4.605348993510011
17 9 4.503213684246075
17 10 4.656506212484718
17 11 4.787342947302954
17 12 5.890866005640709
17 13 5.4191163579375505
17 14 5.614951421942444
17 15 7.135597027712909
17 16 6.106163815025897
17 17 7.177959867457959
17 18 6.556891725888912
17 19 6.930897902752545
17 20 6.2511921602670615
17 21 5.96124842175109
17 22 5.355114672272243
17 23 4.477762856319103
17 24 5.561104577322331
17 25 3.955297068661284
17 26 4.396248521337095
17 27 4.02343450459137
17 28 2.9643036228173973
17 29 3.1053633542202728
18 0 2.811286648047024
18 1 3.529074686333791
18 2 3.28223641702349
18 3 3.2043255087721385
18 4 4.255730489935444
18 5 3.949104652297788
18 6 3.5362550978246277
18 7 4.065748307956051
18 8 4.254220628287446
18 9 5.243445891906019
18 10 4.818253652762656
18 11 5.0908843436500035
18 12 5.558914592689426
18 13 6.220647610322658
18 14 5.692301546602332
18 15 6.566270743945069
18 16 6.695820335161221
18 17 7.840037097876439
18 18 8.022575909137217
18 19 6.72330299851097
18 20 6.668552484178098
18 21 5.861264054982962
18 22 5.826842640682959
18 23 4.843311270213195
18 24 4.641802429650795
18 25 3.3847930203882957
18 26 4.056972718924051
18 27 3.717533263551473
18 28 3.5820805524856953
18 29 2.868169215727812
19 0 3.107847771059672
19 1 3.995877672022273
19 2 3.2455872127572696
19 3 3.0636665712130933
19 4 3.4842295833327888
19 5 3.4327128915684475
19 6 3.352174703666197
19 7 3.8124292042324988
19 8 3.5158957439115417
19 9 4.37758427418809
19 10 4.841199235923665
19 11 4.97189467212978
19 12 4.8999764370294345
19 13 6.038057456536879
19 14 4.8839005157473165
19 15 6.113872116545434
19 16 6.86798376564444
19 17 9.975100084280847
19 18 9.688425478895393
19 19 8.0977388237611
19 20 8.460913496027818
19 21 5.839238288195179
19 22 6.229100809372798
19 23 5.29094695866499
19 24 5.22163290592671
19 25 3.855872084292684
19 26 3.9671748360910075
19 27 4.0216004598553745
19 28 3.200239923974281
19 29 2.7683145670791687
20 0 2.73896645215084
20 1 3.2923168131234015
20 2 3.92998798088653
20 3 2.7338534924205655
20 4 3.155877742571926
20 5 3.417613369675761
20 6 3.5549187607017063
20 7 4.63466517891794
20 8 4.344070953932866
20 9 4.2786847121775375
20 10 4.271656334328028
20 11 5.306145484432457
20 12 5.415615132631244
20 13 5.924875277171567
20 14 5.4868066071547235
20 15 6.889683569883343
20 16 7.096130757391949
20 17 10.963076026341836
20 18 22.410953729144207
20 19 11.506398346195859
20 20 6.841067172029308
20 21 5.273179702957803
20 22 6.293452800792516
20 23 5.317235484244358
20 24 4.451518960276849
20 25 4.370730222872868
20 26 4.664778049628103
20 27 3.924442761994778
20 28 3.6374824202111036
20 29 2.8317100935904453
21 0 3.008151929943713
21 1 3.0673947662827397
21 2 3.1827405897189767
21 3 3.4127997657813447
21 4 3.3101065844410016
21 5 3.653104784779572
21 6 3.4539894803250935
21 7 3.6316424116059576
21 8 3.7935330681426387
21 9 3.4301181428853833
21 10 4.533619185273641
21 11 4.244848879520048
21 12 5.053585194000465
21 13 5.134774539071095
21 14 6.075018438425192
21 15 6.260436914468553
21 16 6.609015075868897
21 17 9.499709111777594
21 18 10.368776415397198
21 19 9.450991280291966
21 20 8.594704897921245
21 21 5.272583189286041
21 22 6.071297055994408
21 23 5.313161546245405
21 24 5.68132279405335
21 25 4.017034330397278
21 26 4.391729636603144
21 27 3.430668725199047
21 28 3.8258115523844682
21 29 3.407450642226257
22 0 3.4562348940163026
22 1 3.228641188742004
22 2 3.065947900167842
22 3 3.4822684300240523
22 4 3.693360042417508
22 5 3.690951490068655
22 6 3.730391085943581
22 7 3.3441792724671986
22 8 3.8520477021533863
22 9 4.79170312205024
22 10 3.5821608520515835
22 11 5.124931124131101
22 12 4.942164655403835
22 13 5.5926454147478335
22 14 5.3526573928370915
22 15 6.183816135856371
22 16 6.203528038770537
22 17 7.266362131545851
22 18 7.466364227399523
22 19 8.02600227129142
22 20 6.066157852639999
22 21 4.335684250366946
22 22 5.281636360685002
22 23 4.623486789012339
22 24 4.963851140628243
22 25 4.069851121489522
22 26 3.4632229229774825
22 27 3.638432795421736
22 28 3.2597877521895517
22 29 3.3324001778778305
23 0 3.977757609308564
23 1 2.800415281703963
23 2 3.1406222611464667
23 3 3.4368891903000836
23 4 3.4527105815692996
23 5 3.1442149274651054
23 6 3.3534028787346495
23 7 3.89630269489542
23 8 3.7624548974920415
23 9 4.184005856862952
23 10 4.987551054236131
23 11 4.042950506523003
23 12 4.84223632875524
23 13 4.477762856319103
23 14 5.222765216455445
23 15 6.591774696771672
23 16 5.2805763365112215
23 17 5.77254377917932
23 18 6.388924431704489
23 19 7.606365576890349
23 20 5.0111096163658475
23 21 5.186761506541146
23 22 5.311710261559602
23 23 5.15211076109805
23 24 3.8756687593619903
23 25 4.846750479062688
23 26 3.8823115034147935
23 27 3.390307929535187
23 28 3.0106295724992544
23 29 3.4110475025125613
24 0 3.439728560151725
24 1 3.794004981380795
24 2 3.0722891080652723
24 3 3.1412995680145994
24 4 3.535287289931146
24 5 3.253495978459716
24 6 3.0801469204539824
24 7 3.3110441482607467
24 8 4.187897969845237
24 9 3.6753369811963346
24 10 4.111343618944246
24 11 4.787975459739327
24 12 4.438297293526915
24 13 4.900833978111769
24 14 4.401599024905572
24 15 5.417699829648541
24 16 5.403083322005068
24 17 6.071297055994408
24 18 5.181857561589441
24 19 6.7781550724252675
24 20 5.657748089942136
24 21 5.469504238771874
24 22 4.707543392262262
24 23 4.454760223059061
24 24 4.07103873056629
24 25 4.157641056555005
24 26 3.7565690902789886
24 27 3.1909247340194593
24 28 2.8252360582767624
24 29 3.695433616059919
25 0 3.139668515919248
25 1 3.1756431828090803
25 2 2.8334297747214516
25 3 2.720024398803877
25 4 3.2923168131234015
25 5 3.367650777390765
25 6 3.4658903567184156
25 7 3.0402007102051254
25 8 3.3295328387175553
25 9 3.9923225516587335
25 10 3.8547552685654756
25 11 3.9381337187199845
25 12 3.901988946219506
25 13 4.078547859251243
25 14 4.966729838734989
25 15 4.440472887524769
25 16 5.732814038038471
25 17 4.823366437706034
25 18 4.344679693112849
25 19 5.1701083063382045
25 20 4.898864761236167
25 21 5.274304418668324
25 22 4.767306250659539
25 23 4.579566796820832
25 24 3.699661835813064
25 25 3.654654165326601
25 26 3.224274611519562
25 27 3.42027541207627
25 28 3.6718357314329815
25 29 2.9668942703451586
26 0 3.24141624093419
26 1 3.440103602531888
26 2 3.3011564676108653
26 3 2.875342419372239
26 4 3.426423956641557
26 5 2.8601124087655503
26 6 4.072069417161882
26 7 2.9723023829224187
26 8 3.2904503323057384
26 9 3.6764474898259367
26 10 3.1491762163668517
26 11 3.6952625848232272
26 12 4.396468764029397
26 13 4.928232665170179
26 14 4.399750467811375
26 15 4.3175157190188616
26 16 4.110196353690566
26 17 4.701293413828561
26 18 4.862257303747692
26 19 4.6896519197349225
26 20 4.46700037342824
26 21 3.8307100611137344
26 22 4.593986201183631
26 23 3.901163921144079
26 24 4.079760816543916
26 25 4.141311304929402
26 26 2.761793341371476
26 27 3.4973174655186123
26 28 3.062446056089888
26 29 3.032066911574379
27 0 2.7350186351484322
27 1 2.8167259603969588
27 2 2.9676321755362705
27 3 2.9002985265869086
27 4 3.214487001685646
27 5 3.213428084130368
27 6 3.096641935631056
27 7 3.736920640337996
27 8 3.144337971430762
27 9 3.4992879029790562
27 10 3.5607307831394923
27 11 3.902066684689007
27 12 3.717533263551473
27 13 3.74843516862991
27 14 3.9713649190729745
27 15 4.251953105266011
27 16 3.9743743512803764
27 17 3.726655416990852
27 18 3.6754987766691625
27 19 4.0187776619061815
27 20 4.424095308279735
27 21 3.9274817421230015
27 22 3.747970144972626
27 23 4.103907229295849
27 24 3.440265799779521
27 25 3.175478030388889
27 26 3.445056496292717
27 27 3.0925763255858527
27 28 2.701379042236665
27 29 3.011507146541184
28 0 2.6943674176299046
28 1 3.0983533987190883
28 2 3.1959517622021654
28 3 3.5696357440012343
28 4 3.2056851213218662
28 5 2.6481448916163464
28 6 3.25648585738235
28 7 3.3671517462639917
28 8 3.039900612970331
28 9 3.091324303265672
28 10 3.167091222602755
28 11 3.1335508288777647
28 12 3.616182467417264
28 13 3.312755682005346
28 14 3.7771329919545735
28 15 4.053544217092535
28 16 3.4632229229774825
28 17 3.891227812195777
28 18 3.9441612354419346
28 19 3.525667803926901
28 20 2.933216840635797
28 21 3.6562427740681036
28 22 3.5894892871984228
28 23 3.870818669097113
28 24 3.260139936467418
28 25 3.5088251419484884
28 26 3.1755586426585145
28 27 3.009745964012716
28 28 2.9724836565339663
28 29 3.1637326728155393
29 0 3.6844798900249573
29 1 3.1084491026314707
29 2 2.98793656706724
29 3 3.0516082668201014
29 4 3.1367143501415478
29 5 3.2892950961448975
29 6 2.9444496085635494
29 7 3.4420774503206557
29 8 3.0820707562601504
29 9 3.233641727560507
29 10 3.770305044049095
29 11 3.2924451774744714
29 12 3.485106413135597
29 13 3.4492612031724605
29 14 3.4309729783315372
29 15 3.5736432803367353
29 16 4.146593464938111
29 17 3.59498743760945
29 18 3.451685879217605
29 19 4.067255661686667
29 20 4.141311304929402
29 21 3.494836027095079
29 22 2.964674422386666
29 23 3.436991563111318
29 24 3.4952980771518547
29 25 3.1020534616245903
29 26 3.4475334024554303
29 27 3.192741016662528
29 28 3.599792902027444
29 29 3.0559988577134747
