0 0 3.0168502161440975
0 1 3.4763819297079253
0 2 3.1620003918898005
0 3 2.929834686315827
0 4 3.1675756873748213
0 5 3.005770230936976
0 6 3.222927397363024
0 7 3.3482233440741003
0 8 3.790426503491297
0 9 3.087502474371469
0 10 3.045844639171055
0 11 3.519894747601787
0 12 3.612372254253398
0 13 3.6212892403307024
0 14 3.0106295724992544
0 15 3.604137647694155
0 16 3.213001069341961
0 17 3.390820425353293
0 18 3.204882912927361
0 19 3.6631480661120293
0 20 2.726411574733189
0 21 3.2052306771696535
0 22 3.4249539023218536
0 23 3.3537191881847317
0 24 3.4404628749964443
0 25 3.0977967894709755
0 26 2.959255809035157
0 27 3.036507253585802
0 28 3.092799485436096
0 29 3.0331683829059317
1 0 2.9724590560363473
1 1 3.0181258964454774
1 2 3.1400661380417474
1 3 2.711379063141331
1 4 3.1984031058155336
1 5 3.5770959719840643
1 6 3.739191142706243
1 7 3.191241984203355
1 8 3.122434391284801
1 9 3.1220435295325744
1 10 3.504880567951194
1 11 3.5936997683952354
1 12 4.067255661686667
1 13 3.5350592296532506
1 14 3.4281272022006886
1 15 3.8333028699398235
1 16 3.0612441096674923
1 17 3.2111913823114104
1 18 3.2924451774744714
1 19 3.7646472785115743
1 20 3.296515310292029
1 21 2.9616886439028463
1 22 3.289824840285507
1 23 3.0734487169564155
1 24 3.2338308449650217
1 25 3.266514108842814
1 26 2.9299485465302713
1 27 2.949575877008238
1 28 2.7239005748763554
1 29 2.742387664709706
2 0 3.100363840254713
2 1 3.0353189753239644
2 2 2.5677614272640064
2 3 3.1714842509396903
2 4 3.0885676178493986
2 5 3.4444700352942537
2 6 3.2235545120523823
2 7 3.6255820749321117
2 8 4.020276232705563
2 9 3.8689741072296413
2 10 4.246847188852555
2 11 3.7155861007648383
2 12 3.525667803926901
2 13 3.6248526193496775
2 14 3.978823999014574
2 15 4.201148358119656
2 16 3.6479071320386494
2 17 3.1682179324386226
2 18 3.1335508288777647
2 19 3.406155444202162
2 20 3.4836177468540552
2 21 3.4712763273886242
2 22 3.20580774881502
2 23 2.8572005793778814
2 24 3.0395323480449807
2 25 3.3764190349465824
2 26 3.6460334210751513
2 27 3.548329078383759
2 28 3.3593467480155614
2 29 3.394885784608197
3 0 3.2645547794441367
3 1 3.1049569994388126
3 2 3.047790551724293
3 3 3.0587765050169833
3 4 3.7424857225736803
3 5 3.5738437725292154
3 6 3.814431662851279
3 7 3.7225630722265515
3 8 4.124708559317797
3 9 3.989112515743252
3 10 4.0677528510543
3 11 3.8058685815924536
3 12 4.0187776619061815
3 13 4.789968576987508
3 14 4.352469334984573
3 15 3.241856152197575
3 16 3.8817404549229155
3 17 3.848326545903947
3 18 3.902066684689007
3 19 3.4317432038010804
3 20 3.384958831134759
3 21 3.22390610288047
3 22 3.8518164580464793
3 23 3.0886507495196334
3 24 3.0617081037410534
3 25 2.826192971604795
3 26 3.294736701590644
3 27 3.7111765189183927
3 28 2.934616309412674
3 29 2.914288751461669
4 0 3.0438823328941047
4 1 3.1086526856166268
4 2 3.1475601713143426
4 3 3.1685379954638653
4 4 3.4128421948153163
4 5 3.855476746708406
4 6 3.8486446997939785
4 7 4.225177219669906
4 8 3.4487057864093815
4 9 4.432252599674908
4 10 4.76442244644878
4 11 4.950968818941158
4 12 4.6896519197349225
4 13 4.594868282065998
4 14 4.0847184973437045
4 15 3.8363139277387224
4 16 4.520817186032745
4 17 4.068177028831873
4 18 3.6952625848232272
4 19 3.5816327159613226
4 20 3.4274271828935996
4 21 3.876534313693612
4 22 3.014738575350355
4 23 3.4159034180474603
4 24 3.5319947032323418
4 25 2.915739332593931
4 26 2.981803984528067
4 27 3.23254507219062
4 28 3.495389173858229
4 29 3.5498366524141542
5 0 3.097176981186091
5 1 3.804642502494689
5 2 3.1180620352737196
5 3 3.219954590850891
5 4 4.025846548164088
5 5 4.008735291733002
5 6 4.752648212796787
5 7 4.482286346578887
5 8 5.307425962246887
5 9 3.9482498201222875
5 10 4.9534741969927945
5 11 5.650248570271784
5 12 5.1701083063382045
5 13 4.515116690119328
5 14 4.463641498249163
5 15 4.946333131841987
5 16 3.6758883887050566
5 17 4.1445263229668114
5 18 3.9381337187199845
5 19 3.649500591721421
5 20 3.905630191800239
5 21 3.497646652512022
5 22 3.311514563131785
5 23 3.536916070945473
5 24 3.5628272537982855
5 25 2.8327701168597192
5 26 2.9620158108040573
5 27 2.7286467056494716
5 28 3.1941440811670216
5 29 3.123608436612081
6 0 2.8584359347948824
6 1 3.3370374859005385
6 2 3.3635267276941723
6 3 4.059820568442577
6 4 3.561889561469077
6 5 5.002838443552313
6 6 4.745720203107561
6 7 4.619028721752975
6 8 4.972273945997613
6 9 5.221065351023133
6 10 5.947432434058711
6 11 5.829124165348129
6 12 6.7781550724252675
6 13 5.617987211102128
6 14 5.317235484244358
6 15 5.105215889714788
6 16 5.1267682269249715
6 17 3.792691040068204
6 18 4.787975459739327
6 19 3.9115603603988696
6 20 3.5839040254377377
6 21 3.466078174921321
6 22 3.619755099093875
6 23 3.025037424190212
6 24 3.2328492784651033
6 25 3.7634907004928517
6 26 3.315483669003071
6 27 3.3785872504476773
6 28 3.441192147039044
6 29 2.797645686405534
7 0 3.1020534616245903
7 1 3.2204701665764883
7 2 3.1957393430879293
7 3 4.265961929938525
7 4 4.034649708738477
7 5 3.6751615487604763
7 6 4.822189320883308
7 7 4.767484923219317
7 8 4.764312240270339
7 9 5.549643858283468
7 10 5.832704919704679
7 11 5.890181684455295
7 12 7.606365576890349
7 13 6.201161447650602
7 14 5.491607934286422
7 15 5.173595011186746
7 16 5.0237919331428005
7 17 5.349946228562286
7 18 4.042950506523003
7 19 3.843484563828236
7 20 4.234286803899239
7 21 3.7266447800718385
7 22 3.230756353686732
7 23 3.5894967606313486
7 24 3.493841224988538
7 25 3.308217555168872
7 26 3.4580435738135713
7 27 3.52202594981952
7 28 2.8478217786606836
7 29 3.237847767767974
8 0 3.253078899576359
8 1 3.3529545787954302
8 2 3.440265799779521
8 3 3.4756333977627087
8 4 4.3263677203323745
8 5 4.735709817598236
8 6 5.044865352622257
8 7 5.042339527074927
8 8 5.178256851965738
8 9 6.3465578445996185
8 10 7.704934021797578
8 11 7.152258467581427
8 12 8.02600227129142
8 13 6.325604657656302
8 14 5.69800203205879
8 15 5.387811009525325
8 16 5.640966857026356
8 17 4.684068831676756
8 18 5.124931124131101
8 19 4.11679661096742
8 20 5.2987691920370965
8 21 4.271046338809309
8 22 3.2918211939243123
8 23 3.554045008301371
8 24 3.6237783023580805
8 25 3.534460549028278
8 26 3.546620554582925
8 27 2.991417406435727
8 28 3.00069236448515
8 29 2.945134997897218
9 0 3.074863406423867
9 1 3.100338483852425
9 2 4.067255661686667
9 3 4.034648833885439
9 4 4.579566796820832
9 5 4.775274914810259
9 6 5.405963675599309
9 7 5.581883672579356
9 8 7.526273192653877
9 9 7.07103280554811
9 10 8.594883155606778
9 11 8.972670413467855
9 12 9.450991280291966
9 13 7.216446349357831
9 14 5.571724530824046
9 15 6.028505619138885
9 16 5.11290236364621
9 17 5.650013929109326
9 18 4.244848879520048
9 19 3.8367777222979527
9 20 3.473151778002958
9 21 3.7804913346634663
9 22 3.164544737314435
9 23 3.882963134385032
9 24 3.9006618238875705
9 25 3.033008250703304
9 26 3.3387741112133016
9 27 3.3918659305101255
9 28 3.995877672022273
9 29 2.994442032918125
10 0 3.5062197448123125
10 1 3.7052749074796694
10 2 4.102613802340261
10 3 3.3813688539498092
10 4 3.6754987766691625
10 5 4.96246038878627
10 6 5.311710261559602
10 7 5.519973053623318
10 8 6.28452748324253
10 9 7.049918339792634
10 10 11.49475449526272
10 11 24.196835593231764
10 12 11.506398346195859
10 13 7.376666484621181
10 14 6.969846507658226
10 15 5.621576696951833
10 16 4.999817676218283
10 17 5.611187576582747
10 18 5.306145484432457
10 19 5.322264025740418
10 20 4.327460156547515
10 21 3.6988207789145724
10 22 4.769040362068847
10 23 3.3164498844928305
10 24 3.3441792724671986
10 25 3.4407044043640127
10 26 3.0626355009533164
10 27 2.6276255910513835
10 28 3.5523055697872667
10 29 3.185308758777448
11 0 2.99262613358503
11 1 3.4392646717619972
11 2 3.89434373932606
11 3 4.355815641264524
11 4 3.8555880562351375
11 5 5.049013800787755
11 6 4.823366437706034
11 7 6.485115056079382
11 8 5.272583189286041
11 9 6.682154766065517
11 10 8.553418657790617
11 11 9.775579867226863
11 12 8.0977388237611
11 13 7.657079820926264
11 14 7.129448264231568
11 15 5.0672763447496205
11 16 5.4482915484054315
11 17 6.100079041282157
11 18 4.97189467212978
11 19 4.588247085611304
11 20 4.783835649426488
11 21 4.217711078690895
11 22 4.2667610554331565
11 23 4.283816748409934
11 24 3.6355547551910288
11 25 3.52490093075802
11 26 3.4738223015977328
11 27 2.809478372229408
11 28 3.2392891363531753
11 29 2.8484973846480965
12 0 3.472422301244808
12 1 3.1594214341230646
12 2 3.708074857502979
12 3 3.489715441929272
12 4 3.9022836807360557
12 5 4.18673757216156
12 6 4.872529196630431
12 7 5.247712966730464
12 8 5.2805763365112215
12 9 5.623455740033004
12 10 8.460913496027818
12 11 7.700778781338519
12 12 6.72330299851097
12 13 6.292274913605754
12 14 6.643686238738971
12 15 5.191226256666495
12 16 5.805300653328382
12 17 4.930165226497969
12 18 5.0908843436500035
12 19 4.8725411025990475
12 20 4.841199235923665
12 21 4.620749420028744
12 22 4.050172748319589
12 23 3.932625605109062
12 24 4.265521971413723
12 25 3.968224292422147
12 26 4.318130463294258
12 27 3.4591381977516886
12 28 3.0306230770531193
12 29 3.4712763273886242
13 0 3.598186280819805
13 1 3.5598389914853663
13 2 3.6452586360424606
13 3 3.578749902587925
13 4 4.65539418180431
13 5 4.313701463788161
13 6 5.162253015833284
13 7 5.097387976644256
13 8 6.103730692658823
13 9 5.401186819397505
13 10 6.260436914468553
13 11 7.717099513965992
13 12 6.930897902752545
13 13 5.908507144509107
13 14 5.980898744591729
13 15 5.8226656650154425
13 16 6.23939102906183
13 17 5.22793878409174
13 18 4.787342947302954
13 19 5.296528751150937
13 20 4.888871272530636
13 21 5.3049300287172985
13 22 4.584617122922675
13 23 4.314721797495617
13 24 4.406649141712872
13 25 3.8345128989759214
13 26 3.699663874196828
13 27 3.1488025976415703
13 28 3.4992879029790562
13 29 3.349985161913794
14 0 3.2604437621431286
14 1 3.152839117868434
14 2 3.586382440056335
14 3 3.6594991207581034
14 4 4.574517812764477
14 5 4.040466709195655
14 6 5.1267682269249715
14 7 4.447005970787251
14 8 5.076819716608048
14 9 5.6541232293813435
14 10 4.763784549069
14 11 5.205362998736284
14 12 4.8839005157473165
14 13 5.459605367551787
14 14 5.189879017635593
14 15 6.145010763603564
14 16 5.134489003040217
14 17 4.932574944121468
14 18 4.911497052648883
14 19 5.802204514669561
14 20 5.448939727720469
14 21 4.61454855198955
14 22 4.431747091342669
14 23 4.7373722755741285
14 24 3.782536088651041
14 25 4.179693776666974
14 26 3.7120999682844094
14 27 3.9242630653679056
14 28 3.2506338761298528
14 29 3.1223655812812505
15 0 3.199274329276672
15 1 3.356120317189881
15 2 3.2375837960594223
15 3 3.608247009431621
15 4 3.9612197634863415
15 5 4.139690103241673
15 6 4.184980872988986
15 7 4.561808584391546
15 8 5.559769337398266
15 9 4.297387897500538
15 10 5.5361499401384755
15 11 6.503071547472521
15 12 6.023255443365116
15 13 5.856085676440036
15 14 5.4191163579375505
15 15 5.297869806438021
15 16 5.4191163579375505
15 17 5.856085676440036
15 18 6.023255443365116
15 19 6.503071547472521
15 20 5.5361499401384755
15 21 4.297387897500538
15 22 5.559769337398266
15 23 4.561808584391546
15 24 4.184980872988986
15 25 4.139690103241673
15 26 3.9612197634863415
15 27 3.608247009431621
15 28 3.2375837960594223
15 29 3.356120317189881
16 0 3.0607736104932584
16 1 3.1223655812812505
16 2 3.2506338761298528
16 3 3.9242630653679056
16 4 3.7120999682844094
16 5 4.179693776666974
16 6 3.782536088651041
16 7 4.7373722755741285
16 8 4.431747091342669
16 9 4.61454855198955
16 10 5.448939727720469
16 11 5.802204514669561
16 12 4.911497052648883
16 13 4.932574944121468
16 14 5.134489003040217
16 15 6.145010763603564
16 16 5.189879017635593
16 17 5.459605367551787
16 18 4.8839005157473165
16 19 5.205362998736284
16 20 4.763784549069
16 21 5.6541232293813435
16 22 5.076819716608048
16 23 4.447005970787251
16 24 5.1267682269249715
16 25 4.040466709195655
16 26 4.574517812764477
16 27 3.6594991207581034
16 28 3.586382440056335
16 29 3.152839117868434
17 0 3.457561111112415
17 1 3.349985161913794
17 2 3.4992879029790562
17 3 3.1488025976415703
17 4 3.699663874196828
17 5 3.8345128989759214
17 6 4.406649141712872
17 7 4.314721797495617
17 8 4.584617122922675
17 9 5.3049300287172985
17 10 4.888871272530636
17 11 5.296528751150937
17 12 4.787342947302954
17 13 5.22793878409174
17 14 6.23939102906183
17 15 5.8226656650154425
17 16 5.980898744591729
17 17 5.908507144509107
17 18 6.930897902752545
17 19 7.717099513965992
17 20 6.260436914468553
17 21 5.401186819397505
17 22 6.103730692658823
17 23 5.097387976644256
17 24 5.162253015833284
17 25 4.313701463788161
17 26 4.65539418180431
17 27 3.578749902587925
17 28 3.6452586360424606
17 29 3.5598389914853663
18 0 3.1994117470077277
18 1 3.4712763273886242
18 2 3.0306230770531193
18 3 3.4591381977516886
18 4 4.318130463294258
18 5 3.968224292422147
18 6 4.265521971413723
18 7 3.932625605109062
18 8 4.050172748319589
18 9 4.620749420028744
18 10 4.841199235923665
18 11 4.8725411025990475
18 12 5.0908843436500035
18 13 4.930165226497969
18 14 5.805300653328382
18 15 5.191226256666495
18 16 6.643686238738971
18 17 6.292274913605754
18 18 6.72330299851097
18 19 7.700778781338519
18 20 8.460913496027818
18 21 5.623455740033004
18 22 5.2805763365112215
18 23 5.247712966730464
18 24 4.872529196630431
18 25 4.18673757216156
18 26 3.9022836807360557
18 27 3.489715441929272
18 28 3.708074857502979
18 29 3.1594214341230646
19 0 3.308252857709226
19 1 2.8484973846480965
19 2 3.2392891363531753
19 3 2.809478372229408
19 4 3.4738223015977328
19 5 3.52490093075802
19 6 3.6355547551910288
19 7 4.283816748409934
19 8 4.2667610554331565
19 9 4.217711078690895
19 10 4.783835649426488
19 11 4.588247085611304
19 12 4.97189467212978
19 13 6.100079041282157
19 14 5.4482915484054315
19 15 5.0672763447496205
19 16 7.129448264231568
19 17 7.657079820926264
19 18 8.0977388237611
19 19 9.775579867226863
19 20 8.553418657790617
19 21 6.682154766065517
19 22 5.272583189286041
19 23 6.485115056079382
19 24 4.823366437706034
19 25 5.049013800787755
19 26 3.8555880562351375
19 27 4.355815641264524
19 28 3.89434373932606
19 29 3.4392646717619972
20 0 2.8945002714598704
20 1 3.185308758777448
20 2 3.5523055697872667
20 3 2.6276255910513835
20 4 3.0626355009533164
20 5 3.4407044043640127
20 6 3.3441792724671986
20 7 3.3164498844928305
20 8 4.769040362068847
20 9 3.6988207789145724
20 10 4.327460156547515
20 11 5.322264025740418
20 12 5.306145484432457
20 13 5.611187576582747
20 14 4.999817676218283
20 15 5.621576696951833
20 16 6.969846507658226
20 17 7.376666484621181
20 18 11.506398346195859
20 19 24.196835593231764
20 20 11.49475449526272
20 21 7.049918339792634
20 22 6.28452748324253
20 23 5.519973053623318
20 24 5.311710261559602
20 25 4.96246038878627
20 26 3.6754987766691625
20 27 3.3813688539498092
20 28 4.102613802340261
20 29 3.7052749074796694
21 0 3.3725088535784233
21 1 2.994442032918125
21 2 3.995877672022273
21 3 3.3918659305101255
21 4 3.3387741112133016
21 5 3.033008250703304
21 6 3.9006618238875705
21 7 3.882963134385032
21 8 3.164544737314435
21 9 3.7804913346634663
21 10 3.473151778002958
21 11 3.8367777222979527
21 12 4.244848879520048
21 13 5.650013929109326
21 14 5.11290236364621
21 15 6.028505619138885
21 16 5.571724530824046
21 17 7.216446349357831
21 18 9.450991280291966
21 19 8.972670413467855
21 20 8.594883155606778
21 21 7.07103280554811
21 22 7.526273192653877
21 23 5.581883672579356
21 24 5.405963675599309
21 25 4.775274914810259
21 26 4.579566796820832
21 27 4.034648833885439
21 28 4.067255661686667
21 29 3.100338483852425
22 0 2.7926439917767283
22 1 2.945134997897218
22 2 3.00069236448515
22 3 2.991417406435727
22 4 3.546620554582925
22 5 3.534460549028278
22 6 3.6237783023580805
22 7 3.554045008301371
22 8 3.2918211939243123
22 9 4.271046338809309
22 10 5.2987691920370965
22 11 4.11679661096742
22 12 5.124931124131101
22 13 4.684068831676756
22 14 5.640966857026356
22 15 5.387811009525325
22 16 5.69800203205879
22 17 6.325604657656302
22 18 8.02600227129142
22 19 7.152258467581427
22 20 7.704934021797578
22 21 6.3465578445996185
22 22 5.178256851965738
22 23 5.042339527074927
22 24 5.044865352622257
22 25 4.735709817598236
22 26 4.3263677203323745
22 27 3.4756333977627087
22 28 3.440265799779521
22 29 3.3529545787954302
23 0 3.165743029279786
23 1 3.237847767767974
23 2 2.8478217786606836
23 3 3.52202594981952
23 4 3.4580435738135713
23 5 3.308217555168872
23 6 3.493841224988538
23 7 3.5894967606313486
23 8 3.230756353686732
23 9 3.7266447800718385
23 10 4.234286803899239
23 11 3.843484563828236
23 12 4.042950506523003
23 13 5.349946228562286
23 14 5.0237919331428005
23 15 5.173595011186746
23 16 5.491607934286422
23 17 6.201161447650602
23 18 7.606365576890349
23 19 5.890181684455295
23 20 5.832704919704679
23 21 5.549643858283468
23 22 4.764312240270339
23 23 4.767484923219317
23 24 4.822189320883308
23 25 3.6751615487604763
23 26 4.034649708738477
23 27 4.265961929938525
23 28 3.1957393430879293
23 29 3.2204701665764883
24 0 3.207761250421343
24 1 2.797645686405534
24 2 3.441192147039044
24 3 3.3785872504476773
24 4 3.315483669003071
24 5 3.7634907004928517
24 6 3.2328492784651033
24 7 3.025037424190212
24 8 3.619755099093875
24 9 3.466078174921321
24 10 3.5839040254377377
24 11 3.9115603603988696
24 12 4.787975459739327
24 13 3.792691040068204
24 14 5.1267682269249715
24 15 5.105215889714788
24 16 5.317235484244358
24 17 5.617987211102128
24 18 6.7781550724252675
24 19 5.829124165348129
24 20 5.947432434058711
24 21 5.221065351023133
24 22 4.972273945997613
24 23 4.619028721752975
24 24 4.745720203107561
24 25 5.002838443552313
24 26 3.561889561469077
24 27 4.059820568442577
24 28 3.3635267276941723
24 29 3.3370374859005385
25 0 3.0231036639596485
25 1 3.123608436612081
25 2 3.1941440811670216
25 3 2.7286467056494716
25 4 2.9620158108040573
25 5 2.8327701168597192
25 6 3.5628272537982855
25 7 3.536916070945473
25 8 3.311514563131785
25 9 3.497646652512022
25 10 3.905630191800239
25 11 3.649500591721421
25 12 3.9381337187199845
25 13 4.1445263229668114
25 14 3.6758883887050566
25 15 4.946333131841987
25 16 4.463641498249163
25 17 4.515116690119328
25 18 5.1701083063382045
25 19 5.650248570271784
25 20 4.9534741969927945
25 21 3.9482498201222875
25 22 5.307425962246887
25 23 4.482286346578887
25 24 4.752648212796787
25 25 4.008735291733002
25 26 4.025846548164088
25 27 3.219954590850891
25 28 3.1180620352737196
25 29 3.804642502494689
26 0 2.6614313432997023
26 1 3.5498366524141542
26 2 3.495389173858229
26 3 3.23254507219062
26 4 2.981803984528067
26 5 2.915739332593931
26 6 3.5319947032323418
26 7 3.4159034180474603
26 8 3.014738575350355
26 9 3.876534313693612
26 10 3.4274271828935996
26 11 3.5816327159613226
26 12 3.6952625848232272
26 13 4.068177028831873
26 14 4.520817186032745
26 15 3.8363139277387224
26 16 4.0847184973437045
26 17 4.594868282065998
26 18 4.6896519197349225
26 19 4.950968818941158
26 20 4.76442244644878
26 21 4.432252599674908
26 22 3.4487057864093815
26 23 4.225177219669906
26 24 3.8486446997939785
26 25 3.855476746708406
26 26 3.4128421948153163
26 27 3.1685379954638653
26 28 3.1475601713143426
26 29 3.1086526856166268
27 0 2.9881568443037034
27 1 2.914288751461669
27 2 2.934616309412674
27 3 3.7111765189183927
27 4 3.294736701590644
27 5 2.826192971604795
27 6 3.0617081037410534
27 7 3.0886507495196334
27 8 3.8518164580464793
27 9 3.22390610288047
27 10 3.384958831134759
27 11 3.4317432038010804
27 12 3.902066684689007
27 13 3.848326545903947
27 14 3.8817404549229155
27 15 3.241856152197575
27 16 4.352469334984573
27 17 4.789968576987508
27 18 4.0187776619061815
27 19 3.8058685815924536
27 20 4.0677528510543
27 21 3.989112515743252
27 22 4.124708559317797
27 23 3.7225630722265515
27 24 3.814431662851279
27 25 3.5738437725292154
27 26 3.7424857225736803
27 27 3.0587765050169833
27 28 3.047790551724293
27 29 3.1049569994388126
28 0 2.799876318071233
28 1 3.394885784608197
28 2 3.3593467480155614
28 3 3.548329078383759
28 4 3.6460334210751513
28 5 3.3764190349465824
28 6 3.0395323480449807
28 7 2.8572005793778814
28 8 3.20580774881502
28 9 3.4712763273886242
28 10 3.4836177468540552
28 11 3.406155444202162
28 12 3.1335508288777647
28 13 3.1682179324386226
28 14 3.6479071320386494
28 15 4.201148358119656
28 16 3.978823999014574
28 17 3.6248526193496775
28 18 3.525667803926901
28 19 3.7155861007648383
28 20 4.246847188852555
28 21 3.8689741072296413
28 22 4.020276232705563
28 23 3.6255820749321117
28 24 3.2235545120523823
28 25 3.4444700352942537
28 26 3.0885676178493986
28 27 3.1714842509396903
28 28 2.5677614272640064
28 29 3.0353189753239644
29 0 3.0848570729711264
29 1 2.742387664709706
29 2 2.7239005748763554
29 3 2.949575877008238
29 4 2.9299485465302713
29 5 3.266514108842814
29 6 3.2338308449650217
29 7 3.0734487169564155
29 8 3.289824840285507
29 9 2.9616886439028463
29 10 3.296515310292029
29 11 3.7646472785115743
29 12 3.2924451774744714
29 13 3.2111913823114104
29 14 3.0612441096674923
29 15 3.8333028699398235
29 16 3.4281272022006886
29 17 3.5350592296532506
29 18 4.067255661686667
29 19 3.5936997683952354
29 20 3.504880567951194
29 21 3.1220435295325744
29 22 3.122434391284801
29 23 3.191241984203355
29 24 3.739191142706243
29 25 3.5770959719840643
29 26 3.1984031058155336
29 27 2.711379063141331
29 28 3.1400661380417474
29 29 3.0181258964454774
