0 0 2.8863536382561175
0 1 3.244711132004712
0 2 3.03317557420147
0 3 3.10067939367034
0 4 2.834385135166489
0 5 3.549139883418036
0 6 2.7425020891372283
0 7 3.29281390124817
0 8 3.122640179983881
0 9 3.561670936480317
0 10 3.472422301244808
0 11 3.604137647694155
0 12 3.1500939674370754
0 13 3.40203086498856
0 14 3.643163911364475
0 15 2.9823135644262972
0 16 3.643163911364475
0 17 3.40203086498856
0 18 3.1500939674370754
0 19 3.604137647694155
0 20 3.472422301244808
0 21 3.561670936480317
0 22 3.122640179983881
0 23 3.29281390124817
0 24 2.7425020891372283
0 25 3.549139883418036
0 26 2.834385135166489
0 27 3.10067939367034
0 28 3.03317557420147
0 29 3.244711132004712
1 0 2.9531242975346297
1 1 3.129303510921183
1 2 3.3820469579686576
1 3 3.4134813988256774
1 4 2.653581320624999
1 5 2.9630979291418846
1 6 3.0542645266979958
1 7 3.1526955811716384
1 8 3.598186280819805
1 9 2.9708220486974026
1 10 3.3706397141162423
1 11 3.8333028699398235
1 12 3.5736432803367353
1 13 3.2913879668421906
1 14 3.505539470234246
1 15 3.330302024480735
1 16 3.505539470234246
1 17 3.2913879668421906
1 18 3.5736432803367353
1 19 3.8333028699398235
1 20 3.3706397141162423
1 21 2.9708220486974026
1 22 3.598186280819805
1 23 3.1526955811716384
1 24 3.0542645266979958
1 25 2.9630979291418846
1 26 2.653581320624999
1 27 3.4134813988256774
1 28 3.3820469579686576
1 29 3.129303510921183
2 0 3.0035830350354624
2 1 3.3095804227844607
2 2 3.3289724681874207
2 3 3.3552586289071455
2 4 2.9515842828820307
2 5 2.7778009810078497
2 6 3.542362530711139
2 7 3.3596978643854607
2 8 3.208951767584719
2 9 3.1923529806841517
2 10 3.5453934783821133
2 11 4.201148358119656
2 12 4.053544217092535
2 13 3.7233254452091322
2 14 3.4149330290781688
2 15 4.718169840156335
2 16 3.4149330290781688
2 17 3.7233254452091322
2 18 4.053544217092535
2 19 4.201148358119656
2 20 3.5453934783821133
2 21 3.1923529806841517
2 22 3.208951767584719
2 23 3.3596978643854607
2 24 3.542362530711139
2 25 2.7778009810078497
2 26 2.9515842828820307
2 27 3.3552586289071455
2 28 3.3289724681874207
2 29 3.3095804227844607
3 0 3.0538958710950874
3 1 3.0059784603607054
3 2 2.6869736540727067
3 3 2.8133372682024835
3 4 3.2332821273427745
3 5 3.506362586479475
3 6 3.4026290315343983
3 7 2.9634979318185333
3 8 3.432789021915139
3 9 3.731499046904083
3 10 3.4517522522885624
3 11 3.241856152197575
3 12 4.251953105266011
3 13 4.623851635566316
3 14 4.017034330397278
3 15 3.9176671242789043
3 16 4.017034330397278
3 17 4.623851635566316
3 18 4.251953105266011
3 19 3.241856152197575
3 20 3.4517522522885624
3 21 3.731499046904083
3 22 3.432789021915139
3 23 2.9634979318185333
3 24 3.4026290315343983
3 25 3.506362586479475
3 26 3.2332821273427745
3 27 2.8133372682024835
3 28 2.6869736540727067
3 29 3.0059784603607054
4 0 3.008873375305611
4 1 2.8781648803444466
4 2 3.2299017764679614
4 3 3.0053992245208003
4 4 3.0607736104932584
4 5 3.3358407185125287
4 6 3.0729151515752187
4 7 3.5494916613572514
4 8 4.095958473045452
4 9 3.4393820366494463
4 10 4.549127038643941
4 11 3.8363139277387224
4 12 4.3175157190188616
4 13 4.18673757216156
4 14 5.0608308219582225
4 15 5.16873095402949
4 16 5.0608308219582225
4 17 4.18673757216156
4 18 4.3175157190188616
4 19 3.8363139277387224
4 20 4.549127038643941
4 21 3.4393820366494463
4 22 4.095958473045452
4 23 3.5494916613572514
4 24 3.0729151515752187
4 25 3.3358407185125287
4 26 3.0607736104932584
4 27 3.0053992245208003
4 28 3.2299017764679614
4 29 2.8781648803444466
5 0 3.3816299863133463
5 1 3.5646893325195643
5 2 2.9420505139308086
5 3 3.1749889548768566
5 4 3.497680445261181
5 5 3.5256492276773055
5 6 3.1153140506592134
5 7 3.6264722136909477
5 8 3.5479728140143165
5 9 3.9374370864338437
5 10 3.855872084292684
5 11 4.946333131841987
5 12 4.440472887524769
5 13 4.643774225640073
5 14 4.998460707202605
5 15 5.260675233208309
5 16 4.998460707202605
5 17 4.643774225640073
5 18 4.440472887524769
5 19 4.946333131841987
5 20 3.855872084292684
5 21 3.9374370864338437
5 22 3.5479728140143165
5 23 3.6264722136909477
5 24 3.1153140506592134
5 25 3.5256492276773055
5 26 3.497680445261181
5 27 3.1749889548768566
5 28 2.9420505139308086
5 29 3.5646893325195643
6 0 3.3419787822277423
6 1 3.078088398952553
6 2 3.1994117470077277
6 3 3.9164712359153855
6 4 3.112490253332739
6 5 3.787153807099908
6 6 3.2526492881816775
6 7 3.570605491373577
6 8 4.190981373390458
6 9 4.040466709195655
6 10 4.451446438473091
6 11 5.105215889714788
6 12 5.417699829648541
6 13 5.069219461564528
6 14 5.169046636354441
6 15 6.016796506901664
6 16 5.169046636354441
6 17 5.069219461564528
6 18 5.417699829648541
6 19 5.105215889714788
6 20 4.451446438473091
6 21 4.040466709195655
6 22 4.190981373390458
6 23 3.570605491373577
6 24 3.2526492881816775
6 25 3.787153807099908
6 26 3.112490253332739
6 27 3.9164712359153855
6 28 3.1994117470077277
6 29 3.078088398952553
7 0 2.9257343545518726
7 1 3.288861954294119
7 2 3.3621320664903607
7 3 3.4399066739653805
7 4 3.384958831134759
7 5 3.1940859278040326
7 6 3.2557478176304024
7 7 4.343992208907311
7 8 3.955297068661284
7 9 4.064907456006764
7 10 5.2914137756544
7 11 5.173595011186746
7 12 6.591774696771672
7 13 5.3108876429270815
7 14 7.165720765984936
7 15 5.55975360103815
7 16 7.165720765984936
7 17 5.3108876429270815
7 18 6.591774696771672
7 19 5.173595011186746
7 20 5.2914137756544
7 21 4.064907456006764
7 22 3.955297068661284
7 23 4.343992208907311
7 24 3.2557478176304024
7 25 3.1940859278040326
7 26 3.384958831134759
7 27 3.4399066739653805
7 28 3.3621320664903607
7 29 3.288861954294119
8 0 2.675718490425571
8 1 3.015330536215564
8 2 3.651791952819309
8 3 2.840898826892065
8 4 3.021018129917691
8 5 3.5263231478217727
8 6 3.399377315143833
8 7 4.411846295961824
8 8 4.167187062901432
8 9 4.742140876097286
8 10 4.944333019685413
8 11 5.387811009525325
8 12 6.183816135856371
8 13 6.958106168175326
8 14 8.460913496027818
8 15 7.196407838882072
8 16 8.460913496027818
8 17 6.958106168175326
8 18 6.183816135856371
8 19 5.387811009525325
8 20 4.944333019685413
8 21 4.742140876097286
8 22 4.167187062901432
8 23 4.411846295961824
8 24 3.399377315143833
8 25 3.5263231478217727
8 26 3.021018129917691
8 27 2.840898826892065
8 28 3.651791952819309
8 29 3.015330536215564
9 0 3.2490210029030657
9 1 3.1888507873109964
9 2 3.286289172260959
9 3 2.919109907081837
9 4 3.2589522819863213
9 5 3.766589720022341
9 6 4.00916200643357
9 7 3.7518299168981817
9 8 4.56073473214647
9 9 4.390049766785902
9 10 5.682337602339593
9 11 6.028505619138885
9 12 6.260436914468553
9 13 7.310797852994613
9 14 8.273493410759398
9 15 9.067320470941889
9 16 8.273493410759398
9 17 7.310797852994613
9 18 6.260436914468553
9 19 6.028505619138885
9 20 5.682337602339593
9 21 4.390049766785902
9 22 4.56073473214647
9 23 3.7518299168981817
9 24 4.00916200643357
9 25 3.766589720022341
9 26 3.2589522819863213
9 27 2.919109907081837
9 28 3.286289172260959
9 29 3.1888507873109964
10 0 3.107847771059672
10 1 3.3470717218375023
10 2 3.708457372755479
10 3 3.2176177589474064
10 4 3.569907400067697
10 5 3.968224292422147
10 6 4.147493299941943
10 7 3.7750341760551493
10 8 5.498741945975794
10 9 4.923302882920029
10 10 4.498383158729172
10 11 5.621576696951833
10 12 6.889683569883343
10 13 7.7189566824736895
10 14 11.376255561411801
10 15 25.37851816107577
10 16 11.376255561411801
10 17 7.7189566824736895
10 18 6.889683569883343
10 19 5.621576696951833
10 20 4.498383158729172
10 21 4.923302882920029
10 22 5.498741945975794
10 23 3.7750341760551493
10 24 4.147493299941943
10 25 3.968224292422147
10 26 3.569907400067697
10 27 3.2176177589474064
10 28 3.708457372755479
10 29 3.3470717218375023
11 0 2.931544209136708
11 1 3.5384487460066776
11 2 2.8903323144258524
11 3 3.4403480906816437
11 4 3.697587629628015
11 5 3.691962687902972
11 6 4.444715034064278
11 7 3.484709336035267
11 8 5.1738568543069166
11 9 5.747230846785927
11 10 5.5361499401384755
11 11 5.0672763447496205
11 12 6.113872116545434
11 13 6.860291950790508
11 14 8.845520366733155
11 15 10.586098225909886
11 16 8.845520366733155
11 17 6.860291950790508
11 18 6.113872116545434
11 19 5.0672763447496205
11 20 5.5361499401384755
11 21 5.747230846785927
11 22 5.1738568543069166
11 23 3.484709336035267
11 24 4.444715034064278
11 25 3.691962687902972
11 26 3.697587629628015
11 27 3.4403480906816437
11 28 2.8903323144258524
11 29 3.5384487460066776
12 0 3.0862139799895587
12 1 3.271131034868217
12 2 2.9535880679387603
12 3 3.168577170713586
12 4 3.6062714114738985
12 5 3.232693846751819
12 6 5.2987691920370965
12 7 4.157791568365903
12 8 4.192908773366849
12 9 4.3052390267746015
12 10 5.643147864583767
12 11 5.191226256666495
12 12 6.566270743945069
12 13 6.905336430662382
12 14 6.917219215996166
12 15 7.131629046652838
12 16 6.917219215996166
12 17 6.905336430662382
12 18 6.566270743945069
12 19 5.191226256666495
12 20 5.643147864583767
12 21 4.3052390267746015
12 22 4.192908773366849
12 23 4.157791568365903
12 24 5.2987691920370965
12 25 3.232693846751819
12 26 3.6062714114738985
12 27 3.168577170713586
12 28 2.9535880679387603
12 29 3.271131034868217
13 0 3.0422688559012285
13 1 3.782939956474934
13 2 3.1442149274651054
13 3 3.5702237790194857
13 4 3.4327128915684475
13 5 3.6106123052306445
13 6 4.3799039441030985
13 7 4.0302088948189745
13 8 4.494681288945336
13 9 5.6218227962496545
13 10 5.376068688351825
13 11 5.8226656650154425
13 12 7.135597027712909
13 13 6.790751129642416
13 14 6.040647599126183
13 15 7.031766335700039
13 16 6.040647599126183
13 17 6.790751129642416
13 18 7.135597027712909
13 19 5.8226656650154425
13 20 5.376068688351825
13 21 5.6218227962496545
13 22 4.494681288945336
13 23 4.0302088948189745
13 24 4.3799039441030985
13 25 3.6106123052306445
13 26 3.4327128915684475
13 27 3.5702237790194857
13 28 3.1442149274651054
13 29 3.782939956474934
14 0 3.3722460674249954
14 1 3.7634907004928517
14 2 3.2591210094469156
14 3 3.2912999892140533
14 4 3.939370832373458
14 5 4.19436467016475
14 6 3.4059294970808796
14 7 3.9489261571887195
14 8 4.841199235923665
14 9 4.686283964748039
14 10 4.78906955622094
14 11 6.145010763603564
14 12 5.009170306395214
14 13 6.52249641993563
14 14 6.14012833803157
14 15 5.326704225861883
14 16 6.14012833803157
14 17 6.52249641993563
14 18 5.009170306395214
14 19 6.145010763603564
14 20 4.78906955622094
14 21 4.686283964748039
14 22 4.841199235923665
14 23 3.9489261571887195
14 24 3.4059294970808796
14 25 4.19436467016475
14 26 3.939370832373458
14 27 3.2912999892140533
14 28 3.2591210094469156
14 29 3.7634907004928517
15 0 3.4043559017880183
15 1 3.335228839486329
15 2 3.471513747259568
15 3 3.770990395954861
15 4 3.9464291313054596
15 5 3.225233158739087
15 6 4.578412828638664
15 7 4.473623699372564
15 8 4.762810174395541
15 9 5.4909015455944195
15 10 4.660808875298423
15 11 5.297869806438021
15 12 5.382348922262975
15 13 5.72683258137496
15 14 6.189861357991581
15 15 5.465210543983075
15 16 6.189861357991581
15 17 5.72683258137496
15 18 5.382348922262975
15 19 5.297869806438021
15 20 4.660808875298423
15 21 5.4909015455944195
15 22 4.762810174395541
15 23 4.473623699372564
15 24 4.578412828638664
15 25 3.225233158739087
15 26 3.9464291313054596
15 27 3.770990395954861
15 28 3.471513747259568
15 29 3.335228839486329
16 0 3.3722460674249954
16 1 3.7634907004928517
16 2 3.2591210094469156
16 3 3.2912999892140533
16 4 3.939370832373458
16 5 4.19436467016475
16 6 3.4059294970808796
16 7 3.9489261571887195
16 8 4.841199235923665
16 9 4.686283964748039
16 10 4.78906955622094
16 11 6.145010763603564
16 12 5.009170306395214
16 13 6.52249641993563
16 14 6.14012833803157
16 15 5.326704225861883
16 16 6.14012833803157
16 17 6.52249641993563
16 18 5.009170306395214
16 19 6.145010763603564
16 20 4.78906955622094
16 21 4.686283964748039
16 22 4.841199235923665
16 23 3.9489261571887195
16 24 3.4059294970808796
16 25 4.19436467016475
16 26 3.939370832373458
16 27 3.2912999892140533
16 28 3.2591210094469156
16 29 3.7634907004928517
17 0 3.0422688559012285
17 1 3.782939956474934
17 2 3.1442149274651054
17 3 3.5702237790194857
17 4 3.4327128915684475
17 5 3.6106123052306445
17 6 4.3799039441030985
17 7 4.0302088948189745
17 8 4.494681288945336
17 9 5.6218227962496545
17 10 5.376068688351825
17 11 5.8226656650154425
17 12 7.135597027712909
17 13 6.790751129642416
17 14 6.040647599126183
17 15 7.031766335700039
17 16 6.040647599126183
17 17 6.790751129642416
17 18 7.135597027712909
17 19 5.8226656650154425
17 20 5.376068688351825
17 21 5.6218227962496545
17 22 4.494681288945336
17 23 4.0302088948189745
17 24 4.3799039441030985
17 25 3.6106123052306445
17 26 3.4327128915684475
17 27 3.5702237790194857
17 28 3.1442149274651054
17 29 3.782939956474934
18 0 3.0862139799895587
18 1 3.271131034868217
18 2 2.9535880679387603
18 3 3.168577170713586
18 4 3.6062714114738985
18 5 3.232693846751819
18 6 5.2987691920370965
18 7 4.157791568365903
18 8 4.192908773366849
18 9 4.3052390267746015
18 10 5.643147864583767
18 11 5.191226256666495
18 12 6.566270743945069
18 13 6.905336430662382
18 14 6.917219215996166
18 15 7.131629046652838
18 16 6.917219215996166
18 17 6.905336430662382
18 18 6.566270743945069
18 19 5.191226256666495
18 20 5.643147864583767
18 21 4.3052390267746015
18 22 4.192908773366849
18 23 4.157791568365903
18 24 5.2987691920370965
18 25 3.232693846751819
18 26 3.6062714114738985
18 27 3.168577170713586
18 28 2.9535880679387603
18 29 3.271131034868217
19 0 2.931544209136708
19 1 3.5384487460066776
19 2 2.8903323144258524
19 3 3.4403480906816437
19 4 3.697587629628015
19 5 3.691962687902972
19 6 4.444715034064278
19 7 3.484709336035267
19 8 5.1738568543069166
19 9 5.747230846785927
19 10 5.5361499401384755
19 11 5.0672763447496205
19 12 6.113872116545434
19 13 6.860291950790508
19 14 8.845520366733155
19 15 10.586098225909886
19 16 8.845520366733155
19 17 6.860291950790508
19 18 6.113872116545434
19 19 5.0672763447496205
19 20 5.5361499401384755
19 21 5.747230846785927
19 22 5.1738568543069166
19 23 3.484709336035267
19 24 4.444715034064278
19 25 3.691962687902972
19 26 3.697587629628015
19 27 3.4403480906816437
19 28 2.8903323144258524
19 29 3.5384487460066776
20 0 3.107847771059672
20 1 3.3470717218375023
20 2 3.708457372755479
20 3 3.2176177589474064
20 4 3.569907400067697
20 5 3.968224292422147
20 6 4.147493299941943
20 7 3.7750341760551493
20 8 5.498741945975794
20 9 4.923302882920029
20 10 4.498383158729172
20 11 5.621576696951833
20 12 6.889683569883343
20 13 7.7189566824736895
20 14 11.376255561411801
20 15 25.37851816107577
20 16 11.376255561411801
20 17 7.7189566824736895
20 18 6.889683569883343
20 19 5.621576696951833
20 20 4.498383158729172
20 21 4.923302882920029
20 22 5.498741945975794
20 23 3.7750341760551493
20 24 4.147493299941943
20 25 3.968224292422147
20 26 3.569907400067697
20 27 3.2176177589474064
20 28 3.708457372755479
20 29 3.3470717218375023
21 0 3.2490210029030657
21 1 3.1888507873109964
21 2 3.286289172260959
21 3 2.919109907081837
21 4 3.2589522819863213
21 5 3.766589720022341
21 6 4.00916200643357
21 7 3.7518299168981817
21 8 4.56073473214647
21 9 4.390049766785902
21 10 5.682337602339593
21 11 6.028505619138885
21 12 6.260436914468553
21 13 7.310797852994613
21 14 8.273493410759398
21 15 9.067320470941889
21 16 8.273493410759398
21 17 7.310797852994613
21 18 6.260436914468553
21 19 6.028505619138885
21 20 5.682337602339593
21 21 4.390049766785902
21 22 4.56073473214647
21 23 3.7518299168981817
21 24 4.00916200643357
21 25 3.766589720022341
21 26 3.2589522819863213
21 27 2.919109907081837
21 28 3.286289172260959
21 29 3.1888507873109964
22 0 2.675718490425571
22 1 3.015330536215564
22 2 3.651791952819309
22 3 2.840898826892065
22 4 3.021018129917691
22 5 3.5263231478217727
22 6 3.399377315143833
22 7 4.411846295961824
22 8 4.167187062901432
22 9 4.742140876097286
22 10 4.944333019685413
22 11 5.387811009525325
22 12 6.183816135856371
22 13 6.958106168175326
22 14 8.460913496027818
22 15 7.196407838882072
22 16 8.460913496027818
22 17 6.958106168175326
22 18 6.183816135856371
22 19 5.387811009525325
22 20 4.944333019685413
22 21 4.742140876097286
22 22 4.167187062901432
22 23 4.411846295961824
22 24 3.399377315143833
22 25 3.5263231478217727
22 26 3.021018129917691
22 27 2.840898826892065
22 28 3.651791952819309
22 29 3.015330536215564
23 0 2.9257343545518726
23 1 3.288861954294119
23 2 3.3621320664903607
23 3 3.4399066739653805
23 4 3.384958831134759
23 5 3.1940859278040326
23 6 3.2557478176304024
23 7 4.343992208907311
23 8 3.955297068661284
23 9 4.064907456006764
23 10 5.2914137756544
23 11 5.173595011186746
23 12 6.591774696771672
23 13 5.3108876429270815
23 14 7.165720765984936
23 15 5.55975360103815
23 16 7.165720765984936
23 17 5.3108876429270815
23 18 6.591774696771672
23 19 5.173595011186746
23 20 5.2914137756544
23 21 4.064907456006764
23 22 3.955297068661284
23 23 4.343992208907311
23 24 3.2557478176304024
23 25 3.1940859278040326
23 26 3.384958831134759
23 27 3.4399066739653805
23 28 3.3621320664903607
23 29 3.288861954294119
24 0 3.3419787822277423
24 1 3.078088398952553
24 2 3.1994117470077277
24 3 3.9164712359153855
24 4 3.112490253332739
24 5 3.787153807099908
24 6 3.2526492881816775
24 7 3.570605491373577
24 8 4.190981373390458
24 9 4.040466709195655
24 10 4.451446438473091
24 11 5.105215889714788
24 12 5.417699829648541
24 13 5.069219461564528
24 14 5.169046636354441
24 15 6.016796506901664
24 16 5.169046636354441
24 17 5.069219461564528
24 18 5.417699829648541
24 19 5.105215889714788
24 20 4.451446438473091
24 21 4.040466709195655
24 22 4.190981373390458
24 23 3.570605491373577
24 24 3.2526492881816775
24 25 3.787153807099908
24 26 3.112490253332739
24 27 3.9164712359153855
24 28 3.1994117470077277
24 29 3.078088398952553
25 0 3.3816299863133463
25 1 3.5646893325195643
25 2 2.9420505139308086
25 3 3.1749889548768566
25 4 3.497680445261181
25 5 3.5256492276773055
25 6 3.1153140506592134
25 7 3.6264722136909477
25 8 3.5479728140143165
25 9 3.9374370864338437
25 10 3.855872084292684
25 11 4.946333131841987
25 12 4.440472887524769
25 13 4.643774225640073
25 14 4.998460707202605
25 15 5.260675233208309
25 16 4.998460707202605
25 17 4.643774225640073
25 18 4.440472887524769
25 19 4.946333131841987
25 20 3.855872084292684
25 21 3.9374370864338437
25 22 3.5479728140143165
25 23 3.6264722136909477
25 24 3.1153140506592134
25 25 3.5256492276773055
25 26 3.497680445261181
25 27 3.1749889548768566
25 28 2.9420505139308086
25 29 3.5646893325195643
26 0 3.008873375305611
26 1 2.8781648803444466
26 2 3.2299017764679614
26 3 3.0053992245208003
26 4 3.0607736104932584
26 5 3.3358407185125287
26 6 3.0729151515752187
26 7 3.5494916613572514
26 8 4.095958473045452
26 9 3.4393820366494463
26 10 4.549127038643941
26 11 3.8363139277387224
26 12 4.3175157190188616
26 13 4.18673757216156
26 14 5.0608308219582225
26 15 5.16873095402949
26 16 5.0608308219582225
26 17 4.18673757216156
26 18 4.3175157190188616
26 19 3.8363139277387224
26 20 4.549127038643941
26 21 3.4393820366494463
26 22 4.095958473045452
26 23 3.5494916613572514
26 24 3.0729151515752187
26 25 3.3358407185125287
26 26 3.0607736104932584
26 27 3.0053992245208003
26 28 3.2299017764679614
26 29 2.8781648803444466
27 0 3.0538958710950874
27 1 3.0059784603607054
27 2 2.6869736540727067
27 3 2.8133372682024835
27 4 3.2332821273427745
27 5 3.506362586479475
27 6 3.4026290315343983
27 7 2.9634979318185333
27 8 3.432789021915139
27 9 3.731499046904083
27 10 3.4517522522885624
27 11 3.241856152197575
27 12 4.251953105266011
27 13 4.623851635566316
27 14 4.017034330397278
27 15 3.9176671242789043
27 16 4.017034330397278
27 17 4.623851635566316
27 18 4.251953105266011
27 19 3.241856152197575
27 20 3.4517522522885624
27 21 3.731499046904083
27 22 3.432789021915139
27 23 2.9634979318185333
27 24 3.4026290315343983
27 25 3.506362586479475
27 26 3.2332821273427745
27 27 2.8133372682024835
27 28 2.6869736540727067
27 29 3.0059784603607054
28 0 3.0035830350354624
28 1 3.3095804227844607
28 2 3.3289724681874207
28 3 3.3552586289071455
28 4 2.9515842828820307
28 5 2.7778009810078497
28 6 3.542362530711139
28 7 3.3596978643854607
28 8 3.208951767584719
28 9 3.1923529806841517
28 10 3.5453934783821133
28 11 4.201148358119656
28 12 4.053544217092535
28 13 3.7233254452091322
28 14 3.4149330290781688
28 15 4.718169840156335
28 16 3.4149330290781688
28 17 3.7233254452091322
28 18 4.053544217092535
28 19 4.201148358119656
28 20 3.5453934783821133
28 21 3.1923529806841517
28 22 3.208951767584719
28 23 3.3596978643854607
28 24 3.542362530711139
28 25 2.7778009810078497
28 26 2.9515842828820307
28 27 3.3552586289071455
28 28 3.3289724681874207
28 29 3.3095804227844607
29 0 2.9531242975346297
29 1 3.129303510921183
29 2 3.3820469579686576
29 3 3.4134813988256774
29 4 2.653581320624999
29 5 2.9630979291418846
29 6 3.0542645266979958
29 7 3.1526955811716384
29 8 3.598186280819805
29 9 2.9708220486974026
29 10 3.3706397141162423
29 11 3.8333028699398235
29 12 3.5736432803367353
29 13 3.2913879668421906
29 14 3.505539470234246
29 15 3.330302024480735
29 16 3.505539470234246
29 17 3.2913879668421906
29 18 3.5736432803367353
29 19 3.8333028699398235
29 20 3.3706397141162423
29 21 2.9708220486974026
29 22 3.598186280819805
29 23 3.1526955811716384
29 24 3.0542645266979958
29 25 2.9630979291418846
29 26 2.653581320624999
29 27 3.4134813988256774
29 28 3.3820469579686576
29 29 3.129303510921183
