0 0 2.917676012472647
0 1 2.606703378674555
0 2 3.1076155576093356
0 3 3.1409782539466344
0 4 3.066213299276753
0 5 3.1393785884093512
0 6 3.02324827926498
0 7 2.78879275919873
0 8 3.796979445337093
0 9 3.1317999597772137
0 10 2.7578079423266795
0 11 3.0106295724992544
0 12 3.1998588115733146
0 13 3.133706334154637
0 14 3.2353202703779207
0 15 3.643163911364475
0 16 3.2597877521895517
0 17 3.517540242715777
0 18 3.255120324644798
0 19 3.213001069341961
0 20 3.3402265959029185
0 21 3.097764354385905
0 22 3.0828414038590326
0 23 2.9708081940460382
0 24 3.1545309800869523
0 25 3.024038407680958
0 26 3.199204787300383
0 27 3.102741044467375
0 28 3.156975878896892
0 29 2.729385208350402
1 0 2.843829399524976
1 1 3.140243364909838
1 2 3.228783628823637
1 3 3.135019047406769
1 4 3.4284450384163487
1 5 2.636257459841411
1 6 3.085054800743114
1 7 3.594264274661784
1 8 3.2751685652103935
1 9 3.2881331936632816
1 10 3.6247995687534647
1 11 3.4281272022006886
1 12 4.146593464938111
1 13 3.89434373932606
1 14 3.34742280834231
1 15 3.505539470234246
1 16 3.3770512358207503
1 17 3.374055793850892
1 18 3.4309729783315372
1 19 3.0612441096674923
1 20 3.097792853161388
1 21 3.246272152933336
1 22 3.4584018748483225
1 23 3.7100907339939093
1 24 3.1106221820821403
1 25 2.8547561888920376
1 26 3.3823291297407003
1 27 3.3143377620453354
1 28 3.5170349166374106
1 29 2.9824756704270254
2 0 2.760687964969549
2 1 3.170713001858735
2 2 2.9005938914172185
2 3 3.3383081010526783
2 4 2.9652271926607034
2 5 3.5880549418157703
2 6 3.4814414591746328
2 7 3.4463891190089346
2 8 3.293265962689491
2 9 3.2395340276288906
2 10 3.6635023728523994
2 11 3.978823999014574
2 12 3.4632229229774825
2 13 4.0038247742784625
2 14 5.001634976189667
2 15 3.4149330290781688
2 16 3.7946008688795616
2 17 3.9664287276925254
2 18 3.7771329919545735
2 19 3.6479071320386494
2 20 3.2143655815846146
2 21 3.498990846708416
2 22 3.1385694466321348
2 23 3.6538234764337743
2 24 3.739310714177906
2 25 3.0747635207811705
2 26 2.853580529020837
2 27 3.652356617989001
2 28 3.373151783067402
2 29 3.078910705739144
3 0 2.7445378607709427
3 1 3.3734370000731517
3 2 2.614762383171089
3 3 3.144749360527874
3 4 3.124428180807378
3 5 3.598186280819805
3 6 3.2738241644136212
3 7 3.2680944788488278
3 8 3.708074857502979
3 9 3.6669576249331044
3 10 3.4149330290781688
3 11 4.352469334984573
3 12 3.9743743512803764
3 13 3.892421948440516
3 14 4.241393180019804
3 15 4.017034330397278
3 16 3.9022836807360557
3 17 4.016430694952378
3 18 3.9713649190729745
3 19 3.8817404549229155
3 20 4.095958473045452
3 21 3.482029153173873
3 22 3.1335508288777647
3 23 3.1053633542202728
3 24 3.531620321187098
3 25 3.457561111112415
3 26 3.397612419462681
3 27 3.272083256068277
3 28 3.5411091891233295
3 29 2.8163698836912117
4 0 3.223343046252867
4 1 3.102979679846151
4 2 2.872362727359092
4 3 3.050083477525053
4 4 3.0733443852515285
4 5 3.097792853161388
4 6 3.6374824202111036
4 7 3.935457232743072
4 8 3.9124190579508773
4 9 4.0556021944913185
4 10 4.09867691769826
4 11 4.0847184973437045
4 12 4.110196353690566
4 13 5.68132279405335
4 14 4.163369401111327
4 15 5.0608308219582225
4 16 4.9317956970434045
4 17 3.88181065049244
4 18 4.399750467811375
4 19 4.520817186032745
4 20 3.3229734906876867
4 21 4.069830456122581
4 22 3.7849583725266562
4 23 3.2506338761298528
4 24 3.342172391149879
4 25 3.8203352424850348
4 26 3.4012243900917682
4 27 3.2004279646048643
4 28 3.271863501323751
4 29 3.1854919191207913
5 0 3.024038407680958
5 1 2.8630104485814503
5 2 2.932754815779664
5 3 3.5279782358120975
5 4 3.1815122726284586
5 5 3.444972015820345
5 6 3.312755682005346
5 7 3.432940982446113
5 8 4.583421470467448
5 9 4.138324936147866
5 10 4.2609838112966845
5 11 4.463641498249163
5 12 5.732814038038471
5 13 5.155809354154646
5 14 5.082791996879349
5 15 4.998460707202605
5 16 5.54536931221296
5 17 5.321672960499626
5 18 4.966729838734989
5 19 3.6758883887050566
5 20 4.081681902943268
5 21 3.9612197634863415
5 22 3.840057309183805
5 23 3.490167407174794
5 24 3.05478971686866
5 25 3.142530610425319
5 26 3.2978665151051416
5 27 3.2201014229494467
5 28 3.058359422667492
5 29 2.9784313598592136
6 0 3.0687926824746667
6 1 3.7201575491552523
6 2 3.386646661019409
6 3 3.258538112010654
6 4 3.4250339938147185
6 5 4.105451218667552
6 6 3.7115971624984367
6 7 3.9671748360910075
6 8 4.399750467811375
6 9 5.414279266072559
6 10 4.191652553679128
6 11 5.317235484244358
6 12 5.403083322005068
6 13 6.306576449114985
6 14 6.293452800792516
6 15 5.169046636354441
6 16 4.942176145996384
6 17 5.012625031499663
6 18 4.401599024905572
6 19 5.1267682269249715
6 20 4.067063015284773
6 21 5.011867036835456
6 22 3.6030859987089747
6 23 3.787879971434195
6 24 3.8956500114154466
6 25 3.356958437395864
6 26 3.8340491073487177
6 27 2.951293778534343
6 28 2.9349126119269395
6 29 3.1949545654094234
7 0 3.2299017764679614
7 1 2.9254829373356377
7 2 4.056913801944266
7 3 3.1053633542202728
7 4 3.2899045579594097
7 5 3.67250988463987
7 6 3.133443746854668
7 7 3.993636574608804
7 8 3.869414558345748
7 9 5.162253015833284
7 10 5.417699829648541
7 11 5.491607934286422
7 12 5.2805763365112215
7 13 6.768069887995308
7 14 5.441223124289388
7 15 7.165720765984936
7 16 5.69800203205879
7 17 6.103730692658823
7 18 5.222765216455445
7 19 5.0237919331428005
7 20 4.269325548223193
7 21 4.232718607245841
7 22 4.55641492478021
7 23 3.5026194711191225
7 24 3.8204809309476158
7 25 3.2893517637169953
7 26 3.1857859967257522
7 27 3.798473641594776
7 28 3.4568883545759794
7 29 2.7798772856529967
8 0 3.1471532882957605
8 1 3.2563926082049
8 2 3.1620011102678327
8 3 3.0116661572050276
8 4 3.412044505914612
8 5 3.480702376126981
8 6 4.568609176493962
8 7 3.410836359023556
8 8 4.641802429650795
8 9 4.813926256659287
8 10 5.696042865814523
8 11 5.69800203205879
8 12 6.203528038770537
8 13 7.165999670619346
8 14 7.509234931779522
8 15 8.460913496027818
8 16 6.849597480738019
8 17 5.861264054982962
8 18 5.3526573928370915
8 19 5.640966857026356
8 20 5.018219283314858
8 21 4.458898996236171
8 22 4.334767758576786
8 23 3.748226161337896
8 24 3.327406375668262
8 25 3.5899259646413446
8 26 3.287218157413954
8 27 3.372078954233746
8 28 3.078358192435226
8 29 2.976648682773623
9 0 3.605071686399066
9 1 3.436812815344816
9 2 3.459651372459839
9 3 3.301470764831661
9 4 3.8175222648450333
9 5 3.6099798274602177
9 6 5.011867036835456
9 7 4.054307307107552
9 8 5.386597252396997
9 9 4.30087728793323
9 10 5.551592764350761
9 11 5.571724530824046
9 12 6.609015075868897
9 13 8.0977388237611
9 14 10.963076026341836
9 15 8.273493410759398
9 16 6.519227220994372
9 17 5.805975033586928
9 18 6.075018438425192
9 19 5.11290236364621
9 20 4.445302401121651
9 21 5.028495441443327
9 22 3.5379983964018886
9 23 4.3762525108736074
9 24 3.0982133335641495
9 25 3.697587629628015
9 26 3.015383646625993
9 27 3.0294486977723207
9 28 3.093130703214362
9 29 3.186267365287907
10 0 3.3324898841238273
10 1 3.2978665151051416
10 2 3.277015827231229
10 3 3.6291275901088986
10 4 3.3904443449785675
10 5 3.590627157849254
10 6 4.174168914796469
10 7 4.6200830675802065
10 8 4.660218516787647
10 9 5.355114672272243
10 10 4.6105651020096685
10 11 6.969846507658226
10 12 7.096130757391949
10 13 10.985674077299796
10 14 25.230808668882087
10 15 11.376255561411801
10 16 8.022575909137217
10 17 6.4972445874939275
10 18 5.4868066071547235
10 19 4.999817676218283
10 20 5.620971199526239
10 21 4.758484826896574
10 22 4.248119908224175
10 23 4.201228922620278
10 24 3.573909035670766
10 25 4.172431897196184
10 26 3.4318898627309395
10 27 2.9751871454781478
10 28 3.0368896139197727
10 29 3.100688007107702
11 0 3.3359740114694443
11 1 3.1930661673295715
11 2 2.944181051591776
11 3 3.118396774588511
11 4 3.9575089230991116
11 5 4.00916200643357
11 6 3.967568810989447
11 7 5.066268977205849
11 8 4.816873621486752
11 9 5.11290236364621
11 10 4.763784549069
11 11 7.129448264231568
11 12 6.86798376564444
11 13 10.061779483035021
11 14 9.623958892335057
11 15 8.845520366733155
11 16 6.8511075079241675
11 17 7.011299354413173
11 18 4.8839005157473165
11 19 5.4482915484054315
11 20 5.448939727720469
11 21 5.0646306992464165
11 22 4.728955553024816
11 23 3.4301181428853833
11 24 3.871927338802062
11 25 3.3266560188676664
11 26 3.524569831965647
11 27 3.08499914144742
11 28 3.6183928337598066
11 29 3.2484690618996948
12 0 2.831998530713249
12 1 3.3161892475239316
12 2 3.192400504604856
12 3 3.8208812822109697
12 4 3.327406375668262
12 5 4.212630338732766
12 6 3.69614068479818
12 7 5.124931124131101
12 8 5.206728899567436
12 9 4.982758742863602
12 10 5.606687394227955
12 11 6.643686238738971
12 12 6.695820335161221
12 13 7.463469819169628
12 14 7.479932267418052
12 15 6.917219215996166
12 16 6.3756202212242865
12 17 6.106163815025897
12 18 5.692301546602332
12 19 5.805300653328382
12 20 5.246902764203467
12 21 5.171679233642347
12 22 4.451292458519203
12 23 3.8838659694369637
12 24 4.247336507313491
12 25 3.071240022500331
12 26 3.4994189716548902
12 27 3.0287233260247146
12 28 3.693360042417508
12 29 3.563149814757122
13 0 2.8601124087655503
13 1 3.5060211233843335
13 2 3.216259257610271
13 3 3.4247347983061602
13 4 3.3745119461467046
13 5 4.234286803899239
13 6 4.1871877742883035
13 7 4.584617122922675
13 8 4.723885627426522
13 9 4.335942051678758
13 10 6.704580115416979
13 11 5.980898744591729
13 12 6.106163815025897
13 13 6.013395875411357
13 14 7.294760367617699
13 15 6.040647599126183
13 16 6.689381162614442
13 17 5.98659770023639
13 18 5.614951421942444
13 19 6.23939102906183
13 20 5.201522928822344
13 21 4.43315233848546
13 22 5.243445891906019
13 23 3.891576940792674
13 24 4.557048111562723
13 25 3.6365324873920124
13 26 3.6036652484435505
13 27 3.3355650560795813
13 28 3.523938313725205
13 29 3.4580435738135713
14 0 3.2119794030932933
14 1 3.384128422781246
14 2 3.0801469204539824
14 3 3.619755099093875
14 4 3.6534770131847734
14 5 4.30006064017384
14 6 4.516598146832161
14 7 4.728955553024816
14 8 4.593241556557894
14 9 5.314336708136859
14 10 5.312026570428849
14 11 5.189879017635593
14 12 5.6323438158843615
14 13 6.622789251074732
14 14 5.676325335747758
14 15 6.14012833803157
14 16 6.082855551218346
14 17 6.23367687595873
14 18 4.777602387726582
14 19 5.134489003040217
14 20 4.976747833820417
14 21 4.940671029289301
14 22 4.10388642620638
14 23 4.486831426228358
14 24 4.344070953932866
14 25 3.511195009085802
14 26 4.131968717169875
14 27 3.385720203829242
14 28 3.0235292332448145
14 29 3.8972215031523647
15 0 3.039784725392475
15 1 3.5628272537982855
15 2 2.9751871454781478
15 3 3.0591806802856043
15 4 3.3441792724671986
15 5 3.7876610326414033
15 6 4.065748307956051
15 7 4.463433925248328
15 8 4.714443073279542
15 9 5.254426047053805
15 10 4.78906955622094
15 11 5.4191163579375505
15 12 5.434768034950755
15 13 6.639544611010573
15 14 6.337427696862399
15 15 6.189861357991581
15 16 6.337427696862399
15 17 6.639544611010573
15 18 5.434768034950755
15 19 5.4191163579375505
15 20 4.78906955622094
15 21 5.254426047053805
15 22 4.714443073279542
15 23 4.463433925248328
15 24 4.065748307956051
15 25 3.7876610326414033
15 26 3.3441792724671986
15 27 3.0591806802856043
15 28 2.9751871454781478
15 29 3.5628272537982855
16 0 3.416641252526286
16 1 3.8972215031523647
16 2 3.0235292332448145
16 3 3.385720203829242
16 4 4.131968717169875
16 5 3.511195009085802
16 6 4.344070953932866
16 7 4.486831426228358
16 8 4.10388642620638
16 9 4.940671029289301
16 10 4.976747833820417
16 11 5.134489003040217
16 12 4.777602387726582
16 13 6.23367687595873
16 14 6.082855551218346
16 15 6.14012833803157
16 16 5.676325335747758
16 17 6.622789251074732
16 18 5.6323438158843615
16 19 5.189879017635593
16 20 5.312026570428849
16 21 5.314336708136859
16 22 4.593241556557894
16 23 4.728955553024816
16 24 4.516598146832161
16 25 4.30006064017384
16 26 3.6534770131847734
16 27 3.619755099093875
16 28 3.0801469204539824
16 29 3.384128422781246
17 0 3.2573562381436556
17 1 3.4580435738135713
17 2 3.523938313725205
17 3 3.3355650560795813
17 4 3.6036652484435505
17 5 3.6365324873920124
17 6 4.557048111562723
17 7 3.891576940792674
17 8 5.243445891906019
17 9 4.43315233848546
17 10 5.201522928822344
17 11 6.23939102906183
17 12 5.614951421942444
17 13 5.98659770023639
17 14 6.689381162614442
17 15 6.040647599126183
17 16 7.294760367617699
17 17 6.013395875411357
17 18 6.106163815025897
17 19 5.980898744591729
17 20 6.704580115416979
17 21 4.335942051678758
17 22 4.723885627426522
17 23 4.584617122922675
17 24 4.1871877742883035
17 25 4.234286803899239
17 26 3.3745119461467046
17 27 3.4247347983061602
17 28 3.216259257610271
17 29 3.5060211233843335
18 0 3.2908827851219162
18 1 3.563149814757122
18 2 3.693360042417508
18 3 3.0287233260247146
18 4 3.4994189716548902
18 5 3.071240022500331
18 6 4.247336507313491
18 7 3.8838659694369637
18 8 4.451292458519203
18 9 5.171679233642347
18 10 5.246902764203467
18 11 5.805300653328382
18 12 5.692301546602332
18 13 6.106163815025897
18 14 6.3756202212242865
18 15 6.917219215996166
18 16 7.479932267418052
18 17 7.463469819169628
18 18 6.695820335161221
18 19 6.643686238738971
18 20 5.606687394227955
18 21 4.982758742863602
18 22 5.206728899567436
18 23 5.124931124131101
18 24 3.69614068479818
18 25 4.212630338732766
18 26 3.327406375668262
18 27 3.8208812822109697
18 28 3.192400504604856
18 29 3.3161892475239316
19 0 2.7926012735981063
19 1 3.2484690618996948
19 2 3.6183928337598066
19 3 3.08499914144742
19 4 3.524569831965647
19 5 3.3266560188676664
19 6 3.871927338802062
19 7 3.4301181428853833
19 8 4.728955553024816
19 9 5.0646306992464165
19 10 5.448939727720469
19 11 5.4482915484054315
19 12 4.8839005157473165
19 13 7.011299354413173
19 14 6.8511075079241675
19 15 8.845520366733155
19 16 9.623958892335057
19 17 10.061779483035021
19 18 6.86798376564444
19 19 7.129448264231568
19 20 4.763784549069
19 21 5.11290236364621
19 22 4.816873621486752
19 23 5.066268977205849
19 24 3.967568810989447
19 25 4.00916200643357
19 26 3.9575089230991116
19 27 3.118396774588511
19 28 2.944181051591776
19 29 3.1930661673295715
20 0 3.2356016342464424
20 1 3.100688007107702
20 2 3.0368896139197727
20 3 2.9751871454781478
20 4 3.4318898627309395
20 5 4.172431897196184
20 6 3.573909035670766
20 7 4.201228922620278
20 8 4.248119908224175
20 9 4.758484826896574
20 10 5.620971199526239
20 11 4.999817676218283
20 12 5.4868066071547235
20 13 6.4972445874939275
20 14 8.022575909137217
20 15 11.376255561411801
20 16 25.230808668882087
20 17 10.985674077299796
20 18 7.096130757391949
20 19 6.969846507658226
20 20 4.6105651020096685
20 21 5.355114672272243
20 22 4.660218516787647
20 23 4.6200830675802065
20 24 4.174168914796469
20 25 3.590627157849254
20 26 3.3904443449785675
20 27 3.6291275901088986
20 28 3.277015827231229
20 29 3.2978665151051416
21 0 2.725124217813416
21 1 3.186267365287907
21 2 3.093130703214362
21 3 3.0294486977723207
21 4 3.015383646625993
21 5 3.697587629628015
21 6 3.0982133335641495
21 7 4.3762525108736074
21 8 3.5379983964018886
21 9 5.028495441443327
21 10 4.445302401121651
21 11 5.11290236364621
21 12 6.075018438425192
21 13 5.805975033586928
21 14 6.519227220994372
21 15 8.273493410759398
21 16 10.963076026341836
21 17 8.0977388237611
21 18 6.609015075868897
21 19 5.571724530824046
21 20 5.551592764350761
21 21 4.30087728793323
21 22 5.386597252396997
21 23 4.054307307107552
21 24 5.011867036835456
21 25 3.6099798274602177
21 26 3.8175222648450333
21 27 3.301470764831661
21 28 3.459651372459839
21 29 3.436812815344816
22 0 3.4963254389851217
22 1 2.976648682773623
22 2 3.078358192435226
22 3 3.372078954233746
22 4 3.287218157413954
22 5 3.5899259646413446
22 6 3.327406375668262
22 7 3.748226161337896
22 8 4.334767758576786
22 9 4.458898996236171
22 10 5.018219283314858
22 11 5.640966857026356
22 12 5.3526573928370915
22 13 5.861264054982962
22 14 6.849597480738019
22 15 8.460913496027818
22 16 7.509234931779522
22 17 7.165999670619346
22 18 6.203528038770537
22 19 5.69800203205879
22 20 5.696042865814523
22 21 4.813926256659287
22 22 4.641802429650795
22 23 3.410836359023556
22 24 4.568609176493962
22 25 3.480702376126981
22 26 3.412044505914612
22 27 3.0116661572050276
22 28 3.1620011102678327
22 29 3.2563926082049
23 0 2.7926439917767283
23 1 2.7798772856529967
23 2 3.4568883545759794
23 3 3.798473641594776
23 4 3.1857859967257522
23 5 3.2893517637169953
23 6 3.8204809309476158
23 7 3.5026194711191225
23 8 4.55641492478021
23 9 4.232718607245841
23 10 4.269325548223193
23 11 5.0237919331428005
23 12 5.222765216455445
23 13 6.103730692658823
23 14 5.69800203205879
23 15 7.165720765984936
23 16 5.441223124289388
23 17 6.768069887995308
23 18 5.2805763365112215
23 19 5.491607934286422
23 20 5.417699829648541
23 21 5.162253015833284
23 22 3.869414558345748
23 23 3.993636574608804
23 24 3.133443746854668
23 25 3.67250988463987
23 26 3.2899045579594097
23 27 3.1053633542202728
23 28 4.056913801944266
23 29 2.9254829373356377
24 0 3.1392181536823816
24 1 3.1949545654094234
24 2 2.9349126119269395
24 3 2.951293778534343
24 4 3.8340491073487177
24 5 3.356958437395864
24 6 3.8956500114154466
24 7 3.787879971434195
24 8 3.6030859987089747
24 9 5.011867036835456
24 10 4.067063015284773
24 11 5.1267682269249715
24 12 4.401599024905572
24 13 5.012625031499663
24 14 4.942176145996384
24 15 5.169046636354441
24 16 6.293452800792516
24 17 6.306576449114985
24 18 5.403083322005068
24 19 5.317235484244358
24 20 4.191652553679128
24 21 5.414279266072559
24 22 4.399750467811375
24 23 3.9671748360910075
24 24 3.7115971624984367
24 25 4.105451218667552
24 26 3.4250339938147185
24 27 3.258538112010654
24 28 3.386646661019409
24 29 3.7201575491552523
25 0 2.782265425213522
25 1 2.9784313598592136
25 2 3.058359422667492
25 3 3.2201014229494467
25 4 3.2978665151051416
25 5 3.142530610425319
25 6 3.05478971686866
25 7 3.490167407174794
25 8 3.840057309183805
25 9 3.9612197634863415
25 10 4.081681902943268
25 11 3.6758883887050566
25 12 4.966729838734989
25 13 5.321672960499626
25 14 5.54536931221296
25 15 4.998460707202605
25 16 5.082791996879349
25 17 5.155809354154646
25 18 5.732814038038471
25 19 4.463641498249163
25 20 4.2609838112966845
25 21 4.138324936147866
25 22 4.583421470467448
25 23 3.432940982446113
25 24 3.312755682005346
25 25 3.444972015820345
25 26 3.1815122726284586
25 27 3.5279782358120975
25 28 2.932754815779664
25 29 2.8630104485814503
26 0 3.1954593225227983
26 1 3.1854919191207913
26 2 3.271863501323751
26 3 3.2004279646048643
26 4 3.4012243900917682
26 5 3.8203352424850348
26 6 3.342172391149879
26 7 3.2506338761298528
26 8 3.7849583725266562
26 9 4.069830456122581
26 10 3.3229734906876867
26 11 4.520817186032745
26 12 4.399750467811375
26 13 3.88181065049244
26 14 4.9317956970434045
26 15 5.0608308219582225
26 16 4.163369401111327
26 17 5.68132279405335
26 18 4.110196353690566
26 19 4.0847184973437045
26 20 4.09867691769826
26 21 4.0556021944913185
26 22 3.9124190579508773
26 23 3.935457232743072
26 24 3.6374824202111036
26 25 3.097792853161388
26 26 3.0733443852515285
26 27 3.050083477525053
26 28 2.872362727359092
26 29 3.102979679846151
27 0 3.0570601896256506
27 1 2.8163698836912117
27 2 3.5411091891233295
27 3 3.272083256068277
27 4 3.397612419462681
27 5 3.457561111112415
27 6 3.531620321187098
27 7 3.1053633542202728
27 8 3.1335508288777647
27 9 3.482029153173873
27 10 4.095958473045452
27 11 3.8817404549229155
27 12 3.9713649190729745
27 13 4.016430694952378
27 14 3.9022836807360557
27 15 4.017034330397278
27 16 4.241393180019804
27 17 3.892421948440516
27 18 3.9743743512803764
27 19 4.352469334984573
27 20 3.4149330290781688
27 21 3.6669576249331044
27 22 3.708074857502979
27 23 3.2680944788488278
27 24 3.2738241644136212
27 25 3.598186280819805
27 26 3.124428180807378
27 27 3.144749360527874
27 28 2.614762383171089
27 29 3.3734370000731517
28 0 3.007078603282943
28 1 3.078910705739144
28 2 3.373151783067402
28 3 3.652356617989001
28 4 2.853580529020837
28 5 3.0747635207811705
28 6 3.739310714177906
28 7 3.6538234764337743
28 8 3.1385694466321348
28 9 3.498990846708416
28 10 3.2143655815846146
28 11 3.6479071320386494
28 12 3.7771329919545735
28 13 3.9664287276925254
28 14 3.7946008688795616
28 15 3.4149330290781688
28 16 5.001634976189667
28 17 4.0038247742784625
28 18 3.4632229229774825
28 19 3.978823999014574
28 20 3.6635023728523994
28 21 3.2395340276288906
28 22 3.293265962689491
28 23 3.4463891190089346
28 24 3.4814414591746328
28 25 3.5880549418157703
28 26 2.9652271926607034
28 27 3.3383081010526783
28 28 2.9005938914172185
28 29 3.170713001858735
29 0 3.0792953524098308
29 1 2.9824756704270254
29 2 3.5170349166374106
29 3 3.3143377620453354
29 4 3.3823291297407003
29 5 2.8547561888920376
29 6 3.1106221820821403
29 7 3.7100907339939093
29 8 3.4584018748483225
29 9 3.246272152933336
29 10 3.097792853161388
29 11 3.0612441096674923
29 12 3.4309729783315372
29 13 3.374055793850892
29 14 3.3770512358207503
29 15 3.505539470234246
29 16 3.34742280834231
29 17 3.89434373932606
29 18 4.146593464938111
29 19 3.4281272022006886
29 20 3.6247995687534647
29 21 3.2881331936632816
29 22 3.2751685652103935
29 23 3.594264274661784
29 24 3.085054800743114
29 25 2.636257459841411
29 26 3.4284450384163487
29 27 3.135019047406769
29 28 3.228783628823637
29 29 3.140243364909838
