0 0 1.7210239782408656
0 1 1.7798856777075027
0 2 1.8168207591911856
0 3 1.6020176867296756
0 4 1.6187580793949374
0 5 2.099402932804665
0 6 1.4121995826529756
0 7 1.7888844751973232
0 8 1.5666234870367501
0 9 2.263611331263972
0 10 2.0680394223196576
0 11 2.0879068126027858
0 12 1.5502515828797105
0 13 1.665352465993447
0 14 1.9752745508734897
0 15 1.479244854395905
0 16 1.9752745508734897
0 17 1.665352465993447
0 18 1.5502515828797105
0 19 2.0879068126027858
0 20 2.0680394223196576
0 21 2.263611331263972
0 22 1.5666234870367501
0 23 1.7888844751973232
0 24 1.4121995826529756
0 25 2.099402932804665
0 26 1.6187580793949374
0 27 1.6020176867296756
0 28 1.8168207591911856
0 29 1.7798856777075027
1 0 1.7350882550912805
1 1 1.787586378530157
1 2 1.9100198000256714
1 3 2.0609699011777676
1 4 1.4855876527278538
1 5 1.6822410583532472
1 6 1.576803693367962
1 7 1.8994831434773156
1 8 2.104821386492631
1 9 1.6692064550025565
1 10 1.715569187825831
1 11 2.4679871818355488
1 12 1.9251913647423815
1 13 1.971335953580117
1 14 2.098725535427561
1 15 1.9510749689474305
1 16 2.098725535427561
1 17 1.971335953580117
1 18 1.9251913647423815
1 19 2.4679871818355488
1 20 1.715569187825831
1 21 1.6692064550025565
1 22 2.104821386492631
1 23 1.8994831434773156
1 24 1.576803693367962
1 25 1.6822410583532472
1 26 1.4855876527278538
1 27 2.0609699011777676
1 28 1.9100198000256714
1 29 1.787586378530157
2 0 1.7315738262089688
2 1 1.6021753106559438
2 2 1.802501613853351
2 3 1.989770674143441
2 4 1.706877031915765
2 5 1.6626639814023392
2 6 2.1147797931092325
2 7 2.072777267511234
2 8 1.8932599918221462
2 9 1.7826862432896553
2 10 1.9799658963887803
2 11 2.419773701830799
2 12 2.219640579995749
2 13 2.0309047882958904
2 14 1.628745655751893
2 15 2.7607729450397374
2 16 1.628745655751893
2 17 2.0309047882958904
2 18 2.219640579995749
2 19 2.419773701830799
2 20 1.9799658963887803
2 21 1.7826862432896553
2 22 1.8932599918221462
2 23 2.072777267511234
2 24 2.1147797931092325
2 25 1.6626639814023392
2 26 1.706877031915765
2 27 1.989770674143441
2 28 1.802501613853351
2 29 1.6021753106559438
3 0 1.6515337077668646
3 1 1.6552562300676799
3 2 1.6488721182090853
3 3 1.5766017576839422
3 4 1.6303682575497205
3 5 2.061503048873166
3 6 1.9796919695742927
3 7 1.665080351793237
3 8 1.927141685087803
3 9 1.9412549293864645
3 10 2.1094041541763437
3 11 1.6997000770590982
3 12 2.4797479789766608
3 13 3.047436650210778
3 14 1.9759040645319197
3 15 1.9633366277995428
3 16 1.9759040645319197
3 17 3.047436650210778
3 18 2.4797479789766608
3 19 1.6997000770590982
3 20 2.1094041541763437
3 21 1.9412549293864645
3 22 1.927141685087803
3 23 1.665080351793237
3 24 1.9796919695742927
3 25 2.061503048873166
3 26 1.6303682575497205
3 27 1.5766017576839422
3 28 1.6488721182090853
3 29 1.6552562300676799
4 0 1.771019562250624
4 1 1.752062074920662
4 2 1.6725155666869094
4 3 1.5185064104258321
4 4 1.89016567277687
4 5 1.8999323579476808
4 6 1.6883793977974642
4 7 1.9593889097577972
4 8 2.2648240968604263
4 9 1.9969180225633265
4 10 2.708980645930966
4 11 2.1012129270489313
4 12 2.181386348602821
4 13 2.3859167893557993
4 14 2.953294228532079
4 15 2.946039299307331
4 16 2.953294228532079
4 17 2.3859167893557993
4 18 2.181386348602821
4 19 2.1012129270489313
4 20 2.708980645930966
4 21 1.9969180225633265
4 22 2.2648240968604263
4 23 1.9593889097577972
4 24 1.6883793977974642
4 25 1.8999323579476808
4 26 1.89016567277687
4 27 1.5185064104258321
4 28 1.6725155666869094
4 29 1.752062074920662
5 0 1.7499054006428354
5 1 1.864783324710908
5 2 1.7210995506495232
5 3 1.766352188563158
5 4 2.0996746331461176
5 5 2.0068253378272956
5 6 1.7885414695851434
5 7 1.9925911861715642
5 8 1.8921049792223208
5 9 2.2407272207621816
5 10 2.118252158456349
5 11 2.696138344633282
5 12 2.2489513486222186
5 13 2.413372939210452
5 14 2.618019494359612
5 15 2.7657054797479352
5 16 2.618019494359612
5 17 2.413372939210452
5 18 2.2489513486222186
5 19 2.696138344633282
5 20 2.118252158456349
5 21 2.2407272207621816
5 22 1.8921049792223208
5 23 1.9925911861715642
5 24 1.7885414695851434
5 25 2.0068253378272956
5 26 2.0996746331461176
5 27 1.766352188563158
5 28 1.7210995506495232
5 29 1.864783324710908
6 0 1.8446391909371544
6 1 1.7505319057988669
6 2 1.773701568380685
6 3 2.3736833263795365
6 4 1.6569244397473322
6 5 1.9605488191347211
6 6 1.882481675834369
6 7 1.9151829700955685
6 8 2.3223909521335657
6 9 1.979738699383172
6 10 2.5638509921845016
6 11 2.50418448790888
6 12 2.921354520211347
6 13 2.7661025114128903
6 14 2.929920443647909
6 15 3.029903880361918
6 16 2.929920443647909
6 17 2.7661025114128903
6 18 2.921354520211347
6 19 2.50418448790888
6 20 2.5638509921845016
6 21 1.979738699383172
6 22 2.3223909521335657
6 23 1.9151829700955685
6 24 1.882481675834369
6 25 1.9605488191347211
6 26 1.6569244397473322
6 27 2.3736833263795365
6 28 1.773701568380685
6 29 1.7505319057988669
7 0 1.6849560644888901
7 1 1.9909585776952903
7 2 1.765701201690501
7 3 1.9428115188979924
7 4 1.8709747033591106
7 5 1.842241136348929
7 6 1.7034615936794333
7 7 2.5439587400787462
7 8 2.0829140848556027
7 9 2.4407591644326327
7 10 2.6157988969213273
7 11 3.121916411447829
7 12 3.583416093270253
7 13 2.988884446906642
7 14 4.2073507436644295
7 15 3.4594569572447296
7 16 4.2073507436644295
7 17 2.988884446906642
7 18 3.583416093270253
7 19 3.121916411447829
7 20 2.6157988969213273
7 21 2.4407591644326327
7 22 2.0829140848556027
7 23 2.5439587400787462
7 24 1.7034615936794333
7 25 1.842241136348929
7 26 1.8709747033591106
7 27 1.9428115188979924
7 28 1.765701201690501
7 29 1.9909585776952903
8 0 1.4361082835330994
8 1 1.6097906389223455
8 2 2.1611563648730194
8 3 1.3765951770369307
8 4 1.5169826752372406
8 5 1.8916687176548546
8 6 1.6534835290165635
8 7 2.5518848721473586
8 8 2.183831274315102
8 9 2.5766545800759824
8 10 2.813395126694235
8 11 3.088885504144018
8 12 3.7712092149866843
8 13 3.7367607199460084
8 14 4.905502635819367
8 15 3.9523780570179707
8 16 4.905502635819367
8 17 3.7367607199460084
8 18 3.7712092149866843
8 19 3.088885504144018
8 20 2.813395126694235
8 21 2.5766545800759824
8 22 2.183831274315102
8 23 2.5518848721473586
8 24 1.6534835290165635
8 25 1.8916687176548546
8 26 1.5169826752372406
8 27 1.3765951770369307
8 28 2.1611563648730194
8 29 1.6097906389223455
9 0 1.805709931980943
9 1 1.53533351937045
9 2 1.816498998777255
9 3 1.80058248860779
9 4 1.791774561410806
9 5 2.16294885314508
9 6 2.3798880192375487
9 7 1.9764104026517206
9 8 2.076763136959553
9 9 2.107774940329214
9 10 3.198651388816983
9 11 3.474863096384092
9 12 3.7381230597355297
9 13 4.272247495343727
9 14 5.279200837244356
9 15 4.423753320671649
9 16 5.279200837244356
9 17 4.272247495343727
9 18 3.7381230597355297
9 19 3.474863096384092
9 20 3.198651388816983
9 21 2.107774940329214
9 22 2.076763136959553
9 23 1.9764104026517206
9 24 2.3798880192375487
9 25 2.16294885314508
9 26 1.791774561410806
9 27 1.80058248860779
9 28 1.816498998777255
9 29 1.53533351937045
10 0 1.7816088842874152
10 1 1.6989084829415244
10 2 2.0311263656528573
10 3 1.779684371682333
10 4 1.9866556369757051
10 5 2.2348636260578374
10 6 2.6159749629302973
10 7 2.08231422522615
10 8 2.8060824204505184
10 9 2.7587076023097263
10 10 2.4097644018622137
10 11 3.043223531597966
10 12 3.22784387722881
10 13 4.501440806512434
10 14 6.561956106437532
10 15 13.42107349311917
10 16 6.561956106437532
10 17 4.501440806512434
10 18 3.22784387722881
10 19 3.043223531597966
10 20 2.4097644018622137
10 21 2.7587076023097263
10 22 2.8060824204505184
10 23 2.08231422522615
10 24 2.6159749629302973
10 25 2.2348636260578374
10 26 1.9866556369757051
10 27 1.779684371682333
10 28 2.0311263656528573
10 29 1.6989084829415244
11 0 1.6160268794452535
11 1 2.1683851082650136
11 2 1.6596996857209012
11 3 1.9828289058309096
11 4 2.0084722465282607
11 5 1.8832738963545463
11 6 2.4584483654749545
11 7 1.969959557083
11 8 2.7163884098995053
11 9 3.2008434828330605
11 10 3.049335762963657
11 11 2.658047223331836
11 12 3.393321793199113
11 13 4.151747054663589
11 14 4.574260982916996
11 15 5.501912940880476
11 16 4.574260982916996
11 17 4.151747054663589
11 18 3.393321793199113
11 19 2.658047223331836
11 20 3.049335762963657
11 21 3.2008434828330605
11 22 2.7163884098995053
11 23 1.969959557083
11 24 2.4584483654749545
11 25 1.8832738963545463
11 26 2.0084722465282607
11 27 1.9828289058309096
11 28 1.6596996857209012
11 29 2.1683851082650136
12 0 1.7156152015552046
12 1 1.9387228330440602
12 2 1.7001297453294384
12 3 1.7610391486210881
12 4 2.3360286465156617
12 5 1.7612910768308145
12 6 2.886808508727078
12 7 2.0553357132343053
12 8 2.3894583042155606
12 9 2.3057202595266113
12 10 3.3031350176706145
12 11 3.1547048654169436
12 12 4.065065541924573
12 13 3.5645257169077955
12 14 3.8502462841978664
12 15 3.694358666200479
12 16 3.8502462841978664
12 17 3.5645257169077955
12 18 4.065065541924573
12 19 3.1547048654169436
12 20 3.3031350176706145
12 21 2.3057202595266113
12 22 2.3894583042155606
12 23 2.0553357132343053
12 24 2.886808508727078
12 25 1.7612910768308145
12 26 2.3360286465156617
12 27 1.7610391486210881
12 28 1.7001297453294384
12 29 1.9387228330440602
13 0 1.61587636463958
13 1 2.068629533125665
13 2 1.7817217922302264
13 3 1.9943636759537853
13 4 1.837165301511585
13 5 2.028359803851421
13 6 2.694983977770482
13 7 2.4279988998853734
13 8 2.508395365800301
13 9 2.935023593953724
13 10 2.9978337963209705
13 11 3.577725575013547
13 12 3.6469762885419037
13 13 3.480625309992472
13 14 3.2866054080143683
13 15 4.085758522751714
13 16 3.2866054080143683
13 17 3.480625309992472
13 18 3.6469762885419037
13 19 3.577725575013547
13 20 2.9978337963209705
13 21 2.935023593953724
13 22 2.508395365800301
13 23 2.4279988998853734
13 24 2.694983977770482
13 25 2.028359803851421
13 26 1.837165301511585
13 27 1.9943636759537853
13 28 1.7817217922302264
13 29 2.068629533125665
14 0 2.153729921262997
14 1 2.2882363085906907
14 2 1.7996853374555852
14 3 1.8528400267149276
14 4 1.9315765220095396
14 5 2.4335228982559634
14 6 1.710735774120481
14 7 2.2897040587563002
14 8 2.409256601945142
14 9 2.5106731916916525
14 10 2.580337670689362
14 11 3.0419448845076555
14 12 2.668703268649302
14 13 3.5256087870470036
14 14 3.1693328053956327
14 15 2.8697194142975144
14 16 3.1693328053956327
14 17 3.5256087870470036
14 18 2.668703268649302
14 19 3.0419448845076555
14 20 2.580337670689362
14 21 2.5106731916916525
14 22 2.409256601945142
14 23 2.2897040587563002
14 24 1.710735774120481
14 25 2.4335228982559634
14 26 1.9315765220095396
14 27 1.8528400267149276
14 28 1.7996853374555852
14 29 2.2882363085906907
15 0 1.8370039272024457
15 1 1.8788526562351378
15 2 2.118864740929083
15 3 2.4067855131595137
15 4 1.9949939758696473
15 5 1.7632154010284578
15 6 2.664449754784867
15 7 2.2211070523464587
15 8 2.864490119172175
15 9 3.121602758376777
15 10 2.4777221895563546
15 11 2.7075915662663754
15 12 2.982817156038248
15 13 3.2676914394979932
15 14 2.835014261164107
15 15 2.706075123719775
15 16 2.835014261164107
15 17 3.2676914394979932
15 18 2.982817156038248
15 19 2.7075915662663754
15 20 2.4777221895563546
15 21 3.121602758376777
15 22 2.864490119172175
15 23 2.2211070523464587
15 24 2.664449754784867
15 25 1.7632154010284578
15 26 1.9949939758696473
15 27 2.4067855131595137
15 28 2.118864740929083
15 29 1.8788526562351378
16 0 2.153729921262997
16 1 2.2882363085906907
16 2 1.7996853374555852
16 3 1.8528400267149276
16 4 1.9315765220095396
16 5 2.4335228982559634
16 6 1.710735774120481
16 7 2.2897040587563002
16 8 2.409256601945142
16 9 2.5106731916916525
16 10 2.580337670689362
16 11 3.0419448845076555
16 12 2.668703268649302
16 13 3.5256087870470036
16 14 3.1693328053956327
16 15 2.8697194142975144
16 16 3.1693328053956327
16 17 3.5256087870470036
16 18 2.668703268649302
16 19 3.0419448845076555
16 20 2.580337670689362
16 21 2.5106731916916525
16 22 2.409256601945142
16 23 2.2897040587563002
16 24 1.710735774120481
16 25 2.4335228982559634
16 26 1.9315765220095396
16 27 1.8528400267149276
16 28 1.7996853374555852
16 29 2.2882363085906907
17 0 1.61587636463958
17 1 2.068629533125665
17 2 1.7817217922302264
17 3 1.9943636759537853
17 4 1.837165301511585
17 5 2.028359803851421
17 6 2.694983977770482
17 7 2.4279988998853734
17 8 2.508395365800301
17 9 2.935023593953724
17 10 2.9978337963209705
17 11 3.577725575013547
17 12 3.6469762885419037
17 13 3.480625309992472
17 14 3.2866054080143683
17 15 4.085758522751714
17 16 3.2866054080143683
17 17 3.480625309992472
17 18 3.6469762885419037
17 19 3.577725575013547
17 20 2.9978337963209705
17 21 2.935023593953724
17 22 2.508395365800301
17 23 2.4279988998853734
17 24 2.694983977770482
17 25 2.028359803851421
17 26 1.837165301511585
17 27 1.9943636759537853
17 28 1.7817217922302264
17 29 2.068629533125665
18 0 1.7156152015552046
18 1 1.9387228330440602
18 2 1.7001297453294384
18 3 1.7610391486210881
18 4 2.3360286465156617
18 5 1.7612910768308145
18 6 2.886808508727078
18 7 2.0553357132343053
18 8 2.3894583042155606
18 9 2.3057202595266113
18 10 3.3031350176706145
18 11 3.1547048654169436
18 12 4.065065541924573
18 13 3.5645257169077955
18 14 3.8502462841978664
18 15 3.694358666200479
18 16 3.8502462841978664
18 17 3.5645257169077955
18 18 4.065065541924573
18 19 3.1547048654169436
18 20 3.3031350176706145
18 21 2.3057202595266113
18 22 2.3894583042155606
18 23 2.0553357132343053
18 24 2.886808508727078
18 25 1.7612910768308145
18 26 2.3360286465156617
18 27 1.7610391486210881
18 28 1.7001297453294384
18 29 1.9387228330440602
19 0 1.6160268794452535
19 1 2.1683851082650136
19 2 1.6596996857209012
19 3 1.9828289058309096
19 4 2.0084722465282607
19 5 1.8832738963545463
19 6 2.4584483654749545
19 7 1.969959557083
19 8 2.7163884098995053
19 9 3.2008434828330605
19 10 3.049335762963657
19 11 2.658047223331836
19 12 3.393321793199113
19 13 4.151747054663589
19 14 4.574260982916996
19 15 5.501912940880476
19 16 4.574260982916996
19 17 4.151747054663589
19 18 3.393321793199113
19 19 2.658047223331836
19 20 3.049335762963657
19 21 3.2008434828330605
19 22 2.7163884098995053
19 23 1.969959557083
19 24 2.4584483654749545
19 25 1.8832738963545463
19 26 2.0084722465282607
19 27 1.9828289058309096
19 28 1.6596996857209012
19 29 2.1683851082650136
20 0 1.7816088842874152
20 1 1.6989084829415244
20 2 2.0311263656528573
20 3 1.779684371682333
20 4 1.9866556369757051
20 5 2.2348636260578374
20 6 2.6159749629302973
20 7 2.08231422522615
20 8 2.8060824204505184
20 9 2.7587076023097263
20 10 2.4097644018622137
20 11 3.043223531597966
20 12 3.22784387722881
20 13 4.501440806512434
20 14 6.561956106437532
20 15 13.42107349311917
20 16 6.561956106437532
20 17 4.501440806512434
20 18 3.22784387722881
20 19 3.043223531597966
20 20 2.4097644018622137
20 21 2.7587076023097263
20 22 2.8060824204505184
20 23 2.08231422522615
20 24 2.6159749629302973
20 25 2.2348636260578374
20 26 1.9866556369757051
20 27 1.779684371682333
20 28 2.0311263656528573
20 29 1.6989084829415244
21 0 1.805709931980943
21 1 1.53533351937045
21 2 1.816498998777255
21 3 1.80058248860779
21 4 1.791774561410806
21 5 2.16294885314508
21 6 2.3798880192375487
21 7 1.9764104026517206
21 8 2.076763136959553
21 9 2.107774940329214
21 10 3.198651388816983
21 11 3.474863096384092
21 12 3.7381230597355297
21 13 4.272247495343727
21 14 5.279200837244356
21 15 4.423753320671649
21 16 5.279200837244356
21 17 4.272247495343727
21 18 3.7381230597355297
21 19 3.474863096384092
21 20 3.198651388816983
21 21 2.107774940329214
21 22 2.076763136959553
21 23 1.9764104026517206
21 24 2.3798880192375487
21 25 2.16294885314508
21 26 1.791774561410806
21 27 1.80058248860779
21 28 1.816498998777255
21 29 1.53533351937045
22 0 1.4361082835330994
22 1 1.6097906389223455
22 2 2.1611563648730194
22 3 1.3765951770369307
22 4 1.5169826752372406
22 5 1.8916687176548546
22 6 1.6534835290165635
22 7 2.5518848721473586
22 8 2.183831274315102
22 9 2.5766545800759824
22 10 2.813395126694235
22 11 3.088885504144018
22 12 3.7712092149866843
22 13 3.7367607199460084
22 14 4.905502635819367
22 15 3.9523780570179707
22 16 4.905502635819367
22 17 3.7367607199460084
22 18 3.7712092149866843
22 19 3.088885504144018
22 20 2.813395126694235
22 21 2.5766545800759824
22 22 2.183831274315102
22 23 2.5518848721473586
22 24 1.6534835290165635
22 25 1.8916687176548546
22 26 1.5169826752372406
22 27 1.3765951770369307
22 28 2.1611563648730194
22 29 1.6097906389223455
23 0 1.6849560644888901
23 1 1.9909585776952903
23 2 1.765701201690501
23 3 1.9428115188979924
23 4 1.8709747033591106
23 5 1.842241136348929
23 6 1.7034615936794333
23 7 2.5439587400787462
23 8 2.0829140848556027
23 9 2.4407591644326327
23 10 2.6157988969213273
23 11 3.121916411447829
23 12 3.583416093270253
23 13 2.988884446906642
23 14 4.2073507436644295
23 15 3.4594569572447296
23 16 4.2073507436644295
23 17 2.988884446906642
23 18 3.583416093270253
23 19 3.121916411447829
23 20 2.6157988969213273
23 21 2.4407591644326327
23 22 2.0829140848556027
23 23 2.5439587400787462
23 24 1.7034615936794333
23 25 1.842241136348929
23 26 1.8709747033591106
23 27 1.9428115188979924
23 28 1.765701201690501
23 29 1.9909585776952903
24 0 1.8446391909371544
24 1 1.7505319057988669
24 2 1.773701568380685
24 3 2.3736833263795365
24 4 1.6569244397473322
24 5 1.9605488191347211
24 6 1.882481675834369
24 7 1.9151829700955685
24 8 2.3223909521335657
24 9 1.979738699383172
24 10 2.5638509921845016
24 11 2.50418448790888
24 12 2.921354520211347
24 13 2.7661025114128903
24 14 2.929920443647909
24 15 3.029903880361918
24 16 2.929920443647909
24 17 2.7661025114128903
24 18 2.921354520211347
24 19 2.50418448790888
24 20 2.5638509921845016
24 21 1.979738699383172
24 22 2.3223909521335657
24 23 1.9151829700955685
24 24 1.882481675834369
24 25 1.9605488191347211
24 26 1.6569244397473322
24 27 2.3736833263795365
24 28 1.773701568380685
24 29 1.7505319057988669
25 0 1.7499054006428354
25 1 1.864783324710908
25 2 1.7210995506495232
25 3 1.766352188563158
25 4 2.0996746331461176
25 5 2.0068253378272956
25 6 1.7885414695851434
25 7 1.9925911861715642
25 8 1.8921049792223208
25 9 2.2407272207621816
25 10 2.118252158456349
25 11 2.696138344633282
25 12 2.2489513486222186
25 13 2.413372939210452
25 14 2.618019494359612
25 15 2.7657054797479352
25 16 2.618019494359612
25 17 2.413372939210452
25 18 2.2489513486222186
25 19 2.696138344633282
25 20 2.118252158456349
25 21 2.2407272207621816
25 22 1.8921049792223208
25 23 1.9925911861715642
25 24 1.7885414695851434
25 25 2.0068253378272956
25 26 2.0996746331461176
25 27 1.766352188563158
25 28 1.7210995506495232
25 29 1.864783324710908
26 0 1.771019562250624
26 1 1.752062074920662
26 2 1.6725155666869094
26 3 1.5185064104258321
26 4 1.89016567277687
26 5 1.8999323579476808
26 6 1.6883793977974642
26 7 1.9593889097577972
26 8 2.2648240968604263
26 9 1.9969180225633265
26 10 2.708980645930966
26 11 2.1012129270489313
26 12 2.181386348602821
26 13 2.3859167893557993
26 14 2.953294228532079
26 15 2.946039299307331
26 16 2.953294228532079
26 17 2.3859167893557993
26 18 2.181386348602821
26 19 2.1012129270489313
26 20 2.708980645930966
26 21 1.9969180225633265
26 22 2.2648240968604263
26 23 1.9593889097577972
26 24 1.6883793977974642
26 25 1.8999323579476808
26 26 1.89016567277687
26 27 1.5185064104258321
26 28 1.6725155666869094
26 29 1.752062074920662
27 0 1.6515337077668646
27 1 1.6552562300676799
27 2 1.6488721182090853
27 3 1.5766017576839422
27 4 1.6303682575497205
27 5 2.061503048873166
27 6 1.9796919695742927
27 7 1.665080351793237
27 8 1.927141685087803
27 9 1.9412549293864645
27 10 2.1094041541763437
27 11 1.6997000770590982
27 12 2.4797479789766608
27 13 3.047436650210778
27 14 1.9759040645319197
27 15 1.9633366277995428
27 16 1.9759040645319197
27 17 3.047436650210778
27 18 2.4797479789766608
27 19 1.6997000770590982
27 20 2.1094041541763437
27 21 1.9412549293864645
27 22 1.927141685087803
27 23 1.665080351793237
27 24 1.9796919695742927
27 25 2.061503048873166
27 26 1.6303682575497205
27 27 1.5766017576839422
27 28 1.6488721182090853
27 29 1.6552562300676799
28 0 1.7315738262089688
28 1 1.6021753106559438
28 2 1.802501613853351
28 3 1.989770674143441
28 4 1.706877031915765
28 5 1.6626639814023392
28 6 2.1147797931092325
28 7 2.072777267511234
28 8 1.8932599918221462
28 9 1.7826862432896553
28 10 1.9799658963887803
28 11 2.419773701830799
28 12 2.219640579995749
28 13 2.0309047882958904
28 14 1.628745655751893
28 15 2.7607729450397374
28 16 1.628745655751893
28 17 2.0309047882958904
28 18 2.219640579995749
28 19 2.419773701830799
28 20 1.9799658963887803
28 21 1.7826862432896553
28 22 1.8932599918221462
28 23 2.072777267511234
28 24 2.1147797931092325
28 25 1.6626639814023392
28 26 1.706877031915765
28 27 1.989770674143441
28 28 1.802501613853351
28 29 1.6021753106559438
29 0 1.7350882550912805
29 1 1.787586378530157
29 2 1.9100198000256714
29 3 2.0609699011777676
29 4 1.4855876527278538
29 5 1.6822410583532472
29 6 1.576803693367962
29 7 1.8994831434773156
29 8 2.104821386492631
29 9 1.6692064550025565
29 10 1.715569187825831
29 11 2.4679871818355488
29 12 1.9251913647423815
29 13 1.971335953580117
29 14 2.098725535427561
29 15 1.9510749689474305
29 16 2.098725535427561
29 17 1.971335953580117
29 18 1.9251913647423815
29 19 2.4679871818355488
29 20 1.715569187825831
29 21 1.6692064550025565
29 22 2.104821386492631
29 23 1.8994831434773156
29 24 1.576803693367962
29 25 1.6822410583532472
29 26 1.4855876527278538
29 27 2.0609699011777676
29 28 1.9100198000256714
29 29 1.787586378530157
