0 0 1.7099817203394616
0 1 2.1796744113622095
0 2 1.6169143052042128
0 3 1.7023193450829315
0 4 1.791655398189671
0 5 1.6723359052621611
0 6 1.7765436534049173
0 7 2.190671809695855
0 8 1.8172193692061647
0 9 1.7484025132228844
0 10 1.838476274875021
0 11 1.9067099510780952
0 12 1.7957864347387917
0 13 1.8289602309543527
0 14 1.7230839988046716
0 15 1.5502515828797105
0 16 1.9769373437984754
0 17 1.5705391497189913
0 18 1.5974988002505341
0 19 1.964797250000892
0 20 1.6873674591784031
0 21 1.7407374668654736
0 22 1.542944530030226
0 23 1.8894385269354623
0 24 1.8671459060033968
0 25 1.967035132083007
0 26 1.7367844519540174
0 27 1.626456129130613
0 28 1.535518335895782
0 29 1.8951047278424336
1 0 1.9920062999937385
1 1 1.6142742265404852
1 2 1.8867014512659819
1 3 1.7594802174883808
1 4 1.8254138777128877
1 5 2.074072146216716
1 6 1.9737397480422183
1 7 1.8962712072338306
1 8 1.5104897075344774
1 9 2.037748199992588
1 10 2.54631733027008
1 11 2.1484294019393277
1 12 1.9261151386883273
1 13 2.1661823269831744
1 14 2.617291344044182
1 15 1.9251913647423815
1 16 1.7209152438783184
1 17 1.7570687947195136
1 18 1.8835504085816228
1 19 2.11641889092048
1 20 2.2336233387017814
1 21 2.013339554307345
1 22 1.54630928428384
1 23 1.9519097736574451
1 24 1.6841834108556757
1 25 1.828540546182887
1 26 1.748247846436835
1 27 1.6945376990737382
1 28 1.7120733173873974
1 29 1.6877349881828574
2 0 1.7688036441390735
2 1 1.640376583989563
2 2 1.4420647887855864
2 3 1.598067086451509
2 4 2.0644330195389133
2 5 2.058267379778229
2 6 1.6246652269597246
2 7 2.1954221681388346
2 8 2.241242091519015
2 9 1.832521197833171
2 10 1.5030527560637499
2 11 2.079523911989548
2 12 2.1250582035812786
2 13 2.0409002363509745
2 14 2.006944318392123
2 15 2.219640579995749
2 16 2.068534482810683
2 17 1.7775762196126248
2 18 2.1501625481940487
2 19 1.562456254095839
2 20 1.7123764406953879
2 21 1.9897197863560816
2 22 1.7216196907255157
2 23 1.7585187489892822
2 24 2.0786079940738404
2 25 1.3595759656484554
2 26 1.7171087185823217
2 27 1.978078405911512
2 28 1.7995223886273455
2 29 1.5522464021984337
3 0 1.9247899869968952
3 1 1.6485586541386539
3 2 1.470210207012124
3 3 1.8233625406882819
3 4 1.8030704043876158
3 5 1.5812451950913997
3 6 2.176071740824396
3 7 1.998099449078697
3 8 1.9935304876242466
3 9 2.102973774568414
3 10 2.4404169463688827
3 11 2.358701254891834
3 12 2.088556067403499
3 13 1.802640316300762
3 14 2.2662676080905024
3 15 2.4797479789766608
3 16 1.9990017381918466
3 17 1.8797332334742103
3 18 1.9924750805237552
3 19 2.4801640367526665
3 20 2.0540181522423744
3 21 1.817351303420634
3 22 1.7558735139375587
3 23 2.3143428965729633
3 24 1.7551859369306224
3 25 1.9225996897866864
3 26 1.8410243736926881
3 27 1.7127747204253398
3 28 1.7429934280811499
3 29 1.5675870953923263
4 0 1.747568779486493
4 1 1.6721732967450909
4 2 1.8300241883787143
4 3 2.0756611322023404
4 4 1.3819780306471205
4 5 2.54631733027008
4 6 2.2050083420230613
4 7 2.1016520896368447
4 8 2.6152106813567304
4 9 2.03054737319649
4 10 2.4596918086765167
4 11 2.988682747289685
4 12 2.755889017411086
4 13 2.6064994097076717
4 14 2.375993905455676
4 15 2.181386348602821
4 16 2.613334930574376
4 17 2.711642950609474
4 18 2.194915457431888
4 19 1.9738806082923834
4 20 1.8045106623887566
4 21 1.9972695898230368
4 22 1.5850471065156644
4 23 1.7487899796073711
4 24 2.332050176894689
4 25 1.4627492297042102
4 26 1.849514032899543
4 27 1.9464337552458195
4 28 1.874526034371999
4 29 1.6922092361375385
5 0 1.5798437635732026
5 1 1.5650367276070711
5 2 2.0026251922891176
5 3 1.8912872234494886
5 4 1.8908051992604589
5 5 1.9911488247311897
5 6 2.220908111048143
5 7 2.7019219502577054
5 8 2.674231792036637
5 9 3.2654823879059536
5 10 2.683042078864001
5 11 2.6385701257369596
5 12 2.5676287397301376
5 13 2.523421437487134
5 14 2.764531486840846
5 15 2.2489513486222186
5 16 2.7952081768866024
5 17 2.283896617701221
5 18 2.0224676535785706
5 19 2.346499011716236
5 20 1.9800622165410358
5 21 2.0255646334111415
5 22 1.8420532328489332
5 23 1.675760349092585
5 24 2.0443420965628314
5 25 1.6901834455438232
5 26 1.6566904501097601
5 27 1.4573802783429548
5 28 1.7081771713144387
5 29 1.8186457210546136
6 0 1.8500250730244152
6 1 2.175348803927039
6 2 1.5918788276688598
6 3 1.7385337205731022
6 4 2.282416904997496
6 5 2.4476256619569954
6 6 2.3000472123133333
6 7 2.3079835712230046
6 8 2.3434178616906713
6 9 3.252326689295296
6 10 3.0081854940267823
6 11 3.6984736596028323
6 12 2.765249334709941
6 13 3.2165969892738997
6 14 3.0841026304801655
6 15 2.921354520211347
6 16 2.2757743386107685
6 17 2.9063085219034908
6 18 2.1481449064150078
6 19 2.4787701471437056
6 20 2.429229374849315
6 21 1.7708242580838631
6 22 2.41141165553394
6 23 1.7073245901396679
6 24 1.7919295932494985
6 25 1.9397479295659692
6 26 2.0596063295918436
6 27 1.6473950545779374
6 28 1.8015736130287516
6 29 2.279311864498758
7 0 1.5603216396565056
7 1 2.031046119299563
7 2 1.5408734032476499
7 3 2.044636574074207
7 4 2.0556652231637607
7 5 3.0632176440810186
7 6 2.2327467838190356
7 7 3.0646571579817428
7 8 3.3577097351386422
7 9 2.9231885526343513
7 10 2.40779472173648
7 11 4.370968121083065
7 12 3.6719088028132116
7 13 2.9058564316733895
7 14 3.0678554196565653
7 15 3.583416093270253
7 16 2.728275294361461
7 17 2.496859535107977
7 18 2.909888498031318
7 19 2.2844131127741147
7 20 2.522695314676081
7 21 2.3499210976901512
7 22 2.2474164059394646
7 23 2.1520781031939067
7 24 1.8037732247529021
7 25 1.7817217922302264
7 26 1.935642670652081
7 27 2.027722400051124
7 28 1.7570281521109992
7 29 1.6337493471444937
8 0 1.870447544170927
8 1 2.2001974199475978
8 2 1.5661248186083092
8 3 2.1633924729534644
8 4 2.006944318392123
8 5 2.248951321814282
8 6 2.8345364441900966
8 7 2.2781895614527765
8 8 2.881536191419297
8 9 2.0966268215165327
8 10 3.265821309237616
8 11 4.284424094883441
8 12 3.8691674415527424
8 13 3.486027084058659
8 14 3.0299180476902428
8 15 3.7712092149866843
8 16 2.7260218021875904
8 17 2.8916254762869094
8 18 2.521465841334394
8 19 3.048723369518413
8 20 1.857085263711939
8 21 2.8834439231208893
8 22 2.043584918997518
8 23 1.8759232489948008
8 24 2.445093925241442
8 25 1.7928399408977256
8 26 2.1208549290369745
8 27 1.9636772370159978
8 28 1.7540759621152557
8 29 1.5839801554618904
9 0 2.209341112781765
9 1 1.902082265358521
9 2 2.140374752976135
9 3 1.8708755372413706
9 4 2.118233233816163
9 5 1.9759040645319197
9 6 3.2840148250421013
9 7 3.0756732701972744
9 8 3.2165969892738997
9 9 2.883520425709822
9 10 4.391214338341698
9 11 5.477218667780223
9 12 5.489352219916164
9 13 6.593478192234897
9 14 3.54561983908942
9 15 3.7381230597355297
9 16 3.8733018502852445
9 17 2.9231237006835906
9 18 2.7594325717468355
9 19 2.2133692470341546
9 20 2.302790697281849
9 21 1.986795703541404
9 22 2.1573235201253538
9 23 1.9833849238294299
9 24 1.9497977116750211
9 25 1.9732807594098751
9 26 1.8896530792731154
9 27 1.8372522429876503
9 28 1.7435331915791208
9 29 1.7425993538772582
10 0 2.1170841055546363
10 1 1.6509363623738078
10 2 1.9792502733706812
10 3 1.927122954953836
10 4 2.467889720541344
10 5 2.0287848276788747
10 6 2.603589021519947
10 7 3.0250821718967025
10 8 3.512291426410402
10 9 3.2643493399262593
10 10 3.4590242115136935
10 11 5.819138418634868
10 12 10.88321030405715
10 13 5.56121951812428
10 14 3.8304728979843663
10 15 3.22784387722881
10 16 3.220621185930417
10 17 3.0399637623552764
10 18 2.87198718818446
10 19 3.000118402127473
10 20 2.595522542645639
10 21 2.327318044280669
10 22 2.3517442345091104
10 23 2.5021910296437313
10 24 2.145397839305544
10 25 1.9406929439090956
10 26 1.8758864291225081
10 27 1.5687620235803947
10 28 2.5789883350016303
10 29 1.6566904501097601
11 0 2.1147797931092325
11 1 1.6794584883288672
11 2 2.0373052804148135
11 3 2.087590200519579
11 4 2.081322968318742
11 5 2.118252158456349
11 6 2.704631943385351
11 7 2.668781615714279
11 8 3.231316257654749
11 9 3.076377218948467
11 10 4.905502635819367
11 11 4.824637041978399
11 12 5.421231840573061
11 13 6.6748671847931496
11 14 4.315349266948928
11 15 3.393321793199113
11 16 2.50542419787724
11 17 3.367016463302496
11 18 2.561245961644998
11 19 2.802132342863927
11 20 2.409256601945142
11 21 2.3248187670829403
11 22 1.8259471238196276
11 23 2.156101203089725
11 24 1.8033295853492237
11 25 1.837165301511585
11 26 2.0013259199986537
11 27 1.930603042251498
11 28 1.834554870424109
11 29 2.4807828593094388
12 0 2.2802479509919023
12 1 1.623005933450768
12 2 2.07834395251667
12 3 1.9924750805237552
12 4 2.225900559562758
12 5 1.8362389758680195
12 6 2.64137946611087
12 7 2.642017019527217
12 8 3.201925704336334
12 9 3.0950569267236765
12 10 3.569782742459651
12 11 3.501297143106733
12 12 4.2680925611351
12 13 4.405257397186567
12 14 3.6782306811475403
12 15 4.065065541924573
12 16 2.898592412340216
12 17 3.3569884573833377
12 18 3.2392171498754174
12 19 2.839766108585255
12 20 2.949300012618201
12 21 2.892935664499872
12 22 2.308665567511101
12 23 2.2729511453718216
12 24 1.9147366287161403
12 25 2.1811915230714525
12 26 2.4380433591679096
12 27 1.5838707686073163
12 28 1.7724503748402711
12 29 2.0093470286152755
13 0 2.2104397280238497
13 1 1.7660681783151897
13 2 1.5222099684737986
13 3 2.1211091637853907
13 4 2.4669436845953
13 5 2.0829140848556027
13 6 3.379789679850184
13 7 2.496859535107977
13 8 2.8741611964817806
13 9 3.4472395026739533
13 10 3.699388699027138
13 11 3.443360395737188
13 12 3.8289680221587736
13 13 3.6946827673936005
13 14 3.88441471990899
13 15 3.6469762885419037
13 16 3.478519314184783
13 17 3.275419115824473
13 18 3.2667529667643933
13 19 2.53461158937806
13 20 2.5517929170337226
13 21 2.5086084311734447
13 22 2.399652952543904
13 23 2.143068606240686
13 24 2.8834439231208893
13 25 2.612281406198697
13 26 1.849309691867988
13 27 2.043375639813154
13 28 1.7150771615957154
13 29 2.270275925603554
14 0 1.8679538442951036
14 1 1.5426804849751947
14 2 1.7935424919446015
14 3 2.083953735263848
14 4 1.88313062600824
14 5 2.305640939038095
14 6 2.221558181165291
14 7 2.153754496602612
14 8 3.4589876923167093
14 9 3.1619100997633747
14 10 3.354042882321804
14 11 2.50542419787724
14 12 4.154660993475267
14 13 3.0766858774615
14 14 3.2947057920445055
14 15 2.668703268649302
14 16 2.599299516886888
14 17 3.831080776263215
14 18 3.4979956606004743
14 19 2.8468061115590446
14 20 2.854592473035807
14 21 2.325815584026617
14 22 2.4855540942557908
14 23 2.077261184512662
14 24 2.300343213497749
14 25 2.5147725135307235
14 26 2.1327585646858056
14 27 1.8654531082943138
14 28 1.5850471065156644
14 29 1.7989713917014434
15 0 2.0427390727411416
15 1 1.473241344767637
15 2 1.4301271320772102
15 3 1.9817486441030447
15 4 1.8055451287538122
15 5 2.5895310268789586
15 6 2.3367763582890824
15 7 3.180784086720012
15 8 2.6701759534710043
15 9 3.170718662678586
15 10 3.3031350176706145
15 11 3.162326841454007
15 12 2.8456811568895253
15 13 2.6333596303134352
15 14 3.203478017111025
15 15 2.982817156038248
15 16 3.203478017111025
15 17 2.6333596303134352
15 18 2.8456811568895253
15 19 3.162326841454007
15 20 3.3031350176706145
15 21 3.170718662678586
15 22 2.6701759534710043
15 23 3.180784086720012
15 24 2.3367763582890824
15 25 2.5895310268789586
15 26 1.8055451287538122
15 27 1.9817486441030447
15 28 1.4301271320772102
15 29 1.473241344767637
16 0 1.7244888128584206
16 1 1.7989713917014434
16 2 1.5850471065156644
16 3 1.8654531082943138
16 4 2.1327585646858056
16 5 2.5147725135307235
16 6 2.300343213497749
16 7 2.077261184512662
16 8 2.4855540942557908
16 9 2.325815584026617
16 10 2.854592473035807
16 11 2.8468061115590446
16 12 3.4979956606004743
16 13 3.831080776263215
16 14 2.599299516886888
16 15 2.668703268649302
16 16 3.2947057920445055
16 17 3.0766858774615
16 18 4.154660993475267
16 19 2.50542419787724
16 20 3.354042882321804
16 21 3.1619100997633747
16 22 3.4589876923167093
16 23 2.153754496602612
16 24 2.221558181165291
16 25 2.305640939038095
16 26 1.88313062600824
16 27 2.083953735263848
16 28 1.7935424919446015
16 29 1.5426804849751947
17 0 1.7404821674660362
17 1 2.270275925603554
17 2 1.7150771615957154
17 3 2.043375639813154
17 4 1.849309691867988
17 5 2.612281406198697
17 6 2.8834439231208893
17 7 2.143068606240686
17 8 2.399652952543904
17 9 2.5086084311734447
17 10 2.5517929170337226
17 11 2.53461158937806
17 12 3.2667529667643933
17 13 3.275419115824473
17 14 3.478519314184783
17 15 3.6469762885419037
17 16 3.88441471990899
17 17 3.6946827673936005
17 18 3.8289680221587736
17 19 3.443360395737188
17 20 3.699388699027138
17 21 3.4472395026739533
17 22 2.8741611964817806
17 23 2.496859535107977
17 24 3.379789679850184
17 25 2.0829140848556027
17 26 2.4669436845953
17 27 2.1211091637853907
17 28 1.5222099684737986
17 29 1.7660681783151897
18 0 1.4708752746892737
18 1 2.0093470286152755
18 2 1.7724503748402711
18 3 1.5838707686073163
18 4 2.4380433591679096
18 5 2.1811915230714525
18 6 1.9147366287161403
18 7 2.2729511453718216
18 8 2.308665567511101
18 9 2.892935664499872
18 10 2.949300012618201
18 11 2.839766108585255
18 12 3.2392171498754174
18 13 3.3569884573833377
18 14 2.898592412340216
18 15 4.065065541924573
18 16 3.6782306811475403
18 17 4.405257397186567
18 18 4.2680925611351
18 19 3.501297143106733
18 20 3.569782742459651
18 21 3.0950569267236765
18 22 3.201925704336334
18 23 2.642017019527217
18 24 2.64137946611087
18 25 1.8362389758680195
18 26 2.225900559562758
18 27 1.9924750805237552
18 28 2.07834395251667
18 29 1.623005933450768
19 0 1.7816088842874152
19 1 2.4807828593094388
19 2 1.834554870424109
19 3 1.930603042251498
19 4 2.0013259199986537
19 5 1.837165301511585
19 6 1.8033295853492237
19 7 2.156101203089725
19 8 1.8259471238196276
19 9 2.3248187670829403
19 10 2.409256601945142
19 11 2.802132342863927
19 12 2.561245961644998
19 13 3.367016463302496
19 14 2.50542419787724
19 15 3.393321793199113
19 16 4.315349266948928
19 17 6.6748671847931496
19 18 5.421231840573061
19 19 4.824637041978399
19 20 4.905502635819367
19 21 3.076377218948467
19 22 3.231316257654749
19 23 2.668781615714279
19 24 2.704631943385351
19 25 2.118252158456349
19 26 2.081322968318742
19 27 2.087590200519579
19 28 2.0373052804148135
19 29 1.6794584883288672
20 0 1.3370508502096154
20 1 1.6566904501097601
20 2 2.5789883350016303
20 3 1.5687620235803947
20 4 1.8758864291225081
20 5 1.9406929439090956
20 6 2.145397839305544
20 7 2.5021910296437313
20 8 2.3517442345091104
20 9 2.327318044280669
20 10 2.595522542645639
20 11 3.000118402127473
20 12 2.87198718818446
20 13 3.0399637623552764
20 14 3.220621185930417
20 15 3.22784387722881
20 16 3.8304728979843663
20 17 5.56121951812428
20 18 10.88321030405715
20 19 5.819138418634868
20 20 3.4590242115136935
20 21 3.2643493399262593
20 22 3.512291426410402
20 23 3.0250821718967025
20 24 2.603589021519947
20 25 2.0287848276788747
20 26 2.467889720541344
20 27 1.927122954953836
20 28 1.9792502733706812
20 29 1.6509363623738078
21 0 1.71164262033205
21 1 1.7425993538772582
21 2 1.7435331915791208
21 3 1.8372522429876503
21 4 1.8896530792731154
21 5 1.9732807594098751
21 6 1.9497977116750211
21 7 1.9833849238294299
21 8 2.1573235201253538
21 9 1.986795703541404
21 10 2.302790697281849
21 11 2.2133692470341546
21 12 2.7594325717468355
21 13 2.9231237006835906
21 14 3.8733018502852445
21 15 3.7381230597355297
21 16 3.54561983908942
21 17 6.593478192234897
21 18 5.489352219916164
21 19 5.477218667780223
21 20 4.391214338341698
21 21 2.883520425709822
21 22 3.2165969892738997
21 23 3.0756732701972744
21 24 3.2840148250421013
21 25 1.9759040645319197
21 26 2.118233233816163
21 27 1.8708755372413706
21 28 2.140374752976135
21 29 1.902082265358521
22 0 2.054608950233518
22 1 1.5839801554618904
22 2 1.7540759621152557
22 3 1.9636772370159978
22 4 2.1208549290369745
22 5 1.7928399408977256
22 6 2.445093925241442
22 7 1.8759232489948008
22 8 2.043584918997518
22 9 2.8834439231208893
22 10 1.857085263711939
22 11 3.048723369518413
22 12 2.521465841334394
22 13 2.8916254762869094
22 14 2.7260218021875904
22 15 3.7712092149866843
22 16 3.0299180476902428
22 17 3.486027084058659
22 18 3.8691674415527424
22 19 4.284424094883441
22 20 3.265821309237616
22 21 2.0966268215165327
22 22 2.881536191419297
22 23 2.2781895614527765
22 24 2.8345364441900966
22 25 2.248951321814282
22 26 2.006944318392123
22 27 2.1633924729534644
22 28 1.5661248186083092
22 29 2.2001974199475978
23 0 2.0831924947134484
23 1 1.6337493471444937
23 2 1.7570281521109992
23 3 2.027722400051124
23 4 1.935642670652081
23 5 1.7817217922302264
23 6 1.8037732247529021
23 7 2.1520781031939067
23 8 2.2474164059394646
23 9 2.3499210976901512
23 10 2.522695314676081
23 11 2.2844131127741147
23 12 2.909888498031318
23 13 2.496859535107977
23 14 2.728275294361461
23 15 3.583416093270253
23 16 3.0678554196565653
23 17 2.9058564316733895
23 18 3.6719088028132116
23 19 4.370968121083065
23 20 2.40779472173648
23 21 2.9231885526343513
23 22 3.3577097351386422
23 23 3.0646571579817428
23 24 2.2327467838190356
23 25 3.0632176440810186
23 26 2.0556652231637607
23 27 2.044636574074207
23 28 1.5408734032476499
23 29 2.031046119299563
24 0 2.1444073546171114
24 1 2.279311864498758
24 2 1.8015736130287516
24 3 1.6473950545779374
24 4 2.0596063295918436
24 5 1.9397479295659692
24 6 1.7919295932494985
24 7 1.7073245901396679
24 8 2.41141165553394
24 9 1.7708242580838631
24 10 2.429229374849315
24 11 2.4787701471437056
24 12 2.1481449064150078
24 13 2.9063085219034908
24 14 2.2757743386107685
24 15 2.921354520211347
24 16 3.0841026304801655
24 17 3.2165969892738997
24 18 2.765249334709941
24 19 3.6984736596028323
24 20 3.0081854940267823
24 21 3.252326689295296
24 22 2.3434178616906713
24 23 2.3079835712230046
24 24 2.3000472123133333
24 25 2.4476256619569954
24 26 2.282416904997496
24 27 1.7385337205731022
24 28 1.5918788276688598
24 29 2.175348803927039
25 0 1.631598228764593
25 1 1.8186457210546136
25 2 1.7081771713144387
25 3 1.4573802783429548
25 4 1.6566904501097601
25 5 1.6901834455438232
25 6 2.0443420965628314
25 7 1.675760349092585
25 8 1.8420532328489332
25 9 2.0255646334111415
25 10 1.9800622165410358
25 11 2.346499011716236
25 12 2.0224676535785706
25 13 2.283896617701221
25 14 2.7952081768866024
25 15 2.2489513486222186
25 16 2.764531486840846
25 17 2.523421437487134
25 18 2.5676287397301376
25 19 2.6385701257369596
25 20 2.683042078864001
25 21 3.2654823879059536
25 22 2.674231792036637
25 23 2.7019219502577054
25 24 2.220908111048143
25 25 1.9911488247311897
25 26 1.8908051992604589
25 27 1.8912872234494886
25 28 2.0026251922891176
25 29 1.5650367276070711
26 0 1.9263859811627877
26 1 1.6922092361375385
26 2 1.874526034371999
26 3 1.9464337552458195
26 4 1.849514032899543
26 5 1.4627492297042102
26 6 2.332050176894689
26 7 1.7487899796073711
26 8 1.5850471065156644
26 9 1.9972695898230368
26 10 1.8045106623887566
26 11 1.9738806082923834
26 12 2.194915457431888
26 13 2.711642950609474
26 14 2.613334930574376
26 15 2.181386348602821
26 16 2.375993905455676
26 17 2.6064994097076717
26 18 2.755889017411086
26 19 2.988682747289685
26 20 2.4596918086765167
26 21 2.03054737319649
26 22 2.6152106813567304
26 23 2.1016520896368447
26 24 2.2050083420230613
26 25 2.54631733027008
26 26 1.3819780306471205
26 27 2.0756611322023404
26 28 1.8300241883787143
26 29 1.6721732967450909
27 0 1.6966109620128542
27 1 1.5675870953923263
27 2 1.7429934280811499
27 3 1.7127747204253398
27 4 1.8410243736926881
27 5 1.9225996897866864
27 6 1.7551859369306224
27 7 2.3143428965729633
27 8 1.7558735139375587
27 9 1.817351303420634
27 10 2.0540181522423744
27 11 2.4801640367526665
27 12 1.9924750805237552
27 13 1.8797332334742103
27 14 1.9990017381918466
27 15 2.4797479789766608
27 16 2.2662676080905024
27 17 1.802640316300762
27 18 2.088556067403499
27 19 2.358701254891834
27 20 2.4404169463688827
27 21 2.102973774568414
27 22 1.9935304876242466
27 23 1.998099449078697
27 24 2.176071740824396
27 25 1.5812451950913997
27 26 1.8030704043876158
27 27 1.8233625406882819
27 28 1.470210207012124
27 29 1.6485586541386539
28 0 1.4449385357584408
28 1 1.5522464021984337
28 2 1.7995223886273455
28 3 1.978078405911512
28 4 1.7171087185823217
28 5 1.3595759656484554
28 6 2.0786079940738404
28 7 1.7585187489892822
28 8 1.7216196907255157
28 9 1.9897197863560816
28 10 1.7123764406953879
28 11 1.562456254095839
28 12 2.1501625481940487
28 13 1.7775762196126248
28 14 2.068534482810683
28 15 2.219640579995749
28 16 2.006944318392123
28 17 2.0409002363509745
28 18 2.1250582035812786
28 19 2.079523911989548
28 20 1.5030527560637499
28 21 1.832521197833171
28 22 2.241242091519015
28 23 2.1954221681388346
28 24 1.6246652269597246
28 25 2.058267379778229
28 26 2.0644330195389133
28 27 1.598067086451509
28 28 1.4420647887855864
28 29 1.640376583989563
29 0 1.85847113395532
29 1 1.6877349881828574
29 2 1.7120733173873974
29 3 1.6945376990737382
29 4 1.748247846436835
29 5 1.828540546182887
29 6 1.6841834108556757
29 7 1.9519097736574451
29 8 1.54630928428384
29 9 2.013339554307345
29 10 2.2336233387017814
29 11 2.11641889092048
29 12 1.8835504085816228
29 13 1.7570687947195136
29 14 1.7209152438783184
29 15 1.9251913647423815
29 16 2.617291344044182
29 17 2.1661823269831744
29 18 1.9261151386883273
29 19 2.1484294019393277
29 20 2.54631733027008
29 21 2.037748199992588
29 22 1.5104897075344774
29 23 1.8962712072338306
29 24 1.9737397480422183
29 25 2.074072146216716
29 26 1.8254138777128877
29 27 1.7594802174883808
29 28 1.8867014512659819
29 29 1.6142742265404852
