0 0 1.7500209159357445
0 1 2.0403496092819813
0 2 1.877568264404842
0 3 1.7831036908115676
0 4 1.7126025883073202
0 5 1.4466330595929018
0 6 2.1201785790726975
0 7 1.8540545772847945
0 8 2.300485739498405
0 9 1.8057146105349897
0 10 1.583407177668357
0 11 1.7307590574049327
0 12 1.9067099510780952
0 13 2.149668120899949
0 14 1.5408734032476499
0 15 2.0879068126027858
0 16 1.9470786480212283
0 17 1.9472143726462428
0 18 1.964797250000892
0 19 1.9564300329985969
0 20 1.5212280965667406
0 21 1.8637745135243697
0 22 1.9683043005721628
0 23 1.7350766661749277
0 24 1.7305818071582597
0 25 1.6086695902741825
0 26 1.590446083219311
0 27 1.644945046525283
0 28 1.7742902311186026
0 29 1.605735433168304
1 0 1.6419099953385132
1 1 1.681378094559591
1 2 1.8043820478640162
1 3 1.65707136971235
1 4 1.9598997075556264
1 5 2.111792445459174
1 6 2.188191017018363
1 7 1.6670182703923289
1 8 1.8589023115825662
1 9 1.9076732460481862
1 10 1.9600236093841776
1 11 1.910588403952062
1 12 2.1484294019393277
1 13 2.1780244481649893
1 14 1.9917549723078334
1 15 2.4679871818355488
1 16 1.6754690571979567
1 17 1.7121332068557151
1 18 2.11641889092048
1 19 2.276694956653659
1 20 2.1563113339201077
1 21 1.53256304737952
1 22 1.866544936522141
1 23 1.728030860247944
1 24 1.9727616737624456
1 25 1.9449947674086252
1 26 1.5464190076690383
1 27 1.636942770991002
1 28 1.4007755769525445
1 29 1.5817554965221041
2 0 1.7640360881126245
2 1 1.726665880772525
2 2 1.398097449276366
2 3 1.8328154452206873
2 4 1.9796860494965243
2 5 2.1703400535866617
2 6 1.6932899291225934
2 7 2.0413032973155163
2 8 2.3079770608752552
2 9 2.115465876656937
2 10 2.130062751052936
2 11 1.924261495834384
2 12 2.079523911989548
2 13 1.9273606610200724
2 14 2.164559567570221
2 15 2.419773701830799
2 16 1.9734937446815914
2 17 2.0314378860838462
2 18 1.562456254095839
2 19 1.985492249788713
2 20 2.1593731097912015
2 21 1.848231581902144
2 22 1.832192035743324
2 23 1.4580342912425024
2 24 1.716404880640679
2 25 2.1607416512173567
2 26 2.0591802389481253
2 27 1.9143658043459153
2 28 2.1095958808552213
2 29 1.781191578928007
3 0 1.8178349349891243
3 1 1.9569677959048026
3 2 1.6803286596273248
3 3 1.8457764253626325
3 4 1.83881230909816
3 5 2.1530229556456493
3 6 2.081796900623496
3 7 2.0415482564855063
3 8 2.2203976189527808
3 9 2.5147293705526725
3 10 2.5614271540027356
3 11 2.0872705127044258
3 12 2.358701254891834
3 13 2.719841839318445
3 14 2.4785204670260685
3 15 1.6997000770590982
3 16 1.9485895976843157
3 17 2.2276901673754907
3 18 2.4801640367526665
3 19 2.2459958673048686
3 20 1.8709747033591106
3 21 1.9326333667134912
3 22 2.270275925603554
3 23 1.7081655069211936
3 24 1.785295453349007
3 25 1.5992779620961257
3 26 1.8888019941209788
3 27 2.0347270813824334
3 28 1.6496912610146386
3 29 1.6724859090900712
4 0 1.558804793316012
4 1 1.5150435049094695
4 2 2.006301959538462
4 3 1.7322204992242807
4 4 1.8469883525580975
4 5 2.1289797437614015
4 6 2.111871644667803
4 7 2.0588502668184834
4 8 1.7085538483716634
4 9 2.505778891564031
4 10 2.57388339061026
4 11 2.980638661079995
4 12 2.988682747289685
4 13 2.3042582028380476
4 14 2.282104631129456
4 15 2.1012129270489313
4 16 2.543516967092388
4 17 2.349322460369467
4 18 1.9738806082923834
4 19 2.1101767918749608
4 20 1.9984303789076387
4 21 2.2114746251259896
4 22 1.8216718199989377
4 23 1.7270824686767652
4 24 1.888592021147874
4 25 1.6376070224157695
4 26 1.4919475055825917
4 27 2.0437422995027568
4 28 1.8077101500089774
4 29 2.027154399246946
5 0 1.8024554562640367
5 1 2.3088183890629574
5 2 1.7700600780352194
5 3 1.8078273074223603
5 4 2.5718856016912968
5 5 2.410568398018848
5 6 2.8071590718643913
5 7 2.4725162539326853
5 8 2.766003081360964
5 9 1.8781926105675402
5 10 2.6581319282454294
5 11 3.0628822695285165
5 12 2.6385701257369596
5 13 2.2691296333480273
5 14 2.12734765850198
5 15 2.696138344633282
5 16 2.096000123541203
5 17 2.5010072638592824
5 18 2.346499011716236
5 19 2.015789135499557
5 20 2.174032430982555
5 21 1.9901522877381213
5 22 1.7439209809739464
5 23 1.90950725642887
5 24 2.4325803253423
5 25 1.4258909984193218
5 26 1.4820582656186259
5 27 1.4625212051719985
5 28 1.8121624195039967
5 29 1.725116638221563
6 0 1.5513279720413535
6 1 1.9707167426368306
6 2 1.7488607438718733
6 3 2.309897909631121
6 4 1.9147921835102397
6 5 2.96945558466892
6 6 2.4454523799951966
6 7 2.7796942382276493
6 8 2.7191395009274673
6 9 2.9548305712881593
6 10 3.1069387035522706
6 11 3.0315264905782655
6 12 3.6984736596028323
6 13 3.316500853612811
6 14 3.0250821718967025
6 15 2.50418448790888
6 16 2.9211186075190283
6 17 2.103670282771045
6 18 2.4787701471437056
6 19 2.1404129049554017
6 20 1.9158752547245188
6 21 1.9529347505681063
6 22 2.169906954564339
6 23 1.759592081258369
6 24 2.039214703391132
6 25 2.2882363085906907
6 26 1.7347724862638603
6 27 1.744903912265369
6 28 1.735203923749524
6 29 1.5181586198854955
7 0 2.074072146216716
7 1 1.8328928402960374
7 2 1.7565696525272427
7 3 2.2143420945608736
7 4 2.213268107332255
7 5 1.9944749559765853
7 6 3.0276198160108603
7 7 2.719283922481399
7 8 2.4378860044787998
7 9 3.3225476490679715
7 10 3.0435758893089853
7 11 3.1886697840660245
7 12 4.370968121083065
7 13 3.206831153613707
7 14 2.7291771265117206
7 15 3.121916411447829
7 16 2.7329243925941813
7 17 2.520429213031255
7 18 2.2844131127741147
7 19 2.3189987929988543
7 20 2.127072683146882
7 21 2.0439617521721867
7 22 1.8740995806715766
7 23 2.2418156663870876
7 24 1.9175350949184637
7 25 1.821545965257393
7 26 1.8731952774152607
7 27 2.0476649971571894
7 28 1.6051740121074936
7 29 1.8033186891912365
8 0 2.055868969692873
8 1 1.7940680387827543
8 2 2.176071740824396
8 3 1.7808756895143738
8 4 2.6723657827609184
8 5 2.5882790221902066
8 6 2.8438058587192376
8 7 2.6296578918094218
8 8 3.00657410883006
8 9 3.1262490474763327
8 10 4.379993764201585
8 11 3.7223554650145805
8 12 4.284424094883441
8 13 3.068686049661769
8 14 3.109978208337431
8 15 3.088885504144018
8 16 3.1852411700919006
8 17 2.403847640889831
8 18 3.048723369518413
8 19 2.0897387908309333
8 20 2.886808508727078
8 21 2.474564992176115
8 22 1.934436757385801
8 23 2.1537035114446916
8 24 2.131126763529633
8 25 2.117675574554238
8 26 2.0459633889951347
8 27 2.1075414211654397
8 28 1.624498250618889
8 29 1.725665037830401
9 0 1.635861568692447
9 1 1.5253059974601715
9 2 2.1484294019393277
9 3 2.3827015067292714
9 4 2.7019219502577054
9 5 2.8715563302252893
9 6 2.872790507472094
9 7 2.8837352988773146
9 8 3.9246236024111893
9 9 3.7206618098059816
9 10 4.690532649197024
9 11 4.736339189472928
9 12 5.477218667780223
9 13 3.572699177178561
9 14 2.9083715998628596
9 15 3.474863096384092
9 16 2.6523473377743834
9 17 2.7628429971194746
9 18 2.2133692470341546
9 19 1.8958857660035338
9 20 1.7477292344671278
9 21 2.0783848730966015
9 22 1.7383020050109155
9 23 2.026605548216134
9 24 2.32435212629654
9 25 1.6748323259387918
9 26 2.247251805624338
9 27 1.7278313909338412
9 28 2.4807828593094388
9 29 1.5423686347674352
10 0 2.177197538547169
10 1 1.8980876716470036
10 2 2.200174424414067
10 3 1.7150746285443788
10 4 2.088556067403499
10 5 2.993484170009782
10 6 3.3577097351386422
10 7 2.759986526811659
10 8 3.663923814623386
10 9 3.227364363704197
10 10 6.829818278016999
10 11 11.494168295120083
10 12 5.819138418634868
10 13 3.6267326871154237
10 14 3.7116650779820684
10 15 3.043223531597966
10 16 2.915386645006154
10 17 2.8864799354002684
10 18 3.000118402127473
10 19 2.8397466509473093
10 20 2.2960203110386814
10 21 2.1298264051872717
10 22 2.450818239821294
10 23 1.9501427679496228
10 24 1.8759232489948008
10 25 1.9985967056186178
10 26 1.6012163837498201
10 27 1.6150284120608505
10 28 2.0849105270704835
10 29 1.6021407390277038
11 0 1.8219245000816522
11 1 1.8906215801032755
11 2 2.2459790199823146
11 3 2.2277835722497947
11 4 1.9974868734489326
11 5 2.901469469230972
11 6 2.523421437487134
11 7 3.371117077609547
11 8 2.883520425709822
11 9 3.3943519654501375
11 10 5.078924370712938
11 11 4.4152211485760455
11 12 4.824637041978399
11 13 4.242367500254572
11 14 3.363549060654329
11 15 2.658047223331836
11 16 3.034134776094749
11 17 3.5734327869014306
11 18 2.802132342863927
11 19 2.5053646214996377
11 20 2.4663130068202537
11 21 2.1916874448186765
11 22 2.6236467146488405
11 23 2.4819639305220442
11 24 1.948245114588196
11 25 2.047664808757207
11 26 2.1000736565041676
11 27 1.7502900019504066
11 28 2.0511946011446915
11 29 1.4676321963250036
12 0 2.0680394223196576
12 1 1.5764669578889214
12 2 1.9874056871876227
12 3 1.870992014046417
12 4 2.296516373030874
12 5 2.3859167893557993
12 6 2.4131061895859833
12 7 2.8671123049553477
12 8 3.0678554196565653
12 9 3.047070731383522
12 10 4.905502635819367
12 11 4.202058288350385
12 12 3.501297143106733
12 13 3.4612474386750893
12 14 3.6225062922175266
12 15 3.1547048654169436
12 16 3.3575082938474328
12 17 2.722490110963601
12 18 2.839766108585255
12 19 2.7262483957372363
12 20 2.409256601945142
12 21 2.438854084132245
12 22 2.28032114105224
12 23 2.171947550136548
12 24 2.7804230129235856
12 25 2.2348636260578374
12 26 2.5556725842144177
12 27 1.876215855389008
12 28 1.601992495179562
12 29 1.848231581902144
13 0 2.104821386492631
13 1 1.843603698440572
13 2 2.0636832254315784
13 3 1.9978779511673033
13 4 2.5778910200586242
13 5 2.5451970841458755
13 6 2.923591200418494
13 7 2.9785378873608734
13 8 3.693612732239802
13 9 2.816643976991089
13 10 3.7381230597355297
13 11 3.8733429189905983
13 12 3.443360395737188
13 13 3.284120966200875
13 14 3.9761014854045817
13 15 3.577725575013547
13 16 3.6298932805982367
13 17 2.8951163222125813
13 18 2.53461158937806
13 19 3.0137800315793744
13 20 2.6936811782231476
13 21 3.4934350703249732
13 22 2.6749243183965388
13 23 2.3701846634217874
13 24 2.7377668898589302
13 25 2.0494810322112684
13 26 2.1393803501705224
13 27 1.814949879920726
13 28 1.817351303420634
13 29 2.103603031335428
14 0 1.8777424808154144
14 1 1.888688460635667
14 2 1.9476079290906294
14 3 2.118773064510998
14 4 2.8496267424509525
14 5 1.979738699383172
14 6 2.9211186075190283
14 7 2.0953571747089463
14 8 2.4799211518914888
14 9 3.1632783226354584
14 10 2.792810500432127
14 11 2.7106268150101385
14 12 2.50542419787724
14 13 3.199061958386584
14 14 2.8456811568895253
14 15 3.0419448845076555
14 16 2.5672445015201086
14 17 2.790614774441474
14 18 2.8468061115590446
14 19 2.9243110753934585
14 20 2.902403858361709
14 21 2.30038346183053
14 22 2.3754529162443734
14 23 2.7393583959903833
14 24 1.8655136541422837
14 25 2.2895137884927372
14 26 2.0318747310118037
14 27 2.1646600926613195
14 28 1.8044687386750045
14 29 1.59007376757503
15 0 1.8071749205295373
15 1 1.9561264292770195
15 2 1.7813212050608065
15 3 1.9518231245682267
15 4 1.9308735844895757
15 5 2.36362230395558
15 6 2.362379920748235
15 7 2.397346853659221
15 8 2.9898178677461216
15 9 2.1940888913295002
15 10 3.049335762963657
15 11 3.5762187960051492
15 12 3.162326841454007
15 13 2.812802598000917
15 14 3.275419115824473
15 15 2.7075915662663754
15 16 3.275419115824473
15 17 2.812802598000917
15 18 3.162326841454007
15 19 3.5762187960051492
15 20 3.049335762963657
15 21 2.1940888913295002
15 22 2.9898178677461216
15 23 2.397346853659221
15 24 2.362379920748235
15 25 2.36362230395558
15 26 1.9308735844895757
15 27 1.9518231245682267
15 28 1.7813212050608065
15 29 1.9561264292770195
16 0 1.89016567277687
16 1 1.59007376757503
16 2 1.8044687386750045
16 3 2.1646600926613195
16 4 2.0318747310118037
16 5 2.2895137884927372
16 6 1.8655136541422837
16 7 2.7393583959903833
16 8 2.3754529162443734
16 9 2.30038346183053
16 10 2.902403858361709
16 11 2.9243110753934585
16 12 2.8468061115590446
16 13 2.790614774441474
16 14 2.5672445015201086
16 15 3.0419448845076555
16 16 2.8456811568895253
16 17 3.199061958386584
16 18 2.50542419787724
16 19 2.7106268150101385
16 20 2.792810500432127
16 21 3.1632783226354584
16 22 2.4799211518914888
16 23 2.0953571747089463
16 24 2.9211186075190283
16 25 1.979738699383172
16 26 2.8496267424509525
16 27 2.118773064510998
16 28 1.9476079290906294
16 29 1.888688460635667
17 0 2.0366600792201344
17 1 2.103603031335428
17 2 1.817351303420634
17 3 1.814949879920726
17 4 2.1393803501705224
17 5 2.0494810322112684
17 6 2.7377668898589302
17 7 2.3701846634217874
17 8 2.6749243183965388
17 9 3.4934350703249732
17 10 2.6936811782231476
17 11 3.0137800315793744
17 12 2.53461158937806
17 13 2.8951163222125813
17 14 3.6298932805982367
17 15 3.577725575013547
17 16 3.9761014854045817
17 17 3.284120966200875
17 18 3.443360395737188
17 19 3.8733429189905983
17 20 3.7381230597355297
17 21 2.816643976991089
17 22 3.693612732239802
17 23 2.9785378873608734
17 24 2.923591200418494
17 25 2.5451970841458755
17 26 2.5778910200586242
17 27 1.9978779511673033
17 28 2.0636832254315784
17 29 1.843603698440572
18 0 1.773701568380685
18 1 1.848231581902144
18 2 1.601992495179562
18 3 1.876215855389008
18 4 2.5556725842144177
18 5 2.2348636260578374
18 6 2.7804230129235856
18 7 2.171947550136548
18 8 2.28032114105224
18 9 2.438854084132245
18 10 2.409256601945142
18 11 2.7262483957372363
18 12 2.839766108585255
18 13 2.722490110963601
18 14 3.3575082938474328
18 15 3.1547048654169436
18 16 3.6225062922175266
18 17 3.4612474386750893
18 18 3.501297143106733
18 19 4.202058288350385
18 20 4.905502635819367
18 21 3.047070731383522
18 22 3.0678554196565653
18 23 2.8671123049553477
18 24 2.4131061895859833
18 25 2.3859167893557993
18 26 2.296516373030874
18 27 1.870992014046417
18 28 1.9874056871876227
18 29 1.5764669578889214
19 0 1.8254241467093155
19 1 1.4676321963250036
19 2 2.0511946011446915
19 3 1.7502900019504066
19 4 2.1000736565041676
19 5 2.047664808757207
19 6 1.948245114588196
19 7 2.4819639305220442
19 8 2.6236467146488405
19 9 2.1916874448186765
19 10 2.4663130068202537
19 11 2.5053646214996377
19 12 2.802132342863927
19 13 3.5734327869014306
19 14 3.034134776094749
19 15 2.658047223331836
19 16 3.363549060654329
19 17 4.242367500254572
19 18 4.824637041978399
19 19 4.4152211485760455
19 20 5.078924370712938
19 21 3.3943519654501375
19 22 2.883520425709822
19 23 3.371117077609547
19 24 2.523421437487134
19 25 2.901469469230972
19 26 1.9974868734489326
19 27 2.2277835722497947
19 28 2.2459790199823146
19 29 1.8906215801032755
20 0 1.5530187780662041
20 1 1.6021407390277038
20 2 2.0849105270704835
20 3 1.6150284120608505
20 4 1.6012163837498201
20 5 1.9985967056186178
20 6 1.8759232489948008
20 7 1.9501427679496228
20 8 2.450818239821294
20 9 2.1298264051872717
20 10 2.2960203110386814
20 11 2.8397466509473093
20 12 3.000118402127473
20 13 2.8864799354002684
20 14 2.915386645006154
20 15 3.043223531597966
20 16 3.7116650779820684
20 17 3.6267326871154237
20 18 5.819138418634868
20 19 11.494168295120083
20 20 6.829818278016999
20 21 3.227364363704197
20 22 3.663923814623386
20 23 2.759986526811659
20 24 3.3577097351386422
20 25 2.993484170009782
20 26 2.088556067403499
20 27 1.7150746285443788
20 28 2.200174424414067
20 29 1.8980876716470036
21 0 1.79894964838156
21 1 1.5423686347674352
21 2 2.4807828593094388
21 3 1.7278313909338412
21 4 2.247251805624338
21 5 1.6748323259387918
21 6 2.32435212629654
21 7 2.026605548216134
21 8 1.7383020050109155
21 9 2.0783848730966015
21 10 1.7477292344671278
21 11 1.8958857660035338
21 12 2.2133692470341546
21 13 2.7628429971194746
21 14 2.6523473377743834
21 15 3.474863096384092
21 16 2.9083715998628596
21 17 3.572699177178561
21 18 5.477218667780223
21 19 4.736339189472928
21 20 4.690532649197024
21 21 3.7206618098059816
21 22 3.9246236024111893
21 23 2.8837352988773146
21 24 2.872790507472094
21 25 2.8715563302252893
21 26 2.7019219502577054
21 27 2.3827015067292714
21 28 2.1484294019393277
21 29 1.5253059974601715
22 0 1.5772304302030145
22 1 1.725665037830401
22 2 1.624498250618889
22 3 2.1075414211654397
22 4 2.0459633889951347
22 5 2.117675574554238
22 6 2.131126763529633
22 7 2.1537035114446916
22 8 1.934436757385801
22 9 2.474564992176115
22 10 2.886808508727078
22 11 2.0897387908309333
22 12 3.048723369518413
22 13 2.403847640889831
22 14 3.1852411700919006
22 15 3.088885504144018
22 16 3.109978208337431
22 17 3.068686049661769
22 18 4.284424094883441
22 19 3.7223554650145805
22 20 4.379993764201585
22 21 3.1262490474763327
22 22 3.00657410883006
22 23 2.6296578918094218
22 24 2.8438058587192376
22 25 2.5882790221902066
22 26 2.6723657827609184
22 27 1.7808756895143738
22 28 2.176071740824396
22 29 1.7940680387827543
23 0 1.816987327669092
23 1 1.8033186891912365
23 2 1.6051740121074936
23 3 2.0476649971571894
23 4 1.8731952774152607
23 5 1.821545965257393
23 6 1.9175350949184637
23 7 2.2418156663870876
23 8 1.8740995806715766
23 9 2.0439617521721867
23 10 2.127072683146882
23 11 2.3189987929988543
23 12 2.2844131127741147
23 13 2.520429213031255
23 14 2.7329243925941813
23 15 3.121916411447829
23 16 2.7291771265117206
23 17 3.206831153613707
23 18 4.370968121083065
23 19 3.1886697840660245
23 20 3.0435758893089853
23 21 3.3225476490679715
23 22 2.4378860044787998
23 23 2.719283922481399
23 24 3.0276198160108603
23 25 1.9944749559765853
23 26 2.213268107332255
23 27 2.2143420945608736
23 28 1.7565696525272427
23 29 1.8328928402960374
24 0 1.8268138395256681
24 1 1.5181586198854955
24 2 1.735203923749524
24 3 1.744903912265369
24 4 1.7347724862638603
24 5 2.2882363085906907
24 6 2.039214703391132
24 7 1.759592081258369
24 8 2.169906954564339
24 9 1.9529347505681063
24 10 1.9158752547245188
24 11 2.1404129049554017
24 12 2.4787701471437056
24 13 2.103670282771045
24 14 2.9211186075190283
24 15 2.50418448790888
24 16 3.0250821718967025
24 17 3.316500853612811
24 18 3.6984736596028323
24 19 3.0315264905782655
24 20 3.1069387035522706
24 21 2.9548305712881593
24 22 2.7191395009274673
24 23 2.7796942382276493
24 24 2.4454523799951966
24 25 2.96945558466892
24 26 1.9147921835102397
24 27 2.309897909631121
24 28 1.7488607438718733
24 29 1.9707167426368306
25 0 1.7326291407387782
25 1 1.725116638221563
25 2 1.8121624195039967
25 3 1.4625212051719985
25 4 1.4820582656186259
25 5 1.4258909984193218
25 6 2.4325803253423
25 7 1.90950725642887
25 8 1.7439209809739464
25 9 1.9901522877381213
25 10 2.174032430982555
25 11 2.015789135499557
25 12 2.346499011716236
25 13 2.5010072638592824
25 14 2.096000123541203
25 15 2.696138344633282
25 16 2.12734765850198
25 17 2.2691296333480273
25 18 2.6385701257369596
25 19 3.0628822695285165
25 20 2.6581319282454294
25 21 1.8781926105675402
25 22 2.766003081360964
25 23 2.4725162539326853
25 24 2.8071590718643913
25 25 2.410568398018848
25 26 2.5718856016912968
25 27 1.8078273074223603
25 28 1.7700600780352194
25 29 2.3088183890629574
26 0 1.5663312255216493
26 1 2.027154399246946
26 2 1.8077101500089774
26 3 2.0437422995027568
26 4 1.4919475055825917
26 5 1.6376070224157695
26 6 1.888592021147874
26 7 1.7270824686767652
26 8 1.8216718199989377
26 9 2.2114746251259896
26 10 1.9984303789076387
26 11 2.1101767918749608
26 12 1.9738806082923834
26 13 2.349322460369467
26 14 2.543516967092388
26 15 2.1012129270489313
26 16 2.282104631129456
26 17 2.3042582028380476
26 18 2.988682747289685
26 19 2.980638661079995
26 20 2.57388339061026
26 21 2.505778891564031
26 22 1.7085538483716634
26 23 2.0588502668184834
26 24 2.111871644667803
26 25 2.1289797437614015
26 26 1.8469883525580975
26 27 1.7322204992242807
26 28 2.006301959538462
26 29 1.5150435049094695
27 0 1.7165573128821139
27 1 1.6724859090900712
27 2 1.6496912610146386
27 3 2.0347270813824334
27 4 1.8888019941209788
27 5 1.5992779620961257
27 6 1.785295453349007
27 7 1.7081655069211936
27 8 2.270275925603554
27 9 1.9326333667134912
27 10 1.8709747033591106
27 11 2.2459958673048686
27 12 2.4801640367526665
27 13 2.2276901673754907
27 14 1.9485895976843157
27 15 1.6997000770590982
27 16 2.4785204670260685
27 17 2.719841839318445
27 18 2.358701254891834
27 19 2.0872705127044258
27 20 2.5614271540027356
27 21 2.5147293705526725
27 22 2.2203976189527808
27 23 2.0415482564855063
27 24 2.081796900623496
27 25 2.1530229556456493
27 26 1.83881230909816
27 27 1.8457764253626325
27 28 1.6803286596273248
27 29 1.9569677959048026
28 0 1.702902263169686
28 1 1.781191578928007
28 2 2.1095958808552213
28 3 1.9143658043459153
28 4 2.0591802389481253
28 5 2.1607416512173567
28 6 1.716404880640679
28 7 1.4580342912425024
28 8 1.832192035743324
28 9 1.848231581902144
28 10 2.1593731097912015
28 11 1.985492249788713
28 12 1.562456254095839
28 13 2.0314378860838462
28 14 1.9734937446815914
28 15 2.419773701830799
28 16 2.164559567570221
28 17 1.9273606610200724
28 18 2.079523911989548
28 19 1.924261495834384
28 20 2.130062751052936
28 21 2.115465876656937
28 22 2.3079770608752552
28 23 2.0413032973155163
28 24 1.6932899291225934
28 25 2.1703400535866617
28 26 1.9796860494965243
28 27 1.8328154452206873
28 28 1.398097449276366
28 29 1.726665880772525
29 0 1.6052194552394077
29 1 1.5817554965221041
29 2 1.4007755769525445
29 3 1.636942770991002
29 4 1.5464190076690383
29 5 1.9449947674086252
29 6 1.9727616737624456
29 7 1.728030860247944
29 8 1.866544936522141
29 9 1.53256304737952
29 10 2.1563113339201077
29 11 2.276694956653659
29 12 2.11641889092048
29 13 1.7121332068557151
29 14 1.6754690571979567
29 15 2.4679871818355488
29 16 1.9917549723078334
29 17 2.1780244481649893
29 18 2.1484294019393277
29 19 1.910588403952062
29 20 1.9600236093841776
29 21 1.9076732460481862
29 22 1.8589023115825662
29 23 1.6670182703923289
29 24 2.188191017018363
29 25 2.111792445459174
29 26 1.9598997075556264
29 27 1.65707136971235
29 28 1.8043820478640162
29 29 1.681378094559591
