0 0 1.7263086553853206
0 1 1.3751899714267335
0 2 1.7384901110795918
0 3 2.0621746264352407
0 4 1.9659224724954691
0 5 1.5487181613495697
0 6 1.6707979507095516
0 7 1.5628682826056712
0 8 2.2786135762819346
0 9 1.8546930089664235
0 10 1.5958343466890366
0 11 1.5408734032476499
0 12 1.7230839988046716
0 13 1.4867791792570688
0 14 1.5786803728952505
0 15 1.9752745508734897
0 16 1.5661248186083092
0 17 1.7620051369091292
0 18 1.9769373437984754
0 19 1.9470786480212283
0 20 1.987925407012465
0 21 1.7282934780466939
0 22 1.7104592984399498
0 23 1.6767300316714195
0 24 1.6839505563461517
0 25 1.739914734219739
0 26 1.811847371448437
0 27 1.6770459563057392
0 28 1.7599115532681697
0 29 1.6329393567148707
1 0 1.5408347467505548
1 1 1.753629009754312
1 2 1.8321325215579214
1 3 1.801123717522119
1 4 1.9586618380426324
1 5 1.4922610281087891
1 6 1.8939221488388558
1 7 2.1302903232175456
1 8 2.0123494725259925
1 9 1.5587867142645366
1 10 2.2213014712169645
1 11 1.9917549723078334
1 12 2.617291344044182
1 13 2.2459790199823146
1 14 1.7394330561674045
1 15 2.098725535427561
1 16 2.1158482823783085
1 17 2.1098746824597305
1 18 1.7209152438783184
1 19 1.6754690571979567
1 20 1.7048616917572221
1 21 2.020092888839202
1 22 2.0250273131804177
1 23 1.9650993990378465
1 24 1.9204619358254078
1 25 1.5728367125750486
1 26 2.0845554605755763
1 27 1.8817820272949468
1 28 1.8120554605626003
1 29 1.7063202152923846
2 0 1.7848743218706926
2 1 1.854587520029064
2 2 1.8232899820330937
2 3 1.772951946884447
2 4 1.6292920944726426
2 5 2.209341112781765
2 6 1.9182143666336888
2 7 1.8415901882024632
2 8 1.6823822500186776
2 9 1.9631227401613838
2 10 2.0937431275128913
2 11 2.164559567570221
2 12 2.006944318392123
2 13 2.336672930282115
2 14 2.3521442212781927
2 15 1.628745655751893
2 16 2.232508616151299
2 17 2.113297351580481
2 18 2.068534482810683
2 19 1.9734937446815914
2 20 1.992429172109842
2 21 1.980316644437932
2 22 1.759013818962887
2 23 2.1816415392817405
2 24 2.1682073450272794
2 25 1.8951571187292566
2 26 1.5449920972741114
2 27 2.1184084370283585
2 28 1.755858898727299
2 29 1.4654134120501938
3 0 1.5179691707351337
3 1 2.082920564471801
3 2 1.3607650512899983
3 3 1.7388862080666863
3 4 1.864680813070164
3 5 2.104821386492631
3 6 1.8006032904274918
3 7 1.834776813988502
3 8 1.9874056871876227
3 9 2.1076747429795684
3 10 1.628745655751893
3 11 2.4785204670260685
3 12 2.2662676080905024
3 13 2.0091733165404975
3 14 2.203993589829824
3 15 1.9759040645319197
3 16 2.296516373030874
3 17 2.433523878542575
3 18 1.9990017381918466
3 19 1.9485895976843157
3 20 2.2648240968604263
3 21 2.145547632483464
3 22 1.562456254095839
3 23 1.7660681783151897
3 24 1.9255637939403718
3 25 2.0366600792201344
3 26 2.2412468064029816
3 27 1.8564789099723271
3 28 1.953321520451901
3 29 1.7168706439070691
4 0 1.8356876421710344
4 1 1.9022977714265432
4 2 1.5444732234591896
4 3 1.9327785925288967
4 4 1.5974988002505341
4 5 1.7048616917572221
4 6 1.9792502733706812
4 7 2.412901238307731
4 8 1.9242128700130654
4 9 2.2882321931597565
4 10 2.5453995753942094
4 11 2.282104631129456
4 12 2.375993905455676
4 13 3.2840148250421013
4 14 2.152638219760969
4 15 2.953294228532079
4 16 2.6526047955011847
4 17 2.2193092377888264
4 18 2.613334930574376
4 19 2.543516967092388
4 20 1.8803652387424337
4 21 2.187314590507691
4 22 2.1132684246607165
4 23 1.8044687386750045
4 24 2.031012453083388
4 25 2.2632721035657446
4 26 1.824197056424995
4 27 1.9076649310333258
4 28 2.048824659050724
4 29 1.7357511270420707
5 0 1.739914734219739
5 1 1.6672948842214814
5 2 1.5983408175271459
5 3 2.0906143647077116
5 4 1.9919313183651544
5 5 1.8479937823558885
5 6 1.7775762196126248
5 7 1.836634449825056
5 8 2.400839817863901
5 9 2.457341397647346
5 10 2.3919717019659084
5 11 2.12734765850198
5 12 2.764531486840846
5 13 3.048308240554847
5 14 2.807437452821789
5 15 2.618019494359612
5 16 2.869971837022497
5 17 2.8216815179160366
5 18 2.7952081768866024
5 19 2.096000123541203
5 20 2.374472140367216
5 21 1.9308735844895757
5 22 1.9320767522533464
5 23 1.795036317380191
5 24 1.6038723160851323
5 25 1.8320739681187064
5 26 1.8749453449777302
5 27 1.7059372394486763
5 28 1.7071130110782613
5 29 1.9415961413607374
6 0 1.95296296221432
6 1 1.970484806986134
6 2 2.208314030527049
6 3 2.273498066347105
6 4 1.971172805124959
6 5 2.395390456678842
6 6 2.2084991997104377
6 7 2.081322968318742
6 8 2.613334930574376
6 9 2.982403410849212
6 10 2.546330990552741
6 11 3.0250821718967025
6 12 3.0841026304801655
6 13 3.5462584338112584
6 14 3.512291426410402
6 15 2.929920443647909
6 16 2.752215683597413
6 17 2.99449454351471
6 18 2.2757743386107685
6 19 2.9211186075190283
6 20 2.102216680381138
6 21 2.5460284547124115
6 22 1.88313062600824
6 23 2.0708824757321898
6 24 2.230416626880439
6 25 1.8202317822731893
6 26 2.2335094299618987
6 27 1.6205670497184994
6 28 1.8382595099757137
6 29 1.644431219818828
7 0 1.6725155666869094
7 1 1.5966767004780662
7 2 2.241083410507996
7 3 1.7660681783151897
7 4 1.6925693186343804
7 5 2.2177150464090167
7 6 1.9015009479326106
7 7 2.2304885124144915
7 8 1.9754856527385787
7 9 2.923591200418494
7 10 2.921354520211347
7 11 2.7291771265117206
7 12 3.0678554196565653
7 13 3.486878263569218
7 14 2.9397377422631354
7 15 4.2073507436644295
7 16 3.109978208337431
7 17 3.693612732239802
7 18 2.728275294361461
7 19 2.7329243925941813
7 20 2.513906054193125
7 21 1.9627073563010657
7 22 2.477855633388264
7 23 1.8753837168249095
7 24 2.3149155526926326
7 25 1.6835010174302392
7 26 1.9416392156001478
7 27 2.0160149372242815
7 28 1.9381761231906178
7 29 1.400405048269469
8 0 1.6795308048538375
8 1 1.878769371681853
8 2 1.5927274641740197
8 3 1.5563860462413124
8 4 2.0242046336807245
8 5 1.9993189562747036
8 6 2.823746779640583
8 7 1.6582015918127044
8 8 2.64137946611087
8 9 2.4255139038851707
8 10 2.814932387213733
8 11 3.109978208337431
8 12 3.0299180476902428
8 13 3.7073390647219777
8 14 3.8701046743415994
8 15 4.905502635819367
8 16 3.6627008236363214
8 17 3.0950569267236765
8 18 2.7260218021875904
8 19 3.1852411700919006
8 20 2.6532061844326504
8 21 2.3828933907011116
8 22 2.3948253974853233
8 23 1.8796284222836301
8 24 1.9564625143866898
8 25 2.2518232830078397
8 26 1.7348610523778412
8 27 2.0854487025867576
8 28 1.7950041932537821
8 29 1.765417166581535
9 0 2.092623244204239
9 1 2.1262895562259696
9 2 1.8452186288567456
9 3 1.6992547110955905
9 4 2.256105571237567
9 5 1.8270019858487687
9 6 2.5460284547124115
9 7 2.205488997240578
9 8 2.835413106900036
9 9 2.496982473189667
9 10 3.209812654989744
9 11 2.9083715998628596
9 12 3.54561983908942
9 13 4.824637041978399
9 14 5.56121951812428
9 15 5.279200837244356
9 16 4.148137569744861
9 17 3.1775944440577106
9 18 3.8733018502852445
9 19 2.6523473377743834
9 20 2.2686450174374078
9 21 3.180784086720012
9 22 1.8193820867573003
9 23 2.6443550091007526
9 24 1.6105008446587883
9 25 2.0084722465282607
9 26 1.5227687415461264
9 27 1.64931903715108
9 28 1.8942510509403923
9 29 1.824632632565796
10 0 1.9357071689525325
10 1 1.8749453449777302
10 2 1.8985715471940563
10 3 2.0986294367802354
10 4 1.8032189518177517
10 5 1.9265435026912308
10 6 2.348249036559297
10 7 2.1776836202477714
10 8 2.4817731746206406
10 9 2.8741611964817806
10 10 2.7577211825104557
10 11 3.7116650779820684
10 12 3.8304728979843663
10 13 6.781551681534741
10 14 12.648973797811031
10 15 6.561956106437532
10 16 4.2680925611351
10 17 3.389223258624395
10 18 3.220621185930417
10 19 2.915386645006154
10 20 2.962777922902993
10 21 2.802319936298556
10 22 2.216166202783262
10 23 2.4727486995644474
10 24 2.1608403861824783
10 25 2.370551385978824
10 26 2.0820275819210985
10 27 1.6814412593235033
10 28 1.8042822128886542
10 29 1.8150626055212091
11 0 1.8302548508914798
11 1 2.0246121473486904
11 2 1.5770867932835133
11 3 1.766803165630245
11 4 2.249577367986802
11 5 2.3798880192375487
11 6 2.245161404867339
11 7 2.727816853231925
11 8 2.301573917900278
11 9 2.6523473377743834
11 10 2.792810500432127
11 11 3.363549060654329
11 12 4.315349266948928
11 13 5.969032413865995
11 14 5.073052003212598
11 15 4.574260982916996
11 16 3.664427680425315
11 17 3.318943737845899
11 18 2.50542419787724
11 19 3.034134776094749
11 20 2.902403858361709
11 21 3.138612274015444
11 22 2.5018426759097956
11 23 1.986795703541404
11 24 2.385777551585325
11 25 1.9003222169500131
11 26 2.013421341356297
11 27 1.8087068731172242
11 28 2.153146059406218
11 29 1.8493236364100407
12 0 1.3759337611991027
12 1 2.113007764127428
12 2 1.722695638314306
12 3 1.981838762460503
12 4 1.9564625143866898
12 5 2.5147725135307235
12 6 2.1205350937860254
12 7 3.048723369518413
12 8 2.7272249610509607
12 9 3.020418770229761
12 10 3.354042882321804
12 11 3.6225062922175266
12 12 3.6782306811475403
12 13 3.8715478660065887
12 14 4.408276233203423
12 15 3.8502462841978664
12 16 3.573231769851521
12 17 3.88441471990899
12 18 2.898592412340216
12 19 3.3575082938474328
12 20 2.854592473035807
12 21 2.642896978180864
12 22 2.511043338232069
12 23 2.3079985128723104
12 24 2.284987486244615
12 25 1.7490525858715356
12 26 2.140221212360539
12 27 1.5885739888275936
12 28 2.1208549290369745
12 29 2.1118490435057806
13 0 1.4627492297042102
13 1 1.9656255479495552
13 2 1.7860959743929037
13 3 2.224022345330848
13 4 1.8750928839915508
13 5 2.127072683146882
13 6 2.3155572241402553
13 7 2.6749243183965388
13 8 2.501418623622757
13 9 2.2954987332416956
13 10 4.119738483841192
13 11 3.9761014854045817
13 12 3.88441471990899
13 13 2.895885974399572
13 14 3.748902646494636
13 15 3.2866054080143683
13 16 3.261804663111561
13 17 3.4044266439898507
13 18 3.478519314184783
13 19 3.6298932805982367
13 20 2.8065105935957004
13 21 2.245140295135033
13 22 2.892935664499872
13 23 2.252194241021967
13 24 2.7590291287692676
13 25 1.879679337572349
13 26 2.356075470031851
13 27 1.7841394486007063
13 28 1.8453127555498572
13 29 1.8731952774152607
14 0 1.8527405814953766
14 1 1.8153553222708443
14 2 1.7919295932494985
14 3 2.169906954564339
14 4 2.0417131098174166
14 5 2.2613337861703537
14 6 2.4231059091486147
14 7 2.5018426759097956
14 8 2.396870097965726
14 9 3.127708583434714
14 10 3.0227627010267946
14 11 2.8456811568895253
14 12 3.2947057920445055
14 13 3.9727081294712128
14 14 2.9690429275367225
14 15 3.1693328053956327
14 16 3.1040383236422997
14 17 3.1550525490963537
14 18 2.599299516886888
14 19 2.5672445015201086
14 20 2.773090188333423
14 21 2.8847291459242443
14 22 2.6679791446308583
14 23 2.393574407198744
14 24 2.3517442345091104
14 25 1.7413154222155809
14 26 2.163949897190124
14 27 1.7241494218352864
14 28 1.952562225998509
14 29 2.1417736910025793
15 0 1.602105680511984
15 1 2.4325803253423
15 2 1.6814412593235033
15 3 1.686222119324092
15 4 1.8759232489948008
15 5 2.05889418712146
15 6 2.2729511453718216
15 7 2.1575884676401706
15 8 2.5911269492350466
15 9 3.120963722878549
15 10 2.580337670689362
15 11 3.275419115824473
15 12 3.203478017111025
15 13 4.292520562050032
15 14 3.2527964751901774
15 15 2.835014261164107
15 16 3.2527964751901774
15 17 4.292520562050032
15 18 3.203478017111025
15 19 3.275419115824473
15 20 2.580337670689362
15 21 3.120963722878549
15 22 2.5911269492350466
15 23 2.1575884676401706
15 24 2.2729511453718216
15 25 2.05889418712146
15 26 1.8759232489948008
15 27 1.686222119324092
15 28 1.6814412593235033
15 29 2.4325803253423
16 0 1.7409704039537455
16 1 2.1417736910025793
16 2 1.952562225998509
16 3 1.7241494218352864
16 4 2.163949897190124
16 5 1.7413154222155809
16 6 2.3517442345091104
16 7 2.393574407198744
16 8 2.6679791446308583
16 9 2.8847291459242443
16 10 2.773090188333423
16 11 2.5672445015201086
16 12 2.599299516886888
16 13 3.1550525490963537
16 14 3.1040383236422997
16 15 3.1693328053956327
16 16 2.9690429275367225
16 17 3.9727081294712128
16 18 3.2947057920445055
16 19 2.8456811568895253
16 20 3.0227627010267946
16 21 3.127708583434714
16 22 2.396870097965726
16 23 2.5018426759097956
16 24 2.4231059091486147
16 25 2.2613337861703537
16 26 2.0417131098174166
16 27 2.169906954564339
16 28 1.7919295932494985
16 29 1.8153553222708443
17 0 1.7465152956455001
17 1 1.8731952774152607
17 2 1.8453127555498572
17 3 1.7841394486007063
17 4 2.356075470031851
17 5 1.879679337572349
17 6 2.7590291287692676
17 7 2.252194241021967
17 8 2.892935664499872
17 9 2.245140295135033
17 10 2.8065105935957004
17 11 3.6298932805982367
17 12 3.478519314184783
17 13 3.4044266439898507
17 14 3.261804663111561
17 15 3.2866054080143683
17 16 3.748902646494636
17 17 2.895885974399572
17 18 3.88441471990899
17 19 3.9761014854045817
17 20 4.119738483841192
17 21 2.2954987332416956
17 22 2.501418623622757
17 23 2.6749243183965388
17 24 2.3155572241402553
17 25 2.127072683146882
17 26 1.8750928839915508
17 27 2.224022345330848
17 28 1.7860959743929037
17 29 1.9656255479495552
18 0 1.7305504301072145
18 1 2.1118490435057806
18 2 2.1208549290369745
18 3 1.5885739888275936
18 4 2.140221212360539
18 5 1.7490525858715356
18 6 2.284987486244615
18 7 2.3079985128723104
18 8 2.511043338232069
18 9 2.642896978180864
18 10 2.854592473035807
18 11 3.3575082938474328
18 12 2.898592412340216
18 13 3.88441471990899
18 14 3.573231769851521
18 15 3.8502462841978664
18 16 4.408276233203423
18 17 3.8715478660065887
18 18 3.6782306811475403
18 19 3.6225062922175266
18 20 3.354042882321804
18 21 3.020418770229761
18 22 2.7272249610509607
18 23 3.048723369518413
18 24 2.1205350937860254
18 25 2.5147725135307235
18 26 1.9564625143866898
18 27 1.981838762460503
18 28 1.722695638314306
18 29 2.113007764127428
19 0 1.4865199116034997
19 1 1.8493236364100407
19 2 2.153146059406218
19 3 1.8087068731172242
19 4 2.013421341356297
19 5 1.9003222169500131
19 6 2.385777551585325
19 7 1.986795703541404
19 8 2.5018426759097956
19 9 3.138612274015444
19 10 2.902403858361709
19 11 3.034134776094749
19 12 2.50542419787724
19 13 3.318943737845899
19 14 3.664427680425315
19 15 4.574260982916996
19 16 5.073052003212598
19 17 5.969032413865995
19 18 4.315349266948928
19 19 3.363549060654329
19 20 2.792810500432127
19 21 2.6523473377743834
19 22 2.301573917900278
19 23 2.727816853231925
19 24 2.245161404867339
19 25 2.3798880192375487
19 26 2.249577367986802
19 27 1.766803165630245
19 28 1.5770867932835133
19 29 2.0246121473486904
20 0 1.643978823872788
20 1 1.8150626055212091
20 2 1.8042822128886542
20 3 1.6814412593235033
20 4 2.0820275819210985
20 5 2.370551385978824
20 6 2.1608403861824783
20 7 2.4727486995644474
20 8 2.216166202783262
20 9 2.802319936298556
20 10 2.962777922902993
20 11 2.915386645006154
20 12 3.220621185930417
20 13 3.389223258624395
20 14 4.2680925611351
20 15 6.561956106437532
20 16 12.648973797811031
20 17 6.781551681534741
20 18 3.8304728979843663
20 19 3.7116650779820684
20 20 2.7577211825104557
20 21 2.8741611964817806
20 22 2.4817731746206406
20 23 2.1776836202477714
20 24 2.348249036559297
20 25 1.9265435026912308
20 26 1.8032189518177517
20 27 2.0986294367802354
20 28 1.8985715471940563
20 29 1.8749453449777302
21 0 1.3845052103538251
21 1 1.824632632565796
21 2 1.8942510509403923
21 3 1.64931903715108
21 4 1.5227687415461264
21 5 2.0084722465282607
21 6 1.6105008446587883
21 7 2.6443550091007526
21 8 1.8193820867573003
21 9 3.180784086720012
21 10 2.2686450174374078
21 11 2.6523473377743834
21 12 3.8733018502852445
21 13 3.1775944440577106
21 14 4.148137569744861
21 15 5.279200837244356
21 16 5.56121951812428
21 17 4.824637041978399
21 18 3.54561983908942
21 19 2.9083715998628596
21 20 3.209812654989744
21 21 2.496982473189667
21 22 2.835413106900036
21 23 2.205488997240578
21 24 2.5460284547124115
21 25 1.8270019858487687
21 26 2.256105571237567
21 27 1.6992547110955905
21 28 1.8452186288567456
21 29 2.1262895562259696
22 0 2.103632896801424
22 1 1.765417166581535
22 2 1.7950041932537821
22 3 2.0854487025867576
22 4 1.7348610523778412
22 5 2.2518232830078397
22 6 1.9564625143866898
22 7 1.8796284222836301
22 8 2.3948253974853233
22 9 2.3828933907011116
22 10 2.6532061844326504
22 11 3.1852411700919006
22 12 2.7260218021875904
22 13 3.0950569267236765
22 14 3.6627008236363214
22 15 4.905502635819367
22 16 3.8701046743415994
22 17 3.7073390647219777
22 18 3.0299180476902428
22 19 3.109978208337431
22 20 2.814932387213733
22 21 2.4255139038851707
22 22 2.64137946611087
22 23 1.6582015918127044
22 24 2.823746779640583
22 25 1.9993189562747036
22 26 2.0242046336807245
22 27 1.5563860462413124
22 28 1.5927274641740197
22 29 1.878769371681853
23 0 1.5772304302030145
23 1 1.400405048269469
23 2 1.9381761231906178
23 3 2.0160149372242815
23 4 1.9416392156001478
23 5 1.6835010174302392
23 6 2.3149155526926326
23 7 1.8753837168249095
23 8 2.477855633388264
23 9 1.9627073563010657
23 10 2.513906054193125
23 11 2.7329243925941813
23 12 2.728275294361461
23 13 3.693612732239802
23 14 3.109978208337431
23 15 4.2073507436644295
23 16 2.9397377422631354
23 17 3.486878263569218
23 18 3.0678554196565653
23 19 2.7291771265117206
23 20 2.921354520211347
23 21 2.923591200418494
23 22 1.9754856527385787
23 23 2.2304885124144915
23 24 1.9015009479326106
23 25 2.2177150464090167
23 26 1.6925693186343804
23 27 1.7660681783151897
23 28 2.241083410507996
23 29 1.5966767004780662
24 0 1.7769550579298554
24 1 1.644431219818828
24 2 1.8382595099757137
24 3 1.6205670497184994
24 4 2.2335094299618987
24 5 1.8202317822731893
24 6 2.230416626880439
24 7 2.0708824757321898
24 8 1.88313062600824
24 9 2.5460284547124115
24 10 2.102216680381138
24 11 2.9211186075190283
24 12 2.2757743386107685
24 13 2.99449454351471
24 14 2.752215683597413
24 15 2.929920443647909
24 16 3.512291426410402
24 17 3.5462584338112584
24 18 3.0841026304801655
24 19 3.0250821718967025
24 20 2.546330990552741
24 21 2.982403410849212
24 22 2.613334930574376
24 23 2.081322968318742
24 24 2.2084991997104377
24 25 2.395390456678842
24 26 1.971172805124959
24 27 2.273498066347105
24 28 2.208314030527049
24 29 1.970484806986134
25 0 1.4583122269599849
25 1 1.9415961413607374
25 2 1.7071130110782613
25 3 1.7059372394486763
25 4 1.8749453449777302
25 5 1.8320739681187064
25 6 1.6038723160851323
25 7 1.795036317380191
25 8 1.9320767522533464
25 9 1.9308735844895757
25 10 2.374472140367216
25 11 2.096000123541203
25 12 2.7952081768866024
25 13 2.8216815179160366
25 14 2.869971837022497
25 15 2.618019494359612
25 16 2.807437452821789
25 17 3.048308240554847
25 18 2.764531486840846
25 19 2.12734765850198
25 20 2.3919717019659084
25 21 2.457341397647346
25 22 2.400839817863901
25 23 1.836634449825056
25 24 1.7775762196126248
25 25 1.8479937823558885
25 26 1.9919313183651544
25 27 2.0906143647077116
25 28 1.5983408175271459
25 29 1.6672948842214814
26 0 1.7687310305517876
26 1 1.7357511270420707
26 2 2.048824659050724
26 3 1.9076649310333258
26 4 1.824197056424995
26 5 2.2632721035657446
26 6 2.031012453083388
26 7 1.8044687386750045
26 8 2.1132684246607165
26 9 2.187314590507691
26 10 1.8803652387424337
26 11 2.543516967092388
26 12 2.613334930574376
26 13 2.2193092377888264
26 14 2.6526047955011847
26 15 2.953294228532079
26 16 2.152638219760969
26 17 3.2840148250421013
26 18 2.375993905455676
26 19 2.282104631129456
26 20 2.5453995753942094
26 21 2.2882321931597565
26 22 1.9242128700130654
26 23 2.412901238307731
26 24 1.9792502733706812
26 25 1.7048616917572221
26 26 1.5974988002505341
26 27 1.9327785925288967
26 28 1.5444732234591896
26 29 1.9022977714265432
27 0 1.7071494611643576
27 1 1.7168706439070691
27 2 1.953321520451901
27 3 1.8564789099723271
27 4 2.2412468064029816
27 5 2.0366600792201344
27 6 1.9255637939403718
27 7 1.7660681783151897
27 8 1.562456254095839
27 9 2.145547632483464
27 10 2.2648240968604263
27 11 1.9485895976843157
27 12 1.9990017381918466
27 13 2.433523878542575
27 14 2.296516373030874
27 15 1.9759040645319197
27 16 2.203993589829824
27 17 2.0091733165404975
27 18 2.2662676080905024
27 19 2.4785204670260685
27 20 1.628745655751893
27 21 2.1076747429795684
27 22 1.9874056871876227
27 23 1.834776813988502
27 24 1.8006032904274918
27 25 2.104821386492631
27 26 1.864680813070164
27 27 1.7388862080666863
27 28 1.3607650512899983
27 29 2.082920564471801
28 0 1.8594792179484323
28 1 1.4654134120501938
28 2 1.755858898727299
28 3 2.1184084370283585
28 4 1.5449920972741114
28 5 1.8951571187292566
28 6 2.1682073450272794
28 7 2.1816415392817405
28 8 1.759013818962887
28 9 1.980316644437932
28 10 1.992429172109842
28 11 1.9734937446815914
28 12 2.068534482810683
28 13 2.113297351580481
28 14 2.232508616151299
28 15 1.628745655751893
28 16 2.3521442212781927
28 17 2.336672930282115
28 18 2.006944318392123
28 19 2.164559567570221
28 20 2.0937431275128913
28 21 1.9631227401613838
28 22 1.6823822500186776
28 23 1.8415901882024632
28 24 1.9182143666336888
28 25 2.209341112781765
28 26 1.6292920944726426
28 27 1.772951946884447
28 28 1.8232899820330937
28 29 1.854587520029064
29 0 1.7403826809781573
29 1 1.7063202152923846
29 2 1.8120554605626003
29 3 1.8817820272949468
29 4 2.0845554605755763
29 5 1.5728367125750486
29 6 1.9204619358254078
29 7 1.9650993990378465
29 8 2.0250273131804177
29 9 2.020092888839202
29 10 1.7048616917572221
29 11 1.6754690571979567
29 12 1.7209152438783184
29 13 2.1098746824597305
29 14 2.1158482823783085
29 15 2.098725535427561
29 16 1.7394330561674045
29 17 2.2459790199823146
29 18 2.617291344044182
29 19 1.9917549723078334
29 20 2.2213014712169645
29 21 1.5587867142645366
29 22 2.0123494725259925
29 23 2.1302903232175456
29 24 1.8939221488388558
29 25 1.4922610281087891
29 26 1.9586618380426324
29 27 1.801123717522119
29 28 1.8321325215579214
29 29 1.753629009754312
