0 0 1.7527186807655823
0 1 1.8940972783828973
0 2 1.4757712940390042
0 3 1.8931869086947957
0 4 1.910956347714628
0 5 1.7307932736736686
0 6 1.8595338859417299
0 7 1.8827176390392535
0 8 2.0026251922891176
0 9 1.90362089388851
0 10 1.575368418834028
0 11 2.149668120899949
0 12 1.8289602309543527
0 13 1.6863648721342057
0 14 1.4867791792570688
0 15 1.665352465993447
0 16 1.7620051369091292
0 17 2.1051522689605133
0 18 1.5705391497189913
0 19 1.9472143726462428
0 20 2.0140731634970184
0 21 1.5892066489833696
0 22 1.9204619358254078
0 23 1.5058759501601238
0 24 1.7965618878377323
0 25 1.825131346649359
0 26 1.5397095564677532
0 27 1.7007383177916764
0 28 1.7192273081780047
0 29 1.4435955406340293
1 0 1.5197732186694008
1 1 1.7304864276796927
1 2 1.8751102134516509
1 3 1.6476278742782808
1 4 1.5269852813330116
1 5 1.716495237367591
1 6 2.1043088554911122
1 7 2.2483773870075634
1 8 1.7903086889076294
1 9 1.936673749043481
1 10 1.8979049232453329
1 11 2.1780244481649893
1 12 2.1661823269831744
1 13 2.176813621296969
1 14 2.2459790199823146
1 15 1.971335953580117
1 16 2.1098746824597305
1 17 2.1023119422892287
1 18 1.7570687947195136
1 19 1.7121332068557151
1 20 1.9796919695742927
1 21 2.634952375257742
1 22 2.0117410242269433
1 23 1.483594654778721
1 24 1.5165538994723367
1 25 1.7597950960565545
1 26 1.741292246672885
1 27 1.7684715109055131
1 28 1.9720493534957106
1 29 1.4086250199052135
2 0 1.7412953850140969
2 1 1.8551669680651124
2 2 1.7970002077922225
2 3 1.8689066477061058
2 4 1.6746530900013648
2 5 2.4174495772414093
2 6 2.0220967400137537
2 7 1.8980876716470036
2 8 1.9645591708361165
2 9 2.335233622363336
2 10 2.0243993413870136
2 11 1.9273606610200724
2 12 2.0409002363509745
2 13 1.7346621626995997
2 14 2.336672930282115
2 15 2.0309047882958904
2 16 2.113297351580481
2 17 2.1731014722390527
2 18 1.7775762196126248
2 19 2.0314378860838462
2 20 1.5467487879040833
2 21 1.7939397045584178
2 22 2.0487814165344775
2 23 2.2688470104493876
2 24 2.005837276381736
2 25 1.4452295385244331
2 26 1.7133386235787813
2 27 1.8770767670822965
2 28 1.5794164019570314
2 29 2.0931743038972423
3 0 1.8024472677509569
3 1 1.906454033620146
3 2 1.5567921769398374
3 3 1.7449015167508346
3 4 2.031046119299563
3 5 1.8614869888709142
3 6 1.7045922845059456
3 7 2.0813166971881962
3 8 1.9923734424071424
3 9 1.863424863526918
3 10 3.0632176440810186
3 11 2.719841839318445
3 12 1.802640316300762
3 13 2.421560638638893
3 14 2.0091733165404975
3 15 3.047436650210778
3 16 2.433523878542575
3 17 2.3267826176856845
3 18 1.8797332334742103
3 19 2.2276901673754907
3 20 2.0829974285192936
3 21 1.8602319879431228
3 22 1.7715822525119076
3 23 1.9243222834714382
3 24 2.028747153543392
3 25 1.8024453025874234
3 26 1.520487693085234
3 27 1.7542587996128334
3 28 1.604615571194304
3 29 1.6349277615788498
4 0 1.7583962401275794
4 1 1.7079799784849192
4 2 1.3000388211706329
4 3 2.2922464543440317
4 4 2.0123494725259925
4 5 1.479244854395905
4 6 2.617291344044182
4 7 2.240550288586449
4 8 2.528452097549386
4 9 2.6129269118912286
4 10 2.2546506658935774
4 11 2.3042582028380476
4 12 2.6064994097076717
4 13 2.9768312941041084
4 14 3.2840148250421013
4 15 2.3859167893557993
4 16 2.2193092377888264
4 17 1.878833310765067
4 18 2.711642950609474
4 19 2.349322460369467
4 20 1.9993189562747036
4 21 2.1646600926613195
4 22 2.2523426842712975
4 23 1.8746667404270712
4 24 1.7989713917014434
4 25 1.6410444118369827
4 26 1.956784801601716
4 27 1.7053724012419684
4 28 1.7680264030185282
4 29 2.023448890196255
5 0 1.922528473467634
5 1 1.6663144916819406
5 2 1.792078451938569
5 3 2.060821690015022
5 4 1.7993511581621238
5 5 2.2250092504444865
5 6 2.122559685939538
5 7 2.3980545926389523
5 8 1.9974868734489326
5 9 2.69684322184958
5 10 2.077864190605325
5 11 2.2691296333480273
5 12 2.523421437487134
5 13 2.722664487043248
5 14 3.048308240554847
5 15 2.413372939210452
5 16 2.8216815179160366
5 17 2.490584502077992
5 18 2.283896617701221
5 19 2.5010072638592824
5 20 2.1904303308000888
5 21 2.2503575652512255
5 22 1.9817486441030447
5 23 1.73113266022613
5 24 1.6477237473781967
5 25 1.7691910686712273
5 26 2.0532445107294834
5 27 1.5423686347674352
5 28 1.6642726276976467
5 29 1.727920989560568
6 0 1.606702143293088
6 1 1.7441350490904415
6 2 2.0828131135921497
6 3 2.271366686027402
6 4 1.7209152438783184
6 5 2.419773701830799
6 6 2.118233233816163
6 7 2.787481983353281
6 8 2.354510919186846
6 9 2.3947356891369633
6 10 2.524135376023698
6 11 3.316500853612811
6 12 3.2165969892738997
6 13 2.5559700114913575
6 14 3.5462584338112584
6 15 2.7661025114128903
6 16 2.99449454351471
6 17 2.0615638673123344
6 18 2.9063085219034908
6 19 2.103670282771045
6 20 2.305640939038095
6 21 2.2281129811277682
6 22 2.175364847827416
6 23 2.025973406184433
6 24 1.9175797611979615
6 25 1.7431302445048151
6 26 1.903877703505106
6 27 1.6581200330636545
6 28 1.620166635473976
6 29 1.924359277096066
7 0 1.7657403832593623
7 1 1.7039181360514921
7 2 1.97773586686128
7 3 1.7988150420342193
7 4 2.0636832254315784
7 5 2.114187537403609
7 6 2.433523878542575
7 7 2.3394896421330285
7 8 2.12734765850198
7 9 2.6461581916152057
7 10 3.6892243617625273
7 11 3.206831153613707
7 12 2.9058564316733895
7 13 3.3183259092207242
7 14 3.486878263569218
7 15 2.988884446906642
7 16 3.693612732239802
7 17 2.3815068220374873
7 18 2.496859535107977
7 19 2.520429213031255
7 20 1.976311134718775
7 21 2.515330088178042
7 22 1.9333204032730629
7 23 1.8584846173991285
7 24 2.224022345330848
7 25 1.9149199334480893
7 26 1.7485413279618691
7 27 2.090777872988444
7 28 1.744630575039655
7 29 1.3971127540347397
8 0 1.4619920154475219
8 1 2.1695774103462395
8 2 1.9919313183651544
8 3 1.892353383935921
8 4 2.277196228383015
8 5 2.273039813550598
8 6 2.0672204137291064
8 7 2.719683537512858
8 8 2.869971837022497
8 9 2.8671123049553477
8 10 2.719597395475896
8 11 3.068686049661769
8 12 3.486027084058659
8 13 3.2333119144654536
8 14 3.7073390647219777
8 15 3.7367607199460084
8 16 3.0950569267236765
8 17 3.2827182118896796
8 18 2.8916254762869094
8 19 2.403847640889831
8 20 2.0857918170515615
8 21 1.8790339066552137
8 22 2.9482894711386716
8 23 1.910962797913329
8 24 1.9197035160843692
8 25 1.7610391486210881
8 26 1.8610837927933261
8 27 2.1629955952001887
8 28 1.8527228250550374
8 29 1.5889460959500585
9 0 1.6303682575497205
9 1 2.634952375257742
9 2 1.7467981149079472
9 3 2.1824263378916973
9 4 2.4524132773078406
9 5 2.822445825442122
9 6 2.209056649856535
9 7 2.3354357102140657
9 8 2.668781615714279
9 9 2.7020161853334015
9 10 4.2073507436644295
9 11 3.572699177178561
9 12 6.593478192234897
9 13 5.852272841183925
9 14 4.824637041978399
9 15 4.272247495343727
9 16 3.1775944440577106
9 17 3.2029817717594704
9 18 2.9231237006835906
9 19 2.7628429971194746
9 20 2.7163884098995053
9 21 2.1235683299506847
9 22 2.9080860881748896
9 23 1.9850712918560065
9 24 1.961232945360248
9 25 2.0273760479912672
9 26 1.8087068731172242
9 27 2.0658438383726554
9 28 1.644860959557569
9 29 1.476988991861302
10 0 2.0468372681952682
10 1 2.1723806543828887
10 2 1.510268642694976
10 3 2.0845513094053985
10 4 1.9769414795461506
10 5 2.4867229258333228
10 6 2.494334969647865
10 7 2.800452446741919
10 8 2.853613765126619
10 9 3.4173843675894613
10 10 3.086318686311596
10 11 3.6267326871154237
10 12 5.56121951812428
10 13 12.756391071395896
10 14 6.781551681534741
10 15 4.501440806512434
10 16 3.389223258624395
10 17 2.7106268150101385
10 18 3.0399637623552764
10 19 2.8864799354002684
10 20 2.453257181295217
10 21 2.4609438842000153
10 22 1.9705307551648685
10 23 2.1264332896583227
10 24 2.0134805478921893
10 25 2.1866307943701164
10 26 1.804045430168598
10 27 1.6908226358196707
10 28 1.973287006296256
10 29 1.385176449536339
11 0 2.0366600792201344
11 1 2.1941780123645773
11 2 1.7180913095720927
11 3 2.066220330448038
11 4 1.7975057708446183
11 5 2.632266573961511
11 6 2.205488997240578
11 7 2.721383039267401
11 8 2.3870199738165625
11 9 2.922570850033109
11 10 3.7381230597355297
11 11 4.242367500254572
11 12 6.6748671847931496
11 13 5.737701618926395
11 14 5.969032413865995
11 15 4.151747054663589
11 16 3.318943737845899
11 17 3.0145823688897546
11 18 3.367016463302496
11 19 3.5734327869014306
11 20 2.6936811782231476
11 21 2.8288870954789873
11 22 1.958666493274931
11 23 2.9136527481419687
11 24 1.7383020050109155
11 25 1.9250156772444234
11 26 2.05187220865481
11 27 1.8727540904105935
11 28 1.8372522429876503
11 29 2.0909796395349822
12 0 2.2772941500077946
12 1 2.078085648845288
12 2 1.6038723160851323
12 3 2.133202316223162
12 4 1.9032263313271445
12 5 2.5518848721473586
12 6 2.243620689983207
12 7 2.328900685155996
12 8 2.8916254762869094
12 9 2.892281664078208
12 10 3.699388699027138
12 11 3.4612474386750893
12 12 4.405257397186567
12 13 3.555931079685941
12 14 3.8715478660065887
12 15 3.5645257169077955
12 16 3.88441471990899
12 17 3.086940825024332
12 18 3.3569884573833377
12 19 2.722490110963601
12 20 2.5517929170337226
12 21 2.2677445935940335
12 22 2.12530711024888
12 23 2.1298264051872717
12 24 2.9728519588506064
12 25 1.7532582984655631
12 26 2.2326975723447515
12 27 1.3781710367126034
12 28 1.8387982416948958
12 29 2.1075414211654397
13 0 1.765701201690501
13 1 2.1209481697364647
13 2 1.6803538680151457
13 3 1.8421151889231064
13 4 1.8753837168249095
13 5 2.4957964018167687
13 6 2.2844131127741147
13 7 2.6527509869751396
13 8 3.222455780726488
13 9 3.116090979699217
13 10 2.89165246674149
13 11 3.284120966200875
13 12 3.6946827673936005
13 13 3.7582871391437287
13 14 2.895885974399572
13 15 3.480625309992472
13 16 3.4044266439898507
13 17 3.580899722776452
13 18 3.275419115824473
13 19 2.8951163222125813
13 20 2.981180479346605
13 21 2.0704502467348855
13 22 2.9301114303350033
13 23 2.0465075612024486
13 24 2.4878260287345153
13 25 1.8873625706436177
13 26 1.8740995806715766
13 27 1.9078661719707086
13 28 1.7052784660619948
13 29 2.291329125568857
14 0 1.5710103483367992
14 1 1.8344541730982686
14 2 1.8536688116189877
14 3 2.025973406184433
14 4 1.7708242580838631
14 5 2.963057045032199
14 6 1.8193820867573003
14 7 2.7053805612569715
14 8 2.7737072840889363
14 9 3.1049213870408994
14 10 4.119738483841192
14 11 3.199061958386584
14 12 3.0766858774615
14 13 4.179791091944962
14 14 3.9727081294712128
14 15 3.5256087870470036
14 16 3.1550525490963537
14 17 2.2695620748820264
14 18 3.831080776263215
14 19 2.790614774441474
14 20 2.8065105935957004
14 21 2.520486493297606
14 22 2.993920849258991
14 23 2.7194425185210744
14 24 2.4372540860880103
14 25 1.747258780535896
14 26 1.9045566435784196
14 27 2.1157802370239294
14 28 1.5654133418163887
14 29 1.7270824686767652
15 0 1.8418052354408496
15 1 2.172741756831772
15 2 1.675760349092585
15 3 2.4194987024277532
15 4 1.7359090715523025
15 5 2.2916406336985538
15 6 2.027506664344444
15 7 2.2149645437669703
15 8 3.138612274015444
15 9 2.9268637850819634
15 10 2.9978337963209705
15 11 2.812802598000917
15 12 2.6333596303134352
15 13 3.9153721237965717
15 14 4.292520562050032
15 15 3.2676914394979932
15 16 4.292520562050032
15 17 3.9153721237965717
15 18 2.6333596303134352
15 19 2.812802598000917
15 20 2.9978337963209705
15 21 2.9268637850819634
15 22 3.138612274015444
15 23 2.2149645437669703
15 24 2.027506664344444
15 25 2.2916406336985538
15 26 1.7359090715523025
15 27 2.4194987024277532
15 28 1.675760349092585
15 29 2.172741756831772
16 0 1.4627492297042102
16 1 1.7270824686767652
16 2 1.5654133418163887
16 3 2.1157802370239294
16 4 1.9045566435784196
16 5 1.747258780535896
16 6 2.4372540860880103
16 7 2.7194425185210744
16 8 2.993920849258991
16 9 2.520486493297606
16 10 2.8065105935957004
16 11 2.790614774441474
16 12 3.831080776263215
16 13 2.2695620748820264
16 14 3.1550525490963537
16 15 3.5256087870470036
16 16 3.9727081294712128
16 17 4.179791091944962
16 18 3.0766858774615
16 19 3.199061958386584
16 20 4.119738483841192
16 21 3.1049213870408994
16 22 2.7737072840889363
16 23 2.7053805612569715
16 24 1.8193820867573003
16 25 2.963057045032199
16 26 1.7708242580838631
16 27 2.025973406184433
16 28 1.8536688116189877
16 29 1.8344541730982686
17 0 1.842492622666338
17 1 2.291329125568857
17 2 1.7052784660619948
17 3 1.9078661719707086
17 4 1.8740995806715766
17 5 1.8873625706436177
17 6 2.4878260287345153
17 7 2.0465075612024486
17 8 2.9301114303350033
17 9 2.0704502467348855
17 10 2.981180479346605
17 11 2.8951163222125813
17 12 3.275419115824473
17 13 3.580899722776452
17 14 3.4044266439898507
17 15 3.480625309992472
17 16 2.895885974399572
17 17 3.7582871391437287
17 18 3.6946827673936005
17 19 3.284120966200875
17 20 2.89165246674149
17 21 3.116090979699217
17 22 3.222455780726488
17 23 2.6527509869751396
17 24 2.2844131127741147
17 25 2.4957964018167687
17 26 1.8753837168249095
17 27 1.8421151889231064
17 28 1.6803538680151457
17 29 2.1209481697364647
18 0 1.7338802542993865
18 1 2.1075414211654397
18 2 1.8387982416948958
18 3 1.3781710367126034
18 4 2.2326975723447515
18 5 1.7532582984655631
18 6 2.9728519588506064
18 7 2.1298264051872717
18 8 2.12530711024888
18 9 2.2677445935940335
18 10 2.5517929170337226
18 11 2.722490110963601
18 12 3.3569884573833377
18 13 3.086940825024332
18 14 3.88441471990899
18 15 3.5645257169077955
18 16 3.8715478660065887
18 17 3.555931079685941
18 18 4.405257397186567
18 19 3.4612474386750893
18 20 3.699388699027138
18 21 2.892281664078208
18 22 2.8916254762869094
18 23 2.328900685155996
18 24 2.243620689983207
18 25 2.5518848721473586
18 26 1.9032263313271445
18 27 2.133202316223162
18 28 1.6038723160851323
18 29 2.078085648845288
19 0 1.5435281477030802
19 1 2.0909796395349822
19 2 1.8372522429876503
19 3 1.8727540904105935
19 4 2.05187220865481
19 5 1.9250156772444234
19 6 1.7383020050109155
19 7 2.9136527481419687
19 8 1.958666493274931
19 9 2.8288870954789873
19 10 2.6936811782231476
19 11 3.5734327869014306
19 12 3.367016463302496
19 13 3.0145823688897546
19 14 3.318943737845899
19 15 4.151747054663589
19 16 5.969032413865995
19 17 5.737701618926395
19 18 6.6748671847931496
19 19 4.242367500254572
19 20 3.7381230597355297
19 21 2.922570850033109
19 22 2.3870199738165625
19 23 2.721383039267401
19 24 2.205488997240578
19 25 2.632266573961511
19 26 1.7975057708446183
19 27 2.066220330448038
19 28 1.7180913095720927
19 29 2.1941780123645773
20 0 1.3756742950706313
20 1 1.385176449536339
20 2 1.973287006296256
20 3 1.6908226358196707
20 4 1.804045430168598
20 5 2.1866307943701164
20 6 2.0134805478921893
20 7 2.1264332896583227
20 8 1.9705307551648685
20 9 2.4609438842000153
20 10 2.453257181295217
20 11 2.8864799354002684
20 12 3.0399637623552764
20 13 2.7106268150101385
20 14 3.389223258624395
20 15 4.501440806512434
20 16 6.781551681534741
20 17 12.756391071395896
20 18 5.56121951812428
20 19 3.6267326871154237
20 20 3.086318686311596
20 21 3.4173843675894613
20 22 2.853613765126619
20 23 2.800452446741919
20 24 2.494334969647865
20 25 2.4867229258333228
20 26 1.9769414795461506
20 27 2.0845513094053985
20 28 1.510268642694976
20 29 2.1723806543828887
21 0 1.764545701327615
21 1 1.476988991861302
21 2 1.644860959557569
21 3 2.0658438383726554
21 4 1.8087068731172242
21 5 2.0273760479912672
21 6 1.961232945360248
21 7 1.9850712918560065
21 8 2.9080860881748896
21 9 2.1235683299506847
21 10 2.7163884098995053
21 11 2.7628429971194746
21 12 2.9231237006835906
21 13 3.2029817717594704
21 14 3.1775944440577106
21 15 4.272247495343727
21 16 4.824637041978399
21 17 5.852272841183925
21 18 6.593478192234897
21 19 3.572699177178561
21 20 4.2073507436644295
21 21 2.7020161853334015
21 22 2.668781615714279
21 23 2.3354357102140657
21 24 2.209056649856535
21 25 2.822445825442122
21 26 2.4524132773078406
21 27 2.1824263378916973
21 28 1.7467981149079472
21 29 2.634952375257742
22 0 1.691070340375032
22 1 1.5889460959500585
22 2 1.8527228250550374
22 3 2.1629955952001887
22 4 1.8610837927933261
22 5 1.7610391486210881
22 6 1.9197035160843692
22 7 1.910962797913329
22 8 2.9482894711386716
22 9 1.8790339066552137
22 10 2.0857918170515615
22 11 2.403847640889831
22 12 2.8916254762869094
22 13 3.2827182118896796
22 14 3.0950569267236765
22 15 3.7367607199460084
22 16 3.7073390647219777
22 17 3.2333119144654536
22 18 3.486027084058659
22 19 3.068686049661769
22 20 2.719597395475896
22 21 2.8671123049553477
22 22 2.869971837022497
22 23 2.719683537512858
22 24 2.0672204137291064
22 25 2.273039813550598
22 26 2.277196228383015
22 27 1.892353383935921
22 28 1.9919313183651544
22 29 2.1695774103462395
23 0 1.7027789203299382
23 1 1.3971127540347397
23 2 1.744630575039655
23 3 2.090777872988444
23 4 1.7485413279618691
23 5 1.9149199334480893
23 6 2.224022345330848
23 7 1.8584846173991285
23 8 1.9333204032730629
23 9 2.515330088178042
23 10 1.976311134718775
23 11 2.520429213031255
23 12 2.496859535107977
23 13 2.3815068220374873
23 14 3.693612732239802
23 15 2.988884446906642
23 16 3.486878263569218
23 17 3.3183259092207242
23 18 2.9058564316733895
23 19 3.206831153613707
23 20 3.6892243617625273
23 21 2.6461581916152057
23 22 2.12734765850198
23 23 2.3394896421330285
23 24 2.433523878542575
23 25 2.114187537403609
23 26 2.0636832254315784
23 27 1.7988150420342193
23 28 1.97773586686128
23 29 1.7039181360514921
24 0 1.600320252532125
24 1 1.924359277096066
24 2 1.620166635473976
24 3 1.6581200330636545
24 4 1.903877703505106
24 5 1.7431302445048151
24 6 1.9175797611979615
24 7 2.025973406184433
24 8 2.175364847827416
24 9 2.2281129811277682
24 10 2.305640939038095
24 11 2.103670282771045
24 12 2.9063085219034908
24 13 2.0615638673123344
24 14 2.99449454351471
24 15 2.7661025114128903
24 16 3.5462584338112584
24 17 2.5559700114913575
24 18 3.2165969892738997
24 19 3.316500853612811
24 20 2.524135376023698
24 21 2.3947356891369633
24 22 2.354510919186846
24 23 2.787481983353281
24 24 2.118233233816163
24 25 2.419773701830799
24 26 1.7209152438783184
24 27 2.271366686027402
24 28 2.0828131135921497
24 29 1.7441350490904415
25 0 1.6848648790970555
25 1 1.727920989560568
25 2 1.6642726276976467
25 3 1.5423686347674352
25 4 2.0532445107294834
25 5 1.7691910686712273
25 6 1.6477237473781967
25 7 1.73113266022613
25 8 1.9817486441030447
25 9 2.2503575652512255
25 10 2.1904303308000888
25 11 2.5010072638592824
25 12 2.283896617701221
25 13 2.490584502077992
25 14 2.8216815179160366
25 15 2.413372939210452
25 16 3.048308240554847
25 17 2.722664487043248
25 18 2.523421437487134
25 19 2.2691296333480273
25 20 2.077864190605325
25 21 2.69684322184958
25 22 1.9974868734489326
25 23 2.3980545926389523
25 24 2.122559685939538
25 25 2.2250092504444865
25 26 1.7993511581621238
25 27 2.060821690015022
25 28 1.792078451938569
25 29 1.6663144916819406
26 0 1.7685809053704662
26 1 2.023448890196255
26 2 1.7680264030185282
26 3 1.7053724012419684
26 4 1.956784801601716
26 5 1.6410444118369827
26 6 1.7989713917014434
26 7 1.8746667404270712
26 8 2.2523426842712975
26 9 2.1646600926613195
26 10 1.9993189562747036
26 11 2.349322460369467
26 12 2.711642950609474
26 13 1.878833310765067
26 14 2.2193092377888264
26 15 2.3859167893557993
26 16 3.2840148250421013
26 17 2.9768312941041084
26 18 2.6064994097076717
26 19 2.3042582028380476
26 20 2.2546506658935774
26 21 2.6129269118912286
26 22 2.528452097549386
26 23 2.240550288586449
26 24 2.617291344044182
26 25 1.479244854395905
26 26 2.0123494725259925
26 27 2.2922464543440317
26 28 1.3000388211706329
26 29 1.7079799784849192
27 0 1.4397964524193332
27 1 1.6349277615788498
27 2 1.604615571194304
27 3 1.7542587996128334
27 4 1.520487693085234
27 5 1.8024453025874234
27 6 2.028747153543392
27 7 1.9243222834714382
27 8 1.7715822525119076
27 9 1.8602319879431228
27 10 2.0829974285192936
27 11 2.2276901673754907
27 12 1.8797332334742103
27 13 2.3267826176856845
27 14 2.433523878542575
27 15 3.047436650210778
27 16 2.0091733165404975
27 17 2.421560638638893
27 18 1.802640316300762
27 19 2.719841839318445
27 20 3.0632176440810186
27 21 1.863424863526918
27 22 1.9923734424071424
27 23 2.0813166971881962
27 24 1.7045922845059456
27 25 1.8614869888709142
27 26 2.031046119299563
27 27 1.7449015167508346
27 28 1.5567921769398374
27 29 1.906454033620146
28 0 1.3264119506662233
28 1 2.0931743038972423
28 2 1.5794164019570314
28 3 1.8770767670822965
28 4 1.7133386235787813
28 5 1.4452295385244331
28 6 2.005837276381736
28 7 2.2688470104493876
28 8 2.0487814165344775
28 9 1.7939397045584178
28 10 1.5467487879040833
28 11 2.0314378860838462
28 12 1.7775762196126248
28 13 2.1731014722390527
28 14 2.113297351580481
28 15 2.0309047882958904
28 16 2.336672930282115
28 17 1.7346621626995997
28 18 2.0409002363509745
28 19 1.9273606610200724
28 20 2.0243993413870136
28 21 2.335233622363336
28 22 1.9645591708361165
28 23 1.8980876716470036
28 24 2.0220967400137537
28 25 2.4174495772414093
28 26 1.6746530900013648
28 27 1.8689066477061058
28 28 1.7970002077922225
28 29 1.8551669680651124
29 0 1.6304734687648852
29 1 1.4086250199052135
29 2 1.9720493534957106
29 3 1.7684715109055131
29 4 1.741292246672885
29 5 1.7597950960565545
29 6 1.5165538994723367
29 7 1.483594654778721
29 8 2.0117410242269433
29 9 2.634952375257742
29 10 1.9796919695742927
29 11 1.7121332068557151
29 12 1.7570687947195136
29 13 2.1023119422892287
29 14 2.1098746824597305
29 15 1.971335953580117
29 16 2.2459790199823146
29 17 2.176813621296969
29 18 2.1661823269831744
29 19 2.1780244481649893
29 20 1.8979049232453329
29 21 1.936673749043481
29 22 1.7903086889076294
29 23 2.2483773870075634
29 24 2.1043088554911122
29 25 1.716495237367591
29 26 1.5269852813330116
29 27 1.6476278742782808
29 28 1.8751102134516509
29 29 1.7304864276796927
