0 0 1.8178750270068982
0 1 1.6329393567148707
0 2 1.7599115532681697
0 3 1.6770459563057392
0 4 1.811847371448437
0 5 1.739914734219739
0 6 1.6839505563461517
0 7 1.6767300316714195
0 8 1.7104592984399498
0 9 1.7282934780466939
0 10 1.987925407012465
0 11 1.9470786480212283
0 12 1.9769373437984754
0 13 1.7620051369091292
0 14 1.5661248186083092
0 15 1.9752745508734897
0 16 1.5786803728952505
0 17 1.4867791792570688
0 18 1.7230839988046716
0 19 1.5408734032476499
0 20 1.5958343466890366
0 21 1.8546930089664235
0 22 2.2786135762819346
0 23 1.5628682826056712
0 24 1.6707979507095516
0 25 1.5487181613495697
0 26 1.9659224724954691
0 27 2.0621746264352407
0 28 1.7384901110795918
0 29 1.3751899714267335
1 0 1.7403826809781573
1 1 1.7063202152923846
1 2 1.8120554605626003
1 3 1.8817820272949468
1 4 2.0845554605755763
1 5 1.5728367125750486
1 6 1.9204619358254078
1 7 1.9650993990378465
1 8 2.0250273131804177
1 9 2.020092888839202
1 10 1.7048616917572221
1 11 1.6754690571979567
1 12 1.7209152438783184
1 13 2.1098746824597305
1 14 2.1158482823783085
1 15 2.098725535427561
1 16 1.7394330561674045
1 17 2.2459790199823146
1 18 2.617291344044182
1 19 1.9917549723078334
1 20 2.2213014712169645
1 21 1.5587867142645366
1 22 2.0123494725259925
1 23 2.1302903232175456
1 24 1.8939221488388558
1 25 1.4922610281087891
1 26 1.9586618380426324
1 27 1.801123717522119
1 28 1.8321325215579214
1 29 1.753629009754312
2 0 1.8594792179484323
2 1 1.4654134120501938
2 2 1.755858898727299
2 3 2.1184084370283585
2 4 1.5449920972741114
2 5 1.8951571187292566
2 6 2.1682073450272794
2 7 2.1816415392817405
2 8 1.759013818962887
2 9 1.980316644437932
2 10 1.992429172109842
2 11 1.9734937446815914
2 12 2.068534482810683
2 13 2.113297351580481
2 14 2.232508616151299
2 15 1.628745655751893
2 16 2.3521442212781927
2 17 2.336672930282115
2 18 2.006944318392123
2 19 2.164559567570221
2 20 2.0937431275128913
2 21 1.9631227401613838
2 22 1.6823822500186776
2 23 1.8415901882024632
2 24 1.9182143666336888
2 25 2.209341112781765
2 26 1.6292920944726426
2 27 1.772951946884447
2 28 1.8232899820330937
2 29 1.854587520029064
3 0 1.7071494611643576
3 1 1.7168706439070691
3 2 1.953321520451901
3 3 1.8564789099723271
3 4 2.2412468064029816
3 5 2.0366600792201344
3 6 1.9255637939403718
3 7 1.7660681783151897
3 8 1.562456254095839
3 9 2.145547632483464
3 10 2.2648240968604263
3 11 1.9485895976843157
3 12 1.9990017381918466
3 13 2.433523878542575
3 14 2.296516373030874
3 15 1.9759040645319197
3 16 2.203993589829824
3 17 2.0091733165404975
3 18 2.2662676080905024
3 19 2.4785204670260685
3 20 1.628745655751893
3 21 2.1076747429795684
3 22 1.9874056871876227
3 23 1.834776813988502
3 24 1.8006032904274918
3 25 2.104821386492631
3 26 1.864680813070164
3 27 1.7388862080666863
3 28 1.3607650512899983
3 29 2.082920564471801
4 0 1.7687310305517876
4 1 1.7357511270420707
4 2 2.048824659050724
4 3 1.9076649310333258
4 4 1.824197056424995
4 5 2.2632721035657446
4 6 2.031012453083388
4 7 1.8044687386750045
4 8 2.1132684246607165
4 9 2.187314590507691
4 10 1.8803652387424337
4 11 2.543516967092388
4 12 2.613334930574376
4 13 2.2193092377888264
4 14 2.6526047955011847
4 15 2.953294228532079
4 16 2.152638219760969
4 17 3.2840148250421013
4 18 2.375993905455676
4 19 2.282104631129456
4 20 2.5453995753942094
4 21 2.2882321931597565
4 22 1.9242128700130654
4 23 2.412901238307731
4 24 1.9792502733706812
4 25 1.7048616917572221
4 26 1.5974988002505341
4 27 1.9327785925288967
4 28 1.5444732234591896
4 29 1.9022977714265432
5 0 1.4583122269599849
5 1 1.9415961413607374
5 2 1.7071130110782613
5 3 1.7059372394486763
5 4 1.8749453449777302
5 5 1.8320739681187064
5 6 1.6038723160851323
5 7 1.795036317380191
5 8 1.9320767522533464
5 9 1.9308735844895757
5 10 2.374472140367216
5 11 2.096000123541203
5 12 2.7952081768866024
5 13 2.8216815179160366
5 14 2.869971837022497
5 15 2.618019494359612
5 16 2.807437452821789
5 17 3.048308240554847
5 18 2.764531486840846
5 19 2.12734765850198
5 20 2.3919717019659084
5 21 2.457341397647346
5 22 2.400839817863901
5 23 1.836634449825056
5 24 1.7775762196126248
5 25 1.8479937823558885
5 26 1.9919313183651544
5 27 2.0906143647077116
5 28 1.5983408175271459
5 29 1.6672948842214814
6 0 1.7769550579298554
6 1 1.644431219818828
6 2 1.8382595099757137
6 3 1.6205670497184994
6 4 2.2335094299618987
6 5 1.8202317822731893
6 6 2.230416626880439
6 7 2.0708824757321898
6 8 1.88313062600824
6 9 2.5460284547124115
6 10 2.102216680381138
6 11 2.9211186075190283
6 12 2.2757743386107685
6 13 2.99449454351471
6 14 2.752215683597413
6 15 2.929920443647909
6 16 3.512291426410402
6 17 3.5462584338112584
6 18 3.0841026304801655
6 19 3.0250821718967025
6 20 2.546330990552741
6 21 2.982403410849212
6 22 2.613334930574376
6 23 2.081322968318742
6 24 2.2084991997104377
6 25 2.395390456678842
6 26 1.971172805124959
6 27 2.273498066347105
6 28 2.208314030527049
6 29 1.970484806986134
7 0 1.5772304302030145
7 1 1.400405048269469
7 2 1.9381761231906178
7 3 2.0160149372242815
7 4 1.9416392156001478
7 5 1.6835010174302392
7 6 2.3149155526926326
7 7 1.8753837168249095
7 8 2.477855633388264
7 9 1.9627073563010657
7 10 2.513906054193125
7 11 2.7329243925941813
7 12 2.728275294361461
7 13 3.693612732239802
7 14 3.109978208337431
7 15 4.2073507436644295
7 16 2.9397377422631354
7 17 3.486878263569218
7 18 3.0678554196565653
7 19 2.7291771265117206
7 20 2.921354520211347
7 21 2.923591200418494
7 22 1.9754856527385787
7 23 2.2304885124144915
7 24 1.9015009479326106
7 25 2.2177150464090167
7 26 1.6925693186343804
7 27 1.7660681783151897
7 28 2.241083410507996
7 29 1.5966767004780662
8 0 2.103632896801424
8 1 1.765417166581535
8 2 1.7950041932537821
8 3 2.0854487025867576
8 4 1.7348610523778412
8 5 2.2518232830078397
8 6 1.9564625143866898
8 7 1.8796284222836301
8 8 2.3948253974853233
8 9 2.3828933907011116
8 10 2.6532061844326504
8 11 3.1852411700919006
8 12 2.7260218021875904
8 13 3.0950569267236765
8 14 3.6627008236363214
8 15 4.905502635819367
8 16 3.8701046743415994
8 17 3.7073390647219777
8 18 3.0299180476902428
8 19 3.109978208337431
8 20 2.814932387213733
8 21 2.4255139038851707
8 22 2.64137946611087
8 23 1.6582015918127044
8 24 2.823746779640583
8 25 1.9993189562747036
8 26 2.0242046336807245
8 27 1.5563860462413124
8 28 1.5927274641740197
8 29 1.878769371681853
9 0 1.3845052103538251
9 1 1.824632632565796
9 2 1.8942510509403923
9 3 1.64931903715108
9 4 1.5227687415461264
9 5 2.0084722465282607
9 6 1.6105008446587883
9 7 2.6443550091007526
9 8 1.8193820867573003
9 9 3.180784086720012
9 10 2.2686450174374078
9 11 2.6523473377743834
9 12 3.8733018502852445
9 13 3.1775944440577106
9 14 4.148137569744861
9 15 5.279200837244356
9 16 5.56121951812428
9 17 4.824637041978399
9 18 3.54561983908942
9 19 2.9083715998628596
9 20 3.209812654989744
9 21 2.496982473189667
9 22 2.835413106900036
9 23 2.205488997240578
9 24 2.5460284547124115
9 25 1.8270019858487687
9 26 2.256105571237567
9 27 1.6992547110955905
9 28 1.8452186288567456
9 29 2.1262895562259696
10 0 1.643978823872788
10 1 1.8150626055212091
10 2 1.8042822128886542
10 3 1.6814412593235033
10 4 2.0820275819210985
10 5 2.370551385978824
10 6 2.1608403861824783
10 7 2.4727486995644474
10 8 2.216166202783262
10 9 2.802319936298556
10 10 2.962777922902993
10 11 2.915386645006154
10 12 3.220621185930417
10 13 3.389223258624395
10 14 4.2680925611351
10 15 6.561956106437532
10 16 12.648973797811031
10 17 6.781551681534741
10 18 3.8304728979843663
10 19 3.7116650779820684
10 20 2.7577211825104557
10 21 2.8741611964817806
10 22 2.4817731746206406
10 23 2.1776836202477714
10 24 2.348249036559297
10 25 1.9265435026912308
10 26 1.8032189518177517
10 27 2.0986294367802354
10 28 1.8985715471940563
10 29 1.8749453449777302
11 0 1.4865199116034997
11 1 1.8493236364100407
11 2 2.153146059406218
11 3 1.8087068731172242
11 4 2.013421341356297
11 5 1.9003222169500131
11 6 2.385777551585325
11 7 1.986795703541404
11 8 2.5018426759097956
11 9 3.138612274015444
11 10 2.902403858361709
11 11 3.034134776094749
11 12 2.50542419787724
11 13 3.318943737845899
11 14 3.664427680425315
11 15 4.574260982916996
11 16 5.073052003212598
11 17 5.969032413865995
11 18 4.315349266948928
11 19 3.363549060654329
11 20 2.792810500432127
11 21 2.6523473377743834
11 22 2.301573917900278
11 23 2.727816853231925
11 24 2.245161404867339
11 25 2.3798880192375487
11 26 2.249577367986802
11 27 1.766803165630245
11 28 1.5770867932835133
11 29 2.0246121473486904
12 0 1.7305504301072145
12 1 2.1118490435057806
12 2 2.1208549290369745
12 3 1.5885739888275936
12 4 2.140221212360539
12 5 1.7490525858715356
12 6 2.284987486244615
12 7 2.3079985128723104
12 8 2.511043338232069
12 9 2.642896978180864
12 10 2.854592473035807
12 11 3.3575082938474328
12 12 2.898592412340216
12 13 3.88441471990899
12 14 3.573231769851521
12 15 3.8502462841978664
12 16 4.408276233203423
12 17 3.8715478660065887
12 18 3.6782306811475403
12 19 3.6225062922175266
12 20 3.354042882321804
12 21 3.020418770229761
12 22 2.7272249610509607
12 23 3.048723369518413
12 24 2.1205350937860254
12 25 2.5147725135307235
12 26 1.9564625143866898
12 27 1.981838762460503
12 28 1.722695638314306
12 29 2.113007764127428
13 0 1.7465152956455001
13 1 1.8731952774152607
13 2 1.8453127555498572
13 3 1.7841394486007063
13 4 2.356075470031851
13 5 1.879679337572349
13 6 2.7590291287692676
13 7 2.252194241021967
13 8 2.892935664499872
13 9 2.245140295135033
13 10 2.8065105935957004
13 11 3.6298932805982367
13 12 3.478519314184783
13 13 3.4044266439898507
13 14 3.261804663111561
13 15 3.2866054080143683
13 16 3.748902646494636
13 17 2.895885974399572
13 18 3.88441471990899
13 19 3.9761014854045817
13 20 4.119738483841192
13 21 2.2954987332416956
13 22 2.501418623622757
13 23 2.6749243183965388
13 24 2.3155572241402553
13 25 2.127072683146882
13 26 1.8750928839915508
13 27 2.224022345330848
13 28 1.7860959743929037
13 29 1.9656255479495552
14 0 1.7409704039537455
14 1 2.1417736910025793
14 2 1.952562225998509
14 3 1.7241494218352864
14 4 2.163949897190124
14 5 1.7413154222155809
14 6 2.3517442345091104
14 7 2.393574407198744
14 8 2.6679791446308583
14 9 2.8847291459242443
14 10 2.773090188333423
14 11 2.5672445015201086
14 12 2.599299516886888
14 13 3.1550525490963537
14 14 3.1040383236422997
14 15 3.1693328053956327
14 16 2.9690429275367225
14 17 3.9727081294712128
14 18 3.2947057920445055
14 19 2.8456811568895253
14 20 3.0227627010267946
14 21 3.127708583434714
14 22 2.396870097965726
14 23 2.5018426759097956
14 24 2.4231059091486147
14 25 2.2613337861703537
14 26 2.0417131098174166
14 27 2.169906954564339
14 28 1.7919295932494985
14 29 1.8153553222708443
15 0 1.602105680511984
15 1 2.4325803253423
15 2 1.6814412593235033
15 3 1.686222119324092
15 4 1.8759232489948008
15 5 2.05889418712146
15 6 2.2729511453718216
15 7 2.1575884676401706
15 8 2.5911269492350466
15 9 3.120963722878549
15 10 2.580337670689362
15 11 3.275419115824473
15 12 3.203478017111025
15 13 4.292520562050032
15 14 3.2527964751901774
15 15 2.835014261164107
15 16 3.2527964751901774
15 17 4.292520562050032
15 18 3.203478017111025
15 19 3.275419115824473
15 20 2.580337670689362
15 21 3.120963722878549
15 22 2.5911269492350466
15 23 2.1575884676401706
15 24 2.2729511453718216
15 25 2.05889418712146
15 26 1.8759232489948008
15 27 1.686222119324092
15 28 1.6814412593235033
15 29 2.4325803253423
16 0 1.8527405814953766
16 1 1.8153553222708443
16 2 1.7919295932494985
16 3 2.169906954564339
16 4 2.0417131098174166
16 5 2.2613337861703537
16 6 2.4231059091486147
16 7 2.5018426759097956
16 8 2.396870097965726
16 9 3.127708583434714
16 10 3.0227627010267946
16 11 2.8456811568895253
16 12 3.2947057920445055
16 13 3.9727081294712128
16 14 2.9690429275367225
16 15 3.1693328053956327
16 16 3.1040383236422997
16 17 3.1550525490963537
16 18 2.599299516886888
16 19 2.5672445015201086
16 20 2.773090188333423
16 21 2.8847291459242443
16 22 2.6679791446308583
16 23 2.393574407198744
16 24 2.3517442345091104
16 25 1.7413154222155809
16 26 2.163949897190124
16 27 1.7241494218352864
16 28 1.952562225998509
16 29 2.1417736910025793
17 0 1.4627492297042102
17 1 1.9656255479495552
17 2 1.7860959743929037
17 3 2.224022345330848
17 4 1.8750928839915508
17 5 2.127072683146882
17 6 2.3155572241402553
17 7 2.6749243183965388
17 8 2.501418623622757
17 9 2.2954987332416956
17 10 4.119738483841192
17 11 3.9761014854045817
17 12 3.88441471990899
17 13 2.895885974399572
17 14 3.748902646494636
17 15 3.2866054080143683
17 16 3.261804663111561
17 17 3.4044266439898507
17 18 3.478519314184783
17 19 3.6298932805982367
17 20 2.8065105935957004
17 21 2.245140295135033
17 22 2.892935664499872
17 23 2.252194241021967
17 24 2.7590291287692676
17 25 1.879679337572349
17 26 2.356075470031851
17 27 1.7841394486007063
17 28 1.8453127555498572
17 29 1.8731952774152607
18 0 1.3759337611991027
18 1 2.113007764127428
18 2 1.722695638314306
18 3 1.981838762460503
18 4 1.9564625143866898
18 5 2.5147725135307235
18 6 2.1205350937860254
18 7 3.048723369518413
18 8 2.7272249610509607
18 9 3.020418770229761
18 10 3.354042882321804
18 11 3.6225062922175266
18 12 3.6782306811475403
18 13 3.8715478660065887
18 14 4.408276233203423
18 15 3.8502462841978664
18 16 3.573231769851521
18 17 3.88441471990899
18 18 2.898592412340216
18 19 3.3575082938474328
18 20 2.854592473035807
18 21 2.642896978180864
18 22 2.511043338232069
18 23 2.3079985128723104
18 24 2.284987486244615
18 25 1.7490525858715356
18 26 2.140221212360539
18 27 1.5885739888275936
18 28 2.1208549290369745
18 29 2.1118490435057806
19 0 1.8302548508914798
19 1 2.0246121473486904
19 2 1.5770867932835133
19 3 1.766803165630245
19 4 2.249577367986802
19 5 2.3798880192375487
19 6 2.245161404867339
19 7 2.727816853231925
19 8 2.301573917900278
19 9 2.6523473377743834
19 10 2.792810500432127
19 11 3.363549060654329
19 12 4.315349266948928
19 13 5.969032413865995
19 14 5.073052003212598
19 15 4.574260982916996
19 16 3.664427680425315
19 17 3.318943737845899
19 18 2.50542419787724
19 19 3.034134776094749
19 20 2.902403858361709
19 21 3.138612274015444
19 22 2.5018426759097956
19 23 1.986795703541404
19 24 2.385777551585325
19 25 1.9003222169500131
19 26 2.013421341356297
19 27 1.8087068731172242
19 28 2.153146059406218
19 29 1.8493236364100407
20 0 1.9357071689525325
20 1 1.8749453449777302
20 2 1.8985715471940563
20 3 2.0986294367802354
20 4 1.8032189518177517
20 5 1.9265435026912308
20 6 2.348249036559297
20 7 2.1776836202477714
20 8 2.4817731746206406
20 9 2.8741611964817806
20 10 2.7577211825104557
20 11 3.7116650779820684
20 12 3.8304728979843663
20 13 6.781551681534741
20 14 12.648973797811031
20 15 6.561956106437532
20 16 4.2680925611351
20 17 3.389223258624395
20 18 3.220621185930417
20 19 2.915386645006154
20 20 2.962777922902993
20 21 2.802319936298556
20 22 2.216166202783262
20 23 2.4727486995644474
20 24 2.1608403861824783
20 25 2.370551385978824
20 26 2.0820275819210985
20 27 1.6814412593235033
20 28 1.8042822128886542
20 29 1.8150626055212091
21 0 2.092623244204239
21 1 2.1262895562259696
21 2 1.8452186288567456
21 3 1.6992547110955905
21 4 2.256105571237567
21 5 1.8270019858487687
21 6 2.5460284547124115
21 7 2.205488997240578
21 8 2.835413106900036
21 9 2.496982473189667
21 10 3.209812654989744
21 11 2.9083715998628596
21 12 3.54561983908942
21 13 4.824637041978399
21 14 5.56121951812428
21 15 5.279200837244356
21 16 4.148137569744861
21 17 3.1775944440577106
21 18 3.8733018502852445
21 19 2.6523473377743834
21 20 2.2686450174374078
21 21 3.180784086720012
21 22 1.8193820867573003
21 23 2.6443550091007526
21 24 1.6105008446587883
21 25 2.0084722465282607
21 26 1.5227687415461264
21 27 1.64931903715108
21 28 1.8942510509403923
21 29 1.824632632565796
22 0 1.6795308048538375
22 1 1.878769371681853
22 2 1.5927274641740197
22 3 1.5563860462413124
22 4 2.0242046336807245
22 5 1.9993189562747036
22 6 2.823746779640583
22 7 1.6582015918127044
22 8 2.64137946611087
22 9 2.4255139038851707
22 10 2.814932387213733
22 11 3.109978208337431
22 12 3.0299180476902428
22 13 3.7073390647219777
22 14 3.8701046743415994
22 15 4.905502635819367
22 16 3.6627008236363214
22 17 3.0950569267236765
22 18 2.7260218021875904
22 19 3.1852411700919006
22 20 2.6532061844326504
22 21 2.3828933907011116
22 22 2.3948253974853233
22 23 1.8796284222836301
22 24 1.9564625143866898
22 25 2.2518232830078397
22 26 1.7348610523778412
22 27 2.0854487025867576
22 28 1.7950041932537821
22 29 1.765417166581535
23 0 1.6725155666869094
23 1 1.5966767004780662
23 2 2.241083410507996
23 3 1.7660681783151897
23 4 1.6925693186343804
23 5 2.2177150464090167
23 6 1.9015009479326106
23 7 2.2304885124144915
23 8 1.9754856527385787
23 9 2.923591200418494
23 10 2.921354520211347
23 11 2.7291771265117206
23 12 3.0678554196565653
23 13 3.486878263569218
23 14 2.9397377422631354
23 15 4.2073507436644295
23 16 3.109978208337431
23 17 3.693612732239802
23 18 2.728275294361461
23 19 2.7329243925941813
23 20 2.513906054193125
23 21 1.9627073563010657
23 22 2.477855633388264
23 23 1.8753837168249095
23 24 2.3149155526926326
23 25 1.6835010174302392
23 26 1.9416392156001478
23 27 2.0160149372242815
23 28 1.9381761231906178
23 29 1.400405048269469
24 0 1.95296296221432
24 1 1.970484806986134
24 2 2.208314030527049
24 3 2.273498066347105
24 4 1.971172805124959
24 5 2.395390456678842
24 6 2.2084991997104377
24 7 2.081322968318742
24 8 2.613334930574376
24 9 2.982403410849212
24 10 2.546330990552741
24 11 3.0250821718967025
24 12 3.0841026304801655
24 13 3.5462584338112584
24 14 3.512291426410402
24 15 2.929920443647909
24 16 2.752215683597413
24 17 2.99449454351471
24 18 2.2757743386107685
24 19 2.9211186075190283
24 20 2.102216680381138
24 21 2.5460284547124115
24 22 1.88313062600824
24 23 2.0708824757321898
24 24 2.230416626880439
24 25 1.8202317822731893
24 26 2.2335094299618987
24 27 1.6205670497184994
24 28 1.8382595099757137
24 29 1.644431219818828
25 0 1.739914734219739
25 1 1.6672948842214814
25 2 1.5983408175271459
25 3 2.0906143647077116
25 4 1.9919313183651544
25 5 1.8479937823558885
25 6 1.7775762196126248
25 7 1.836634449825056
25 8 2.400839817863901
25 9 2.457341397647346
25 10 2.3919717019659084
25 11 2.12734765850198
25 12 2.764531486840846
25 13 3.048308240554847
25 14 2.807437452821789
25 15 2.618019494359612
25 16 2.869971837022497
25 17 2.8216815179160366
25 18 2.7952081768866024
25 19 2.096000123541203
25 20 2.374472140367216
25 21 1.9308735844895757
25 22 1.9320767522533464
25 23 1.795036317380191
25 24 1.6038723160851323
25 25 1.8320739681187064
25 26 1.8749453449777302
25 27 1.7059372394486763
25 28 1.7071130110782613
25 29 1.9415961413607374
26 0 1.8356876421710344
26 1 1.9022977714265432
26 2 1.5444732234591896
26 3 1.9327785925288967
26 4 1.5974988002505341
26 5 1.7048616917572221
26 6 1.9792502733706812
26 7 2.412901238307731
26 8 1.9242128700130654
26 9 2.2882321931597565
26 10 2.5453995753942094
26 11 2.282104631129456
26 12 2.375993905455676
26 13 3.2840148250421013
26 14 2.152638219760969
26 15 2.953294228532079
26 16 2.6526047955011847
26 17 2.2193092377888264
26 18 2.613334930574376
26 19 2.543516967092388
26 20 1.8803652387424337
26 21 2.187314590507691
26 22 2.1132684246607165
26 23 1.8044687386750045
26 24 2.031012453083388
26 25 2.2632721035657446
26 26 1.824197056424995
26 27 1.9076649310333258
26 28 2.048824659050724
26 29 1.7357511270420707
27 0 1.5179691707351337
27 1 2.082920564471801
27 2 1.3607650512899983
27 3 1.7388862080666863
27 4 1.864680813070164
27 5 2.104821386492631
27 6 1.8006032904274918
27 7 1.834776813988502
27 8 1.9874056871876227
27 9 2.1076747429795684
27 10 1.628745655751893
27 11 2.4785204670260685
27 12 2.2662676080905024
27 13 2.0091733165404975
27 14 2.203993589829824
27 15 1.9759040645319197
27 16 2.296516373030874
27 17 2.433523878542575
27 18 1.9990017381918466
27 19 1.9485895976843157
27 20 2.2648240968604263
27 21 2.145547632483464
27 22 1.562456254095839
27 23 1.7660681783151897
27 24 1.9255637939403718
27 25 2.0366600792201344
27 26 2.2412468064029816
27 27 1.8564789099723271
27 28 1.953321520451901
27 29 1.7168706439070691
28 0 1.7848743218706926
28 1 1.854587520029064
28 2 1.8232899820330937
28 3 1.772951946884447
28 4 1.6292920944726426
28 5 2.209341112781765
28 6 1.9182143666336888
28 7 1.8415901882024632
28 8 1.6823822500186776
28 9 1.9631227401613838
28 10 2.0937431275128913
28 11 2.164559567570221
28 12 2.006944318392123
28 13 2.336672930282115
28 14 2.3521442212781927
28 15 1.628745655751893
28 16 2.232508616151299
28 17 2.113297351580481
28 18 2.068534482810683
28 19 1.9734937446815914
28 20 1.992429172109842
28 21 1.980316644437932
28 22 1.759013818962887
28 23 2.1816415392817405
28 24 2.1682073450272794
28 25 1.8951571187292566
28 26 1.5449920972741114
28 27 2.1184084370283585
28 28 1.755858898727299
28 29 1.4654134120501938
29 0 1.5408347467505548
29 1 1.753629009754312
29 2 1.8321325215579214
29 3 1.801123717522119
29 4 1.9586618380426324
29 5 1.4922610281087891
29 6 1.8939221488388558
29 7 2.1302903232175456
29 8 2.0123494725259925
29 9 1.5587867142645366
29 10 2.2213014712169645
29 11 1.9917549723078334
29 12 2.617291344044182
29 13 2.2459790199823146
29 14 1.7394330561674045
29 15 2.098725535427561
29 16 2.1158482823783085
29 17 2.1098746824597305
29 18 1.7209152438783184
29 19 1.6754690571979567
29 20 1.7048616917572221
29 21 2.020092888839202
29 22 2.0250273131804177
29 23 1.9650993990378465
29 24 1.9204619358254078
29 25 1.5728367125750486
29 26 2.0845554605755763
29 27 1.8817820272949468
29 28 1.8120554605626003
29 29 1.7063202152923846
