0 0 25.615224748502506
0 1 26.206498327507113
0 2 23.81160485809441
0 3 24.9605942485561
0 4 24.833492471072393
0 5 24.639273179766345
0 6 25.21022342840512
0 7 23.205988216653925
0 8 25.575291445644226
0 9 25.799495831799213
0 10 25.800532170366868
0 11 25.197487465432147
0 12 24.75152559011431
0 13 27.076687814862908
0 14 27.881520697626957
0 15 27.57936076064424
0 16 26.229641415714227
0 17 26.15056181692067
0 18 27.498216979174135
0 19 28.29658569188642
0 20 25.68830416931276
0 21 26.02831364270558
0 22 25.613084636491763
0 23 27.264304250765054
0 24 27.077014762625623
0 25 25.165986869766044
0 26 24.342966121462833
0 27 25.025889873351666
0 28 24.225433059761674
0 29 24.241149289842237
1 0 23.908189517051184
1 1 22.750468776888262
1 2 26.017500684536852
1 3 24.99384707128072
1 4 25.836255181128596
1 5 24.43696507794173
1 6 24.41578413414482
1 7 24.59732501502448
1 8 26.50964054252503
1 9 26.958736670381555
1 10 25.57646390978405
1 11 26.06833111431354
1 12 26.088957463995335
1 13 29.275996882292148
1 14 27.410933891129726
1 15 26.103810010599688
1 16 25.971047848996275
1 17 26.472155990178834
1 18 26.764386084503222
1 19 27.756437879772776
1 20 25.43889076019662
1 21 27.536097714435797
1 22 26.81580436204777
1 23 26.499959431600598
1 24 24.795221628209518
1 25 25.394375494396876
1 26 24.768986923706766
1 27 23.881700911344442
1 28 24.154667935634816
1 29 24.39240677485347
2 0 22.20209542038232
2 1 25.87700834685704
2 2 24.01702643602546
2 3 26.08628827936347
2 4 25.178990964515425
2 5 25.655706383667965
2 6 27.000277284180005
2 7 26.717263861366618
2 8 25.067443214068902
2 9 27.381184964312695
2 10 25.31789223243418
2 11 27.048199154527403
2 12 25.61107359166691
2 13 28.412752986527572
2 14 28.433054403736968
2 15 29.556522844916223
2 16 29.56534174406289
2 17 27.683610985282616
2 18 27.832472278575718
2 19 28.804316667905486
2 20 27.49396299645571
2 21 28.355782371361183
2 22 25.56104925602291
2 23 27.633732487558657
2 24 28.001901054693388
2 25 26.942176560492594
2 26 25.827202056816486
2 27 25.823359497503983
2 28 26.139707157727752
2 29 25.573019102386347
3 0 23.77405009912321
3 1 23.654974968536305
3 2 24.696586494458913
3 3 24.936502533131502
3 4 24.646142110505554
3 5 26.007463255568855
3 6 26.490307660060843
3 7 24.96925499528793
3 8 24.840804238857874
3 9 26.270237208000964
3 10 26.885249986489356
3 11 28.612614682985154
3 12 27.88712214919486
3 13 31.793441875247137
3 14 29.505918879650153
3 15 31.465512197025486
3 16 28.135172396815562
3 17 29.940931911200586
3 18 26.540619519799748
3 19 28.83838892562358
3 20 30.302222866338575
3 21 28.184024095199042
3 22 27.160527634537566
3 23 27.308272803401056
3 24 26.8920293275903
3 25 26.652278181500137
3 26 25.102577365173794
3 27 25.25710513621123
3 28 24.72354278837428
3 29 26.62558926515632
4 0 25.107477443353417
4 1 25.612439884894783
4 2 24.529937161221202
4 3 25.261678242799483
4 4 27.319240713974928
4 5 26.764904987896077
4 6 25.083288314623918
4 7 25.771034022951653
4 8 28.94757507462689
4 9 27.125760678258953
4 10 28.28454742971282
4 11 29.324499561824535
4 12 30.70222051315069
4 13 30.16920856903141
4 14 29.334265906928294
4 15 28.703853893318623
4 16 32.85386021211222
4 17 31.337956498116736
4 18 32.07296381445724
4 19 31.42707929951675
4 20 29.65515462308144
4 21 29.60569548237272
4 22 32.253886739539396
4 23 27.931385397902098
4 24 28.034292593301288
4 25 24.898094943097107
4 26 25.41101276299631
4 27 26.89341936769429
4 28 24.25048025442195
4 29 24.524410305321545
5 0 24.58211671828262
5 1 24.394178676149195
5 2 24.45802532491087
5 3 25.51785384573706
5 4 27.356867675638124
5 5 24.6303737954758
5 6 25.660779712095298
5 7 27.024664471360538
5 8 26.713362623035554
5 9 28.33783600686729
5 10 29.028733272825416
5 11 28.350703769604866
5 12 29.688401443129003
5 13 30.79764821216735
5 14 32.95944600406158
5 15 31.684205190402096
5 16 32.509077951219
5 17 34.547742694204295
5 18 31.975753565796374
5 19 32.30703690111011
5 20 31.02454318827608
5 21 32.97100997091921
5 22 27.46347737315944
5 23 29.452915404953366
5 24 27.496395599598493
5 25 27.80334930099764
5 26 26.836901307330404
5 27 25.710490237610788
5 28 25.802532402793236
5 29 25.177990903391343
6 0 24.264454973105057
6 1 25.943984888832198
6 2 26.22428736410366
6 3 26.378128231013918
6 4 25.130336688406302
6 5 25.786785125329356
6 6 27.33923935785437
6 7 26.703349533683195
6 8 28.187826197200323
6 9 28.336120687642737
6 10 29.522907188456845
6 11 30.251387119355655
6 12 31.164745185462376
6 13 31.30531455141998
6 14 34.64457337707503
6 15 35.73492638142972
6 16 36.75343193457041
6 17 33.767469235926946
6 18 34.761151771575825
6 19 35.520786366665895
6 20 34.19013684935612
6 21 30.984195608679787
6 22 29.7995629077007
6 23 29.57154799731307
6 24 30.307370583103715
6 25 28.37914107605006
6 26 26.579183072644312
6 27 28.83947398319641
6 28 26.503104020652614
6 29 26.48548350909703
7 0 25.384999090159422
7 1 24.158146993533435
7 2 25.77849321962208
7 3 26.47754326602369
7 4 24.83972909046136
7 5 26.946272426726924
7 6 27.242110284441672
7 7 26.577202556796927
7 8 29.647914027199434
7 9 29.757332633286516
7 10 29.698566415364862
7 11 32.19967636630011
7 12 32.81850060536758
7 13 33.22184479873207
7 14 37.097752589960635
7 15 35.0837527640133
7 16 36.906059823395545
7 17 38.38229790546701
7 18 37.0343690803328
7 19 36.8592400065961
7 20 35.78120307624505
7 21 35.636797092017126
7 22 31.59449949378008
7 23 30.48124222322646
7 24 29.505918879650153
7 25 29.909632767024455
7 26 26.61409656476243
7 27 26.431567964584445
7 28 26.013270028159184
7 29 25.939423323188365
8 0 25.591878037232487
8 1 24.283537434743675
8 2 27.51773183986127
8 3 25.552442809473416
8 4 26.93651392971674
8 5 27.314428508355483
8 6 25.517824666547632
8 7 27.332027540797064
8 8 29.5669419731296
8 9 29.52831404322866
8 10 30.5162867794846
8 11 31.373645781670703
8 12 33.06308743947348
8 13 34.63066537589747
8 14 36.715112793259614
8 15 38.576850721564625
8 16 40.94566950606012
8 17 38.40969264739596
8 18 38.422412053118144
8 19 38.06260469023573
8 20 36.30638370230343
8 21 35.406711429893384
8 22 32.781147245796916
8 23 31.196637964636604
8 24 28.173453456164758
8 25 29.91728035300904
8 26 26.853398600855094
8 27 26.63809640397949
8 28 26.9624047487488
8 29 27.17871397733104
9 0 24.910251319983928
9 1 24.42179237751888
9 2 25.353072333553577
9 3 26.473485144860106
9 4 26.1226649639055
9 5 26.622022299343172
9 6 26.824605446217586
9 7 27.905436785736324
9 8 28.632095878073322
9 9 30.026268479302708
9 10 31.470131946126706
9 11 32.28842515966959
9 12 33.92602174948705
9 13 35.08232383564735
9 14 35.757744885908686
9 15 41.44816227211668
9 16 44.930760822653454
9 17 48.92829800741941
9 18 45.86213034276521
9 19 41.512328507557704
9 20 39.45799486724173
9 21 32.195452113073124
9 22 35.26054871836298
9 23 31.87452089354386
9 24 30.02785010636196
9 25 29.140086348974094
9 26 28.208241528067266
9 27 25.728743533672468
9 28 25.300086419983657
9 29 26.958736670381555
10 0 23.5841835042375
10 1 24.58977873610365
10 2 25.546640382588087
10 3 25.7877171662813
10 4 26.31429131336071
10 5 26.526198395258536
10 6 28.04639353714319
10 7 28.915074176673375
10 8 28.1740175430024
10 9 30.88349357974085
10 10 31.42722768306066
10 11 34.406655947349236
10 12 34.50617290685804
10 13 36.76857329245611
10 14 38.36186325918966
10 15 41.08559777763773
10 16 50.16369833796525
10 17 90.55694882683571
10 18 49.45748583312106
10 19 41.6625088303309
10 20 37.36095916518299
10 21 36.866618202070775
10 22 32.79435573485399
10 23 32.385248606057246
10 24 30.26610250953717
10 25 29.51118988795571
10 26 28.37647703232873
10 27 26.08027052935789
10 28 24.887677134075442
10 29 25.458552273651602
11 0 24.478343124986893
11 1 28.319045461500043
11 2 25.85557528290206
11 3 26.44796160195201
11 4 26.65813119111715
11 5 26.39025453625858
11 6 29.078649975100422
11 7 29.464701459140397
11 8 28.383875582544142
11 9 29.650173937586317
11 10 32.90955816382643
11 11 35.535160519906384
11 12 35.17497646019926
11 13 35.714893184366375
11 14 37.87182580505728
11 15 40.5926015577145
11 16 45.2009364626148
11 17 48.93534024417684
11 18 46.97916075921293
11 19 39.077510810244384
11 20 35.72910276636399
11 21 34.04973973197758
11 22 33.29922044647378
11 23 31.950458327911125
11 24 29.183788901050352
11 25 29.449317406148076
11 26 28.020848834121246
11 27 25.55628389761112
11 28 26.438139875948238
11 29 25.117788764111232
12 0 27.086362081709687
12 1 25.794359292295045
12 2 24.93256827022035
12 3 26.574405637703244
12 4 26.705664166298387
12 5 27.14271201215515
12 6 29.67559047351169
12 7 28.70035665757059
12 8 30.176665015711368
12 9 30.56633833406585
12 10 32.061340657501866
12 11 34.56217428773553
12 12 35.1814269683505
12 13 35.86004210337385
12 14 35.27573617979929
12 15 37.24606230275203
12 16 41.68968155122
12 17 42.671172956231295
12 18 39.99790799383236
12 19 37.31696163274075
12 20 36.97451846305134
12 21 34.98215857093118
12 22 33.06308743947348
12 23 30.530664652138295
12 24 29.713606405563635
12 25 28.317690194151332
12 26 27.355442590074727
12 27 27.30847065092619
12 28 25.88600369386024
12 29 25.684156678897285
13 0 25.841222246127202
13 1 24.712408939468556
13 2 25.744893707067607
13 3 28.40457026201814
13 4 26.00258814945714
13 5 28.478228491849773
13 6 27.923855141027264
13 7 28.7762198562091
13 8 31.904154018982513
13 9 32.4894414955186
13 10 31.376004427691118
13 11 33.62610225927807
13 12 36.459288910768755
13 13 36.73984118753135
13 14 36.179245860705706
13 15 36.26280588885089
13 16 34.84913121573363
13 17 38.15650469162238
13 18 37.73836982370363
13 19 38.07057805427543
13 20 35.635083534035395
13 21 34.16437098224443
13 22 34.00326099806015
13 23 30.566977896269762
13 24 28.44223547001397
13 25 29.15019142620155
13 26 27.160123898934987
13 27 27.248089685357005
13 28 26.782321740049216
13 29 25.878128171593403
14 0 26.559391925645876
14 1 23.89219316667919
14 2 24.703744017055893
14 3 28.458216712084884
14 4 26.774992081445898
14 5 27.903326621152594
14 6 29.202614136317962
14 7 31.358852012252918
14 8 31.36704356831524
14 9 33.3317741529638
14 10 33.10480370699376
14 11 33.99136792145769
14 12 35.50574124831658
14 13 34.45370723499068
14 14 36.03590678332005
14 15 36.06839582549518
14 16 37.47764996016342
14 17 38.38356972706939
14 18 34.84346756225148
14 19 36.035301047261534
14 20 37.421350250936904
14 21 33.55918026113068
14 22 34.192996990952444
14 23 31.52198858308793
14 24 29.575875202326674
14 25 29.568563277481253
14 26 27.19354875532744
14 27 26.703349533683195
14 28 26.338440376692994
14 29 24.32010831691464
15 0 27.035673180783114
15 1 26.758469769585215
15 2 24.407487057635496
15 3 27.621707657438417
15 4 27.844506215730636
15 5 29.24822265437229
15 6 28.63936806400733
15 7 30.010796953308812
15 8 32.07447488739675
15 9 34.73518973917744
15 10 33.37448534086003
15 11 34.67555309776381
15 12 32.70959756824969
15 13 37.61426269142123
15 14 36.65372791737154
15 15 36.70531291922197
15 16 36.65372791737154
15 17 37.61426269142123
15 18 32.70959756824969
15 19 34.67555309776381
15 20 33.37448534086003
15 21 34.73518973917744
15 22 32.07447488739675
15 23 30.010796953308812
15 24 28.63936806400733
15 25 29.24822265437229
15 26 27.844506215730636
15 27 27.621707657438417
15 28 24.407487057635496
15 29 26.758469769585215
16 0 26.76003629683786
16 1 24.32010831691464
16 2 26.338440376692994
16 3 26.703349533683195
16 4 27.19354875532744
16 5 29.568563277481253
16 6 29.575875202326674
16 7 31.52198858308793
16 8 34.192996990952444
16 9 33.55918026113068
16 10 37.421350250936904
16 11 36.035301047261534
16 12 34.84346756225148
16 13 38.38356972706939
16 14 37.47764996016342
16 15 36.06839582549518
16 16 36.03590678332005
16 17 34.45370723499068
16 18 35.50574124831658
16 19 33.99136792145769
16 20 33.10480370699376
16 21 33.3317741529638
16 22 31.36704356831524
16 23 31.358852012252918
16 24 29.202614136317962
16 25 27.903326621152594
16 26 26.774992081445898
16 27 28.458216712084884
16 28 24.703744017055893
16 29 23.89219316667919
17 0 26.42309958862909
17 1 25.878128171593403
17 2 26.782321740049216
17 3 27.248089685357005
17 4 27.160123898934987
17 5 29.15019142620155
17 6 28.44223547001397
17 7 30.566977896269762
17 8 34.00326099806015
17 9 34.16437098224443
17 10 35.635083534035395
17 11 38.07057805427543
17 12 37.73836982370363
17 13 38.15650469162238
17 14 34.84913121573363
17 15 36.26280588885089
17 16 36.179245860705706
17 17 36.73984118753135
17 18 36.459288910768755
17 19 33.62610225927807
17 20 31.376004427691118
17 21 32.4894414955186
17 22 31.904154018982513
17 23 28.7762198562091
17 24 27.923855141027264
17 25 28.478228491849773
17 26 26.00258814945714
17 27 28.40457026201814
17 28 25.744893707067607
17 29 24.712408939468556
18 0 28.834438196752966
18 1 25.684156678897285
18 2 25.88600369386024
18 3 27.30847065092619
18 4 27.355442590074727
18 5 28.317690194151332
18 6 29.713606405563635
18 7 30.530664652138295
18 8 33.06308743947348
18 9 34.98215857093118
18 10 36.97451846305134
18 11 37.31696163274075
18 12 39.99790799383236
18 13 42.671172956231295
18 14 41.68968155122
18 15 37.24606230275203
18 16 35.27573617979929
18 17 35.86004210337385
18 18 35.1814269683505
18 19 34.56217428773553
18 20 32.061340657501866
18 21 30.56633833406585
18 22 30.176665015711368
18 23 28.70035665757059
18 24 29.67559047351169
18 25 27.14271201215515
18 26 26.705664166298387
18 27 26.574405637703244
18 28 24.93256827022035
18 29 25.794359292295045
19 0 26.306242186872424
19 1 25.117788764111232
19 2 26.438139875948238
19 3 25.55628389761112
19 4 28.020848834121246
19 5 29.449317406148076
19 6 29.183788901050352
19 7 31.950458327911125
19 8 33.29922044647378
19 9 34.04973973197758
19 10 35.72910276636399
19 11 39.077510810244384
19 12 46.97916075921293
19 13 48.93534024417684
19 14 45.2009364626148
19 15 40.5926015577145
19 16 37.87182580505728
19 17 35.714893184366375
19 18 35.17497646019926
19 19 35.535160519906384
19 20 32.90955816382643
19 21 29.650173937586317
19 22 28.383875582544142
19 23 29.464701459140397
19 24 29.078649975100422
19 25 26.39025453625858
19 26 26.65813119111715
19 27 26.44796160195201
19 28 25.85557528290206
19 29 28.319045461500043
20 0 26.964120706638493
20 1 25.458552273651602
20 2 24.887677134075442
20 3 26.08027052935789
20 4 28.37647703232873
20 5 29.51118988795571
20 6 30.26610250953717
20 7 32.385248606057246
20 8 32.79435573485399
20 9 36.866618202070775
20 10 37.36095916518299
20 11 41.6625088303309
20 12 49.45748583312106
20 13 90.55694882683571
20 14 50.16369833796525
20 15 41.08559777763773
20 16 38.36186325918966
20 17 36.76857329245611
20 18 34.50617290685804
20 19 34.406655947349236
20 20 31.42722768306066
20 21 30.88349357974085
20 22 28.1740175430024
20 23 28.915074176673375
20 24 28.04639353714319
20 25 26.526198395258536
20 26 26.31429131336071
20 27 25.7877171662813
20 28 25.546640382588087
20 29 24.58977873610365
21 0 25.15666668903144
21 1 26.958736670381555
21 2 25.300086419983657
21 3 25.728743533672468
21 4 28.208241528067266
21 5 29.140086348974094
21 6 30.02785010636196
21 7 31.87452089354386
21 8 35.26054871836298
21 9 32.195452113073124
21 10 39.45799486724173
21 11 41.512328507557704
21 12 45.86213034276521
21 13 48.92829800741941
21 14 44.930760822653454
21 15 41.44816227211668
21 16 35.757744885908686
21 17 35.08232383564735
21 18 33.92602174948705
21 19 32.28842515966959
21 20 31.470131946126706
21 21 30.026268479302708
21 22 28.632095878073322
21 23 27.905436785736324
21 24 26.824605446217586
21 25 26.622022299343172
21 26 26.1226649639055
21 27 26.473485144860106
21 28 25.353072333553577
21 29 24.42179237751888
22 0 24.201396304740523
22 1 27.17871397733104
22 2 26.9624047487488
22 3 26.63809640397949
22 4 26.853398600855094
22 5 29.91728035300904
22 6 28.173453456164758
22 7 31.196637964636604
22 8 32.781147245796916
22 9 35.406711429893384
22 10 36.30638370230343
22 11 38.06260469023573
22 12 38.422412053118144
22 13 38.40969264739596
22 14 40.94566950606012
22 15 38.576850721564625
22 16 36.715112793259614
22 17 34.63066537589747
22 18 33.06308743947348
22 19 31.373645781670703
22 20 30.5162867794846
22 21 29.52831404322866
22 22 29.5669419731296
22 23 27.332027540797064
22 24 25.517824666547632
22 25 27.314428508355483
22 26 26.93651392971674
22 27 25.552442809473416
22 28 27.51773183986127
22 29 24.283537434743675
23 0 25.021140678086212
23 1 25.939423323188365
23 2 26.013270028159184
23 3 26.431567964584445
23 4 26.61409656476243
23 5 29.909632767024455
23 6 29.505918879650153
23 7 30.48124222322646
23 8 31.59449949378008
23 9 35.636797092017126
23 10 35.78120307624505
23 11 36.8592400065961
23 12 37.0343690803328
23 13 38.38229790546701
23 14 36.906059823395545
23 15 35.0837527640133
23 16 37.097752589960635
23 17 33.22184479873207
23 18 32.81850060536758
23 19 32.19967636630011
23 20 29.698566415364862
23 21 29.757332633286516
23 22 29.647914027199434
23 23 26.577202556796927
23 24 27.242110284441672
23 25 26.946272426726924
23 26 24.83972909046136
23 27 26.47754326602369
23 28 25.77849321962208
23 29 24.158146993533435
24 0 26.02605769449169
24 1 26.48548350909703
24 2 26.503104020652614
24 3 28.83947398319641
24 4 26.579183072644312
24 5 28.37914107605006
24 6 30.307370583103715
24 7 29.57154799731307
24 8 29.7995629077007
24 9 30.984195608679787
24 10 34.19013684935612
24 11 35.520786366665895
24 12 34.761151771575825
24 13 33.767469235926946
24 14 36.75343193457041
24 15 35.73492638142972
24 16 34.64457337707503
24 17 31.30531455141998
24 18 31.164745185462376
24 19 30.251387119355655
24 20 29.522907188456845
24 21 28.336120687642737
24 22 28.187826197200323
24 23 26.703349533683195
24 24 27.33923935785437
24 25 25.786785125329356
24 26 25.130336688406302
24 27 26.378128231013918
24 28 26.22428736410366
24 29 25.943984888832198
25 0 28.82015495190633
25 1 25.177990903391343
25 2 25.802532402793236
25 3 25.710490237610788
25 4 26.836901307330404
25 5 27.80334930099764
25 6 27.496395599598493
25 7 29.452915404953366
25 8 27.46347737315944
25 9 32.97100997091921
25 10 31.02454318827608
25 11 32.30703690111011
25 12 31.975753565796374
25 13 34.547742694204295
25 14 32.509077951219
25 15 31.684205190402096
25 16 32.95944600406158
25 17 30.79764821216735
25 18 29.688401443129003
25 19 28.350703769604866
25 20 29.028733272825416
25 21 28.33783600686729
25 22 26.713362623035554
25 23 27.024664471360538
25 24 25.660779712095298
25 25 24.6303737954758
25 26 27.356867675638124
25 27 25.51785384573706
25 28 24.45802532491087
25 29 24.394178676149195
26 0 24.350871154752543
26 1 24.524410305321545
26 2 24.25048025442195
26 3 26.89341936769429
26 4 25.41101276299631
26 5 24.898094943097107
26 6 28.034292593301288
26 7 27.931385397902098
26 8 32.253886739539396
26 9 29.60569548237272
26 10 29.65515462308144
26 11 31.42707929951675
26 12 32.07296381445724
26 13 31.337956498116736
26 14 32.85386021211222
26 15 28.703853893318623
26 16 29.334265906928294
26 17 30.16920856903141
26 18 30.70222051315069
26 19 29.324499561824535
26 20 28.28454742971282
26 21 27.125760678258953
26 22 28.94757507462689
26 23 25.771034022951653
26 24 25.083288314623918
26 25 26.764904987896077
26 26 27.319240713974928
26 27 25.261678242799483
26 28 24.529937161221202
26 29 25.612439884894783
27 0 26.26571401342097
27 1 26.62558926515632
27 2 24.72354278837428
27 3 25.25710513621123
27 4 25.102577365173794
27 5 26.652278181500137
27 6 26.8920293275903
27 7 27.308272803401056
27 8 27.160527634537566
27 9 28.184024095199042
27 10 30.302222866338575
27 11 28.83838892562358
27 12 26.540619519799748
27 13 29.940931911200586
27 14 28.135172396815562
27 15 31.465512197025486
27 16 29.505918879650153
27 17 31.793441875247137
27 18 27.88712214919486
27 19 28.612614682985154
27 20 26.885249986489356
27 21 26.270237208000964
27 22 24.840804238857874
27 23 24.96925499528793
27 24 26.490307660060843
27 25 26.007463255568855
27 26 24.646142110505554
27 27 24.936502533131502
27 28 24.696586494458913
27 29 23.654974968536305
28 0 25.016782599656533
28 1 25.573019102386347
28 2 26.139707157727752
28 3 25.823359497503983
28 4 25.827202056816486
28 5 26.942176560492594
28 6 28.001901054693388
28 7 27.633732487558657
28 8 25.56104925602291
28 9 28.355782371361183
28 10 27.49396299645571
28 11 28.804316667905486
28 12 27.832472278575718
28 13 27.683610985282616
28 14 29.56534174406289
28 15 29.556522844916223
28 16 28.433054403736968
28 17 28.412752986527572
28 18 25.61107359166691
28 19 27.048199154527403
28 20 25.31789223243418
28 21 27.381184964312695
28 22 25.067443214068902
28 23 26.717263861366618
28 24 27.000277284180005
28 25 25.655706383667965
28 26 25.178990964515425
28 27 26.08628827936347
28 28 24.01702643602546
28 29 25.87700834685704
29 0 23.476740526175387
29 1 24.39240677485347
29 2 24.154667935634816
29 3 23.881700911344442
29 4 24.768986923706766
29 5 25.394375494396876
29 6 24.795221628209518
29 7 26.499959431600598
29 8 26.81580436204777
29 9 27.536097714435797
29 10 25.43889076019662
29 11 27.756437879772776
29 12 26.764386084503222
29 13 26.472155990178834
29 14 25.971047848996275
29 15 26.103810010599688
29 16 27.410933891129726
29 17 29.275996882292148
29 18 26.088957463995335
29 19 26.06833111431354
29 20 25.57646390978405
29 21 26.958736670381555
29 22 26.50964054252503
29 23 24.59732501502448
29 24 24.41578413414482
29 25 24.43696507794173
29 26 25.836255181128596
29 27 24.99384707128072
29 28 26.017500684536852
29 29 22.750468776888262
