0 0 24.457574902712572
0 1 22.536807011849955
0 2 24.89500978787263
0 3 23.80004285902199
0 4 25.69303106849395
0 5 24.392106082602083
0 6 24.165213449578562
0 7 26.390364084689224
0 8 24.25703859924722
0 9 25.34264244958887
0 10 25.527351149275944
0 11 24.86434427528099
0 12 25.88616163059668
0 13 27.881520697626957
0 14 25.939955587715264
0 15 27.39624626395056
0 16 26.76610344168079
0 17 26.229641415714227
0 18 26.06556158191794
0 19 24.998785283458375
0 20 24.43366289089432
0 21 24.01046635829197
0 22 26.73005384064565
0 23 24.344719770269766
0 24 25.906328351191128
0 25 23.135353765752814
0 26 26.799121407556274
0 27 25.161019989342655
0 28 23.919973136658314
0 29 23.792839028027903
1 0 23.297488066677158
1 1 25.285494282796154
1 2 24.989892124304223
1 3 25.43821512805314
1 4 25.19366879161935
1 5 24.864005516156457
1 6 25.575291445644226
1 7 26.58228158526155
1 8 26.237032808080073
1 9 25.38811656058082
1 10 25.38469143562804
1 11 25.147169126873074
1 12 26.579183072644312
1 13 27.410933891129726
1 14 26.31695590892028
1 15 27.466263032241336
1 16 25.622681391604488
1 17 25.971047848996275
1 18 28.034292593301288
1 19 27.285627439117043
1 20 27.783622307955937
1 21 25.009674928033785
1 22 25.41101276299631
1 23 26.259699061937788
1 24 26.87161290998269
1 25 24.7711109277012
1 26 26.42042834990126
1 27 25.1635860199037
1 28 25.614602044463435
1 29 25.666283260930836
2 0 24.531215381339493
2 1 24.10476517786424
2 2 26.20759006439615
2 3 25.957523116459416
2 4 23.38095014100944
2 5 25.27156766429863
2 6 26.967078853776787
2 7 24.696863987650328
2 8 25.417267321906138
2 9 27.353393302258148
2 10 27.3470670681743
2 11 27.786093343260283
2 12 26.371894265732806
2 13 28.433054403736968
2 14 29.241658940590252
2 15 28.401598854826744
2 16 31.847145154513797
2 17 29.56534174406289
2 18 29.404222211946745
2 19 28.129360365126292
2 20 25.99310839768884
2 21 26.526682401203463
2 22 25.912803232741
2 23 26.227860728297852
2 24 25.422221171172012
2 25 27.990652405781287
2 26 24.16079779471867
2 27 24.49210968611513
2 28 25.588572547847303
2 29 25.63079301829112
3 0 24.653578748841376
3 1 24.447081688346
3 2 26.534434604246133
3 3 25.3743161313494
3 4 27.147259628776073
3 5 26.306242186872424
3 6 25.01528893366784
3 7 25.76936882894392
3 8 26.796070768239353
3 9 27.369053631193015
3 10 26.336793946469793
3 11 29.236563335487595
3 12 29.923979379040635
3 13 29.505918879650153
3 14 29.15499301699352
3 15 27.925810888136954
3 16 29.446615071475076
3 17 28.135172396815562
3 18 29.338190360720567
3 19 30.375818793003557
3 20 28.401598854826744
3 21 28.38423415623895
3 22 28.00296154180316
3 23 27.655110251294463
3 24 26.397361157271938
3 25 27.365884964048426
3 26 25.725590727843354
3 27 25.00623754242808
3 28 23.94946490270397
3 29 26.23876768984148
4 0 24.36048422276568
4 1 26.34611143517469
4 2 24.173003000219836
4 3 26.426091101838985
4 4 25.097233387757893
4 5 27.04014565839074
4 6 25.451928209526002
4 7 26.920256110950547
4 8 27.982588795507418
4 9 27.857287777252836
4 10 28.794681798214526
4 11 28.80126136269382
4 12 30.47018199362729
4 13 29.334265906928294
4 14 31.567135523457875
4 15 32.221080066089925
4 16 29.00396759256885
4 17 32.85386021211222
4 18 31.5706776403076
4 19 29.221795673134366
4 20 27.958992161472906
4 21 29.043631961428503
4 22 30.275459376811078
4 23 27.546013048749728
4 24 27.572854219274628
4 25 25.38469143562804
4 26 23.476936276226954
4 27 25.925709558962954
4 28 24.66110546593516
4 29 25.024299113914044
5 0 24.424404356852136
5 1 27.072110740172853
5 2 25.13674192155458
5 3 26.452037343495718
5 4 26.23013521666638
5 5 25.94404863137529
5 6 25.88600369386024
5 7 26.39235490478413
5 8 26.39190556819537
5 9 29.373151906923276
5 10 28.886435512136504
5 11 29.857859824380498
5 12 31.120591363512727
5 13 32.95944600406158
5 14 32.781147245796916
5 15 32.42244783050338
5 16 32.85845331315943
5 17 32.509077951219
5 18 33.65597126693345
5 19 31.59449949378008
5 20 29.77686445717256
5 21 29.362079264196495
5 22 29.36240459992363
5 23 28.945182541780714
5 24 25.61107359166691
5 25 26.93656510862541
5 26 26.9624047487488
5 27 27.066274523238768
5 28 25.472105181832877
5 29 26.257536529889023
6 0 24.898105409126842
6 1 24.724899863468874
6 2 26.21883278228218
6 3 27.164596499197824
6 4 25.710932980019415
6 5 25.704464861646642
6 6 27.49259174259617
6 7 26.528266651151593
6 8 28.824687989671798
6 9 27.834795774353715
6 10 30.320562811624683
6 11 31.243664856708985
6 12 33.18270459865919
6 13 34.64457337707503
6 14 34.869273381886536
6 15 35.29244007568083
6 16 34.80752482989574
6 17 36.75343193457041
6 18 35.667906685124365
6 19 33.89212433328713
6 20 31.394763271756148
6 21 32.84966075717973
6 22 30.47018199362729
6 23 28.752021880381857
6 24 27.671066589804806
6 25 26.978057822722654
6 26 26.41737987929087
6 27 25.418734019986058
6 28 27.805259194352093
6 29 26.093677145233674
7 0 26.616413324454296
7 1 25.30358179892577
7 2 27.182946475982824
7 3 25.631734936462905
7 4 25.366473322485238
7 5 27.039549973741803
7 6 27.152392948875995
7 7 27.160123898934987
7 8 29.70764784452608
7 9 28.819273272864105
7 10 30.611972547898215
7 11 31.864931418284307
7 12 34.37580113820987
7 13 37.097752589960635
7 14 37.65804226785589
7 15 39.45799486724173
7 16 35.96623864236171
7 17 36.906059823395545
7 18 35.0363582729912
7 19 35.02087689581271
7 20 32.93587861955302
7 21 31.97562954419975
7 22 29.686655955832954
7 23 28.532364329231996
7 24 27.825334034128336
7 25 26.039843896327458
7 26 26.578965770882597
7 27 25.76936882894392
7 28 26.382697303209884
7 29 25.209352607812214
8 0 24.78492356508952
8 1 25.223843844998484
8 2 27.316200443862034
8 3 25.13615392290474
8 4 26.297745259311633
8 5 27.957252144420412
8 6 25.972558761618057
8 7 28.362092719340787
8 8 30.771499520761136
8 9 30.706830739262053
8 10 31.89336813424903
8 11 35.16543424544931
8 12 33.48842061159616
8 13 36.715112793259614
8 14 38.302235406037205
8 15 42.75628991633973
8 16 41.49327080554043
8 17 40.94566950606012
8 18 36.88423539984655
8 19 37.65804226785589
8 20 33.22140187630246
8 21 32.33400179328377
8 22 31.678305721371125
8 23 28.186054447408896
8 24 29.214235550369555
8 25 28.28454742971282
8 26 27.383231782668002
8 27 26.657547871489072
8 28 24.903690470619207
8 29 25.780479661840353
9 0 23.322382109507455
9 1 24.732505995286317
9 2 25.67786091660888
9 3 25.073067642493623
9 4 26.77660678203882
9 5 26.99108619888276
9 6 25.890801870294037
9 7 28.862005425963993
9 8 29.575875202326674
9 9 31.757963996275077
9 10 33.07875309763778
9 11 35.27107394500679
9 12 36.18265698860791
9 13 35.757744885908686
9 14 38.85134477807549
9 15 45.52812558984362
9 16 49.45748583312106
9 17 44.930760822653454
9 18 40.50686659403518
9 19 36.90961228334803
9 20 34.45421488803256
9 21 32.85748899300048
9 22 31.92533043888739
9 23 29.183788901050352
9 24 27.834795774353715
9 25 26.37926722700198
9 26 26.27187028128379
9 27 25.704462127232787
9 28 26.36087667119492
9 29 28.172542042431978
10 0 24.745546220230395
10 1 26.071090998538228
10 2 24.567140613654704
10 3 26.029139087005365
10 4 29.61489855114326
10 5 26.96502201550912
10 6 30.262762049741376
10 7 27.54904211554281
10 8 27.748692282593872
10 9 32.08110420580749
10 10 32.41519023437792
10 11 34.271050738397626
10 12 36.70021342477967
10 13 38.36186325918966
10 14 41.39690257851854
10 15 49.06628485617612
10 16 90.23471753852455
10 17 50.16369833796525
10 18 41.26230590911845
10 19 37.284242562890256
10 20 34.720475721468446
10 21 35.070383850230456
10 22 31.61962859516668
10 23 30.878988103004243
10 24 29.964729150923958
10 25 27.45462337893582
10 26 26.79192828593102
10 27 27.89243776397982
10 28 26.558597246430498
10 29 26.23013521666638
11 0 25.009622224860575
11 1 26.32591453156968
11 2 24.926232917201165
11 3 26.1226649639055
11 4 27.330570982023545
11 5 27.102526514845703
11 6 29.77591502459171
11 7 28.046784191696588
11 8 30.301345676905683
11 9 32.07447488739675
11 10 34.08938034916555
11 11 34.28666233048246
11 12 35.48792056954989
11 13 37.87182580505728
11 14 41.67587653188292
11 15 44.22760183366578
11 16 47.0480229117008
11 17 45.2009364626148
11 18 39.44010795596407
11 19 37.78165976227328
11 20 35.24340504908019
11 21 35.27107394500679
11 22 33.46072515689271
11 23 31.221618290269465
11 24 28.98827302443641
11 25 30.37779141438652
11 26 26.6105346131565
11 27 26.86751839631599
11 28 25.02768171949923
11 29 25.81646045601394
12 0 25.48647919409872
12 1 27.014730621687985
12 2 27.822885588171175
12 3 26.845502207946335
12 4 27.596162008338627
12 5 27.091708138605913
12 6 29.187731835898333
12 7 29.642379352944182
12 8 30.069349157194086
12 9 33.284982322789055
12 10 31.749540250704328
12 11 34.70050471294833
12 12 35.37426924270461
12 13 35.27573617979929
12 14 38.412863173741336
12 15 39.38746000637817
12 16 42.85409991834837
12 17 41.68968155122
12 18 37.4926200962885
12 19 37.825366906689034
12 20 34.35223538072268
12 21 34.343280091130985
12 22 33.726758475435936
12 23 32.51368483694118
12 24 30.64111794285863
12 25 31.175230808651285
12 26 25.972558761618057
12 27 27.832285851847065
12 28 24.715912032964926
12 29 24.709861418729602
13 0 25.873677199104904
13 1 26.01907464000009
13 2 26.242548509730454
13 3 25.943283769507854
13 4 27.33395305453926
13 5 29.127353095636867
13 6 28.307727433536368
13 7 29.68333859666688
13 8 31.659564678370476
13 9 31.55307602567383
13 10 33.10480370699376
13 11 34.86195377678358
13 12 36.85760342173706
13 13 36.179245860705706
13 14 34.98760876306213
13 15 37.61474276419145
13 16 39.63833128473324
13 17 34.84913121573363
13 18 35.27573617979929
13 19 37.933252197698586
13 20 37.421350250936904
13 21 30.86634256253884
13 22 32.852269455403814
13 23 30.898197527604918
13 24 29.910396205464878
13 25 30.29092717244854
13 26 25.406034276749818
13 27 27.242110284441672
13 28 26.484822900001376
13 29 26.4663134893197
14 0 25.412059229640636
14 1 25.387129181755054
14 2 25.900069242176386
14 3 27.12028777675329
14 4 26.855619649635184
14 5 28.423541074802213
14 6 29.26812258645678
14 7 31.304725954824026
14 8 29.968336198434226
14 9 33.37127938967602
14 10 33.721517415393414
14 11 33.62458431890695
14 12 35.95027539279408
14 13 36.03590678332005
14 14 35.813233474948234
14 15 37.07320390849345
14 16 34.39727120620503
14 17 37.47764996016342
14 18 35.29665929138747
14 19 33.72238617840156
14 20 33.88110526715041
14 21 35.742604873823254
14 22 31.51474067971666
14 23 30.301345676905683
14 24 29.558328700570236
14 25 30.468497329453186
14 26 26.591376301459547
14 27 27.677936241578017
14 28 26.716041208447066
14 29 24.046018039259707
15 0 25.4313196443376
15 1 26.48007089525452
15 2 26.029139087005365
15 3 26.530182735810186
15 4 26.299986142792882
15 5 27.85394423539198
15 6 28.435785869531877
15 7 29.38183983001919
15 8 30.81192852517188
15 9 33.78632692493687
15 10 34.2248928130319
15 11 36.459288910768755
15 12 34.97979845182964
15 13 36.65372791737154
15 14 37.91886230753454
15 15 35.598922708946915
15 16 37.91886230753454
15 17 36.65372791737154
15 18 34.97979845182964
15 19 36.459288910768755
15 20 34.2248928130319
15 21 33.78632692493687
15 22 30.81192852517188
15 23 29.38183983001919
15 24 28.435785869531877
15 25 27.85394423539198
15 26 26.299986142792882
15 27 26.530182735810186
15 28 26.029139087005365
15 29 26.48007089525452
16 0 25.67896336970712
16 1 24.046018039259707
16 2 26.716041208447066
16 3 27.677936241578017
16 4 26.591376301459547
16 5 30.468497329453186
16 6 29.558328700570236
16 7 30.301345676905683
16 8 31.51474067971666
16 9 35.742604873823254
16 10 33.88110526715041
16 11 33.72238617840156
16 12 35.29665929138747
16 13 37.47764996016342
16 14 34.39727120620503
16 15 37.07320390849345
16 16 35.813233474948234
16 17 36.03590678332005
16 18 35.95027539279408
16 19 33.62458431890695
16 20 33.721517415393414
16 21 33.37127938967602
16 22 29.968336198434226
16 23 31.304725954824026
16 24 29.26812258645678
16 25 28.423541074802213
16 26 26.855619649635184
16 27 27.12028777675329
16 28 25.900069242176386
16 29 25.387129181755054
17 0 26.559391925645876
17 1 26.4663134893197
17 2 26.484822900001376
17 3 27.242110284441672
17 4 25.406034276749818
17 5 30.29092717244854
17 6 29.910396205464878
17 7 30.898197527604918
17 8 32.852269455403814
17 9 30.86634256253884
17 10 37.421350250936904
17 11 37.933252197698586
17 12 35.27573617979929
17 13 34.84913121573363
17 14 39.63833128473324
17 15 37.61474276419145
17 16 34.98760876306213
17 17 36.179245860705706
17 18 36.85760342173706
17 19 34.86195377678358
17 20 33.10480370699376
17 21 31.55307602567383
17 22 31.659564678370476
17 23 29.68333859666688
17 24 28.307727433536368
17 25 29.127353095636867
17 26 27.33395305453926
17 27 25.943283769507854
17 28 26.242548509730454
17 29 26.01907464000009
18 0 23.617560345486513
18 1 24.709861418729602
18 2 24.715912032964926
18 3 27.832285851847065
18 4 25.972558761618057
18 5 31.175230808651285
18 6 30.64111794285863
18 7 32.51368483694118
18 8 33.726758475435936
18 9 34.343280091130985
18 10 34.35223538072268
18 11 37.825366906689034
18 12 37.4926200962885
18 13 41.68968155122
18 14 42.85409991834837
18 15 39.38746000637817
18 16 38.412863173741336
18 17 35.27573617979929
18 18 35.37426924270461
18 19 34.70050471294833
18 20 31.749540250704328
18 21 33.284982322789055
18 22 30.069349157194086
18 23 29.642379352944182
18 24 29.187731835898333
18 25 27.091708138605913
18 26 27.596162008338627
18 27 26.845502207946335
18 28 27.822885588171175
18 29 27.014730621687985
19 0 25.01875139871462
19 1 25.81646045601394
19 2 25.02768171949923
19 3 26.86751839631599
19 4 26.6105346131565
19 5 30.37779141438652
19 6 28.98827302443641
19 7 31.221618290269465
19 8 33.46072515689271
19 9 35.27107394500679
19 10 35.24340504908019
19 11 37.78165976227328
19 12 39.44010795596407
19 13 45.2009364626148
19 14 47.0480229117008
19 15 44.22760183366578
19 16 41.67587653188292
19 17 37.87182580505728
19 18 35.48792056954989
19 19 34.28666233048246
19 20 34.08938034916555
19 21 32.07447488739675
19 22 30.301345676905683
19 23 28.046784191696588
19 24 29.77591502459171
19 25 27.102526514845703
19 26 27.330570982023545
19 27 26.1226649639055
19 28 24.926232917201165
19 29 26.32591453156968
20 0 25.21155960345354
20 1 26.23013521666638
20 2 26.558597246430498
20 3 27.89243776397982
20 4 26.79192828593102
20 5 27.45462337893582
20 6 29.964729150923958
20 7 30.878988103004243
20 8 31.61962859516668
20 9 35.070383850230456
20 10 34.720475721468446
20 11 37.284242562890256
20 12 41.26230590911845
20 13 50.16369833796525
20 14 90.23471753852455
20 15 49.06628485617612
20 16 41.39690257851854
20 17 38.36186325918966
20 18 36.70021342477967
20 19 34.271050738397626
20 20 32.41519023437792
20 21 32.08110420580749
20 22 27.748692282593872
20 23 27.54904211554281
20 24 30.262762049741376
20 25 26.96502201550912
20 26 29.61489855114326
20 27 26.029139087005365
20 28 24.567140613654704
20 29 26.071090998538228
21 0 26.839390840783253
21 1 28.172542042431978
21 2 26.36087667119492
21 3 25.704462127232787
21 4 26.27187028128379
21 5 26.37926722700198
21 6 27.834795774353715
21 7 29.183788901050352
21 8 31.92533043888739
21 9 32.85748899300048
21 10 34.45421488803256
21 11 36.90961228334803
21 12 40.50686659403518
21 13 44.930760822653454
21 14 49.45748583312106
21 15 45.52812558984362
21 16 38.85134477807549
21 17 35.757744885908686
21 18 36.18265698860791
21 19 35.27107394500679
21 20 33.07875309763778
21 21 31.757963996275077
21 22 29.575875202326674
21 23 28.862005425963993
21 24 25.890801870294037
21 25 26.99108619888276
21 26 26.77660678203882
21 27 25.073067642493623
21 28 25.67786091660888
21 29 24.732505995286317
22 0 25.966112730632222
22 1 25.780479661840353
22 2 24.903690470619207
22 3 26.657547871489072
22 4 27.383231782668002
22 5 28.28454742971282
22 6 29.214235550369555
22 7 28.186054447408896
22 8 31.678305721371125
22 9 32.33400179328377
22 10 33.22140187630246
22 11 37.65804226785589
22 12 36.88423539984655
22 13 40.94566950606012
22 14 41.49327080554043
22 15 42.75628991633973
22 16 38.302235406037205
22 17 36.715112793259614
22 18 33.48842061159616
22 19 35.16543424544931
22 20 31.89336813424903
22 21 30.706830739262053
22 22 30.771499520761136
22 23 28.362092719340787
22 24 25.972558761618057
22 25 27.957252144420412
22 26 26.297745259311633
22 27 25.13615392290474
22 28 27.316200443862034
22 29 25.223843844998484
23 0 25.23635503376393
23 1 25.209352607812214
23 2 26.382697303209884
23 3 25.76936882894392
23 4 26.578965770882597
23 5 26.039843896327458
23 6 27.825334034128336
23 7 28.532364329231996
23 8 29.686655955832954
23 9 31.97562954419975
23 10 32.93587861955302
23 11 35.02087689581271
23 12 35.0363582729912
23 13 36.906059823395545
23 14 35.96623864236171
23 15 39.45799486724173
23 16 37.65804226785589
23 17 37.097752589960635
23 18 34.37580113820987
23 19 31.864931418284307
23 20 30.611972547898215
23 21 28.819273272864105
23 22 29.70764784452608
23 23 27.160123898934987
23 24 27.152392948875995
23 25 27.039549973741803
23 26 25.366473322485238
23 27 25.631734936462905
23 28 27.182946475982824
23 29 25.30358179892577
24 0 24.834256973277984
24 1 26.093677145233674
24 2 27.805259194352093
24 3 25.418734019986058
24 4 26.41737987929087
24 5 26.978057822722654
24 6 27.671066589804806
24 7 28.752021880381857
24 8 30.47018199362729
24 9 32.84966075717973
24 10 31.394763271756148
24 11 33.89212433328713
24 12 35.667906685124365
24 13 36.75343193457041
24 14 34.80752482989574
24 15 35.29244007568083
24 16 34.869273381886536
24 17 34.64457337707503
24 18 33.18270459865919
24 19 31.243664856708985
24 20 30.320562811624683
24 21 27.834795774353715
24 22 28.824687989671798
24 23 26.528266651151593
24 24 27.49259174259617
24 25 25.704464861646642
24 26 25.710932980019415
24 27 27.164596499197824
24 28 26.21883278228218
24 29 24.724899863468874
25 0 24.392106082602083
25 1 26.257536529889023
25 2 25.472105181832877
25 3 27.066274523238768
25 4 26.9624047487488
25 5 26.93656510862541
25 6 25.61107359166691
25 7 28.945182541780714
25 8 29.36240459992363
25 9 29.362079264196495
25 10 29.77686445717256
25 11 31.59449949378008
25 12 33.65597126693345
25 13 32.509077951219
25 14 32.85845331315943
25 15 32.42244783050338
25 16 32.781147245796916
25 17 32.95944600406158
25 18 31.120591363512727
25 19 29.857859824380498
25 20 28.886435512136504
25 21 29.373151906923276
25 22 26.39190556819537
25 23 26.39235490478413
25 24 25.88600369386024
25 25 25.94404863137529
25 26 26.23013521666638
25 27 26.452037343495718
25 28 25.13674192155458
25 29 27.072110740172853
26 0 25.305524558741944
26 1 25.024299113914044
26 2 24.66110546593516
26 3 25.925709558962954
26 4 23.476936276226954
26 5 25.38469143562804
26 6 27.572854219274628
26 7 27.546013048749728
26 8 30.275459376811078
26 9 29.043631961428503
26 10 27.958992161472906
26 11 29.221795673134366
26 12 31.5706776403076
26 13 32.85386021211222
26 14 29.00396759256885
26 15 32.221080066089925
26 16 31.567135523457875
26 17 29.334265906928294
26 18 30.47018199362729
26 19 28.80126136269382
26 20 28.794681798214526
26 21 27.857287777252836
26 22 27.982588795507418
26 23 26.920256110950547
26 24 25.451928209526002
26 25 27.04014565839074
26 26 25.097233387757893
26 27 26.426091101838985
26 28 24.173003000219836
26 29 26.34611143517469
27 0 24.056039683263386
27 1 26.23876768984148
27 2 23.94946490270397
27 3 25.00623754242808
27 4 25.725590727843354
27 5 27.365884964048426
27 6 26.397361157271938
27 7 27.655110251294463
27 8 28.00296154180316
27 9 28.38423415623895
27 10 28.401598854826744
27 11 30.375818793003557
27 12 29.338190360720567
27 13 28.135172396815562
27 14 29.446615071475076
27 15 27.925810888136954
27 16 29.15499301699352
27 17 29.505918879650153
27 18 29.923979379040635
27 19 29.236563335487595
27 20 26.336793946469793
27 21 27.369053631193015
27 22 26.796070768239353
27 23 25.76936882894392
27 24 25.01528893366784
27 25 26.306242186872424
27 26 27.147259628776073
27 27 25.3743161313494
27 28 26.534434604246133
27 29 24.447081688346
28 0 24.292407148874478
28 1 25.63079301829112
28 2 25.588572547847303
28 3 24.49210968611513
28 4 24.16079779471867
28 5 27.990652405781287
28 6 25.422221171172012
28 7 26.227860728297852
28 8 25.912803232741
28 9 26.526682401203463
28 10 25.99310839768884
28 11 28.129360365126292
28 12 29.404222211946745
28 13 29.56534174406289
28 14 31.847145154513797
28 15 28.401598854826744
28 16 29.241658940590252
28 17 28.433054403736968
28 18 26.371894265732806
28 19 27.786093343260283
28 20 27.3470670681743
28 21 27.353393302258148
28 22 25.417267321906138
28 23 24.696863987650328
28 24 26.967078853776787
28 25 25.27156766429863
28 26 23.38095014100944
28 27 25.957523116459416
28 28 26.20759006439615
28 29 24.10476517786424
29 0 24.489328296990852
29 1 25.666283260930836
29 2 25.614602044463435
29 3 25.1635860199037
29 4 26.42042834990126
29 5 24.7711109277012
29 6 26.87161290998269
29 7 26.259699061937788
29 8 25.41101276299631
29 9 25.009674928033785
29 10 27.783622307955937
29 11 27.285627439117043
29 12 28.034292593301288
29 13 25.971047848996275
29 14 25.622681391604488
29 15 27.466263032241336
29 16 26.31695590892028
29 17 27.410933891129726
29 18 26.579183072644312
29 19 25.147169126873074
29 20 25.38469143562804
29 21 25.38811656058082
29 22 26.237032808080073
29 23 26.58228158526155
29 24 25.575291445644226
29 25 24.864005516156457
29 26 25.19366879161935
29 27 25.43821512805314
29 28 24.989892124304223
29 29 25.285494282796154
