0 0 25.220945061026047
0 1 26.387709192582346
0 2 25.654347098391213
0 3 26.551162659917566
0 4 25.268229183858082
0 5 25.353542573835444
0 6 27.99968801108037
0 7 27.500831295207224
0 8 24.10093889071067
0 9 27.371913807009342
0 10 27.275047082652893
0 11 27.065769373580217
0 12 26.79399904554843
0 13 27.498216979174135
0 14 26.06556158191794
0 15 25.787216872380164
0 16 25.88616163059668
0 17 24.75152559011431
0 18 23.476936276226954
0 19 25.96210189941687
0 20 24.865131511303566
0 21 24.987428078514192
0 22 24.435545437543905
0 23 25.356661490137757
0 24 25.07250876226141
0 25 24.32797628413329
0 26 24.331444739223105
0 27 24.253451598118964
0 28 23.279518356688243
0 29 24.864748480572178
1 0 26.1027215575943
1 1 24.78061658771743
1 2 25.384710435215027
1 3 24.851605751319138
1 4 25.632029670344306
1 5 27.049224415374862
1 6 25.545035609840657
1 7 27.651081967300584
1 8 26.575956546040295
1 9 27.80210564429589
1 10 27.736748845238438
1 11 26.71268557159372
1 12 26.913081528763264
1 13 26.764386084503222
1 14 28.034292593301288
1 15 26.5844195244562
1 16 26.579183072644312
1 17 26.088957463995335
1 18 26.899252463583952
1 19 25.99682151843213
1 20 26.581822786534943
1 21 25.377196193733866
1 22 24.285283056856162
1 23 25.656069971170545
1 24 26.01139313777842
1 25 26.76318435776771
1 26 24.465131305784308
1 27 24.511637002266387
1 28 23.739657769323816
1 29 23.823969253479756
2 0 25.41098192988528
2 1 26.39648026618619
2 2 24.92426494169457
2 3 24.38296659937677
2 4 27.383595011239308
2 5 24.80657774772885
2 6 25.129885027518082
2 7 27.71149329377225
2 8 26.94743420974816
2 9 27.789205007237236
2 10 27.51216036668636
2 11 28.293927049604324
2 12 29.12338504146445
2 13 27.832472278575718
2 14 29.404222211946745
2 15 29.51879508173095
2 16 26.371894265732806
2 17 25.61107359166691
2 18 28.30395790713621
2 19 26.796070768239353
2 20 25.611568883529262
2 21 24.491486468966702
2 22 23.792741669114157
2 23 26.2110069477202
2 24 26.925322137376696
2 25 23.190063782734942
2 26 26.110855868291132
2 27 26.589342334008037
2 28 24.991766933256574
2 29 23.87000927520439
3 0 25.274598745831387
3 1 24.965688255287027
3 2 24.60645342153241
3 3 26.769647587428196
3 4 25.46420811723594
3 5 27.10087589670681
3 6 27.469769784923102
3 7 26.88751645888957
3 8 27.30948594706575
3 9 27.89113523050481
3 10 28.156590383059694
3 11 29.81398386183278
3 12 28.90012746795924
3 13 26.540619519799748
3 14 29.338190360720567
3 15 29.55163208069396
3 16 29.923979379040635
3 17 27.88712214919486
3 18 26.969651695010214
3 19 27.732545366182585
3 20 27.309031231077128
3 21 28.424191172601375
3 22 24.368619278588408
3 23 25.92064044161719
3 24 25.549934552745945
3 25 26.73169175668476
3 26 25.432019239310332
3 27 25.245261333784402
3 28 23.641929815963273
3 29 22.25439504231937
4 0 24.72773175335711
4 1 25.64069388270832
4 2 25.91169635236055
4 3 24.530540653300385
4 4 24.655007119526097
4 5 27.736748845238438
4 6 26.29717387630898
4 7 29.538653471259497
4 8 30.79987626783796
4 9 29.037505038725335
4 10 30.716594934230216
4 11 31.74533607205178
4 12 31.122106015709594
4 13 32.07296381445724
4 14 31.5706776403076
4 15 30.720436793186618
4 16 30.47018199362729
4 17 30.70222051315069
4 18 29.029527017647553
4 19 27.05028820262755
4 20 25.786195842250926
4 21 26.60717971447894
4 22 25.72182206207386
4 23 24.837515314765497
4 24 27.348009717760462
4 25 26.559391925645876
4 26 26.79069306612762
4 27 24.52068662205767
4 28 25.248040923134354
4 29 25.4914151842291
5 0 26.858395107666315
5 1 24.938865552444163
5 2 25.613084636491763
5 3 26.48233421204073
5 4 25.89869735221925
5 5 26.510535870744587
5 6 28.246307061174576
5 7 31.479749006493766
5 8 29.984086170814855
5 9 34.65447320648509
5 10 33.39924794723808
5 11 33.84070891421371
5 12 32.36937957080319
5 13 31.975753565796374
5 14 33.65597126693345
5 15 30.616980157749673
5 16 31.120591363512727
5 17 29.688401443129003
5 18 28.839428319167865
5 19 29.964349643953746
5 20 28.13356692593117
5 21 25.578743069656394
5 22 26.722744082174664
5 23 24.407487057635496
5 24 24.468119490629945
5 25 25.110085846775192
5 26 25.832996414680355
5 27 24.055150341384863
5 28 24.3495919508759
5 29 25.471390952596433
6 0 25.870818124938914
6 1 27.912544066036922
6 2 25.178091558867685
6 3 26.585258789412126
6 4 26.845778874903374
6 5 30.01830133107801
6 6 28.515205205288108
6 7 31.660130759600175
6 8 30.997079462637924
6 9 34.46766865558541
6 10 35.25829335116567
6 11 36.08034792765697
6 12 33.54596084110989
6 13 34.761151771575825
6 14 35.667906685124365
6 15 32.93587861955302
6 16 33.18270459865919
6 17 31.164745185462376
6 18 29.6096867688012
6 19 30.02190017998713
6 20 30.238269197396388
6 21 27.19354875532744
6 22 27.240906420675564
6 23 26.78190077680531
6 24 26.716041208447066
6 25 25.5850835583586
6 26 26.16662669172257
6 27 24.844441563360444
6 28 25.53134948579957
6 29 26.927877633458433
7 0 25.320582214791944
7 1 25.102577365173794
7 2 24.998785283458375
7 3 28.324422316887418
7 4 27.81699314301513
7 5 30.302222866338575
7 6 29.649430975410677
7 7 33.50936509266265
7 8 33.297288206791535
7 9 33.90139451301916
7 10 33.465329345518356
7 11 38.609402619376496
7 12 38.176038437827444
7 13 37.0343690803328
7 14 35.0363582729912
7 15 35.910201592506674
7 16 34.37580113820987
7 17 32.81850060536758
7 18 31.48135618807632
7 19 28.44223547001397
7 20 30.076579060335636
7 21 30.22712766559789
7 22 27.108913845962412
7 23 28.445612993022685
7 24 27.516425933663378
7 25 26.300181461299957
7 26 26.108866231583725
7 27 26.41422453871907
7 28 26.232692554024997
7 29 24.438471408466455
8 0 25.431300396482715
8 1 26.09417017898941
8 2 25.939955587715264
8 3 26.79984372555686
8 4 29.404222211946745
8 5 27.574586012558967
8 6 31.976118988391654
8 7 32.415316787029454
8 8 33.53060295469727
8 9 33.75846801622014
8 10 35.61453655198928
8 11 40.972183529045196
8 12 39.32798311944326
8 13 38.422412053118144
8 14 36.88423539984655
8 15 37.71209214986684
8 16 33.48842061159616
8 17 33.06308743947348
8 18 32.26377000246952
8 19 32.51368483694118
8 20 28.012900604425877
8 21 28.83000657337166
8 22 29.480360508893227
8 23 26.299986142792882
8 24 27.731259952118872
8 25 25.505806804479086
8 26 27.822885588171175
8 27 25.331754276109237
8 28 24.94872989092623
8 29 25.02563098986025
9 0 27.990652405781287
9 1 25.801413547681765
9 2 27.712220485901536
9 3 26.604113026064642
9 4 30.307370583103715
9 5 27.925810888136954
9 6 32.85386021211222
9 7 33.58327876557569
9 8 34.761151771575825
9 9 37.05005531710005
9 10 41.03540331427806
9 11 45.602759499733686
9 12 46.77213823416055
9 13 45.86213034276521
9 14 40.50686659403518
9 15 35.72910276636399
9 16 36.18265698860791
9 17 33.92602174948705
9 18 32.02600206808681
9 19 29.138716250631457
9 20 30.31408066343684
9 21 28.046784191696588
9 22 29.323701481335416
9 23 28.106897120462996
9 24 28.06665334799094
9 25 27.602195160602648
9 26 25.69242599392653
9 27 25.85557528290206
9 28 26.594692948886856
9 29 25.68129553810436
10 0 25.775047071142332
10 1 25.95125975081221
10 2 27.572854219274628
10 3 26.323819532664803
10 4 30.636485171652758
10 5 29.3424692900496
10 6 30.556105455727504
10 7 33.89212433328713
10 8 34.80752482989574
10 9 34.81972629254676
10 10 38.8601355038304
10 11 50.157786105098275
10 12 89.26783726264271
10 13 49.45748583312106
10 14 41.26230590911845
10 15 38.42835674769578
10 16 36.70021342477967
10 17 34.50617290685804
10 18 34.63033826912276
10 19 33.29811779043156
10 20 31.010734086544243
10 21 30.559476166054633
10 22 29.26812258645678
10 23 29.964672875663187
10 24 26.832212365787818
10 25 26.68208992228787
10 26 25.384701678492657
10 27 25.219798467579714
10 28 27.503553230510807
10 29 25.832996414680355
11 0 26.773027078960343
11 1 25.428118288764434
11 2 26.59128170049409
11 3 27.942773298809627
11 4 28.752021880381857
11 5 29.117239664565318
11 6 32.602027012990256
11 7 35.26054871836298
11 8 36.4881375643138
11 9 35.66246202857458
11 10 42.75628991633973
11 11 44.930760822653454
11 12 48.975183135516595
11 13 46.97916075921293
11 14 39.44010795596407
11 15 35.828763825153004
11 16 35.48792056954989
11 17 35.17497646019926
11 18 32.32037437934647
11 19 33.634752897172895
11 20 30.072604063450846
11 21 31.29736676769297
11 22 28.180673559316354
11 23 29.261057558239223
11 24 26.3610806539614
11 25 25.424278106226673
11 26 28.08120556932812
11 27 25.023874191182102
11 28 23.938599979733617
11 29 27.233670775792206
12 0 26.15478433339219
12 1 25.36698162652682
12 2 26.540354698804425
12 3 26.969651695010214
12 4 29.350389839695485
12 5 28.031300498195765
12 6 31.678305721371125
12 7 31.954720334510046
12 8 34.29891463492924
12 9 36.715112793259614
12 10 38.732142755687214
12 11 39.364837495813475
12 12 41.39690257851854
12 13 39.99790799383236
12 14 37.4926200962885
12 15 37.454940811615664
12 16 35.37426924270461
12 17 35.1814269683505
12 18 34.06866955051765
12 19 30.885618113779064
12 20 32.32833955098653
12 21 31.659564678370476
12 22 27.919163406716773
12 23 28.435785869531877
12 24 28.25476641753144
12 25 28.23413027157754
12 26 27.538610754444647
12 27 27.889898316781004
12 28 25.079105062800174
12 29 25.604337664211528
13 0 26.508273353762938
13 1 25.76936882894392
13 2 26.01831434022925
13 3 27.706783342112622
13 4 30.302475967907828
13 5 28.99058055308701
13 6 32.72199330068519
13 7 32.81850060536758
13 8 35.070383850230456
13 9 35.95794575164875
13 10 36.97451846305134
13 11 36.30376833481432
13 12 38.49211437878762
13 13 37.73836982370363
13 14 35.27573617979929
13 15 36.58493055768878
13 16 36.85760342173706
13 17 36.459288910768755
13 18 35.55940934314028
13 19 31.09000323306397
13 20 32.061340657501866
13 21 30.62185305287331
13 22 31.051148355850064
13 23 29.763723825014097
13 24 28.83000657337166
13 25 29.967635307443423
13 26 26.62657440918055
13 27 27.717332145964473
13 28 26.258570509078186
13 29 25.74679963568375
14 0 26.813628364926988
14 1 24.25466278112284
14 2 26.81237980728749
14 3 26.692065015442296
14 4 28.824687989671798
14 5 29.522907188456845
14 6 29.20858211986138
14 7 29.70695857382913
14 8 33.59894872215535
14 9 34.92174893566552
14 10 34.35223538072268
14 11 35.48792056954989
14 12 37.62530280136259
14 13 34.84346756225148
14 14 35.29665929138747
14 15 34.13656801395257
14 16 35.95027539279408
14 17 35.50574124831658
14 18 35.68236537319359
14 19 35.32553519952581
14 20 31.749540250704328
14 21 32.90301159383933
14 22 31.20801740283139
14 23 30.103408021713292
14 24 27.96076092065481
14 25 31.175230808651285
14 26 26.756823346909513
14 27 26.760201242051142
14 28 25.72182206207386
14 29 25.083288314623918
15 0 25.801235424995998
15 1 23.776982863777032
15 2 25.5892529193981
15 3 26.713362623035554
15 4 27.272078246480937
15 5 27.81693312164064
15 6 30.17625976692696
15 7 31.757963996275077
15 8 31.22616067818795
15 9 34.833899698090526
15 10 37.140983128627546
15 11 34.71730971734764
15 12 33.72238617840156
15 13 32.70959756824969
15 14 34.97979845182964
15 15 36.43873931160238
15 16 34.97979845182964
15 17 32.70959756824969
15 18 33.72238617840156
15 19 34.71730971734764
15 20 37.140983128627546
15 21 34.833899698090526
15 22 31.22616067818795
15 23 31.757963996275077
15 24 30.17625976692696
15 25 27.81693312164064
15 26 27.272078246480937
15 27 26.713362623035554
15 28 25.5892529193981
15 29 23.776982863777032
16 0 25.409512661320395
16 1 25.083288314623918
16 2 25.72182206207386
16 3 26.760201242051142
16 4 26.756823346909513
16 5 31.175230808651285
16 6 27.96076092065481
16 7 30.103408021713292
16 8 31.20801740283139
16 9 32.90301159383933
16 10 31.749540250704328
16 11 35.32553519952581
16 12 35.68236537319359
16 13 35.50574124831658
16 14 35.95027539279408
16 15 34.13656801395257
16 16 35.29665929138747
16 17 34.84346756225148
16 18 37.62530280136259
16 19 35.48792056954989
16 20 34.35223538072268
16 21 34.92174893566552
16 22 33.59894872215535
16 23 29.70695857382913
16 24 29.20858211986138
16 25 29.522907188456845
16 26 28.824687989671798
16 27 26.692065015442296
16 28 26.81237980728749
16 29 24.25466278112284
17 0 25.754916727788327
17 1 25.74679963568375
17 2 26.258570509078186
17 3 27.717332145964473
17 4 26.62657440918055
17 5 29.967635307443423
17 6 28.83000657337166
17 7 29.763723825014097
17 8 31.051148355850064
17 9 30.62185305287331
17 10 32.061340657501866
17 11 31.09000323306397
17 12 35.55940934314028
17 13 36.459288910768755
17 14 36.85760342173706
17 15 36.58493055768878
17 16 35.27573617979929
17 17 37.73836982370363
17 18 38.49211437878762
17 19 36.30376833481432
17 20 36.97451846305134
17 21 35.95794575164875
17 22 35.070383850230456
17 23 32.81850060536758
17 24 32.72199330068519
17 25 28.99058055308701
17 26 30.302475967907828
17 27 27.706783342112622
17 28 26.01831434022925
17 29 25.76936882894392
18 0 25.857103541318736
18 1 25.604337664211528
18 2 25.079105062800174
18 3 27.889898316781004
18 4 27.538610754444647
18 5 28.23413027157754
18 6 28.25476641753144
18 7 28.435785869531877
18 8 27.919163406716773
18 9 31.659564678370476
18 10 32.32833955098653
18 11 30.885618113779064
18 12 34.06866955051765
18 13 35.1814269683505
18 14 35.37426924270461
18 15 37.454940811615664
18 16 37.4926200962885
18 17 39.99790799383236
18 18 41.39690257851854
18 19 39.364837495813475
18 20 38.732142755687214
18 21 36.715112793259614
18 22 34.29891463492924
18 23 31.954720334510046
18 24 31.678305721371125
18 25 28.031300498195765
18 26 29.350389839695485
18 27 26.969651695010214
18 28 26.540354698804425
18 29 25.36698162652682
19 0 24.89635783649693
19 1 27.233670775792206
19 2 23.938599979733617
19 3 25.023874191182102
19 4 28.08120556932812
19 5 25.424278106226673
19 6 26.3610806539614
19 7 29.261057558239223
19 8 28.180673559316354
19 9 31.29736676769297
19 10 30.072604063450846
19 11 33.634752897172895
19 12 32.32037437934647
19 13 35.17497646019926
19 14 35.48792056954989
19 15 35.828763825153004
19 16 39.44010795596407
19 17 46.97916075921293
19 18 48.975183135516595
19 19 44.930760822653454
19 20 42.75628991633973
19 21 35.66246202857458
19 22 36.4881375643138
19 23 35.26054871836298
19 24 32.602027012990256
19 25 29.117239664565318
19 26 28.752021880381857
19 27 27.942773298809627
19 28 26.59128170049409
19 29 25.428118288764434
20 0 24.72393246647389
20 1 25.832996414680355
20 2 27.503553230510807
20 3 25.219798467579714
20 4 25.384701678492657
20 5 26.68208992228787
20 6 26.832212365787818
20 7 29.964672875663187
20 8 29.26812258645678
20 9 30.559476166054633
20 10 31.010734086544243
20 11 33.29811779043156
20 12 34.63033826912276
20 13 34.50617290685804
20 14 36.70021342477967
20 15 38.42835674769578
20 16 41.26230590911845
20 17 49.45748583312106
20 18 89.26783726264271
20 19 50.157786105098275
20 20 38.8601355038304
20 21 34.81972629254676
20 22 34.80752482989574
20 23 33.89212433328713
20 24 30.556105455727504
20 25 29.3424692900496
20 26 30.636485171652758
20 27 26.323819532664803
20 28 27.572854219274628
20 29 25.95125975081221
21 0 23.69806236072162
21 1 25.68129553810436
21 2 26.594692948886856
21 3 25.85557528290206
21 4 25.69242599392653
21 5 27.602195160602648
21 6 28.06665334799094
21 7 28.106897120462996
21 8 29.323701481335416
21 9 28.046784191696588
21 10 30.31408066343684
21 11 29.138716250631457
21 12 32.02600206808681
21 13 33.92602174948705
21 14 36.18265698860791
21 15 35.72910276636399
21 16 40.50686659403518
21 17 45.86213034276521
21 18 46.77213823416055
21 19 45.602759499733686
21 20 41.03540331427806
21 21 37.05005531710005
21 22 34.761151771575825
21 23 33.58327876557569
21 24 32.85386021211222
21 25 27.925810888136954
21 26 30.307370583103715
21 27 26.604113026064642
21 28 27.712220485901536
21 29 25.801413547681765
22 0 25.653497985911617
22 1 25.02563098986025
22 2 24.94872989092623
22 3 25.331754276109237
22 4 27.822885588171175
22 5 25.505806804479086
22 6 27.731259952118872
22 7 26.299986142792882
22 8 29.480360508893227
22 9 28.83000657337166
22 10 28.012900604425877
22 11 32.51368483694118
22 12 32.26377000246952
22 13 33.06308743947348
22 14 33.48842061159616
22 15 37.71209214986684
22 16 36.88423539984655
22 17 38.422412053118144
22 18 39.32798311944326
22 19 40.972183529045196
22 20 35.61453655198928
22 21 33.75846801622014
22 22 33.53060295469727
22 23 32.415316787029454
22 24 31.976118988391654
22 25 27.574586012558967
22 26 29.404222211946745
22 27 26.79984372555686
22 28 25.939955587715264
22 29 26.09417017898941
23 0 26.830690200568032
23 1 24.438471408466455
23 2 26.232692554024997
23 3 26.41422453871907
23 4 26.108866231583725
23 5 26.300181461299957
23 6 27.516425933663378
23 7 28.445612993022685
23 8 27.108913845962412
23 9 30.22712766559789
23 10 30.076579060335636
23 11 28.44223547001397
23 12 31.48135618807632
23 13 32.81850060536758
23 14 34.37580113820987
23 15 35.910201592506674
23 16 35.0363582729912
23 17 37.0343690803328
23 18 38.176038437827444
23 19 38.609402619376496
23 20 33.465329345518356
23 21 33.90139451301916
23 22 33.297288206791535
23 23 33.50936509266265
23 24 29.649430975410677
23 25 30.302222866338575
23 26 27.81699314301513
23 27 28.324422316887418
23 28 24.998785283458375
23 29 25.102577365173794
24 0 26.50966779811828
24 1 26.927877633458433
24 2 25.53134948579957
24 3 24.844441563360444
24 4 26.16662669172257
24 5 25.5850835583586
24 6 26.716041208447066
24 7 26.78190077680531
24 8 27.240906420675564
24 9 27.19354875532744
24 10 30.238269197396388
24 11 30.02190017998713
24 12 29.6096867688012
24 13 31.164745185462376
24 14 33.18270459865919
24 15 32.93587861955302
24 16 35.667906685124365
24 17 34.761151771575825
24 18 33.54596084110989
24 19 36.08034792765697
24 20 35.25829335116567
24 21 34.46766865558541
24 22 30.997079462637924
24 23 31.660130759600175
24 24 28.515205205288108
24 25 30.01830133107801
24 26 26.845778874903374
24 27 26.585258789412126
24 28 25.178091558867685
24 29 27.912544066036922
25 0 23.832657534610632
25 1 25.471390952596433
25 2 24.3495919508759
25 3 24.055150341384863
25 4 25.832996414680355
25 5 25.110085846775192
25 6 24.468119490629945
25 7 24.407487057635496
25 8 26.722744082174664
25 9 25.578743069656394
25 10 28.13356692593117
25 11 29.964349643953746
25 12 28.839428319167865
25 13 29.688401443129003
25 14 31.120591363512727
25 15 30.616980157749673
25 16 33.65597126693345
25 17 31.975753565796374
25 18 32.36937957080319
25 19 33.84070891421371
25 20 33.39924794723808
25 21 34.65447320648509
25 22 29.984086170814855
25 23 31.479749006493766
25 24 28.246307061174576
25 25 26.510535870744587
25 26 25.89869735221925
25 27 26.48233421204073
25 28 25.613084636491763
25 29 24.938865552444163
26 0 25.209191625695777
26 1 25.4914151842291
26 2 25.248040923134354
26 3 24.52068662205767
26 4 26.79069306612762
26 5 26.559391925645876
26 6 27.348009717760462
26 7 24.837515314765497
26 8 25.72182206207386
26 9 26.60717971447894
26 10 25.786195842250926
26 11 27.05028820262755
26 12 29.029527017647553
26 13 30.70222051315069
26 14 30.47018199362729
26 15 30.720436793186618
26 16 31.5706776403076
26 17 32.07296381445724
26 18 31.122106015709594
26 19 31.74533607205178
26 20 30.716594934230216
26 21 29.037505038725335
26 22 30.79987626783796
26 23 29.538653471259497
26 24 26.29717387630898
26 25 27.736748845238438
26 26 24.655007119526097
26 27 24.530540653300385
26 28 25.91169635236055
26 29 25.64069388270832
27 0 23.564495385643593
27 1 22.25439504231937
27 2 23.641929815963273
27 3 25.245261333784402
27 4 25.432019239310332
27 5 26.73169175668476
27 6 25.549934552745945
27 7 25.92064044161719
27 8 24.368619278588408
27 9 28.424191172601375
27 10 27.309031231077128
27 11 27.732545366182585
27 12 26.969651695010214
27 13 27.88712214919486
27 14 29.923979379040635
27 15 29.55163208069396
27 16 29.338190360720567
27 17 26.540619519799748
27 18 28.90012746795924
27 19 29.81398386183278
27 20 28.156590383059694
27 21 27.89113523050481
27 22 27.30948594706575
27 23 26.88751645888957
27 24 27.469769784923102
27 25 27.10087589670681
27 26 25.46420811723594
27 27 26.769647587428196
27 28 24.60645342153241
27 29 24.965688255287027
28 0 22.776874677832843
28 1 23.87000927520439
28 2 24.991766933256574
28 3 26.589342334008037
28 4 26.110855868291132
28 5 23.190063782734942
28 6 26.925322137376696
28 7 26.2110069477202
28 8 23.792741669114157
28 9 24.491486468966702
28 10 25.611568883529262
28 11 26.796070768239353
28 12 28.30395790713621
28 13 25.61107359166691
28 14 26.371894265732806
28 15 29.51879508173095
28 16 29.404222211946745
28 17 27.832472278575718
28 18 29.12338504146445
28 19 28.293927049604324
28 20 27.51216036668636
28 21 27.789205007237236
28 22 26.94743420974816
28 23 27.71149329377225
28 24 25.129885027518082
28 25 24.80657774772885
28 26 27.383595011239308
28 27 24.38296659937677
28 28 24.92426494169457
28 29 26.39648026618619
29 0 24.31432103637615
29 1 23.823969253479756
29 2 23.739657769323816
29 3 24.511637002266387
29 4 24.465131305784308
29 5 26.76318435776771
29 6 26.01139313777842
29 7 25.656069971170545
29 8 24.285283056856162
29 9 25.377196193733866
29 10 26.581822786534943
29 11 25.99682151843213
29 12 26.899252463583952
29 13 26.088957463995335
29 14 26.579183072644312
29 15 26.5844195244562
29 16 28.034292593301288
29 17 26.764386084503222
29 18 26.913081528763264
29 19 26.71268557159372
29 20 27.736748845238438
29 21 27.80210564429589
29 22 26.575956546040295
29 23 27.651081967300584
29 24 25.545035609840657
29 25 27.049224415374862
29 26 25.632029670344306
29 27 24.851605751319138
29 28 25.384710435215027
29 29 24.78061658771743
