0 0 25.291157732602947
0 1 26.531813341665742
0 2 26.331902867203834
0 3 24.934048312502863
0 4 24.8337933890186
0 5 25.082048763242447
0 6 28.018778485612632
0 7 25.072044797852378
0 8 27.915426954810552
0 9 26.286892575095635
0 10 24.91976153012574
0 11 25.824092669137432
0 12 27.065769373580217
0 13 28.29658569188642
0 14 24.998785283458375
0 15 26.976228833546234
0 16 24.86434427528099
0 17 25.197487465432147
0 18 25.96210189941687
0 19 25.766892462726787
0 20 25.46898231481823
0 21 26.26275397785606
0 22 26.29696313294926
0 23 25.81511310632463
0 24 26.049810360382224
0 25 23.80954658148284
0 26 24.757601997364862
0 27 24.422836268410165
0 28 22.837882516141278
0 29 24.022207313114716
1 0 24.82584518868346
1 1 25.64884844868544
1 2 25.507257464039256
1 3 25.125727979812023
1 4 26.59164684648763
1 5 26.27056958000505
1 6 26.279818923522058
1 7 27.139619965997888
1 8 25.083773565060365
1 9 26.528649209044946
1 10 26.88531827186502
1 11 25.10996551501966
1 12 26.71268557159372
1 13 27.756437879772776
1 14 27.285627439117043
1 15 28.165876580033494
1 16 25.147169126873074
1 17 26.06833111431354
1 18 25.99682151843213
1 19 26.38237526549221
1 20 27.271557805092872
1 21 25.06141666458631
1 22 26.217761179286796
1 23 24.052349686984087
1 24 23.789674530012952
1 25 26.264679074271957
1 26 25.831383104103615
1 27 24.20417448968764
1 28 22.67396907639013
1 29 22.411084951366558
2 0 25.687536743752375
2 1 25.42526012271368
2 2 23.774002011900684
2 3 26.90543254390206
2 4 25.463524138269488
2 5 27.48665492741396
2 6 25.73626798563736
2 7 26.870417694068628
2 8 28.117754821634538
2 9 28.232696394570205
2 10 28.486408032782744
2 11 29.33474059280051
2 12 28.293927049604324
2 13 28.804316667905486
2 14 28.129360365126292
2 15 28.37914107605006
2 16 27.786093343260283
2 17 27.048199154527403
2 18 26.796070768239353
2 19 26.098109052928546
2 20 25.152104590406715
2 21 24.99998765037291
2 22 26.914414956432495
2 23 25.649629925246618
2 24 25.30363611971926
2 25 25.012978498099958
2 26 26.831491403275773
2 27 26.50628624735712
2 28 24.822637913253654
2 29 24.4791283049005
3 0 26.267400306278834
3 1 25.498667277024044
3 2 27.804703748412123
3 3 23.88677079934721
3 4 28.33133039203091
3 5 28.13748218957148
3 6 27.159983192944512
3 7 28.54186208200322
3 8 31.234706154531747
3 9 28.852268650042053
3 10 29.237534841132018
3 11 27.785313448601727
3 12 29.81398386183278
3 13 28.83838892562358
3 14 30.375818793003557
3 15 28.20703313260477
3 16 29.236563335487595
3 17 28.612614682985154
3 18 27.732545366182585
3 19 29.427306161219857
3 20 26.924831363282834
3 21 25.671528172008408
3 22 25.74679963568375
3 23 28.514525194743886
3 24 24.678713121912775
3 25 25.571711979938577
3 26 26.05818288307951
3 27 27.535604350189143
3 28 24.449640375612333
3 29 25.644100315465664
4 0 23.94661201407625
4 1 24.920183004369353
4 2 23.89576293324358
4 3 25.123676866554653
4 4 27.2853028602093
4 5 26.269146755667542
4 6 29.208860582058104
4 7 28.89331576185504
4 8 27.445197881373087
4 9 28.424574334768042
4 10 31.98187021524238
4 11 31.25099062445222
4 12 31.74533607205178
4 13 31.42707929951675
4 14 29.221795673134366
4 15 29.378797526242675
4 16 28.80126136269382
4 17 29.324499561824535
4 18 27.05028820262755
4 19 27.484616727230893
4 20 27.661913890491867
4 21 28.637305651436936
4 22 25.691559376886428
4 23 23.89219316667919
4 24 27.867036605275402
4 25 25.24311312601869
4 26 24.30609362984169
4 27 25.07822611990355
4 28 26.20817554632363
4 29 25.730138520050623
5 0 25.792883712172692
5 1 26.647434420164707
5 2 25.461302144389823
5 3 27.06414230041316
5 4 27.972275852382886
5 5 30.791348818892693
5 6 29.61990387578734
5 7 30.83159717747987
5 8 31.624558842403733
5 9 27.86891090831048
5 10 32.74409234444063
5 11 33.80825299637869
5 12 33.84070891421371
5 13 32.30703690111011
5 14 31.59449949378008
5 15 30.833811684785008
5 16 29.857859824380498
5 17 28.350703769604866
5 18 29.964349643953746
5 19 26.754220944364494
5 20 26.74659247420342
5 21 27.184679427939972
5 22 26.010441659507837
5 23 25.47434414844111
5 24 26.48007089525452
5 25 24.690094799296347
5 26 25.796846919626827
5 27 23.58419909140217
5 28 25.15414441017933
5 29 26.063835320188694
6 0 25.50081627415821
6 1 25.75327066832426
6 2 25.90391755279527
6 3 26.59882441393412
6 4 27.36239136413015
6 5 30.939666936490042
6 6 30.325424318901476
6 7 31.82048656498814
6 8 33.31004139268129
6 9 35.78811552264095
6 10 36.331675253177856
6 11 34.60236850978153
6 12 36.08034792765697
6 13 35.520786366665895
6 14 33.89212433328713
6 15 32.87260963133425
6 16 31.243664856708985
6 17 30.251387119355655
6 18 30.02190017998713
6 19 30.56721900630524
6 20 28.44312570494283
6 21 25.88237270318132
6 22 27.677936241578017
6 23 26.589391450126467
6 24 26.631503435281882
6 25 25.20031674915462
6 26 27.334274017140533
6 27 26.37396556746982
6 28 23.456033797888935
6 29 24.058092579238092
7 0 27.049224415374862
7 1 26.951269369986804
7 2 25.687657195868688
7 3 28.533568042722838
7 4 30.193073979301186
7 5 28.570543342206747
7 6 31.665098696446666
7 7 31.540897321943632
7 8 33.03003528247152
7 9 36.11611707425519
7 10 36.26846381279453
7 11 38.12625538108574
7 12 38.609402619376496
7 13 36.8592400065961
7 14 35.02087689581271
7 15 32.93902225731183
7 16 31.864931418284307
7 17 32.19967636630011
7 18 28.44223547001397
7 19 28.43332877097252
7 20 30.29092717244854
7 21 28.867264853388438
7 22 26.00258814945714
7 23 27.852075947714724
7 24 26.26819201097034
7 25 25.561366332136533
7 26 26.01907464000009
7 27 25.57947751466768
7 28 26.336588752176215
7 29 26.352830480520808
8 0 25.529086676123864
8 1 26.771853548065444
8 2 27.469769784923102
8 3 26.462509935697774
8 4 29.32887874145651
8 5 30.704851754024645
8 6 31.07378109039557
8 7 33.433211008332165
8 8 34.495973884297385
8 9 35.20804944679601
8 10 42.20214026422373
8 11 41.312758379458856
8 12 40.972183529045196
8 13 38.06260469023573
8 14 37.65804226785589
8 15 34.20952521587984
8 16 35.16543424544931
8 17 31.373645781670703
8 18 32.51368483694118
8 19 30.731584489048796
8 20 29.6447053624856
8 21 29.201628163900345
8 22 27.838402872390464
8 23 25.896547867451897
8 24 29.23181163902185
8 25 26.835322058116457
8 26 26.055412987182184
8 27 25.794359292295045
8 28 24.72940860268547
8 29 25.334854470547658
9 0 25.386346175235044
9 1 24.958373401389395
9 2 26.71268557159372
9 3 29.106160413057196
9 4 31.479749006493766
9 5 30.45949735335951
9 6 34.296698981512996
9 7 34.909376489379504
9 8 39.285384389223225
9 9 40.92474366941331
9 10 42.645069204704086
9 11 45.31940328859943
9 12 45.602759499733686
9 13 41.512328507557704
9 14 36.90961228334803
9 15 35.45505917574318
9 16 35.27107394500679
9 17 32.28842515966959
9 18 29.138716250631457
9 19 27.885835504232393
9 20 26.803719823046595
9 21 27.517018894927528
9 22 29.078649975100422
9 23 26.942831327065115
9 24 26.730049452410213
9 25 24.419163018446486
9 26 27.27521620083482
9 27 24.821228301513596
9 28 27.233670775792206
9 29 25.51785384573706
10 0 25.822226782808333
10 1 27.633732487558657
10 2 26.4108500061008
10 3 28.842522001428932
10 4 28.90012746795924
10 5 33.22332927570826
10 6 33.297288206791535
10 7 34.09395121355578
10 8 38.76032768834626
10 9 39.38513331604677
10 10 48.396652769729464
10 11 88.46212701898494
10 12 50.157786105098275
10 13 41.6625088303309
10 14 37.284242562890256
10 15 35.36848765857164
10 16 34.271050738397626
10 17 34.406655947349236
10 18 33.29811779043156
10 19 31.472351418142154
10 20 30.242892534462634
10 21 28.70035665757059
10 22 28.428607607809848
10 23 27.69049089527568
10 24 26.299986142792882
10 25 27.179182934913207
10 26 25.137699252206712
10 27 24.815039728173065
10 28 25.90594169412363
10 29 26.410025234919836
11 0 25.209179914122142
11 1 27.756532505145284
11 2 25.971047848996275
11 3 28.976703339750564
11 4 27.46347737315944
11 5 31.78365610704038
11 6 31.975753565796374
11 7 36.30140762668812
11 8 37.05005531710005
11 9 38.58094520969035
11 10 45.00904526012553
11 11 47.081038955817746
11 12 44.930760822653454
11 13 39.077510810244384
11 14 37.78165976227328
11 15 34.54743645806634
11 16 34.28666233048246
11 17 35.535160519906384
11 18 33.634752897172895
11 19 29.78272068640367
11 20 29.54165049485613
11 21 29.031463518292746
11 22 30.09634061820907
11 23 30.17220208776976
11 24 28.2599696531375
11 25 25.586556972370758
11 26 29.3124022462136
11 27 26.631021881300608
11 28 25.505139726233423
11 29 26.597262355317444
12 0 24.919232790684074
12 1 26.071173723331736
12 2 28.00296154180316
12 3 29.351671288363896
12 4 29.15499301699352
12 5 28.703853893318623
12 6 31.69922986857288
12 7 35.406711429893384
12 8 35.0363582729912
12 9 37.6548578187232
12 10 42.75628991633973
12 11 40.968143116720924
12 12 39.364837495813475
12 13 37.31696163274075
12 14 37.825366906689034
12 15 34.60183074104376
12 16 34.70050471294833
12 17 34.56217428773553
12 18 30.885618113779064
12 19 33.701362077957796
12 20 30.072604063450846
12 21 30.258019616812618
12 22 30.2341253694349
12 23 27.83294097002004
12 24 29.781419827314853
12 25 27.99656697258539
12 26 28.790434009925686
12 27 26.327405934010358
12 28 24.26210678070209
12 29 24.99998765037291
13 0 27.365884964048426
13 1 26.544439199092825
13 2 26.61409656476243
13 3 27.623889507028867
13 4 29.344173691065937
13 5 29.636600922865853
13 6 31.97562954419975
13 7 33.639957316075744
13 8 37.097752589960635
13 9 37.00078920504002
13 10 35.72910276636399
13 11 37.83104630744223
13 12 36.30376833481432
13 13 38.07057805427543
13 14 37.933252197698586
13 15 34.14199412668146
13 16 34.86195377678358
13 17 33.62610225927807
13 18 31.09000323306397
13 19 32.29411280215641
13 20 32.90955816382643
13 21 33.43878773885557
13 22 30.898197527604918
13 23 29.7505220512678
13 24 28.764330050595774
13 25 29.635936474384017
13 26 25.926055642924492
13 27 25.190420781132563
13 28 28.424191172601375
13 29 25.401033258254053
14 0 26.476168979497345
14 1 26.08414439591699
14 2 27.22953799242287
14 3 27.904505007294222
14 4 28.68298243727542
14 5 30.90192133491733
14 6 31.243664856708985
14 7 31.530796229008676
14 8 35.486267954613304
14 9 33.886855803561886
14 10 35.24340504908019
14 11 36.76857329245611
14 12 35.48792056954989
14 13 36.035301047261534
14 14 33.72238617840156
14 15 34.359402188534695
14 16 33.62458431890695
14 17 33.99136792145769
14 18 35.32553519952581
14 19 34.57185538020711
14 20 34.08938034916555
14 21 31.789622677717958
14 22 30.383912157106533
14 23 30.37704359910128
14 24 28.056608714399196
14 25 29.23123418331425
14 26 28.69459868911856
14 27 27.125760678258953
14 28 26.920256110950547
14 29 24.841960018857268
15 0 24.04457939022574
15 1 26.093137616437257
15 2 26.35141831330828
15 3 27.08045178212598
15 4 29.373151906923276
15 5 28.8996390585722
15 6 30.173418490627554
15 7 30.32072973008996
15 8 34.142981823026695
15 9 32.40500516425108
15 10 34.388819611224264
15 11 36.552720536010526
15 12 34.71730971734764
15 13 34.67555309776381
15 14 36.459288910768755
15 15 33.11051315697668
15 16 36.459288910768755
15 17 34.67555309776381
15 18 34.71730971734764
15 19 36.552720536010526
15 20 34.388819611224264
15 21 32.40500516425108
15 22 34.142981823026695
15 23 30.32072973008996
15 24 30.173418490627554
15 25 28.8996390585722
15 26 29.373151906923276
15 27 27.08045178212598
15 28 26.35141831330828
15 29 26.093137616437257
16 0 26.48991307833278
16 1 24.841960018857268
16 2 26.920256110950547
16 3 27.125760678258953
16 4 28.69459868911856
16 5 29.23123418331425
16 6 28.056608714399196
16 7 30.37704359910128
16 8 30.383912157106533
16 9 31.789622677717958
16 10 34.08938034916555
16 11 34.57185538020711
16 12 35.32553519952581
16 13 33.99136792145769
16 14 33.62458431890695
16 15 34.359402188534695
16 16 33.72238617840156
16 17 36.035301047261534
16 18 35.48792056954989
16 19 36.76857329245611
16 20 35.24340504908019
16 21 33.886855803561886
16 22 35.486267954613304
16 23 31.530796229008676
16 24 31.243664856708985
16 25 30.90192133491733
16 26 28.68298243727542
16 27 27.904505007294222
16 28 27.22953799242287
16 29 26.08414439591699
17 0 26.306242186872424
17 1 25.401033258254053
17 2 28.424191172601375
17 3 25.190420781132563
17 4 25.926055642924492
17 5 29.635936474384017
17 6 28.764330050595774
17 7 29.7505220512678
17 8 30.898197527604918
17 9 33.43878773885557
17 10 32.90955816382643
17 11 32.29411280215641
17 12 31.09000323306397
17 13 33.62610225927807
17 14 34.86195377678358
17 15 34.14199412668146
17 16 37.933252197698586
17 17 38.07057805427543
17 18 36.30376833481432
17 19 37.83104630744223
17 20 35.72910276636399
17 21 37.00078920504002
17 22 37.097752589960635
17 23 33.639957316075744
17 24 31.97562954419975
17 25 29.636600922865853
17 26 29.344173691065937
17 27 27.623889507028867
17 28 26.61409656476243
17 29 26.544439199092825
18 0 23.908062995438105
18 1 24.99998765037291
18 2 24.26210678070209
18 3 26.327405934010358
18 4 28.790434009925686
18 5 27.99656697258539
18 6 29.781419827314853
18 7 27.83294097002004
18 8 30.2341253694349
18 9 30.258019616812618
18 10 30.072604063450846
18 11 33.701362077957796
18 12 30.885618113779064
18 13 34.56217428773553
18 14 34.70050471294833
18 15 34.60183074104376
18 16 37.825366906689034
18 17 37.31696163274075
18 18 39.364837495813475
18 19 40.968143116720924
18 20 42.75628991633973
18 21 37.6548578187232
18 22 35.0363582729912
18 23 35.406711429893384
18 24 31.69922986857288
18 25 28.703853893318623
18 26 29.15499301699352
18 27 29.351671288363896
18 28 28.00296154180316
18 29 26.071173723331736
19 0 26.163361863255684
19 1 26.597262355317444
19 2 25.505139726233423
19 3 26.631021881300608
19 4 29.3124022462136
19 5 25.586556972370758
19 6 28.2599696531375
19 7 30.17220208776976
19 8 30.09634061820907
19 9 29.031463518292746
19 10 29.54165049485613
19 11 29.78272068640367
19 12 33.634752897172895
19 13 35.535160519906384
19 14 34.28666233048246
19 15 34.54743645806634
19 16 37.78165976227328
19 17 39.077510810244384
19 18 44.930760822653454
19 19 47.081038955817746
19 20 45.00904526012553
19 21 38.58094520969035
19 22 37.05005531710005
19 23 36.30140762668812
19 24 31.975753565796374
19 25 31.78365610704038
19 26 27.46347737315944
19 27 28.976703339750564
19 28 25.971047848996275
19 29 27.756532505145284
20 0 24.56345816474773
20 1 26.410025234919836
20 2 25.90594169412363
20 3 24.815039728173065
20 4 25.137699252206712
20 5 27.179182934913207
20 6 26.299986142792882
20 7 27.69049089527568
20 8 28.428607607809848
20 9 28.70035665757059
20 10 30.242892534462634
20 11 31.472351418142154
20 12 33.29811779043156
20 13 34.406655947349236
20 14 34.271050738397626
20 15 35.36848765857164
20 16 37.284242562890256
20 17 41.6625088303309
20 18 50.157786105098275
20 19 88.46212701898494
20 20 48.396652769729464
20 21 39.38513331604677
20 22 38.76032768834626
20 23 34.09395121355578
20 24 33.297288206791535
20 25 33.22332927570826
20 26 28.90012746795924
20 27 28.842522001428932
20 28 26.4108500061008
20 29 27.633732487558657
21 0 26.228769351345065
21 1 25.51785384573706
21 2 27.233670775792206
21 3 24.821228301513596
21 4 27.27521620083482
21 5 24.419163018446486
21 6 26.730049452410213
21 7 26.942831327065115
21 8 29.078649975100422
21 9 27.517018894927528
21 10 26.803719823046595
21 11 27.885835504232393
21 12 29.138716250631457
21 13 32.28842515966959
21 14 35.27107394500679
21 15 35.45505917574318
21 16 36.90961228334803
21 17 41.512328507557704
21 18 45.602759499733686
21 19 45.31940328859943
21 20 42.645069204704086
21 21 40.92474366941331
21 22 39.285384389223225
21 23 34.909376489379504
21 24 34.296698981512996
21 25 30.45949735335951
21 26 31.479749006493766
21 27 29.106160413057196
21 28 26.71268557159372
21 29 24.958373401389395
22 0 26.616413324454296
22 1 25.334854470547658
22 2 24.72940860268547
22 3 25.794359292295045
22 4 26.055412987182184
22 5 26.835322058116457
22 6 29.23181163902185
22 7 25.896547867451897
22 8 27.838402872390464
22 9 29.201628163900345
22 10 29.6447053624856
22 11 30.731584489048796
22 12 32.51368483694118
22 13 31.373645781670703
22 14 35.16543424544931
22 15 34.20952521587984
22 16 37.65804226785589
22 17 38.06260469023573
22 18 40.972183529045196
22 19 41.312758379458856
22 20 42.20214026422373
22 21 35.20804944679601
22 22 34.495973884297385
22 23 33.433211008332165
22 24 31.07378109039557
22 25 30.704851754024645
22 26 29.32887874145651
22 27 26.462509935697774
22 28 27.469769784923102
22 29 26.771853548065444
23 0 25.425391659241843
23 1 26.352830480520808
23 2 26.336588752176215
23 3 25.57947751466768
23 4 26.01907464000009
23 5 25.561366332136533
23 6 26.26819201097034
23 7 27.852075947714724
23 8 26.00258814945714
23 9 28.867264853388438
23 10 30.29092717244854
23 11 28.43332877097252
23 12 28.44223547001397
23 13 32.19967636630011
23 14 31.864931418284307
23 15 32.93902225731183
23 16 35.02087689581271
23 17 36.8592400065961
23 18 38.609402619376496
23 19 38.12625538108574
23 20 36.26846381279453
23 21 36.11611707425519
23 22 33.03003528247152
23 23 31.540897321943632
23 24 31.665098696446666
23 25 28.570543342206747
23 26 30.193073979301186
23 27 28.533568042722838
23 28 25.687657195868688
23 29 26.951269369986804
24 0 25.430900003340376
24 1 24.058092579238092
24 2 23.456033797888935
24 3 26.37396556746982
24 4 27.334274017140533
24 5 25.20031674915462
24 6 26.631503435281882
24 7 26.589391450126467
24 8 27.677936241578017
24 9 25.88237270318132
24 10 28.44312570494283
24 11 30.56721900630524
24 12 30.02190017998713
24 13 30.251387119355655
24 14 31.243664856708985
24 15 32.87260963133425
24 16 33.89212433328713
24 17 35.520786366665895
24 18 36.08034792765697
24 19 34.60236850978153
24 20 36.331675253177856
24 21 35.78811552264095
24 22 33.31004139268129
24 23 31.82048656498814
24 24 30.325424318901476
24 25 30.939666936490042
24 26 27.36239136413015
24 27 26.59882441393412
24 28 25.90391755279527
24 29 25.75327066832426
25 0 25.369392380004236
25 1 26.063835320188694
25 2 25.15414441017933
25 3 23.58419909140217
25 4 25.796846919626827
25 5 24.690094799296347
25 6 26.48007089525452
25 7 25.47434414844111
25 8 26.010441659507837
25 9 27.184679427939972
25 10 26.74659247420342
25 11 26.754220944364494
25 12 29.964349643953746
25 13 28.350703769604866
25 14 29.857859824380498
25 15 30.833811684785008
25 16 31.59449949378008
25 17 32.30703690111011
25 18 33.84070891421371
25 19 33.80825299637869
25 20 32.74409234444063
25 21 27.86891090831048
25 22 31.624558842403733
25 23 30.83159717747987
25 24 29.61990387578734
25 25 30.791348818892693
25 26 27.972275852382886
25 27 27.06414230041316
25 28 25.461302144389823
25 29 26.647434420164707
26 0 23.930344949761757
26 1 25.730138520050623
26 2 26.20817554632363
26 3 25.07822611990355
26 4 24.30609362984169
26 5 25.24311312601869
26 6 27.867036605275402
26 7 23.89219316667919
26 8 25.691559376886428
26 9 28.637305651436936
26 10 27.661913890491867
26 11 27.484616727230893
26 12 27.05028820262755
26 13 29.324499561824535
26 14 28.80126136269382
26 15 29.378797526242675
26 16 29.221795673134366
26 17 31.42707929951675
26 18 31.74533607205178
26 19 31.25099062445222
26 20 31.98187021524238
26 21 28.424574334768042
26 22 27.445197881373087
26 23 28.89331576185504
26 24 29.208860582058104
26 25 26.269146755667542
26 26 27.2853028602093
26 27 25.123676866554653
26 28 23.89576293324358
26 29 24.920183004369353
27 0 22.74591521374349
27 1 25.644100315465664
27 2 24.449640375612333
27 3 27.535604350189143
27 4 26.05818288307951
27 5 25.571711979938577
27 6 24.678713121912775
27 7 28.514525194743886
27 8 25.74679963568375
27 9 25.671528172008408
27 10 26.924831363282834
27 11 29.427306161219857
27 12 27.732545366182585
27 13 28.612614682985154
27 14 29.236563335487595
27 15 28.20703313260477
27 16 30.375818793003557
27 17 28.83838892562358
27 18 29.81398386183278
27 19 27.785313448601727
27 20 29.237534841132018
27 21 28.852268650042053
27 22 31.234706154531747
27 23 28.54186208200322
27 24 27.159983192944512
27 25 28.13748218957148
27 26 28.33133039203091
27 27 23.88677079934721
27 28 27.804703748412123
27 29 25.498667277024044
28 0 24.15579568532044
28 1 24.4791283049005
28 2 24.822637913253654
28 3 26.50628624735712
28 4 26.831491403275773
28 5 25.012978498099958
28 6 25.30363611971926
28 7 25.649629925246618
28 8 26.914414956432495
28 9 24.99998765037291
28 10 25.152104590406715
28 11 26.098109052928546
28 12 26.796070768239353
28 13 27.048199154527403
28 14 27.786093343260283
28 15 28.37914107605006
28 16 28.129360365126292
28 17 28.804316667905486
28 18 28.293927049604324
28 19 29.33474059280051
28 20 28.486408032782744
28 21 28.232696394570205
28 22 28.117754821634538
28 23 26.870417694068628
28 24 25.73626798563736
28 25 27.48665492741396
28 26 25.463524138269488
28 27 26.90543254390206
28 28 23.774002011900684
28 29 25.42526012271368
29 0 25.52147020317544
29 1 22.411084951366558
29 2 22.67396907639013
29 3 24.20417448968764
29 4 25.831383104103615
29 5 26.264679074271957
29 6 23.789674530012952
29 7 24.052349686984087
29 8 26.217761179286796
29 9 25.06141666458631
29 10 27.271557805092872
29 11 26.38237526549221
29 12 25.99682151843213
29 13 26.06833111431354
29 14 25.147169126873074
29 15 28.165876580033494
29 16 27.285627439117043
29 17 27.756437879772776
29 18 26.71268557159372
29 19 25.10996551501966
29 20 26.88531827186502
29 21 26.528649209044946
29 22 25.083773565060365
29 23 27.139619965997888
29 24 26.279818923522058
29 25 26.27056958000505
29 26 26.59164684648763
29 27 25.125727979812023
29 28 25.507257464039256
29 29 25.64884844868544
