0 0 3.005471721735295
0 1 3.2922458420425085
0 2 3.1014250883710703
0 3 3.0766649607680705
0 4 3.395779082464322
0 5 3.3197303309632615
0 6 3.075954839224272
0 7 3.4563229409218303
0 8 3.2475567325513555
0 9 3.3735304211534602
0 10 3.5095468674157275
0 11 3.54077622592432
0 12 3.1523254598821513
0 13 3.2051236746429677
0 14 3.1876783386856085
0 15 3.3076378232708956
0 16 3.4932473524789893
0 17 3.2479556134457144
0 18 3.4357214523001236
0 19 3.626407206930627
0 20 3.376487037876322
0 21 3.2506355219772582
0 22 3.2286371933492815
0 23 3.3976122021078545
0 24 3.22774622166722
0 25 3.1509939086228287
0 26 3.106024065340178
0 27 3.2922843220842397
0 28 3.2102754716574884
0 29 3.308716597865734
1 0 3.307207513650891
1 1 3.1917903669602294
1 2 3.1997515345374903
1 3 3.0536712477734596
1 4 3.5983985562325813
1 5 3.286351373076923
1 6 3.286761756056669
1 7 3.3251749706764095
1 8 3.5157055352455173
1 9 3.6745913956762344
1 10 3.327613727389476
1 11 3.177660475229228
1 12 3.395050708384523
1 13 3.583496740459112
1 14 3.391237243006476
1 15 3.8887183629831483
1 16 3.7071060815223253
1 17 3.356618813004117
1 18 3.4570310009517766
1 19 3.2255481720507757
1 20 3.560310536098678
1 21 3.3511286694091
1 22 3.1285235421704827
1 23 3.0709307786794993
1 24 3.163237577584206
1 25 3.1875320202951416
1 26 3.269931730967779
1 27 3.3143377620453354
1 28 3.206102672836328
1 29 3.2610585627196595
2 0 3.1868344293608217
2 1 3.009174390398917
2 2 3.190236528563047
2 3 3.319435756260295
2 4 3.4232017839826767
2 5 3.394737594447366
2 6 3.3167786874569134
2 7 3.4140994020912996
2 8 3.2672664945629952
2 9 3.357255990947841
2 10 3.4639938654139986
2 11 3.646153775398184
2 12 3.4057236918169367
2 13 3.3010493294023426
2 14 3.1421096389904917
2 15 3.16879175230695
2 16 3.1728616011506072
2 17 3.2344363221372623
2 18 3.715680508645609
2 19 3.5867812195927593
2 20 3.3228856889980047
2 21 3.511934092750494
2 22 3.464431848195034
2 23 3.3598131908665088
2 24 3.1400893483158745
2 25 3.523034999170212
2 26 3.5418708472377394
2 27 3.0450171348154313
2 28 3.0670656617344925
2 29 3.2084841021730557
3 0 2.998738280104396
3 1 3.342239987125496
3 2 3.383071265976365
3 3 3.307045406614098
3 4 3.3855047203721247
3 5 3.4421152181342163
3 6 3.2372090257326795
3 7 3.242053885391865
3 8 3.1767881886508422
3 9 3.67356475578884
3 10 3.16879175230695
3 11 3.5515792830832598
3 12 3.7860791197476344
3 13 3.9351463950149643
3 14 3.8811899375552774
3 15 4.160981809202108
3 16 3.873128687719062
3 17 3.971778880667193
3 18 3.469672089721106
3 19 3.3391790049734626
3 20 3.506753751521801
3 21 3.299336805349635
3 22 3.2631256391690573
3 23 3.234038631328848
3 24 3.2973149922784244
3 25 3.548549561404847
3 26 3.2315162677686513
3 27 3.3452141078961124
3 28 3.1734984404577404
3 29 3.2809470272619756
4 0 3.264827512742608
4 1 3.3493804888783485
4 2 3.2929136391246985
4 3 3.160225380880125
4 4 3.2867710786717734
4 5 3.560310536098678
4 6 3.0431650778510306
4 7 3.4323137288348415
4 8 3.5130124874550464
4 9 3.5236104686497023
4 10 3.8989056988181146
4 11 3.7296239214395177
4 12 3.4137843469190745
4 13 4.266705412911345
4 14 3.7056047610770966
4 15 4.2676473101156285
4 16 3.7136467137016584
4 17 3.5106054337689647
4 18 4.202008873752436
4 19 3.988038434818827
4 20 3.340660641669391
4 21 3.3571715669847366
4 22 3.4434420136262625
4 23 3.0434221549422924
4 24 3.430011537327536
4 25 3.535299094103635
4 26 3.198418463726048
4 27 3.4480676366201917
4 28 3.4720540023607684
4 29 2.9284971253856074
5 0 3.1509939086228287
5 1 3.244465720647207
5 2 3.232575682475641
5 3 3.204544766666477
5 4 3.453968144930424
5 5 3.150677924016597
5 6 3.723301541080498
5 7 3.4395555122774155
5 8 3.5789884854427543
5 9 3.6635089701189374
5 10 3.792593915284349
5 11 3.738070143595492
5 12 3.3155855018057716
5 13 4.105551893123144
5 14 3.771254300714889
5 15 3.372679918000639
5 16 3.372622271755251
5 17 3.7821561714086287
5 18 3.692042070773672
5 19 3.6420819350995535
5 20 3.409956231655175
5 21 3.101334446524184
5 22 3.64071605696719
5 23 3.307731774192415
5 24 3.367162431217007
5 25 3.3221037881639086
5 26 3.2787669020832975
5 27 3.0915502535777737
5 28 3.3074660423098132
5 29 3.136504532589172
6 0 3.354795810025027
6 1 3.3100780002093653
6 2 3.2700849799455245
6 3 3.7328957912672864
6 4 3.3301935308015986
6 5 3.600700459403709
6 6 3.6236966968383197
6 7 3.5229223348490133
6 8 4.202008873752436
6 9 3.6216523494065185
6 10 4.129434511376029
6 11 4.115138787850221
6 12 4.108988190685672
6 13 3.7224996185674932
6 14 4.291207756349035
6 15 4.032809196012935
6 16 4.103518147990306
6 17 3.9241426155262973
6 18 3.8825425361195376
6 19 3.807479869862946
6 20 3.7270151109060343
6 21 3.70209911787579
6 22 3.300991272991025
6 23 3.4514707928869828
6 24 3.2178632112080896
6 25 3.7091920802192306
6 26 3.5804349640610593
6 27 3.412499544642219
6 28 3.3887001023895156
6 29 3.267994023142493
7 0 3.510398755111323
7 1 3.229210077188797
7 2 3.2255441496590422
7 3 3.234038631328848
7 4 3.2639316272386774
7 5 3.7206022759863444
7 6 3.4406007855096745
7 7 3.7856812546543703
7 8 3.4503034966982287
7 9 4.015341059065337
7 10 3.7176629865519297
7 11 3.719661775559055
7 12 4.0051214848744765
7 13 4.077003025872716
7 14 4.513014473675316
7 15 4.160820089339852
7 16 3.6657629697341747
7 17 3.876629579332765
7 18 3.8995400094215227
7 19 3.948580735719479
7 20 3.8878113502968654
7 21 3.6921329239674905
7 22 3.7334207976655756
7 23 3.3686634913459144
7 24 3.431035551312295
7 25 3.241898820240422
7 26 3.4125780152972296
7 27 3.1678718128895507
7 28 3.1912981517244106
7 29 3.3890220824338866
8 0 3.4597705149331395
8 1 3.4678466736727507
8 2 3.2835345312289026
8 3 3.424694658764574
8 4 3.103635645418193
8 5 3.480702376126981
8 6 3.5407831081184984
8 7 3.9054863253948033
8 8 3.8685488553748146
8 9 3.670734713049929
8 10 3.869054842878993
8 11 3.6657629697341747
8 12 3.9143667337290133
8 13 4.153945276488622
8 14 4.070282502324786
8 15 4.433478067654648
8 16 3.952643987618358
8 17 3.922017449332659
8 18 3.5234778328622585
8 19 4.126176745501981
8 20 3.5292216746375686
8 21 3.6939360611531438
8 22 3.908872366659005
8 23 3.229784049557787
8 24 3.596133220190387
8 25 3.2846306926181663
8 26 3.1905984205859803
8 27 3.455156073131482
8 28 3.2622985514612317
8 29 3.0627153936295595
9 0 3.123694767340532
9 1 3.237638706440739
9 2 3.5237585628080756
9 3 3.247560399631928
9 4 3.5126431335967134
9 5 3.400865142332949
9 6 3.70209911787579
9 7 3.3183918382227735
9 8 4.054847038080973
9 9 4.214533034187419
9 10 4.1732333924458045
9 11 4.633303028930638
9 12 4.192816015873817
9 13 3.58128344305445
9 14 3.5609389799847166
9 15 3.985305111155779
9 16 4.140521650094167
9 17 4.2907332385038535
9 18 4.140755492228492
9 19 3.994893521092281
9 20 3.410441521398556
9 21 3.5956689675965356
9 22 3.8537311646883863
9 23 3.652044731999281
9 24 3.5893667565778573
9 25 3.69107014261927
9 26 3.1532297561860383
9 27 3.4780976586553867
9 28 3.3263345259378574
9 29 3.369361989317001
10 0 3.1346035612510286
10 1 3.2787669020832975
10 2 3.4846386458082566
10 3 3.257574051121559
10 4 3.525713038278871
10 5 3.4472667369277543
10 6 3.8214851241345213
10 7 3.4910813777062972
10 8 3.984624708140917
10 9 3.859521020357049
10 10 3.9474672135067204
10 11 4.369709285034666
10 12 3.6815671150868505
10 13 3.583121309854661
10 14 3.400586639379664
10 15 3.522792181094186
10 16 4.165370718508504
10 17 4.082361348634188
10 18 3.8177430588244405
10 19 4.025674795640543
10 20 3.4796488378019577
10 21 3.737184785177376
10 22 3.518009400464864
10 23 3.6924603222606573
10 24 3.032874190886145
10 25 3.255150524496657
10 26 2.98481547532672
10 27 3.5513752967622527
10 28 3.19415331680995
10 29 3.6237972763340354
11 0 3.3928731260049307
11 1 3.3014137219096167
11 2 3.539874161011364
11 3 3.062170480455847
11 4 3.7718641888477737
11 5 3.3998400274822127
11 6 3.887145118874796
11 7 3.4137326262852636
11 8 4.021721773664988
11 9 3.994893521092281
11 10 4.345699144812694
11 11 4.276196945820931
11 12 4.3636080286158085
11 13 3.7552283173609307
11 14 3.476387206968546
11 15 3.840678164041289
11 16 3.5831088969484703
11 17 4.569382200143132
11 18 4.009636813811186
11 19 3.7527456441171894
11 20 3.9191695412272756
11 21 4.239519847253976
11 22 3.571487384332076
11 23 4.105005024245299
11 24 3.300840106028865
11 25 3.7809859282074396
11 26 3.4076614960159266
11 27 3.5809175838095313
11 28 3.486350246536082
11 29 3.1639285528066643
12 0 2.9585211754212124
12 1 3.248164852702928
12 2 3.6833741214984164
12 3 3.057137741655776
12 4 3.596133220190387
12 5 3.386884140259991
12 6 4.069104729729477
12 7 3.6277094100204264
12 8 4.036935182043474
12 9 4.132100678717103
12 10 3.994942796141257
12 11 4.250504370988838
12 12 4.535077126114388
12 13 3.6325948132130104
12 14 3.8479239190119667
12 15 3.901108190197838
12 16 4.063090265788021
12 17 4.222295599800948
12 18 3.9307392170633357
12 19 3.873326607148016
12 20 3.883170327692434
12 21 3.994015295178335
12 22 4.006840043755754
12 23 3.785653266761546
12 24 3.741280284537847
12 25 3.4083540377997257
12 26 3.5384701443081994
12 27 2.9770973602402027
12 28 3.4735933847808798
12 29 3.1884156987666223
13 0 3.1406396582978644
13 1 3.4039659299807874
13 2 3.368495529137157
13 3 3.1391599446255456
13 4 3.523034154779699
13 5 3.142065872200373
13 6 3.651798820729863
13 7 3.758437966354631
13 8 3.81386312998424
13 9 3.496577868412603
13 10 3.7619097698161283
13 11 3.8301675560365434
13 12 4.222295599800948
13 13 4.301966664350385
13 14 3.949471414239725
13 15 4.028742113049871
13 16 4.051658707093733
13 17 3.9141289381465234
13 18 4.1495629173983435
13 19 3.4918122338185484
13 20 4.128853311500759
13 21 3.4025586762911595
13 22 4.0207285524572445
13 23 3.891576940792674
13 24 3.775397002047834
13 25 3.344820291479384
13 26 3.747116337947335
13 27 3.2148986199423355
13 28 3.39571739266789
13 29 3.2820671074576384
14 0 3.401787772284624
14 1 3.1758089595698378
14 2 3.534559688120123
14 3 3.100793794564287
14 4 3.6665719128736076
14 5 3.5617109146698747
14 6 3.5722995204727743
14 7 3.571487384332076
14 8 3.950734553110807
14 9 4.089548169933442
14 10 4.0202276726948325
14 11 4.163257552889081
14 12 3.983794585151853
14 13 3.9727081294712128
14 14 3.8585439515416016
14 15 4.229812384282789
14 16 4.2454767762462176
14 17 3.9097812436568744
14 18 4.004198436842131
14 19 3.816933256134273
14 20 3.969824434884658
14 21 3.754726824853778
14 22 3.6395946395770706
14 23 3.4379617421749753
14 24 3.423340899856186
14 25 3.2167643887995085
14 26 3.5702996291668043
14 27 3.236826198689524
14 28 3.5563379940926265
14 29 3.154287120743145
15 0 3.3243692870623667
15 1 3.199533598223147
15 2 3.5513752967622527
15 3 3.098068570289235
15 4 3.6690050297016263
15 5 3.3144785096792293
15 6 3.4744475698935524
15 7 3.4773003101582343
15 8 3.858303844654114
15 9 3.5550050353318574
15 10 4.07140588363497
15 11 3.3928176504418373
15 12 4.042879362823315
15 13 3.7141297068072103
15 14 4.134462875777175
15 15 4.134596350322526
15 16 4.134462875777175
15 17 3.7141297068072103
15 18 4.042879362823315
15 19 3.3928176504418373
15 20 4.07140588363497
15 21 3.5550050353318574
15 22 3.858303844654114
15 23 3.4773003101582343
15 24 3.4744475698935524
15 25 3.3144785096792293
15 26 3.6690050297016263
15 27 3.098068570289235
15 28 3.5513752967622527
15 29 3.199533598223147
16 0 3.2502327081677307
16 1 3.154287120743145
16 2 3.5563379940926265
16 3 3.236826198689524
16 4 3.5702996291668043
16 5 3.2167643887995085
16 6 3.423340899856186
16 7 3.4379617421749753
16 8 3.6395946395770706
16 9 3.754726824853778
16 10 3.969824434884658
16 11 3.816933256134273
16 12 4.004198436842131
16 13 3.9097812436568744
16 14 4.2454767762462176
16 15 4.229812384282789
16 16 3.8585439515416016
16 17 3.9727081294712128
16 18 3.983794585151853
16 19 4.163257552889081
16 20 4.0202276726948325
16 21 4.089548169933442
16 22 3.950734553110807
16 23 3.571487384332076
16 24 3.5722995204727743
16 25 3.5617109146698747
16 26 3.6665719128736076
16 27 3.100793794564287
16 28 3.534559688120123
16 29 3.1758089595698378
17 0 3.356255297053702
17 1 3.2820671074576384
17 2 3.39571739266789
17 3 3.2148986199423355
17 4 3.747116337947335
17 5 3.344820291479384
17 6 3.775397002047834
17 7 3.891576940792674
17 8 4.0207285524572445
17 9 3.4025586762911595
17 10 4.128853311500759
17 11 3.4918122338185484
17 12 4.1495629173983435
17 13 3.9141289381465234
17 14 4.051658707093733
17 15 4.028742113049871
17 16 3.949471414239725
17 17 4.301966664350385
17 18 4.222295599800948
17 19 3.8301675560365434
17 20 3.7619097698161283
17 21 3.496577868412603
17 22 3.81386312998424
17 23 3.758437966354631
17 24 3.651798820729863
17 25 3.142065872200373
17 26 3.523034154779699
17 27 3.1391599446255456
17 28 3.368495529137157
17 29 3.4039659299807874
18 0 3.3896512978299174
18 1 3.1884156987666223
18 2 3.4735933847808798
18 3 2.9770973602402027
18 4 3.5384701443081994
18 5 3.4083540377997257
18 6 3.741280284537847
18 7 3.785653266761546
18 8 4.006840043755754
18 9 3.994015295178335
18 10 3.883170327692434
18 11 3.873326607148016
18 12 3.9307392170633357
18 13 4.222295599800948
18 14 4.063090265788021
18 15 3.901108190197838
18 16 3.8479239190119667
18 17 3.6325948132130104
18 18 4.535077126114388
18 19 4.250504370988838
18 20 3.994942796141257
18 21 4.132100678717103
18 22 4.036935182043474
18 23 3.6277094100204264
18 24 4.069104729729477
18 25 3.386884140259991
18 26 3.596133220190387
18 27 3.057137741655776
18 28 3.6833741214984164
18 29 3.248164852702928
19 0 3.084240324710155
19 1 3.1639285528066643
19 2 3.486350246536082
19 3 3.5809175838095313
19 4 3.4076614960159266
19 5 3.7809859282074396
19 6 3.300840106028865
19 7 4.105005024245299
19 8 3.571487384332076
19 9 4.239519847253976
19 10 3.9191695412272756
19 11 3.7527456441171894
19 12 4.009636813811186
19 13 4.569382200143132
19 14 3.5831088969484703
19 15 3.840678164041289
19 16 3.476387206968546
19 17 3.7552283173609307
19 18 4.3636080286158085
19 19 4.276196945820931
19 20 4.345699144812694
19 21 3.994893521092281
19 22 4.021721773664988
19 23 3.4137326262852636
19 24 3.887145118874796
19 25 3.3998400274822127
19 26 3.7718641888477737
19 27 3.062170480455847
19 28 3.539874161011364
19 29 3.3014137219096167
20 0 3.5246068287616588
20 1 3.6237972763340354
20 2 3.19415331680995
20 3 3.5513752967622527
20 4 2.98481547532672
20 5 3.255150524496657
20 6 3.032874190886145
20 7 3.6924603222606573
20 8 3.518009400464864
20 9 3.737184785177376
20 10 3.4796488378019577
20 11 4.025674795640543
20 12 3.8177430588244405
20 13 4.082361348634188
20 14 4.165370718508504
20 15 3.522792181094186
20 16 3.400586639379664
20 17 3.583121309854661
20 18 3.6815671150868505
20 19 4.369709285034666
20 20 3.9474672135067204
20 21 3.859521020357049
20 22 3.984624708140917
20 23 3.4910813777062972
20 24 3.8214851241345213
20 25 3.4472667369277543
20 26 3.525713038278871
20 27 3.257574051121559
20 28 3.4846386458082566
20 29 3.2787669020832975
21 0 3.3144532281074217
21 1 3.369361989317001
21 2 3.3263345259378574
21 3 3.4780976586553867
21 4 3.1532297561860383
21 5 3.69107014261927
21 6 3.5893667565778573
21 7 3.652044731999281
21 8 3.8537311646883863
21 9 3.5956689675965356
21 10 3.410441521398556
21 11 3.994893521092281
21 12 4.140755492228492
21 13 4.2907332385038535
21 14 4.140521650094167
21 15 3.985305111155779
21 16 3.5609389799847166
21 17 3.58128344305445
21 18 4.192816015873817
21 19 4.633303028930638
21 20 4.1732333924458045
21 21 4.214533034187419
21 22 4.054847038080973
21 23 3.3183918382227735
21 24 3.70209911787579
21 25 3.400865142332949
21 26 3.5126431335967134
21 27 3.247560399631928
21 28 3.5237585628080756
21 29 3.237638706440739
22 0 3.0522483259834337
22 1 3.0627153936295595
22 2 3.2622985514612317
22 3 3.455156073131482
22 4 3.1905984205859803
22 5 3.2846306926181663
22 6 3.596133220190387
22 7 3.229784049557787
22 8 3.908872366659005
22 9 3.6939360611531438
22 10 3.5292216746375686
22 11 4.126176745501981
22 12 3.5234778328622585
22 13 3.922017449332659
22 14 3.952643987618358
22 15 4.433478067654648
22 16 4.070282502324786
22 17 4.153945276488622
22 18 3.9143667337290133
22 19 3.6657629697341747
22 20 3.869054842878993
22 21 3.670734713049929
22 22 3.8685488553748146
22 23 3.9054863253948033
22 24 3.5407831081184984
22 25 3.480702376126981
22 26 3.103635645418193
22 27 3.424694658764574
22 28 3.2835345312289026
22 29 3.4678466736727507
23 0 3.1835725624796507
23 1 3.3890220824338866
23 2 3.1912981517244106
23 3 3.1678718128895507
23 4 3.4125780152972296
23 5 3.241898820240422
23 6 3.431035551312295
23 7 3.3686634913459144
23 8 3.7334207976655756
23 9 3.6921329239674905
23 10 3.8878113502968654
23 11 3.948580735719479
23 12 3.8995400094215227
23 13 3.876629579332765
23 14 3.6657629697341747
23 15 4.160820089339852
23 16 4.513014473675316
23 17 4.077003025872716
23 18 4.0051214848744765
23 19 3.719661775559055
23 20 3.7176629865519297
23 21 4.015341059065337
23 22 3.4503034966982287
23 23 3.7856812546543703
23 24 3.4406007855096745
23 25 3.7206022759863444
23 26 3.2639316272386774
23 27 3.234038631328848
23 28 3.2255441496590422
23 29 3.229210077188797
24 0 2.9297987127828304
24 1 3.267994023142493
24 2 3.3887001023895156
24 3 3.412499544642219
24 4 3.5804349640610593
24 5 3.7091920802192306
24 6 3.2178632112080896
24 7 3.4514707928869828
24 8 3.300991272991025
24 9 3.70209911787579
24 10 3.7270151109060343
24 11 3.807479869862946
24 12 3.8825425361195376
24 13 3.9241426155262973
24 14 4.103518147990306
24 15 4.032809196012935
24 16 4.291207756349035
24 17 3.7224996185674932
24 18 4.108988190685672
24 19 4.115138787850221
24 20 4.129434511376029
24 21 3.6216523494065185
24 22 4.202008873752436
24 23 3.5229223348490133
24 24 3.6236966968383197
24 25 3.600700459403709
24 26 3.3301935308015986
24 27 3.7328957912672864
24 28 3.2700849799455245
24 29 3.3100780002093653
25 0 3.0261787388652275
25 1 3.136504532589172
25 2 3.3074660423098132
25 3 3.0915502535777737
25 4 3.2787669020832975
25 5 3.3221037881639086
25 6 3.367162431217007
25 7 3.307731774192415
25 8 3.64071605696719
25 9 3.101334446524184
25 10 3.409956231655175
25 11 3.6420819350995535
25 12 3.692042070773672
25 13 3.7821561714086287
25 14 3.372622271755251
25 15 3.372679918000639
25 16 3.771254300714889
25 17 4.105551893123144
25 18 3.3155855018057716
25 19 3.738070143595492
25 20 3.792593915284349
25 21 3.6635089701189374
25 22 3.5789884854427543
25 23 3.4395555122774155
25 24 3.723301541080498
25 25 3.150677924016597
25 26 3.453968144930424
25 27 3.204544766666477
25 28 3.232575682475641
25 29 3.244465720647207
26 0 3.0615425875363496
26 1 2.9284971253856074
26 2 3.4720540023607684
26 3 3.4480676366201917
26 4 3.198418463726048
26 5 3.535299094103635
26 6 3.430011537327536
26 7 3.0434221549422924
26 8 3.4434420136262625
26 9 3.3571715669847366
26 10 3.340660641669391
26 11 3.988038434818827
26 12 4.202008873752436
26 13 3.5106054337689647
26 14 3.7136467137016584
26 15 4.2676473101156285
26 16 3.7056047610770966
26 17 4.266705412911345
26 18 3.4137843469190745
26 19 3.7296239214395177
26 20 3.8989056988181146
26 21 3.5236104686497023
26 22 3.5130124874550464
26 23 3.4323137288348415
26 24 3.0431650778510306
26 25 3.560310536098678
26 26 3.2867710786717734
26 27 3.160225380880125
26 28 3.2929136391246985
26 29 3.3493804888783485
27 0 3.3301219795653494
27 1 3.2809470272619756
27 2 3.1734984404577404
27 3 3.3452141078961124
27 4 3.2315162677686513
27 5 3.548549561404847
27 6 3.2973149922784244
27 7 3.234038631328848
27 8 3.2631256391690573
27 9 3.299336805349635
27 10 3.506753751521801
27 11 3.3391790049734626
27 12 3.469672089721106
27 13 3.971778880667193
27 14 3.873128687719062
27 15 4.160981809202108
27 16 3.8811899375552774
27 17 3.9351463950149643
27 18 3.7860791197476344
27 19 3.5515792830832598
27 20 3.16879175230695
27 21 3.67356475578884
27 22 3.1767881886508422
27 23 3.242053885391865
27 24 3.2372090257326795
27 25 3.4421152181342163
27 26 3.3855047203721247
27 27 3.307045406614098
27 28 3.383071265976365
27 29 3.342239987125496
28 0 3.045945605638301
28 1 3.2084841021730557
28 2 3.0670656617344925
28 3 3.0450171348154313
28 4 3.5418708472377394
28 5 3.523034999170212
28 6 3.1400893483158745
28 7 3.3598131908665088
28 8 3.464431848195034
28 9 3.511934092750494
28 10 3.3228856889980047
28 11 3.5867812195927593
28 12 3.715680508645609
28 13 3.2344363221372623
28 14 3.1728616011506072
28 15 3.16879175230695
28 16 3.1421096389904917
28 17 3.3010493294023426
28 18 3.4057236918169367
28 19 3.646153775398184
28 20 3.4639938654139986
28 21 3.357255990947841
28 22 3.2672664945629952
28 23 3.4140994020912996
28 24 3.3167786874569134
28 25 3.394737594447366
28 26 3.4232017839826767
28 27 3.319435756260295
28 28 3.190236528563047
28 29 3.009174390398917
29 0 3.2627080471264986
29 1 3.2610585627196595
29 2 3.206102672836328
29 3 3.3143377620453354
29 4 3.269931730967779
29 5 3.1875320202951416
29 6 3.163237577584206
29 7 3.0709307786794993
29 8 3.1285235421704827
29 9 3.3511286694091
29 10 3.560310536098678
29 11 3.2255481720507757
29 12 3.4570310009517766
29 13 3.356618813004117
29 14 3.7071060815223253
29 15 3.8887183629831483
29 16 3.391237243006476
29 17 3.583496740459112
29 18 3.395050708384523
29 19 3.177660475229228
29 20 3.327613727389476
29 21 3.6745913956762344
29 22 3.5157055352455173
29 23 3.3251749706764095
29 24 3.286761756056669
29 25 3.286351373076923
29 26 3.5983985562325813
29 27 3.0536712477734596
29 28 3.1997515345374903
29 29 3.1917903669602294
