0 0 2.8029309813351886
0 1 2.9909590482480946
0 2 3.1543017081078015
0 3 3.2576944106492736
0 4 2.9493900217056557
0 5 3.013540734865362
0 6 3.232560890993414
0 7 3.378272472334186
0 8 3.163237577584206
0 9 3.3793110114110774
0 10 3.4651406431051024
0 11 3.480445634833997
0 12 3.586742887625636
0 13 3.4232915344076993
0 14 3.2479556134457144
0 15 3.259378998985228
0 16 3.2051236746429677
0 17 3.301291951225499
0 18 3.3745451925355296
0 19 3.239078032496156
0 20 3.5383873029997375
0 21 3.500344619991161
0 22 3.402539280815662
0 23 3.305924532279096
0 24 3.25974067655124
0 25 3.4026300854703755
0 26 3.2606674338538912
0 27 3.0220178267504383
0 28 2.839694658424526
0 29 3.067222237642343
1 0 3.106438229766514
1 1 3.09917934038609
1 2 3.2213903546431752
1 3 2.89517564737507
1 4 3.1341186238507794
1 5 3.3882310794927735
1 6 3.251105871570966
1 7 3.1610681564887524
1 8 3.286161483492353
1 9 3.2739869044229177
1 10 3.625330994580073
1 11 3.419961867622541
1 12 3.3800597244881225
1 13 3.192560490873105
1 14 3.356618813004117
1 15 3.389736212863372
1 16 3.583496740459112
1 17 3.479835859397267
1 18 3.4265065899552036
1 19 3.349463161388565
1 20 3.3692165380547885
1 21 3.4766924381261823
1 22 3.4404124804911675
1 23 3.4347826303426614
1 24 3.395904407442322
1 25 3.4902423232946944
1 26 3.2099359330161166
1 27 3.207270534672661
1 28 3.187999707711802
1 29 3.1214994413169577
2 0 3.083397626856405
2 1 2.976184140083193
2 2 2.8124333841636955
2 3 3.1260428103369446
2 4 3.387074529580924
2 5 3.3935121433952973
2 6 3.149470195390766
2 7 3.2230350054981955
2 8 3.434188527454981
2 9 3.461273616570249
2 10 3.410834731177183
2 11 3.3810248943159253
2 12 3.723301541080498
2 13 3.825975622336029
2 14 3.2344363221372623
2 15 3.143699024148649
2 16 3.3010493294023426
2 17 3.2541552336065385
2 18 3.6341763166293135
2 19 3.4038250206088434
2 20 3.7691915959266638
2 21 3.533519543031952
2 22 3.290963311677796
2 23 3.081957633324211
2 24 3.5131377705289464
2 25 3.5492943439710443
2 26 3.205067535138774
2 27 3.3669817621582383
2 28 3.4705024397431625
2 29 3.03440426727242
3 0 3.235957887372043
3 1 3.11748190306093
3 2 3.0249591606643587
3 3 3.6230389451944567
3 4 3.1540695121024274
3 5 3.00442665282252
3 6 3.514799143756472
3 7 3.4731670482167423
3 8 3.521690780750944
3 9 3.082731917265419
3 10 3.4085412466679346
3 11 3.7431331095694427
3 12 3.49912782663157
3 13 3.7366175053101207
3 14 3.971778880667193
3 15 3.9085225028089665
3 16 3.9351463950149643
3 17 3.967668592862796
3 18 3.7761044032235414
3 19 3.6675297289656466
3 20 3.33743581745945
3 21 3.3368820980636604
3 22 3.5886925285102698
3 23 3.227897249154412
3 24 3.090589443999337
3 25 3.449826840148985
3 26 3.4238549399437725
3 27 3.19527806588981
3 28 3.412320149995157
3 29 3.041969395014721
4 0 3.1528217418225393
4 1 3.054808436884642
4 2 3.1888918309587564
4 3 3.2141721406608283
4 4 3.2044981213327026
4 5 3.182567420633529
4 6 3.450870477683219
4 7 3.4166793941155094
4 8 3.140742725764103
4 9 3.390720084782369
4 10 3.480702376126981
4 11 3.4067387843399053
4 12 4.018405096215684
4 13 4.202653458290282
4 14 3.5106054337689647
4 15 3.5652153550870054
4 16 4.266705412911345
4 17 3.864618029009869
4 18 3.961148095033394
4 19 3.7100149346780413
4 20 3.659427998076894
4 21 3.8173404326513913
4 22 3.431311861494022
4 23 3.268800863722286
4 24 3.395050708384523
4 25 3.0212980554645497
4 26 3.5157055352455173
4 27 3.40428423238082
4 28 3.1771680458853027
4 29 3.518774476559226
5 0 3.122258784520125
5 1 2.947629923368028
5 2 3.207507246108192
5 3 3.368222314726979
5 4 3.199806679613421
5 5 3.2341195723154126
5 6 3.494717076688997
5 7 3.520545347666856
5 8 3.3174167752548223
5 9 3.478622903010179
5 10 3.4892006380522624
5 11 3.50364321160287
5 12 3.7877061379447694
5 13 3.754089436861617
5 14 3.7821561714086287
5 15 3.826192030302943
5 16 4.105551893123144
5 17 3.7492046535377033
5 18 3.6105411896148936
5 19 3.7120692829069206
5 20 3.7357955850971494
5 21 3.576100447507362
5 22 3.875821462944243
5 23 3.3924241686218943
5 24 3.4546640531526296
5 25 3.2573873788966807
5 26 3.2098869400107035
5 27 3.2844680233590062
5 28 3.2380564445572486
5 29 3.347375129307969
6 0 2.87374897319602
6 1 3.4199267628651557
6 2 3.190063071527945
6 3 3.31202361340496
6 4 3.243171829382165
6 5 3.4734354964075105
6 6 3.2795889683374457
6 7 3.3357483934713157
6 8 3.562871199459792
6 9 3.32560768045433
6 10 3.697052879037874
6 11 3.5538168569147697
6 12 3.738310569350373
6 13 3.8254872881968107
6 14 3.9241426155262973
6 15 3.8314417365599556
6 16 3.7224996185674932
6 17 4.419200487157955
6 18 3.692777150528363
6 19 4.595891218494052
6 20 3.884182440923713
6 21 3.8891428643772414
6 22 3.7272180574000267
6 23 3.5864703779376352
6 24 3.3403761781436034
6 25 3.328011519199748
6 26 3.4570310009517766
6 27 3.469426576289962
6 28 3.2702510913514407
6 29 3.230349521224478
7 0 3.1772754747411764
7 1 3.2578413995428908
7 2 3.3967747099567256
7 3 3.121353605929104
7 4 3.183815653839162
7 5 3.250211635919739
7 6 3.1391599446255456
7 7 3.4988372374509416
7 8 3.16241482015184
7 9 3.4974642745514473
7 10 3.635963326261019
7 11 3.9340513685816973
7 12 4.060851808482808
7 13 3.8066697165213834
7 14 3.876629579332765
7 15 3.9263841764133334
7 16 4.077003025872716
7 17 4.379304000373641
7 18 3.978110110757589
7 19 4.257261539021811
7 20 3.8150473290555866
7 21 3.7708920966932737
7 22 3.738070143595492
7 23 3.767166590088484
7 24 3.971778880667193
7 25 3.5247487582378376
7 26 3.2307768042961604
7 27 3.4119180869316525
7 28 3.6538375993499903
7 29 3.1936536563703135
8 0 3.3946285848020645
8 1 3.4229900076234614
8 2 3.264672661565393
8 3 3.2938695809086824
8 4 3.476162256654201
8 5 3.2461749789759593
8 6 3.2288391906070997
8 7 3.274057821195543
8 8 3.3729493199448415
8 9 4.2250334333947785
8 10 3.4461890801772816
8 11 4.134617942330508
8 12 4.121263641042356
8 13 3.65666880848562
8 14 3.922017449332659
8 15 3.974644691507558
8 16 4.153945276488622
8 17 3.9646562760707345
8 18 3.8209292493394034
8 19 4.366500004482404
8 20 3.9827851733035096
8 21 4.04324239380853
8 22 3.372622271755251
8 23 3.7993569016511284
8 24 3.993034870818762
8 25 3.57350216301863
8 26 3.365433272139129
8 27 3.050296009824587
8 28 3.453968144930424
8 29 3.0656841016357443
9 0 3.1534341273873756
9 1 3.3132455763375153
9 2 3.516088636379009
9 3 3.3731106716285857
9 4 3.5809175838095313
9 5 3.4186277009884765
9 6 3.859200311837907
9 7 3.351733456204765
9 8 3.510142107957468
9 9 3.614106777188798
9 10 3.670304072238796
9 11 3.467367961384941
9 12 3.9037392575982617
9 13 4.096281684241232
9 14 4.2907332385038535
9 15 3.850861230205843
9 16 3.58128344305445
9 17 3.3300256730116984
9 18 3.854607919795663
9 19 4.153770279148653
9 20 4.160820089339852
9 21 4.26270454635049
9 22 3.8644890120998032
9 23 3.766905613926852
9 24 3.8413478714996354
9 25 3.5447252689607747
9 26 3.8641426750777077
9 27 3.4006762638193018
9 28 3.7064368616631396
9 29 3.2739869044229177
10 0 3.1739892100717078
10 1 3.2928224952476013
10 2 3.5837438211122326
10 3 3.3901955757395674
10 4 3.1665036207138377
10 5 3.6480037085817236
10 6 3.5189377275288183
10 7 3.296247759137888
10 8 3.9254489293606887
10 9 3.481829946052219
10 10 3.465567765398448
10 11 3.4526829651625306
10 12 3.530962546228733
10 13 3.912417995824368
10 14 4.082361348634188
10 15 3.8517747916535376
10 16 3.583121309854661
10 17 3.182383877811397
10 18 3.5609389799847166
10 19 3.7088667607089794
10 20 4.054334044428481
10 21 4.247218080363109
10 22 4.393770580211338
10 23 3.9403581519267954
10 24 3.541729925228507
10 25 3.6777674784929713
10 26 3.5272682237953563
10 27 3.2926559023889133
10 28 3.235828610079186
10 29 3.6025045903315647
11 0 3.4016340428999947
11 1 3.337119020671992
11 2 3.3489693462218435
11 3 3.387465899082699
11 4 3.338749407447795
11 5 3.778129240907561
11 6 3.2348679536992004
11 7 3.583305054031523
11 8 3.789739854987952
11 9 3.9504922108727345
11 10 3.834722695993394
11 11 3.964819786892579
11 12 3.987751342011895
11 13 3.8580903131259974
11 14 4.569382200143132
11 15 4.2610035561021045
11 16 3.7552283173609307
11 17 3.336000845486898
11 18 3.7891562920043915
11 19 4.508943555028198
11 20 3.939123775078686
11 21 4.339719490783858
11 22 4.169406037394993
11 23 4.326242455853063
11 24 3.3183918382227735
11 25 3.505234845529119
11 26 3.374998595441425
11 27 3.318573990451035
11 28 3.539591249688963
11 29 3.0778255776553705
12 0 3.3206433961127644
12 1 3.421182256758765
12 2 3.5581385929780582
12 3 3.212149030965101
12 4 3.4010703796203057
12 5 3.3840945711031067
12 6 3.144871582582318
12 7 3.5430341035090245
12 8 3.484515145873164
12 9 3.8911275417846594
12 10 3.388634259996264
12 11 3.5642821980843737
12 12 3.796286457054915
12 13 3.9481352901199918
12 14 4.222295599800948
12 15 4.814844012308508
12 16 3.6325948132130104
12 17 3.853971545902393
12 18 4.33920394140407
12 19 3.9798142592364467
12 20 3.956021684692633
12 21 3.7853121205544444
12 22 4.121263641042356
12 23 3.6814237634768316
12 24 3.648841684663799
12 25 3.635379146546455
12 26 3.7778657853495483
12 27 3.424436966583638
12 28 3.367162431217007
12 29 3.231866124655127
13 0 3.211201428075618
13 1 3.492155315450313
13 2 3.329302284211318
13 3 3.216425230034234
13 4 3.195970282583779
13 5 3.4720452636012165
13 6 3.616643888747507
13 7 3.8874706948605464
13 8 3.408312833900069
13 9 3.7354657916889025
13 10 4.294648113379715
13 11 3.831498246652124
13 12 3.3928176504418373
13 13 4.336023139117906
13 14 3.9141289381465234
13 15 4.031095093098349
13 16 4.301966664350385
13 17 4.564340828196923
13 18 3.7290976434704532
13 19 3.7134336774398373
13 20 4.316006033279996
13 21 4.007743519070981
13 22 3.746826721389508
13 23 3.3654643422740396
13 24 3.678882701044
13 25 3.661537603732964
13 26 3.3686634913459144
13 27 3.4733924152202054
13 28 3.4726595632395005
13 29 3.2795747855985375
14 0 3.1406396582978644
14 1 3.088554863984418
14 2 3.2315445851596363
14 3 3.2720033491871594
14 4 3.643404867108803
14 5 3.294264980431028
14 6 3.228195248027237
14 7 3.3095525699823307
14 8 4.292570846704412
14 9 3.2347387965754018
14 10 4.128853311500759
14 11 3.7775964212548048
14 12 4.264077620754881
14 13 3.977069592034648
14 14 3.9097812436568744
14 15 3.833228367648242
14 16 3.9727081294712128
14 17 4.095277696093966
14 18 3.9275818154469455
14 19 4.1923671234254565
14 20 3.7619097698161283
14 21 3.8114304451699663
14 22 3.6386267597725834
14 23 3.9946280816549757
14 24 3.8537311646883863
14 25 3.5321943100346465
14 26 3.263313515206525
14 27 3.3357483934713157
14 28 3.322411037066515
14 29 3.413086729959707
15 0 3.1745794367747675
15 1 3.4853290112039303
15 2 3.299991872588473
15 3 3.1061424702608758
15 4 3.474004426570036
15 5 3.0665595763076023
15 6 3.9323369078539656
15 7 3.5619786047346698
15 8 4.239519847253976
15 9 3.7380890231519253
15 10 3.7222520641188117
15 11 3.9816678916517994
15 12 4.226174816245594
15 13 3.4053966919691425
15 14 3.7141297068072103
15 15 3.6025939296368796
15 16 3.7141297068072103
15 17 3.4053966919691425
15 18 4.226174816245594
15 19 3.9816678916517994
15 20 3.7222520641188117
15 21 3.7380890231519253
15 22 4.239519847253976
15 23 3.5619786047346698
15 24 3.9323369078539656
15 25 3.0665595763076023
15 26 3.474004426570036
15 27 3.1061424702608758
15 28 3.299991872588473
15 29 3.4853290112039303
16 0 3.2625423519295844
16 1 3.413086729959707
16 2 3.322411037066515
16 3 3.3357483934713157
16 4 3.263313515206525
16 5 3.5321943100346465
16 6 3.8537311646883863
16 7 3.9946280816549757
16 8 3.6386267597725834
16 9 3.8114304451699663
16 10 3.7619097698161283
16 11 4.1923671234254565
16 12 3.9275818154469455
16 13 4.095277696093966
16 14 3.9727081294712128
16 15 3.833228367648242
16 16 3.9097812436568744
16 17 3.977069592034648
16 18 4.264077620754881
16 19 3.7775964212548048
16 20 4.128853311500759
16 21 3.2347387965754018
16 22 4.292570846704412
16 23 3.3095525699823307
16 24 3.228195248027237
16 25 3.294264980431028
16 26 3.643404867108803
16 27 3.2720033491871594
16 28 3.2315445851596363
16 29 3.088554863984418
17 0 3.1907458503885864
17 1 3.2795747855985375
17 2 3.4726595632395005
17 3 3.4733924152202054
17 4 3.3686634913459144
17 5 3.661537603732964
17 6 3.678882701044
17 7 3.3654643422740396
17 8 3.746826721389508
17 9 4.007743519070981
17 10 4.316006033279996
17 11 3.7134336774398373
17 12 3.7290976434704532
17 13 4.564340828196923
17 14 4.301966664350385
17 15 4.031095093098349
17 16 3.9141289381465234
17 17 4.336023139117906
17 18 3.3928176504418373
17 19 3.831498246652124
17 20 4.294648113379715
17 21 3.7354657916889025
17 22 3.408312833900069
17 23 3.8874706948605464
17 24 3.616643888747507
17 25 3.4720452636012165
17 26 3.195970282583779
17 27 3.216425230034234
17 28 3.329302284211318
17 29 3.492155315450313
18 0 3.075193680261455
18 1 3.231866124655127
18 2 3.367162431217007
18 3 3.424436966583638
18 4 3.7778657853495483
18 5 3.635379146546455
18 6 3.648841684663799
18 7 3.6814237634768316
18 8 4.121263641042356
18 9 3.7853121205544444
18 10 3.956021684692633
18 11 3.9798142592364467
18 12 4.33920394140407
18 13 3.853971545902393
18 14 3.6325948132130104
18 15 4.814844012308508
18 16 4.222295599800948
18 17 3.9481352901199918
18 18 3.796286457054915
18 19 3.5642821980843737
18 20 3.388634259996264
18 21 3.8911275417846594
18 22 3.484515145873164
18 23 3.5430341035090245
18 24 3.144871582582318
18 25 3.3840945711031067
18 26 3.4010703796203057
18 27 3.212149030965101
18 28 3.5581385929780582
18 29 3.421182256758765
19 0 3.548549561404847
19 1 3.0778255776553705
19 2 3.539591249688963
19 3 3.318573990451035
19 4 3.374998595441425
19 5 3.505234845529119
19 6 3.3183918382227735
19 7 4.326242455853063
19 8 4.169406037394993
19 9 4.339719490783858
19 10 3.939123775078686
19 11 4.508943555028198
19 12 3.7891562920043915
19 13 3.336000845486898
19 14 3.7552283173609307
19 15 4.2610035561021045
19 16 4.569382200143132
19 17 3.8580903131259974
19 18 3.987751342011895
19 19 3.964819786892579
19 20 3.834722695993394
19 21 3.9504922108727345
19 22 3.789739854987952
19 23 3.583305054031523
19 24 3.2348679536992004
19 25 3.778129240907561
19 26 3.338749407447795
19 27 3.387465899082699
19 28 3.3489693462218435
19 29 3.337119020671992
20 0 3.4741256525256463
20 1 3.6025045903315647
20 2 3.235828610079186
20 3 3.2926559023889133
20 4 3.5272682237953563
20 5 3.6777674784929713
20 6 3.541729925228507
20 7 3.9403581519267954
20 8 4.393770580211338
20 9 4.247218080363109
20 10 4.054334044428481
20 11 3.7088667607089794
20 12 3.5609389799847166
20 13 3.182383877811397
20 14 3.583121309854661
20 15 3.8517747916535376
20 16 4.082361348634188
20 17 3.912417995824368
20 18 3.530962546228733
20 19 3.4526829651625306
20 20 3.465567765398448
20 21 3.481829946052219
20 22 3.9254489293606887
20 23 3.296247759137888
20 24 3.5189377275288183
20 25 3.6480037085817236
20 26 3.1665036207138377
20 27 3.3901955757395674
20 28 3.5837438211122326
20 29 3.2928224952476013
21 0 3.3304284224817478
21 1 3.2739869044229177
21 2 3.7064368616631396
21 3 3.4006762638193018
21 4 3.8641426750777077
21 5 3.5447252689607747
21 6 3.8413478714996354
21 7 3.766905613926852
21 8 3.8644890120998032
21 9 4.26270454635049
21 10 4.160820089339852
21 11 4.153770279148653
21 12 3.854607919795663
21 13 3.3300256730116984
21 14 3.58128344305445
21 15 3.850861230205843
21 16 4.2907332385038535
21 17 4.096281684241232
21 18 3.9037392575982617
21 19 3.467367961384941
21 20 3.670304072238796
21 21 3.614106777188798
21 22 3.510142107957468
21 23 3.351733456204765
21 24 3.859200311837907
21 25 3.4186277009884765
21 26 3.5809175838095313
21 27 3.3731106716285857
21 28 3.516088636379009
21 29 3.3132455763375153
22 0 3.2760426705197534
22 1 3.0656841016357443
22 2 3.453968144930424
22 3 3.050296009824587
22 4 3.365433272139129
22 5 3.57350216301863
22 6 3.993034870818762
22 7 3.7993569016511284
22 8 3.372622271755251
22 9 4.04324239380853
22 10 3.9827851733035096
22 11 4.366500004482404
22 12 3.8209292493394034
22 13 3.9646562760707345
22 14 4.153945276488622
22 15 3.974644691507558
22 16 3.922017449332659
22 17 3.65666880848562
22 18 4.121263641042356
22 19 4.134617942330508
22 20 3.4461890801772816
22 21 4.2250334333947785
22 22 3.3729493199448415
22 23 3.274057821195543
22 24 3.2288391906070997
22 25 3.2461749789759593
22 26 3.476162256654201
22 27 3.2938695809086824
22 28 3.264672661565393
22 29 3.4229900076234614
23 0 3.666093493771374
23 1 3.1936536563703135
23 2 3.6538375993499903
23 3 3.4119180869316525
23 4 3.2307768042961604
23 5 3.5247487582378376
23 6 3.971778880667193
23 7 3.767166590088484
23 8 3.738070143595492
23 9 3.7708920966932737
23 10 3.8150473290555866
23 11 4.257261539021811
23 12 3.978110110757589
23 13 4.379304000373641
23 14 4.077003025872716
23 15 3.9263841764133334
23 16 3.876629579332765
23 17 3.8066697165213834
23 18 4.060851808482808
23 19 3.9340513685816973
23 20 3.635963326261019
23 21 3.4974642745514473
23 22 3.16241482015184
23 23 3.4988372374509416
23 24 3.1391599446255456
23 25 3.250211635919739
23 26 3.183815653839162
23 27 3.121353605929104
23 28 3.3967747099567256
23 29 3.2578413995428908
24 0 3.188234018022838
24 1 3.230349521224478
24 2 3.2702510913514407
24 3 3.469426576289962
24 4 3.4570310009517766
24 5 3.328011519199748
24 6 3.3403761781436034
24 7 3.5864703779376352
24 8 3.7272180574000267
24 9 3.8891428643772414
24 10 3.884182440923713
24 11 4.595891218494052
24 12 3.692777150528363
24 13 4.419200487157955
24 14 3.7224996185674932
24 15 3.8314417365599556
24 16 3.9241426155262973
24 17 3.8254872881968107
24 18 3.738310569350373
24 19 3.5538168569147697
24 20 3.697052879037874
24 21 3.32560768045433
24 22 3.562871199459792
24 23 3.3357483934713157
24 24 3.2795889683374457
24 25 3.4734354964075105
24 26 3.243171829382165
24 27 3.31202361340496
24 28 3.190063071527945
24 29 3.4199267628651557
25 0 3.159261036878298
25 1 3.347375129307969
25 2 3.2380564445572486
25 3 3.2844680233590062
25 4 3.2098869400107035
25 5 3.2573873788966807
25 6 3.4546640531526296
25 7 3.3924241686218943
25 8 3.875821462944243
25 9 3.576100447507362
25 10 3.7357955850971494
25 11 3.7120692829069206
25 12 3.6105411896148936
25 13 3.7492046535377033
25 14 4.105551893123144
25 15 3.826192030302943
25 16 3.7821561714086287
25 17 3.754089436861617
25 18 3.7877061379447694
25 19 3.50364321160287
25 20 3.4892006380522624
25 21 3.478622903010179
25 22 3.3174167752548223
25 23 3.520545347666856
25 24 3.494717076688997
25 25 3.2341195723154126
25 26 3.199806679613421
25 27 3.368222314726979
25 28 3.207507246108192
25 29 2.947629923368028
26 0 3.125111801174608
26 1 3.518774476559226
26 2 3.1771680458853027
26 3 3.40428423238082
26 4 3.5157055352455173
26 5 3.0212980554645497
26 6 3.395050708384523
26 7 3.268800863722286
26 8 3.431311861494022
26 9 3.8173404326513913
26 10 3.659427998076894
26 11 3.7100149346780413
26 12 3.961148095033394
26 13 3.864618029009869
26 14 4.266705412911345
26 15 3.5652153550870054
26 16 3.5106054337689647
26 17 4.202653458290282
26 18 4.018405096215684
26 19 3.4067387843399053
26 20 3.480702376126981
26 21 3.390720084782369
26 22 3.140742725764103
26 23 3.4166793941155094
26 24 3.450870477683219
26 25 3.182567420633529
26 26 3.2044981213327026
26 27 3.2141721406608283
26 28 3.1888918309587564
26 29 3.054808436884642
27 0 3.0902060813830454
27 1 3.041969395014721
27 2 3.412320149995157
27 3 3.19527806588981
27 4 3.4238549399437725
27 5 3.449826840148985
27 6 3.090589443999337
27 7 3.227897249154412
27 8 3.5886925285102698
27 9 3.3368820980636604
27 10 3.33743581745945
27 11 3.6675297289656466
27 12 3.7761044032235414
27 13 3.967668592862796
27 14 3.9351463950149643
27 15 3.9085225028089665
27 16 3.971778880667193
27 17 3.7366175053101207
27 18 3.49912782663157
27 19 3.7431331095694427
27 20 3.4085412466679346
27 21 3.082731917265419
27 22 3.521690780750944
27 23 3.4731670482167423
27 24 3.514799143756472
27 25 3.00442665282252
27 26 3.1540695121024274
27 27 3.6230389451944567
27 28 3.0249591606643587
27 29 3.11748190306093
28 0 2.943150894077239
28 1 3.03440426727242
28 2 3.4705024397431625
28 3 3.3669817621582383
28 4 3.205067535138774
28 5 3.5492943439710443
28 6 3.5131377705289464
28 7 3.081957633324211
28 8 3.290963311677796
28 9 3.533519543031952
28 10 3.7691915959266638
28 11 3.4038250206088434
28 12 3.6341763166293135
28 13 3.2541552336065385
28 14 3.3010493294023426
28 15 3.143699024148649
28 16 3.2344363221372623
28 17 3.825975622336029
28 18 3.723301541080498
28 19 3.3810248943159253
28 20 3.410834731177183
28 21 3.461273616570249
28 22 3.434188527454981
28 23 3.2230350054981955
28 24 3.149470195390766
28 25 3.3935121433952973
28 26 3.387074529580924
28 27 3.1260428103369446
28 28 2.8124333841636955
28 29 2.976184140083193
29 0 3.2576858566738816
29 1 3.1214994413169577
29 2 3.187999707711802
29 3 3.207270534672661
29 4 3.2099359330161166
29 5 3.4902423232946944
29 6 3.395904407442322
29 7 3.4347826303426614
29 8 3.4404124804911675
29 9 3.4766924381261823
29 10 3.3692165380547885
29 11 3.349463161388565
29 12 3.4265065899552036
29 13 3.479835859397267
29 14 3.583496740459112
29 15 3.389736212863372
29 16 3.356618813004117
29 17 3.192560490873105
29 18 3.3800597244881225
29 19 3.419961867622541
29 20 3.625330994580073
29 21 3.2739869044229177
29 22 3.286161483492353
29 23 3.1610681564887524
29 24 3.251105871570966
29 25 3.3882310794927735
29 26 3.1341186238507794
29 27 2.89517564737507
29 28 3.2213903546431752
29 29 3.09917934038609
