0 0 3.163183042207339
0 1 3.068768409840522
0 2 3.0722469883776244
0 3 3.0428000449884935
0 4 3.536747434056718
0 5 3.16268262713061
0 6 3.343080647707862
0 7 3.1724995471641027
0 8 3.1056693094404904
0 9 3.2099799104364797
0 10 3.346113475243918
0 11 3.365581130762699
0 12 3.4390142902547125
0 13 3.259378998985228
0 14 3.3076378232708956
0 15 3.0212980554645497
0 16 3.3076378232708956
0 17 3.259378998985228
0 18 3.4390142902547125
0 19 3.365581130762699
0 20 3.346113475243918
0 21 3.2099799104364797
0 22 3.1056693094404904
0 23 3.1724995471641027
0 24 3.343080647707862
0 25 3.16268262713061
0 26 3.536747434056718
0 27 3.0428000449884935
0 28 3.0722469883776244
0 29 3.068768409840522
1 0 3.0205658904887076
1 1 3.5032583625217444
1 2 3.0473544673205684
1 3 3.1101531674023364
1 4 3.1822081506392705
1 5 3.414917826138697
1 6 3.2191314008034935
1 7 3.3355221624128797
1 8 3.4421152181342163
1 9 3.4931880095030965
1 10 3.6493656904758542
1 11 3.27979650989755
1 12 3.1312959718560296
1 13 3.389736212863372
1 14 3.8887183629831483
1 15 3.404795622396751
1 16 3.8887183629831483
1 17 3.389736212863372
1 18 3.1312959718560296
1 19 3.27979650989755
1 20 3.6493656904758542
1 21 3.4931880095030965
1 22 3.4421152181342163
1 23 3.3355221624128797
1 24 3.2191314008034935
1 25 3.414917826138697
1 26 3.1822081506392705
1 27 3.1101531674023364
1 28 3.0473544673205684
1 29 3.5032583625217444
2 0 3.253881621288418
2 1 2.8659645930471425
2 2 3.0965255128027627
2 3 3.4116319848377574
2 4 3.3885448030524663
2 5 3.1710056860820197
2 6 3.227485861314593
2 7 3.616653723994291
2 8 3.336102979329177
2 9 3.1684970820513216
2 10 3.2792162449281945
2 11 3.328011519199748
2 12 3.5157167081362655
2 13 3.143699024148649
2 14 3.16879175230695
2 15 3.6329463915032556
2 16 3.16879175230695
2 17 3.143699024148649
2 18 3.5157167081362655
2 19 3.328011519199748
2 20 3.2792162449281945
2 21 3.1684970820513216
2 22 3.336102979329177
2 23 3.616653723994291
2 24 3.227485861314593
2 25 3.1710056860820197
2 26 3.3885448030524663
2 27 3.4116319848377574
2 28 3.0965255128027627
2 29 2.8659645930471425
3 0 3.0765478296804187
3 1 2.927255385589026
3 2 3.477014782772129
3 3 3.2958634215854596
3 4 3.3304284224817478
3 5 3.2809687513267614
3 6 3.625330994580073
3 7 3.3021217857453964
3 8 3.2763581297772344
3 9 3.4907571729102713
3 10 3.4186894912513157
3 11 3.3217376179601437
3 12 3.9707215612956612
3 13 3.9085225028089665
3 14 4.160981809202108
3 15 3.9401824525793576
3 16 4.160981809202108
3 17 3.9085225028089665
3 18 3.9707215612956612
3 19 3.3217376179601437
3 20 3.4186894912513157
3 21 3.4907571729102713
3 22 3.2763581297772344
3 23 3.3021217857453964
3 24 3.625330994580073
3 25 3.2809687513267614
3 26 3.3304284224817478
3 27 3.2958634215854596
3 28 3.477014782772129
3 29 2.927255385589026
4 0 2.992341104012723
4 1 3.2316966936815534
4 2 3.510398755111323
4 3 3.30678217620837
4 4 3.2985035996577836
4 5 3.429928533650062
4 6 3.1677316078650573
4 7 3.295335893683568
4 8 3.506753751521801
4 9 3.642608207087307
4 10 3.626826062150997
4 11 4.193441512346718
4 12 3.7744319807774955
4 13 3.5652153550870054
4 14 4.2676473101156285
4 15 3.818176807493884
4 16 4.2676473101156285
4 17 3.5652153550870054
4 18 3.7744319807774955
4 19 4.193441512346718
4 20 3.626826062150997
4 21 3.642608207087307
4 22 3.506753751521801
4 23 3.295335893683568
4 24 3.1677316078650573
4 25 3.429928533650062
4 26 3.2985035996577836
4 27 3.30678217620837
4 28 3.510398755111323
4 29 3.2316966936815534
5 0 2.9690338077257588
5 1 3.0450127260808224
5 2 3.4653152124799314
5 3 3.1347724281150833
5 4 3.2652126595700417
5 5 3.5256492276773055
5 6 3.197695354712832
5 7 3.805827293017038
5 8 2.9496525697094755
5 9 3.9240596104889947
5 10 3.7432589977187156
5 11 3.8860795718427386
5 12 3.7467207861111733
5 13 3.826192030302943
5 14 3.372679918000639
5 15 4.023693035515139
5 16 3.372679918000639
5 17 3.826192030302943
5 18 3.7467207861111733
5 19 3.8860795718427386
5 20 3.7432589977187156
5 21 3.9240596104889947
5 22 2.9496525697094755
5 23 3.805827293017038
5 24 3.197695354712832
5 25 3.5256492276773055
5 26 3.2652126595700417
5 27 3.1347724281150833
5 28 3.4653152124799314
5 29 3.0450127260808224
6 0 3.190165184777446
6 1 3.5366607522658926
6 2 3.1466857788632367
6 3 3.1875783254872916
6 4 3.4616546795496945
6 5 3.076387348151893
6 6 3.7998443091827507
6 7 3.557397332959125
6 8 3.6682209579197798
6 9 3.8942360098093984
6 10 3.99833245317583
6 11 4.118299719526022
6 12 3.7176629865519297
6 13 3.8314417365599556
6 14 4.032809196012935
6 15 4.188818219459339
6 16 4.032809196012935
6 17 3.8314417365599556
6 18 3.7176629865519297
6 19 4.118299719526022
6 20 3.99833245317583
6 21 3.8942360098093984
6 22 3.6682209579197798
6 23 3.557397332959125
6 24 3.7998443091827507
6 25 3.076387348151893
6 26 3.4616546795496945
6 27 3.1875783254872916
6 28 3.1466857788632367
6 29 3.5366607522658926
7 0 3.4449844288807507
7 1 3.4127718235810622
7 2 3.1907458503885864
7 3 3.3887239336211965
7 4 3.3978621049510287
7 5 3.1767267651529236
7 6 3.6742187686178904
7 7 3.63106382395922
7 8 3.854510903265045
7 9 3.486474754398658
7 10 3.878836359023182
7 11 4.2739409554925745
7 12 3.7473787659729374
7 13 3.9263841764133334
7 14 4.160820089339852
7 15 4.015924766737476
7 16 4.160820089339852
7 17 3.9263841764133334
7 18 3.7473787659729374
7 19 4.2739409554925745
7 20 3.878836359023182
7 21 3.486474754398658
7 22 3.854510903265045
7 23 3.63106382395922
7 24 3.6742187686178904
7 25 3.1767267651529236
7 26 3.3978621049510287
7 27 3.3887239336211965
7 28 3.1907458503885864
7 29 3.4127718235810622
8 0 3.434535531069698
8 1 3.1585166231308284
8 2 3.2847030464638527
8 3 3.508338912728153
8 4 3.236805139197526
8 5 3.6526522043836396
8 6 3.4191795130961276
8 7 3.635379146546455
8 8 3.4035781902940885
8 9 3.4652349272830363
8 10 3.8277958448174862
8 11 3.6021229883700916
8 12 3.834062701903129
8 13 3.974644691507558
8 14 4.433478067654648
8 15 4.07043610287695
8 16 4.433478067654648
8 17 3.974644691507558
8 18 3.834062701903129
8 19 3.6021229883700916
8 20 3.8277958448174862
8 21 3.4652349272830363
8 22 3.4035781902940885
8 23 3.635379146546455
8 24 3.4191795130961276
8 25 3.6526522043836396
8 26 3.236805139197526
8 27 3.508338912728153
8 28 3.2847030464638527
8 29 3.1585166231308284
9 0 3.190366851980251
9 1 3.1529735779236456
9 2 3.469215300943446
9 3 3.6226132498612946
9 4 3.1615732297357337
9 5 3.609284348884517
9 6 3.3998400274822127
9 7 3.7585296131783568
9 8 3.5540249326399325
9 9 3.9744645116665245
9 10 4.1262369266988985
9 11 4.114467017971274
9 12 3.939123775078686
9 13 3.850861230205843
9 14 3.985305111155779
9 15 3.51702127357746
9 16 3.985305111155779
9 17 3.850861230205843
9 18 3.939123775078686
9 19 4.114467017971274
9 20 4.1262369266988985
9 21 3.9744645116665245
9 22 3.5540249326399325
9 23 3.7585296131783568
9 24 3.3998400274822127
9 25 3.609284348884517
9 26 3.1615732297357337
9 27 3.6226132498612946
9 28 3.469215300943446
9 29 3.1529735779236456
10 0 3.1414234390792233
10 1 3.0447146427327882
10 2 3.3930253663371968
10 3 3.610953797616328
10 4 3.283620779892159
10 5 3.5587000414933714
10 6 3.419358136825135
10 7 3.8332494124593213
10 8 3.840499222168737
10 9 3.3021591833991213
10 10 4.041278043589939
10 11 3.9154545280559656
10 12 4.029256604577445
10 13 3.8517747916535376
10 14 3.522792181094186
10 15 3.3049141705792455
10 16 3.522792181094186
10 17 3.8517747916535376
10 18 4.029256604577445
10 19 3.9154545280559656
10 20 4.041278043589939
10 21 3.3021591833991213
10 22 3.840499222168737
10 23 3.8332494124593213
10 24 3.419358136825135
10 25 3.5587000414933714
10 26 3.283620779892159
10 27 3.610953797616328
10 28 3.3930253663371968
10 29 3.0447146427327882
11 0 3.0702409244076923
11 1 3.352103150765153
11 2 3.1785116810783562
11 3 3.371455012520309
11 4 3.69107014261927
11 5 3.5120809645470343
11 6 3.562422473686431
11 7 3.8233136537581274
11 8 3.670304072238796
11 9 3.6548148047323497
11 10 4.012653978627041
11 11 3.772943718446719
11 12 3.938414005999549
11 13 4.2610035561021045
11 14 3.840678164041289
11 15 3.8117648596409692
11 16 3.840678164041289
11 17 4.2610035561021045
11 18 3.938414005999549
11 19 3.772943718446719
11 20 4.012653978627041
11 21 3.6548148047323497
11 22 3.670304072238796
11 23 3.8233136537581274
11 24 3.562422473686431
11 25 3.5120809645470343
11 26 3.69107014261927
11 27 3.371455012520309
11 28 3.1785116810783562
11 29 3.352103150765153
12 0 3.208231983288396
12 1 3.0930526117127215
12 2 3.5904688524870605
12 3 3.2461749789759593
12 4 3.560594873692866
12 5 3.1272799169664336
12 6 3.612393737284922
12 7 3.8055124122766175
12 8 3.809050927917771
12 9 4.005944335073693
12 10 4.037165021597418
12 11 4.101592147796992
12 12 4.164628079092379
12 13 4.814844012308508
12 14 3.901108190197838
12 15 3.876891349081644
12 16 3.901108190197838
12 17 4.814844012308508
12 18 4.164628079092379
12 19 4.101592147796992
12 20 4.037165021597418
12 21 4.005944335073693
12 22 3.809050927917771
12 23 3.8055124122766175
12 24 3.612393737284922
12 25 3.1272799169664336
12 26 3.560594873692866
12 27 3.2461749789759593
12 28 3.5904688524870605
12 29 3.0930526117127215
13 0 3.440184989994884
13 1 3.1697769461433265
13 2 3.191271205291114
13 3 2.942468419687359
13 4 3.5829076851754373
13 5 2.848054502482602
13 6 3.6340105202720587
13 7 3.3592554095456597
13 8 3.6820065912471387
13 9 3.72106750087007
13 10 3.7222520641188117
13 11 4.166136188077202
13 12 3.783737899362225
13 13 4.031095093098349
13 14 4.028742113049871
13 15 4.514403898395162
13 16 4.028742113049871
13 17 4.031095093098349
13 18 3.783737899362225
13 19 4.166136188077202
13 20 3.7222520641188117
13 21 3.72106750087007
13 22 3.6820065912471387
13 23 3.3592554095456597
13 24 3.6340105202720587
13 25 2.848054502482602
13 26 3.5829076851754373
13 27 2.942468419687359
13 28 3.191271205291114
13 29 3.1697769461433265
14 0 3.1531869849689054
14 1 3.411127780988163
14 2 3.5415924298323347
14 3 3.237344251685954
14 4 3.5517489373140463
14 5 3.20073111098526
14 6 3.6146370412305555
14 7 3.5921765782154202
14 8 3.693286015034549
14 9 3.442422109266434
14 10 4.07140588363497
14 11 3.8341670066707776
14 12 3.9602414815517717
14 13 3.833228367648242
14 14 4.229812384282789
14 15 3.7583127354759323
14 16 4.229812384282789
14 17 3.833228367648242
14 18 3.9602414815517717
14 19 3.8341670066707776
14 20 4.07140588363497
14 21 3.442422109266434
14 22 3.693286015034549
14 23 3.5921765782154202
14 24 3.6146370412305555
14 25 3.20073111098526
14 26 3.5517489373140463
14 27 3.237344251685954
14 28 3.5415924298323347
14 29 3.411127780988163
15 0 3.1536638520895197
15 1 3.573004542874279
15 2 3.1333514956769464
15 3 3.255096460847127
15 4 3.4868835757284993
15 5 3.4099090860288506
15 6 3.4704458056072895
15 7 3.3787749705391588
15 8 3.6855078730441684
15 9 3.630784104710094
15 10 3.9346599564490425
15 11 3.8408382963414702
15 12 3.6230084375408924
15 13 3.6025939296368796
15 14 4.134596350322526
15 15 4.059112685579663
15 16 4.134596350322526
15 17 3.6025939296368796
15 18 3.6230084375408924
15 19 3.8408382963414702
15 20 3.9346599564490425
15 21 3.630784104710094
15 22 3.6855078730441684
15 23 3.3787749705391588
15 24 3.4704458056072895
15 25 3.4099090860288506
15 26 3.4868835757284993
15 27 3.255096460847127
15 28 3.1333514956769464
15 29 3.573004542874279
16 0 3.1531869849689054
16 1 3.411127780988163
16 2 3.5415924298323347
16 3 3.237344251685954
16 4 3.5517489373140463
16 5 3.20073111098526
16 6 3.6146370412305555
16 7 3.5921765782154202
16 8 3.693286015034549
16 9 3.442422109266434
16 10 4.07140588363497
16 11 3.8341670066707776
16 12 3.9602414815517717
16 13 3.833228367648242
16 14 4.229812384282789
16 15 3.7583127354759323
16 16 4.229812384282789
16 17 3.833228367648242
16 18 3.9602414815517717
16 19 3.8341670066707776
16 20 4.07140588363497
16 21 3.442422109266434
16 22 3.693286015034549
16 23 3.5921765782154202
16 24 3.6146370412305555
16 25 3.20073111098526
16 26 3.5517489373140463
16 27 3.237344251685954
16 28 3.5415924298323347
16 29 3.411127780988163
17 0 3.440184989994884
17 1 3.1697769461433265
17 2 3.191271205291114
17 3 2.942468419687359
17 4 3.5829076851754373
17 5 2.848054502482602
17 6 3.6340105202720587
17 7 3.3592554095456597
17 8 3.6820065912471387
17 9 3.72106750087007
17 10 3.7222520641188117
17 11 4.166136188077202
17 12 3.783737899362225
17 13 4.031095093098349
17 14 4.028742113049871
17 15 4.514403898395162
17 16 4.028742113049871
17 17 4.031095093098349
17 18 3.783737899362225
17 19 4.166136188077202
17 20 3.7222520641188117
17 21 3.72106750087007
17 22 3.6820065912471387
17 23 3.3592554095456597
17 24 3.6340105202720587
17 25 2.848054502482602
17 26 3.5829076851754373
17 27 2.942468419687359
17 28 3.191271205291114
17 29 3.1697769461433265
18 0 3.208231983288396
18 1 3.0930526117127215
18 2 3.5904688524870605
18 3 3.2461749789759593
18 4 3.560594873692866
18 5 3.1272799169664336
18 6 3.612393737284922
18 7 3.8055124122766175
18 8 3.809050927917771
18 9 4.005944335073693
18 10 4.037165021597418
18 11 4.101592147796992
18 12 4.164628079092379
18 13 4.814844012308508
18 14 3.901108190197838
18 15 3.876891349081644
18 16 3.901108190197838
18 17 4.814844012308508
18 18 4.164628079092379
18 19 4.101592147796992
18 20 4.037165021597418
18 21 4.005944335073693
18 22 3.809050927917771
18 23 3.8055124122766175
18 24 3.612393737284922
18 25 3.1272799169664336
18 26 3.560594873692866
18 27 3.2461749789759593
18 28 3.5904688524870605
18 29 3.0930526117127215
19 0 3.0702409244076923
19 1 3.352103150765153
19 2 3.1785116810783562
19 3 3.371455012520309
19 4 3.69107014261927
19 5 3.5120809645470343
19 6 3.562422473686431
19 7 3.8233136537581274
19 8 3.670304072238796
19 9 3.6548148047323497
19 10 4.012653978627041
19 11 3.772943718446719
19 12 3.938414005999549
19 13 4.2610035561021045
19 14 3.840678164041289
19 15 3.8117648596409692
19 16 3.840678164041289
19 17 4.2610035561021045
19 18 3.938414005999549
19 19 3.772943718446719
19 20 4.012653978627041
19 21 3.6548148047323497
19 22 3.670304072238796
19 23 3.8233136537581274
19 24 3.562422473686431
19 25 3.5120809645470343
19 26 3.69107014261927
19 27 3.371455012520309
19 28 3.1785116810783562
19 29 3.352103150765153
20 0 3.1414234390792233
20 1 3.0447146427327882
20 2 3.3930253663371968
20 3 3.610953797616328
20 4 3.283620779892159
20 5 3.5587000414933714
20 6 3.419358136825135
20 7 3.8332494124593213
20 8 3.840499222168737
20 9 3.3021591833991213
20 10 4.041278043589939
20 11 3.9154545280559656
20 12 4.029256604577445
20 13 3.8517747916535376
20 14 3.522792181094186
20 15 3.3049141705792455
20 16 3.522792181094186
20 17 3.8517747916535376
20 18 4.029256604577445
20 19 3.9154545280559656
20 20 4.041278043589939
20 21 3.3021591833991213
20 22 3.840499222168737
20 23 3.8332494124593213
20 24 3.419358136825135
20 25 3.5587000414933714
20 26 3.283620779892159
20 27 3.610953797616328
20 28 3.3930253663371968
20 29 3.0447146427327882
21 0 3.190366851980251
21 1 3.1529735779236456
21 2 3.469215300943446
21 3 3.6226132498612946
21 4 3.1615732297357337
21 5 3.609284348884517
21 6 3.3998400274822127
21 7 3.7585296131783568
21 8 3.5540249326399325
21 9 3.9744645116665245
21 10 4.1262369266988985
21 11 4.114467017971274
21 12 3.939123775078686
21 13 3.850861230205843
21 14 3.985305111155779
21 15 3.51702127357746
21 16 3.985305111155779
21 17 3.850861230205843
21 18 3.939123775078686
21 19 4.114467017971274
21 20 4.1262369266988985
21 21 3.9744645116665245
21 22 3.5540249326399325
21 23 3.7585296131783568
21 24 3.3998400274822127
21 25 3.609284348884517
21 26 3.1615732297357337
21 27 3.6226132498612946
21 28 3.469215300943446
21 29 3.1529735779236456
22 0 3.434535531069698
22 1 3.1585166231308284
22 2 3.2847030464638527
22 3 3.508338912728153
22 4 3.236805139197526
22 5 3.6526522043836396
22 6 3.4191795130961276
22 7 3.635379146546455
22 8 3.4035781902940885
22 9 3.4652349272830363
22 10 3.8277958448174862
22 11 3.6021229883700916
22 12 3.834062701903129
22 13 3.974644691507558
22 14 4.433478067654648
22 15 4.07043610287695
22 16 4.433478067654648
22 17 3.974644691507558
22 18 3.834062701903129
22 19 3.6021229883700916
22 20 3.8277958448174862
22 21 3.4652349272830363
22 22 3.4035781902940885
22 23 3.635379146546455
22 24 3.4191795130961276
22 25 3.6526522043836396
22 26 3.236805139197526
22 27 3.508338912728153
22 28 3.2847030464638527
22 29 3.1585166231308284
23 0 3.4449844288807507
23 1 3.4127718235810622
23 2 3.1907458503885864
23 3 3.3887239336211965
23 4 3.3978621049510287
23 5 3.1767267651529236
23 6 3.6742187686178904
23 7 3.63106382395922
23 8 3.854510903265045
23 9 3.486474754398658
23 10 3.878836359023182
23 11 4.2739409554925745
23 12 3.7473787659729374
23 13 3.9263841764133334
23 14 4.160820089339852
23 15 4.015924766737476
23 16 4.160820089339852
23 17 3.9263841764133334
23 18 3.7473787659729374
23 19 4.2739409554925745
23 20 3.878836359023182
23 21 3.486474754398658
23 22 3.854510903265045
23 23 3.63106382395922
23 24 3.6742187686178904
23 25 3.1767267651529236
23 26 3.3978621049510287
23 27 3.3887239336211965
23 28 3.1907458503885864
23 29 3.4127718235810622
24 0 3.190165184777446
24 1 3.5366607522658926
24 2 3.1466857788632367
24 3 3.1875783254872916
24 4 3.4616546795496945
24 5 3.076387348151893
24 6 3.7998443091827507
24 7 3.557397332959125
24 8 3.6682209579197798
24 9 3.8942360098093984
24 10 3.99833245317583
24 11 4.118299719526022
24 12 3.7176629865519297
24 13 3.8314417365599556
24 14 4.032809196012935
24 15 4.188818219459339
24 16 4.032809196012935
24 17 3.8314417365599556
24 18 3.7176629865519297
24 19 4.118299719526022
24 20 3.99833245317583
24 21 3.8942360098093984
24 22 3.6682209579197798
24 23 3.557397332959125
24 24 3.7998443091827507
24 25 3.076387348151893
24 26 3.4616546795496945
24 27 3.1875783254872916
24 28 3.1466857788632367
24 29 3.5366607522658926
25 0 2.9690338077257588
25 1 3.0450127260808224
25 2 3.4653152124799314
25 3 3.1347724281150833
25 4 3.2652126595700417
25 5 3.5256492276773055
25 6 3.197695354712832
25 7 3.805827293017038
25 8 2.9496525697094755
25 9 3.9240596104889947
25 10 3.7432589977187156
25 11 3.8860795718427386
25 12 3.7467207861111733
25 13 3.826192030302943
25 14 3.372679918000639
25 15 4.023693035515139
25 16 3.372679918000639
25 17 3.826192030302943
25 18 3.7467207861111733
25 19 3.8860795718427386
25 20 3.7432589977187156
25 21 3.9240596104889947
25 22 2.9496525697094755
25 23 3.805827293017038
25 24 3.197695354712832
25 25 3.5256492276773055
25 26 3.2652126595700417
25 27 3.1347724281150833
25 28 3.4653152124799314
25 29 3.0450127260808224
26 0 2.992341104012723
26 1 3.2316966936815534
26 2 3.510398755111323
26 3 3.30678217620837
26 4 3.2985035996577836
26 5 3.429928533650062
26 6 3.1677316078650573
26 7 3.295335893683568
26 8 3.506753751521801
26 9 3.642608207087307
26 10 3.626826062150997
26 11 4.193441512346718
26 12 3.7744319807774955
26 13 3.5652153550870054
26 14 4.2676473101156285
26 15 3.818176807493884
26 16 4.2676473101156285
26 17 3.5652153550870054
26 18 3.7744319807774955
26 19 4.193441512346718
26 20 3.626826062150997
26 21 3.642608207087307
26 22 3.506753751521801
26 23 3.295335893683568
26 24 3.1677316078650573
26 25 3.429928533650062
26 26 3.2985035996577836
26 27 3.30678217620837
26 28 3.510398755111323
26 29 3.2316966936815534
27 0 3.0765478296804187
27 1 2.927255385589026
27 2 3.477014782772129
27 3 3.2958634215854596
27 4 3.3304284224817478
27 5 3.2809687513267614
27 6 3.625330994580073
27 7 3.3021217857453964
27 8 3.2763581297772344
27 9 3.4907571729102713
27 10 3.4186894912513157
27 11 3.3217376179601437
27 12 3.9707215612956612
27 13 3.9085225028089665
27 14 4.160981809202108
27 15 3.9401824525793576
27 16 4.160981809202108
27 17 3.9085225028089665
27 18 3.9707215612956612
27 19 3.3217376179601437
27 20 3.4186894912513157
27 21 3.4907571729102713
27 22 3.2763581297772344
27 23 3.3021217857453964
27 24 3.625330994580073
27 25 3.2809687513267614
27 26 3.3304284224817478
27 27 3.2958634215854596
27 28 3.477014782772129
27 29 2.927255385589026
28 0 3.253881621288418
28 1 2.8659645930471425
28 2 3.0965255128027627
28 3 3.4116319848377574
28 4 3.3885448030524663
28 5 3.1710056860820197
28 6 3.227485861314593
28 7 3.616653723994291
28 8 3.336102979329177
28 9 3.1684970820513216
28 10 3.2792162449281945
28 11 3.328011519199748
28 12 3.5157167081362655
28 13 3.143699024148649
28 14 3.16879175230695
28 15 3.6329463915032556
28 16 3.16879175230695
28 17 3.143699024148649
28 18 3.5157167081362655
28 19 3.328011519199748
28 20 3.2792162449281945
28 21 3.1684970820513216
28 22 3.336102979329177
28 23 3.616653723994291
28 24 3.227485861314593
28 25 3.1710056860820197
28 26 3.3885448030524663
28 27 3.4116319848377574
28 28 3.0965255128027627
28 29 2.8659645930471425
29 0 3.0205658904887076
29 1 3.5032583625217444
29 2 3.0473544673205684
29 3 3.1101531674023364
29 4 3.1822081506392705
29 5 3.414917826138697
29 6 3.2191314008034935
29 7 3.3355221624128797
29 8 3.4421152181342163
29 9 3.4931880095030965
29 10 3.6493656904758542
29 11 3.27979650989755
29 12 3.1312959718560296
29 13 3.389736212863372
29 14 3.8887183629831483
29 15 3.404795622396751
29 16 3.8887183629831483
29 17 3.389736212863372
29 18 3.1312959718560296
29 19 3.27979650989755
29 20 3.6493656904758542
29 21 3.4931880095030965
29 22 3.4421152181342163
29 23 3.3355221624128797
29 24 3.2191314008034935
29 25 3.414917826138697
29 26 3.1822081506392705
29 27 3.1101531674023364
29 28 3.0473544673205684
29 29 3.5032583625217444
