0 0 3.2862907866535895
0 1 3.066847392836961
0 2 3.148563675986081
0 3 3.107673890409381
0 4 3.5791050325338265
0 5 3.6660309225342442
0 6 3.253454944214029
0 7 3.330846026438142
0 8 3.595842928800871
0 9 3.470982466250477
0 10 3.3101204291763873
0 11 3.2924254597414273
0 12 3.228088386301539
0 13 3.3745451925355296
0 14 3.1523254598821513
0 15 3.4390142902547125
0 16 3.4357214523001236
0 17 3.586742887625636
0 18 3.2867710786717734
0 19 3.4280345746364937
0 20 3.2266274297768835
0 21 3.3466809859034936
0 22 3.2515040299957616
0 23 3.194622180826276
0 24 3.0572177682280315
0 25 3.0327278389550933
0 26 3.175187688821148
0 27 3.3348495947413577
0 28 2.854881368199329
0 29 3.1020032395749744
1 0 2.882623224576001
1 1 3.1661811294541646
1 2 3.150080250118147
1 3 3.3505891222984476
1 4 3.206121358303146
1 5 3.1723609920048177
1 6 3.7567489449706937
1 7 3.3184746126592035
1 8 3.241868232514857
1 9 3.2795349899560544
1 10 3.333995613241373
1 11 3.1313495201802723
1 12 3.2459417621304425
1 13 3.4265065899552036
1 14 3.395050708384523
1 15 3.1312959718560296
1 16 3.4570310009517766
1 17 3.3800597244881225
1 18 3.381780219293405
1 19 3.4423938843210644
1 20 3.3674855678900903
1 21 3.276050143659661
1 22 2.987140445492384
1 23 3.526030558865062
1 24 3.2994541712981618
1 25 3.0648833018406343
1 26 3.178068527467079
1 27 3.0804164365675604
1 28 3.119004380838524
1 29 3.145138993678924
2 0 3.143155771392673
2 1 3.218063616998633
2 2 3.399528371520799
2 3 3.4863067253799653
2 4 3.4080206252305616
2 5 3.42507717344421
2 6 3.303377866659294
2 7 3.1789016725974606
2 8 3.556658592498437
2 9 3.6694422064654613
2 10 3.496447483980773
2 11 3.377288568460128
2 12 3.228048768298739
2 13 3.6341763166293135
2 14 3.4057236918169367
2 15 3.5157167081362655
2 16 3.715680508645609
2 17 3.723301541080498
2 18 3.36207234808524
2 19 3.2631256391690573
2 20 3.437635964330177
2 21 3.770220110198326
2 22 3.4305023677095354
2 23 3.0842687782393052
2 24 3.28797991789862
2 25 3.0971599954787394
2 26 2.9916957710327203
2 27 2.9805528331498437
2 28 3.148650030843961
2 29 3.14542217558206
3 0 3.134300488035031
3 1 3.381120297023226
3 2 3.3127326391093326
3 3 3.133071811585943
3 4 3.3247802096391057
3 5 3.314012859253844
3 6 3.5318898730773904
3 7 3.314778844016144
3 8 3.1923053449796375
3 9 3.22574790844816
3 10 3.530768371030943
3 11 3.663849282598649
3 12 3.9589215709533208
3 13 3.7761044032235414
3 14 3.7860791197476344
3 15 3.9707215612956612
3 16 3.469672089721106
3 17 3.49912782663157
3 18 3.607936174413753
3 19 3.303256228054254
3 20 3.3054657573737205
3 21 3.260700091412302
3 22 3.4327113587562734
3 23 3.18487554574261
3 24 3.311950372873297
3 25 3.3855385367095256
3 26 3.1957010386887816
3 27 3.1494293950124126
3 28 3.1741479845506246
3 29 3.301589072471125
4 0 3.1056255242402266
4 1 3.297926640772968
4 2 3.3665639630488142
4 3 3.2528697701972624
4 4 3.3414022806726154
4 5 3.333995613241373
4 6 3.70547083337475
4 7 3.1746943299059733
4 8 3.554176641501092
4 9 3.6838962910828426
4 10 3.680444582483623
4 11 4.137122336202375
4 12 4.13726409335822
4 13 3.961148095033394
4 14 3.4137843469190745
4 15 3.7744319807774955
4 16 4.202008873752436
4 17 4.018405096215684
4 18 3.48265819556229
4 19 3.4559377947188117
4 20 3.476080321872061
4 21 3.2523252367324207
4 22 3.333434660618028
4 23 3.6961605063496457
4 24 3.1468884552637157
4 25 3.1406396582978644
4 26 3.145432028740719
4 27 3.419551535729131
4 28 2.996338627950817
4 29 2.8935643611224453
5 0 3.3909354499581843
5 1 3.4055707803176216
5 2 3.402539280815662
5 3 3.504380545160113
5 4 3.169847288570211
5 5 3.5403087883127724
5 6 3.277478202897459
5 7 3.8720809993718075
5 8 3.573209542161007
5 9 3.9763668965090755
5 10 3.7169384661503875
5 11 3.7251770470060603
5 12 3.810631571951903
5 13 3.6105411896148936
5 14 3.3155855018057716
5 15 3.7467207861111733
5 16 3.692042070773672
5 17 3.7877061379447694
5 18 4.223618258329185
5 19 3.6237913982825267
5 20 3.639626557677425
5 21 3.4412818503114013
5 22 3.2495375692159
5 23 3.299991872588473
5 24 3.290996197179394
5 25 2.9734512527874406
5 26 3.1659322905466873
5 27 3.6497325074019686
5 28 3.472564925962808
5 29 2.9851873987031903
6 0 3.242290236303907
6 1 3.221005466157005
6 2 3.4564058159768902
6 3 3.503080414521363
6 4 3.7215223815650154
6 5 3.435536110131493
6 6 3.656312868696926
6 7 3.503412346676927
6 8 3.8240161866763827
6 9 3.746587089388918
6 10 4.105288438907138
6 11 3.610414762945622
6 12 3.8804232892086823
6 13 3.692777150528363
6 14 4.108988190685672
6 15 3.7176629865519297
6 16 3.8825425361195376
6 17 3.738310569350373
6 18 3.4510071896341836
6 19 3.7415819412781226
6 20 3.3907532857314373
6 21 3.263313515206525
6 22 3.6464719083231896
6 23 3.224706621578589
6 24 3.534559688120123
6 25 3.5452034058477926
6 26 3.7426231094483526
6 27 3.078221263435993
6 28 3.4735676854452264
6 29 3.087563747169694
7 0 3.306824030892364
7 1 3.4238549399437725
7 2 3.54077622592432
7 3 3.146432214629637
7 4 3.895524134736682
7 5 3.33743581745945
7 6 3.9321653885072085
7 7 4.2735451237425055
7 8 3.74711079469986
7 9 4.024129695834302
7 10 3.936955580102455
7 11 4.043023144473249
7 12 4.242875855261379
7 13 3.978110110757589
7 14 4.0051214848744765
7 15 3.7473787659729374
7 16 3.8995400094215227
7 17 4.060851808482808
7 18 4.001096684793062
7 19 3.678882701044
7 20 3.5148664878202887
7 21 3.1214711766690937
7 22 3.4738761371963127
7 23 3.2172699869320196
7 24 3.2134085389030806
7 25 3.191271205291114
7 26 3.301853688466887
7 27 3.10333360549209
7 28 3.4028652689242276
7 29 3.259157919064255
8 0 3.4143090092008985
8 1 3.7304903725376097
8 2 3.4932473524789893
8 3 3.260385423885423
8 4 3.4057236918169367
8 5 3.5880130206523817
8 6 3.269044037159847
8 7 3.5289376142361446
8 8 4.002526929276927
8 9 3.959088068263804
8 10 4.365157671103804
8 11 3.9724145249185723
8 12 4.017981573920156
8 13 3.8209292493394034
8 14 3.9143667337290133
8 15 3.834062701903129
8 16 3.5234778328622585
8 17 4.121263641042356
8 18 3.868079751147858
8 19 3.6277094100204264
8 20 3.602297921176171
8 21 3.594885505996989
8 22 3.271933273534736
8 23 3.6690050297016263
8 24 3.191604902416927
8 25 3.128070645832341
8 26 3.4735933847808798
8 27 3.1198412227604413
8 28 3.2975785794387638
8 29 3.4692722559521987
9 0 3.394737594447366
9 1 3.4010174440345144
9 2 3.067581629771465
9 3 3.6606944060074125
9 4 3.3403761781436034
9 5 4.160981809202108
9 6 4.266705412911345
9 7 3.8253831816306754
9 8 3.692777150528363
9 9 4.112321150418082
9 10 4.0994814389140295
9 11 4.127835989200032
9 12 3.7832022056178967
9 13 3.854607919795663
9 14 4.192816015873817
9 15 3.939123775078686
9 16 4.140755492228492
9 17 3.9037392575982617
9 18 3.6254982203084465
9 19 3.7287370982393564
9 20 3.355238008148944
9 21 4.105005024245299
9 22 3.373992158394617
9 23 3.33594173273575
9 24 3.5322422312953283
9 25 3.3164926486746618
9 26 3.545777603397966
9 27 3.3489693462218435
9 28 3.4215518026261775
9 29 3.2332566324951535
10 0 3.481332677843234
10 1 3.5809646975806393
10 2 3.0431650778510306
10 3 3.7204331606166257
10 4 3.2897791864281998
10 5 3.805238838367151
10 6 3.9042385942757343
10 7 4.115138787850221
10 8 4.291207756349035
10 9 3.956115678176092
10 10 4.0620440109986475
10 11 3.6706180015562717
10 12 3.5315043923097225
10 13 3.5609389799847166
10 14 3.6815671150868505
10 15 4.029256604577445
10 16 3.8177430588244405
10 17 3.530962546228733
10 18 4.06055515495323
10 19 3.9727595279313572
10 20 3.7882430844358024
10 21 3.725946676660879
10 22 3.423340899856186
10 23 3.4000748819697137
10 24 3.7994831963273765
10 25 3.39377459537872
10 26 3.091340365423216
10 27 3.3553779973380533
10 28 3.382801311124671
10 29 3.1659322905466873
11 0 3.227485861314593
11 1 3.356769331531994
11 2 3.4801253139354213
11 3 3.617904614457999
11 4 3.5229223348490133
11 5 3.7432589977187156
11 6 3.6153286552866795
11 7 3.8644890120998032
11 8 3.974804954106284
11 9 4.053665841846905
11 10 4.433478067654648
11 11 3.58128344305445
11 12 3.280765746398497
11 13 3.7891562920043915
11 14 4.3636080286158085
11 15 3.938414005999549
11 16 4.009636813811186
11 17 3.987751342011895
11 18 4.056271884958141
11 19 3.640709969591807
11 20 3.693286015034549
11 21 3.5726663645017336
11 22 3.7655979146902943
11 23 3.883193551410828
11 24 3.512324411367527
11 25 3.5829076851754373
11 26 3.4777493051244823
11 27 3.413126089133131
11 28 3.185996103277136
11 29 3.338702655629398
12 0 3.450151284056777
12 1 3.469282524413282
12 2 3.211296185370045
12 3 3.607936174413753
12 4 3.289497289318954
12 5 3.672477951736039
12 6 3.8685488553748146
12 7 3.6649577619429348
12 8 3.87825565370132
12 9 3.922017449332659
12 10 4.164746532869593
12 11 4.288390772086491
12 12 4.165370718508504
12 13 4.33920394140407
12 14 4.535077126114388
12 15 4.164628079092379
12 16 3.9307392170633357
12 17 3.796286457054915
12 18 3.808111918133107
12 19 3.980271363531236
12 20 3.9589908206474616
12 21 4.0207285524572445
12 22 3.469722619909888
12 23 3.4744475698935524
12 24 3.406180876645293
12 25 3.566439472811568
12 26 3.4141283339237454
12 27 2.924565726273564
12 28 3.4637524192661684
12 29 3.185705257393206
13 0 3.1286223842799106
13 1 3.234038631328848
13 2 2.996783209626938
13 3 3.4764749471428424
13 4 3.369645947657975
13 5 3.854510903265045
13 6 3.7089162772835462
13 7 4.060851808482808
13 8 3.859521020357049
13 9 4.197156935921394
13 10 3.956021684692633
13 11 4.115834200749298
13 12 3.688251595812513
13 13 3.7290976434704532
13 14 4.222295599800948
13 15 3.783737899362225
13 16 4.1495629173983435
13 17 3.3928176504418373
13 18 4.014171143764657
13 19 3.9393917592430197
13 20 3.388634259996264
13 21 3.6480579543084364
13 22 3.8024575920949455
13 23 3.8970981540714824
13 24 3.594885505996989
13 25 3.3395018817678888
13 26 3.520005255663921
13 27 3.114743839968888
13 28 3.3658791016450578
13 29 3.2417329462035767
14 0 3.3920343672540634
14 1 3.5307149475698765
14 2 3.35803015961676
14 3 3.598366187905849
14 4 3.300991272991025
14 5 3.697052879037874
14 6 3.7503602814593333
14 7 3.5259874676475653
14 8 3.998441596138526
14 9 4.543486545431496
14 10 3.994942796141257
14 11 4.009636813811186
14 12 3.80823876819418
14 13 3.9275818154469455
14 14 3.983794585151853
14 15 3.9602414815517717
14 16 4.004198436842131
14 17 4.264077620754881
14 18 3.6782805775122793
14 19 3.924542194675838
14 20 3.883170327692434
14 21 3.337986683432976
14 22 4.110025005949475
14 23 3.616640003804819
14 24 4.199463773478449
14 25 3.386884140259991
14 26 3.729593182347999
14 27 3.319010701683433
14 28 3.333434660618028
14 29 3.450870477683219
15 0 3.2209163802557423
15 1 3.617400430299651
15 2 3.069330875776861
15 3 3.3174167752548223
15 4 3.5034604383969956
15 5 3.579188985737584
15 6 3.740636243403253
15 7 3.5956689675965356
15 8 3.836802185502542
15 9 3.9489228048699703
15 10 4.037165021597418
15 11 3.7627686467933756
15 12 4.163257552889081
15 13 4.226174816245594
15 14 4.042879362823315
15 15 3.6230084375408924
15 16 4.042879362823315
15 17 4.226174816245594
15 18 4.163257552889081
15 19 3.7627686467933756
15 20 4.037165021597418
15 21 3.9489228048699703
15 22 3.836802185502542
15 23 3.5956689675965356
15 24 3.740636243403253
15 25 3.579188985737584
15 26 3.5034604383969956
15 27 3.3174167752548223
15 28 3.069330875776861
15 29 3.617400430299651
16 0 3.3538188316290065
16 1 3.450870477683219
16 2 3.333434660618028
16 3 3.319010701683433
16 4 3.729593182347999
16 5 3.386884140259991
16 6 4.199463773478449
16 7 3.616640003804819
16 8 4.110025005949475
16 9 3.337986683432976
16 10 3.883170327692434
16 11 3.924542194675838
16 12 3.6782805775122793
16 13 4.264077620754881
16 14 4.004198436842131
16 15 3.9602414815517717
16 16 3.983794585151853
16 17 3.9275818154469455
16 18 3.80823876819418
16 19 4.009636813811186
16 20 3.994942796141257
16 21 4.543486545431496
16 22 3.998441596138526
16 23 3.5259874676475653
16 24 3.7503602814593333
16 25 3.697052879037874
16 26 3.300991272991025
16 27 3.598366187905849
16 28 3.35803015961676
16 29 3.5307149475698765
17 0 3.1518549796294035
17 1 3.2417329462035767
17 2 3.3658791016450578
17 3 3.114743839968888
17 4 3.520005255663921
17 5 3.3395018817678888
17 6 3.594885505996989
17 7 3.8970981540714824
17 8 3.8024575920949455
17 9 3.6480579543084364
17 10 3.388634259996264
17 11 3.9393917592430197
17 12 4.014171143764657
17 13 3.3928176504418373
17 14 4.1495629173983435
17 15 3.783737899362225
17 16 4.222295599800948
17 17 3.7290976434704532
17 18 3.688251595812513
17 19 4.115834200749298
17 20 3.956021684692633
17 21 4.197156935921394
17 22 3.859521020357049
17 23 4.060851808482808
17 24 3.7089162772835462
17 25 3.854510903265045
17 26 3.369645947657975
17 27 3.4764749471428424
17 28 2.996783209626938
17 29 3.234038631328848
18 0 3.192157069676149
18 1 3.185705257393206
18 2 3.4637524192661684
18 3 2.924565726273564
18 4 3.4141283339237454
18 5 3.566439472811568
18 6 3.406180876645293
18 7 3.4744475698935524
18 8 3.469722619909888
18 9 4.0207285524572445
18 10 3.9589908206474616
18 11 3.980271363531236
18 12 3.808111918133107
18 13 3.796286457054915
18 14 3.9307392170633357
18 15 4.164628079092379
18 16 4.535077126114388
18 17 4.33920394140407
18 18 4.165370718508504
18 19 4.288390772086491
18 20 4.164746532869593
18 21 3.922017449332659
18 22 3.87825565370132
18 23 3.6649577619429348
18 24 3.8685488553748146
18 25 3.672477951736039
18 26 3.289497289318954
18 27 3.607936174413753
18 28 3.211296185370045
18 29 3.469282524413282
19 0 3.1414234390792233
19 1 3.338702655629398
19 2 3.185996103277136
19 3 3.413126089133131
19 4 3.4777493051244823
19 5 3.5829076851754373
19 6 3.512324411367527
19 7 3.883193551410828
19 8 3.7655979146902943
19 9 3.5726663645017336
19 10 3.693286015034549
19 11 3.640709969591807
19 12 4.056271884958141
19 13 3.987751342011895
19 14 4.009636813811186
19 15 3.938414005999549
19 16 4.3636080286158085
19 17 3.7891562920043915
19 18 3.280765746398497
19 19 3.58128344305445
19 20 4.433478067654648
19 21 4.053665841846905
19 22 3.974804954106284
19 23 3.8644890120998032
19 24 3.6153286552866795
19 25 3.7432589977187156
19 26 3.5229223348490133
19 27 3.617904614457999
19 28 3.4801253139354213
19 29 3.356769331531994
20 0 3.2934554588887868
20 1 3.1659322905466873
20 2 3.382801311124671
20 3 3.3553779973380533
20 4 3.091340365423216
20 5 3.39377459537872
20 6 3.7994831963273765
20 7 3.4000748819697137
20 8 3.423340899856186
20 9 3.725946676660879
20 10 3.7882430844358024
20 11 3.9727595279313572
20 12 4.06055515495323
20 13 3.530962546228733
20 14 3.8177430588244405
20 15 4.029256604577445
20 16 3.6815671150868505
20 17 3.5609389799847166
20 18 3.5315043923097225
20 19 3.6706180015562717
20 20 4.0620440109986475
20 21 3.956115678176092
20 22 4.291207756349035
20 23 4.115138787850221
20 24 3.9042385942757343
20 25 3.805238838367151
20 26 3.2897791864281998
20 27 3.7204331606166257
20 28 3.0431650778510306
20 29 3.5809646975806393
21 0 3.3711328146942026
21 1 3.2332566324951535
21 2 3.4215518026261775
21 3 3.3489693462218435
21 4 3.545777603397966
21 5 3.3164926486746618
21 6 3.5322422312953283
21 7 3.33594173273575
21 8 3.373992158394617
21 9 4.105005024245299
21 10 3.355238008148944
21 11 3.7287370982393564
21 12 3.6254982203084465
21 13 3.9037392575982617
21 14 4.140755492228492
21 15 3.939123775078686
21 16 4.192816015873817
21 17 3.854607919795663
21 18 3.7832022056178967
21 19 4.127835989200032
21 20 4.0994814389140295
21 21 4.112321150418082
21 22 3.692777150528363
21 23 3.8253831816306754
21 24 4.266705412911345
21 25 4.160981809202108
21 26 3.3403761781436034
21 27 3.6606944060074125
21 28 3.067581629771465
21 29 3.4010174440345144
22 0 3.237880703961121
22 1 3.4692722559521987
22 2 3.2975785794387638
22 3 3.1198412227604413
22 4 3.4735933847808798
22 5 3.128070645832341
22 6 3.191604902416927
22 7 3.6690050297016263
22 8 3.271933273534736
22 9 3.594885505996989
22 10 3.602297921176171
22 11 3.6277094100204264
22 12 3.868079751147858
22 13 4.121263641042356
22 14 3.5234778328622585
22 15 3.834062701903129
22 16 3.9143667337290133
22 17 3.8209292493394034
22 18 4.017981573920156
22 19 3.9724145249185723
22 20 4.365157671103804
22 21 3.959088068263804
22 22 4.002526929276927
22 23 3.5289376142361446
22 24 3.269044037159847
22 25 3.5880130206523817
22 26 3.4057236918169367
22 27 3.260385423885423
22 28 3.4932473524789893
22 29 3.7304903725376097
23 0 2.8314835301279304
23 1 3.259157919064255
23 2 3.4028652689242276
23 3 3.10333360549209
23 4 3.301853688466887
23 5 3.191271205291114
23 6 3.2134085389030806
23 7 3.2172699869320196
23 8 3.4738761371963127
23 9 3.1214711766690937
23 10 3.5148664878202887
23 11 3.678882701044
23 12 4.001096684793062
23 13 4.060851808482808
23 14 3.8995400094215227
23 15 3.7473787659729374
23 16 4.0051214848744765
23 17 3.978110110757589
23 18 4.242875855261379
23 19 4.043023144473249
23 20 3.936955580102455
23 21 4.024129695834302
23 22 3.74711079469986
23 23 4.2735451237425055
23 24 3.9321653885072085
23 25 3.33743581745945
23 26 3.895524134736682
23 27 3.146432214629637
23 28 3.54077622592432
23 29 3.4238549399437725
24 0 3.187688389377845
24 1 3.087563747169694
24 2 3.4735676854452264
24 3 3.078221263435993
24 4 3.7426231094483526
24 5 3.5452034058477926
24 6 3.534559688120123
24 7 3.224706621578589
24 8 3.6464719083231896
24 9 3.263313515206525
24 10 3.3907532857314373
24 11 3.7415819412781226
24 12 3.4510071896341836
24 13 3.738310569350373
24 14 3.8825425361195376
24 15 3.7176629865519297
24 16 4.108988190685672
24 17 3.692777150528363
24 18 3.8804232892086823
24 19 3.610414762945622
24 20 4.105288438907138
24 21 3.746587089388918
24 22 3.8240161866763827
24 23 3.503412346676927
24 24 3.656312868696926
24 25 3.435536110131493
24 26 3.7215223815650154
24 27 3.503080414521363
24 28 3.4564058159768902
24 29 3.221005466157005
25 0 2.859671848270056
25 1 2.9851873987031903
25 2 3.472564925962808
25 3 3.6497325074019686
25 4 3.1659322905466873
25 5 2.9734512527874406
25 6 3.290996197179394
25 7 3.299991872588473
25 8 3.2495375692159
25 9 3.4412818503114013
25 10 3.639626557677425
25 11 3.6237913982825267
25 12 4.223618258329185
25 13 3.7877061379447694
25 14 3.692042070773672
25 15 3.7467207861111733
25 16 3.3155855018057716
25 17 3.6105411896148936
25 18 3.810631571951903
25 19 3.7251770470060603
25 20 3.7169384661503875
25 21 3.9763668965090755
25 22 3.573209542161007
25 23 3.8720809993718075
25 24 3.277478202897459
25 25 3.5403087883127724
25 26 3.169847288570211
25 27 3.504380545160113
25 28 3.402539280815662
25 29 3.4055707803176216
26 0 3.24141624093419
26 1 2.8935643611224453
26 2 2.996338627950817
26 3 3.419551535729131
26 4 3.145432028740719
26 5 3.1406396582978644
26 6 3.1468884552637157
26 7 3.6961605063496457
26 8 3.333434660618028
26 9 3.2523252367324207
26 10 3.476080321872061
26 11 3.4559377947188117
26 12 3.48265819556229
26 13 4.018405096215684
26 14 4.202008873752436
26 15 3.7744319807774955
26 16 3.4137843469190745
26 17 3.961148095033394
26 18 4.13726409335822
26 19 4.137122336202375
26 20 3.680444582483623
26 21 3.6838962910828426
26 22 3.554176641501092
26 23 3.1746943299059733
26 24 3.70547083337475
26 25 3.333995613241373
26 26 3.3414022806726154
26 27 3.2528697701972624
26 28 3.3665639630488142
26 29 3.297926640772968
27 0 3.303281101943099
27 1 3.301589072471125
27 2 3.1741479845506246
27 3 3.1494293950124126
27 4 3.1957010386887816
27 5 3.3855385367095256
27 6 3.311950372873297
27 7 3.18487554574261
27 8 3.4327113587562734
27 9 3.260700091412302
27 10 3.3054657573737205
27 11 3.303256228054254
27 12 3.607936174413753
27 13 3.49912782663157
27 14 3.469672089721106
27 15 3.9707215612956612
27 16 3.7860791197476344
27 17 3.7761044032235414
27 18 3.9589215709533208
27 19 3.663849282598649
27 20 3.530768371030943
27 21 3.22574790844816
27 22 3.1923053449796375
27 23 3.314778844016144
27 24 3.5318898730773904
27 25 3.314012859253844
27 26 3.3247802096391057
27 27 3.133071811585943
27 28 3.3127326391093326
27 29 3.381120297023226
28 0 3.260530790344276
28 1 3.14542217558206
28 2 3.148650030843961
28 3 2.9805528331498437
28 4 2.9916957710327203
28 5 3.0971599954787394
28 6 3.28797991789862
28 7 3.0842687782393052
28 8 3.4305023677095354
28 9 3.770220110198326
28 10 3.437635964330177
28 11 3.2631256391690573
28 12 3.36207234808524
28 13 3.723301541080498
28 14 3.715680508645609
28 15 3.5157167081362655
28 16 3.4057236918169367
28 17 3.6341763166293135
28 18 3.228048768298739
28 19 3.377288568460128
28 20 3.496447483980773
28 21 3.6694422064654613
28 22 3.556658592498437
28 23 3.1789016725974606
28 24 3.303377866659294
28 25 3.42507717344421
28 26 3.4080206252305616
28 27 3.4863067253799653
28 28 3.399528371520799
28 29 3.218063616998633
29 0 2.905382820768579
29 1 3.145138993678924
29 2 3.119004380838524
29 3 3.0804164365675604
29 4 3.178068527467079
29 5 3.0648833018406343
29 6 3.2994541712981618
29 7 3.526030558865062
29 8 2.987140445492384
29 9 3.276050143659661
29 10 3.3674855678900903
29 11 3.4423938843210644
29 12 3.381780219293405
29 13 3.3800597244881225
29 14 3.4570310009517766
29 15 3.1312959718560296
29 16 3.395050708384523
29 17 3.4265065899552036
29 18 3.2459417621304425
29 19 3.1313495201802723
29 20 3.333995613241373
29 21 3.2795349899560544
29 22 3.241868232514857
29 23 3.3184746126592035
29 24 3.7567489449706937
29 25 3.1723609920048177
29 26 3.206121358303146
29 27 3.3505891222984476
29 28 3.150080250118147
29 29 3.1661811294541646
