0 0 3.155199952271171
0 1 2.9073683999946804
0 2 3.324903978790332
0 3 3.4128898675721997
0 4 3.4378754793641395
0 5 3.2859691507700837
0 6 3.363703842251151
0 7 3.4874648778967594
0 8 3.3410792889537584
0 9 3.3828850434977897
0 10 3.257541642460958
0 11 3.422600359615251
0 12 3.2924254597414273
0 13 3.239078032496156
0 14 3.54077622592432
0 15 3.365581130762699
0 16 3.626407206930627
0 17 3.480445634833997
0 18 3.4280345746364937
0 19 3.047332879954548
0 20 3.061418870237499
0 21 3.320602200235315
0 22 3.1555520404928785
0 23 3.1478802547499587
0 24 2.92501446592658
0 25 3.1081021680121297
0 26 3.1480571505269976
0 27 3.0303770235987515
0 28 3.029722653825228
0 29 3.0676131808414033
1 0 3.130215262920958
1 1 3.097495297182452
1 2 3.211526813204679
1 3 3.4495001965550007
1 4 3.332467906658101
1 5 3.228163211102315
1 6 3.2225498794653116
1 7 3.349181417997826
1 8 3.2115226376610555
1 9 3.239774221288691
1 10 3.1574516338463066
1 11 3.2984170728788893
1 12 3.1313495201802723
1 13 3.349463161388565
1 14 3.177660475229228
1 15 3.27979650989755
1 16 3.2255481720507757
1 17 3.419961867622541
1 18 3.4423938843210644
1 19 3.2572939080213397
1 20 3.725019874435523
1 21 3.3289971428615743
1 22 3.5356163513413206
1 23 3.391247495852589
1 24 3.6021629296231996
1 25 3.09459231364056
1 26 2.9856196308063567
1 27 3.224623314391052
1 28 3.0365463272815187
1 29 3.2326810083262036
2 0 3.0482042870875747
2 1 3.3882141918322177
2 2 3.2995945852815898
2 3 3.1949136174677872
2 4 3.326644705058623
2 5 3.6085952532769268
2 6 3.182254757683539
2 7 3.334748289669162
2 8 3.6246230222698053
2 9 3.619576460842334
2 10 3.3815437751780633
2 11 3.2436601380558874
2 12 3.377288568460128
2 13 3.4038250206088434
2 14 3.646153775398184
2 15 3.328011519199748
2 16 3.5867812195927593
2 17 3.3810248943159253
2 18 3.2631256391690573
2 19 3.5887047586770575
2 20 3.66943917173223
2 21 3.1101276274767113
2 22 3.1466366104057775
2 23 3.3722956065652108
2 24 3.305203792092959
2 25 3.509643953711429
2 26 3.0556246000487772
2 27 2.8926819854575325
2 28 2.9817537109753274
2 29 3.0578483872192965
3 0 3.2289109571894477
3 1 3.240138800774924
3 2 3.047790551724293
3 3 3.3762371801519855
3 4 3.513309820440341
3 5 3.2861929323012538
3 6 3.456485571288378
3 7 3.614181853843247
3 8 3.276616837191472
3 9 3.787755181802202
3 10 3.7916305548734623
3 11 3.7271884868755394
3 12 3.663849282598649
3 13 3.6675297289656466
3 14 3.5515792830832598
3 15 3.3217376179601437
3 16 3.3391790049734626
3 17 3.7431331095694427
3 18 3.303256228054254
3 19 3.2694602654120004
3 20 3.3978621049510287
3 21 3.219630365343493
3 22 3.2417329462035767
3 23 3.0548256899766395
3 24 3.2614761462241577
3 25 3.495609515582245
3 26 3.1989957740649526
3 27 2.942847005236069
3 28 2.9387379615326354
3 29 3.3695822791354835
4 0 3.286129023747269
4 1 3.0980357024007232
4 2 3.434480622304902
4 3 3.8078612719855447
4 4 3.4368149049960115
4 5 3.3364279662045933
4 6 3.3048627208726837
4 7 3.7348148396446224
4 8 4.089695605349345
4 9 3.5689742870780528
4 10 3.714789148859489
4 11 3.680083009462264
4 12 4.137122336202375
4 13 3.7100149346780413
4 14 3.7296239214395177
4 15 4.193441512346718
4 16 3.988038434818827
4 17 3.4067387843399053
4 18 3.4559377947188117
4 19 3.363639245726306
4 20 3.223903395659235
4 21 3.336573096858375
4 22 3.572785928659888
4 23 3.088554863984418
4 24 3.130391475456073
4 25 3.3782214185136605
4 26 3.3226413263780494
4 27 3.2803884033749084
4 28 3.0814887388246905
4 29 2.802394248222543
5 0 3.2812305312975596
5 1 3.3351969890068416
5 2 3.5379667983112717
5 3 3.0503688662821067
5 4 3.7798591977034346
5 5 3.2673634271489362
5 6 3.58580351465971
5 7 3.699700926756156
5 8 3.9736945675889905
5 9 3.8904592782586707
5 10 3.4558040641930954
5 11 3.589679372202371
5 12 3.7251770470060603
5 13 3.7120692829069206
5 14 3.738070143595492
5 15 3.8860795718427386
5 16 3.6420819350995535
5 17 3.50364321160287
5 18 3.6237913982825267
5 19 3.331102525656676
5 20 3.7639639181021276
5 21 3.168660086186634
5 22 3.3480702433741487
5 23 3.4599801322421273
5 24 3.199533598223147
5 25 3.2341320275258987
5 26 3.1510806497915507
5 27 3.288583395629608
5 28 2.9260604204835174
5 29 3.0553893244954704
6 0 3.2576825586741083
6 1 3.227731826439442
6 2 3.4782416032204213
6 3 3.5545304007107688
6 4 3.349503600039865
6 5 3.7756426212306176
6 6 3.9109090010312793
6 7 3.855704911089965
6 8 3.567268702587791
6 9 4.0443211729921735
6 10 3.732608595615247
6 11 4.153429994965498
6 12 3.610414762945622
6 13 4.595891218494052
6 14 4.115138787850221
6 15 4.118299719526022
6 16 3.807479869862946
6 17 3.5538168569147697
6 18 3.7415819412781226
6 19 3.2305198906403327
6 20 3.7330505821879005
6 21 3.5379252727683084
6 22 3.100793794564287
6 23 3.239883832158267
6 24 3.6150685788912944
6 25 3.411127780988163
6 26 3.218403943494388
6 27 3.055418035187465
6 28 3.5058840552004815
6 29 3.0674483119490943
7 0 3.1723609920048177
7 1 3.1322675768439323
7 2 3.480529719920935
7 3 3.6546539832772313
7 4 3.1529050704049024
7 5 3.799322411894276
7 6 4.175869269320051
7 7 3.649013386980181
7 8 4.050495423783842
7 9 4.0246982415725325
7 10 4.080936160263173
7 11 4.258940892143741
7 12 4.043023144473249
7 13 4.257261539021811
7 14 3.719661775559055
7 15 4.2739409554925745
7 16 3.948580735719479
7 17 3.9340513685816973
7 18 3.678882701044
7 19 3.4918513495347434
7 20 3.142065872200373
7 21 3.4989297053788473
7 22 3.195970282583779
7 23 2.924295194882579
7 24 3.545347483833578
7 25 3.583369111981757
7 26 3.2820671074576384
7 27 3.3175756104224563
7 28 3.275309374574429
7 29 3.096165883464099
8 0 3.2701666416621182
8 1 3.2666494416320986
8 2 3.5318898730773904
8 3 3.5816247593209107
8 4 4.0197394856269755
8 5 3.7335754464078224
8 6 4.175539334021905
8 7 4.273488878886702
8 8 3.6194712385594627
8 9 4.044569234818946
8 10 3.984348699224488
8 11 4.168730276119017
8 12 3.9724145249185723
8 13 4.366500004482404
8 14 3.6657629697341747
8 15 3.6021229883700916
8 16 4.126176745501981
8 17 4.134617942330508
8 18 3.6277094100204264
8 19 3.671313997817601
8 20 3.612393737284922
8 21 3.4784810388240763
8 22 3.506030009996412
8 23 3.393385673778279
8 24 3.1168807422068014
8 25 3.4508680921379793
8 26 3.286748057490362
8 27 3.421182256758765
8 28 3.240579411856333
8 29 3.348836030989663
9 0 3.252465120225663
9 1 3.2495179506486713
9 2 3.1313495201802723
9 3 3.5519081940462374
9 4 3.8720809993718075
9 5 3.7846108072444595
9 6 3.535742163042577
9 7 3.844980398503086
9 8 4.027388060828439
9 9 3.913415932195385
9 10 3.6626526179177215
9 11 3.6978611073263115
9 12 4.127835989200032
9 13 4.153770279148653
9 14 4.633303028930638
9 15 4.114467017971274
9 16 3.994893521092281
9 17 3.467367961384941
9 18 3.7287370982393564
9 19 3.616247389872616
9 20 3.5646092108212764
9 21 3.4329871546036514
9 22 3.2348679536992004
9 23 3.540284544110468
9 24 3.3130690755420833
9 25 3.4681415366706814
9 26 3.3130912334347378
9 27 3.379106560238614
9 28 3.338702655629398
9 29 3.368222314726979
10 0 3.4612407499185687
10 1 3.081957633324211
10 2 3.6450650911934543
10 3 2.966735427268751
10 4 3.9589215709533208
10 5 4.205513665888456
10 6 3.74711079469986
10 7 4.087454095070553
10 8 4.320920227319453
10 9 4.076535750338608
10 10 3.5028231313240843
10 11 3.6322108923247463
10 12 3.6706180015562717
10 13 3.7088667607089794
10 14 4.369709285034666
10 15 3.9154545280559656
10 16 4.025674795640543
10 17 3.4526829651625306
10 18 3.9727595279313572
10 19 3.7282979517612365
10 20 3.529234345287973
10 21 3.5430341035090245
10 22 3.447499056917239
10 23 3.3164498844928305
10 24 3.6690050297016263
10 25 3.2068491018647594
10 26 3.348682215578872
10 27 3.5825431838968864
10 28 3.1533608582460446
10 29 3.006121965596718
11 0 3.410351327607278
11 1 3.2639465859138403
11 2 3.583496740459112
11 3 3.245248905247462
11 4 3.875821462944243
11 5 4.304227149630828
11 6 3.6105411896148936
11 7 3.840121360299576
11 8 4.112321150418082
11 9 4.505507541584039
11 10 3.7879425484501303
11 11 3.854732589578215
11 12 3.58128344305445
11 13 4.508943555028198
11 14 4.276196945820931
11 15 3.772943718446719
11 16 3.7527456441171894
11 17 3.964819786892579
11 18 3.640709969591807
11 19 3.879567337734706
11 20 3.4965735590294456
11 21 3.6513199412658444
11 22 3.5997322296749767
11 23 3.4380941635434366
11 24 3.683794926852188
11 25 3.6577106631707683
11 26 3.117144840637169
11 27 3.5392130143669167
11 28 3.3799424804316685
11 29 3.121496019580938
12 0 3.346113475243918
12 1 3.33674693555913
12 2 3.1767881886508422
12 3 3.2706400907872317
12 4 3.873128687719062
12 5 3.5652153550870054
12 6 3.513130604224507
12 7 4.04324239380853
12 8 4.0051214848744765
12 9 3.9438508978557456
12 10 4.433478067654648
12 11 3.8016177917207825
12 12 4.288390772086491
12 13 3.9798142592364467
12 14 4.250504370988838
12 15 4.101592147796992
12 16 3.873326607148016
12 17 3.5642821980843737
12 18 3.980271363531236
12 19 3.72404617541661
12 20 3.693286015034549
12 21 3.5545960172611366
12 22 3.7546377550757057
12 23 3.5924946172166443
12 24 3.429188382605756
12 25 3.5587000414933714
12 26 3.5249157581596817
12 27 3.170157824622807
12 28 3.4586771839815262
12 29 3.1101276274767113
13 0 3.4421152181342163
13 1 3.197162854087221
13 2 3.2307768042961604
13 3 3.3912075217494704
13 4 3.5630296161122237
13 5 3.91063644512449
13 6 4.015341059065337
13 7 4.125566987513178
13 8 3.876629579332765
13 9 3.7788965974567144
13 10 3.939123775078686
13 11 4.428086494275694
13 12 4.115834200749298
13 13 3.7134336774398373
13 14 3.8301675560365434
13 15 4.166136188077202
13 16 3.4918122338185484
13 17 3.831498246652124
13 18 3.9393917592430197
13 19 3.6942368503036267
13 20 3.834722695993394
13 21 3.6525375133456293
13 22 3.758437966354631
13 23 3.586640497295162
13 24 3.7755405404791578
13 25 3.1777974714501602
13 26 3.5313980039586967
13 27 3.469534039108158
13 28 3.260700091412302
13 29 3.271086720799338
14 0 3.328725306900053
14 1 3.243289420430233
14 2 3.1318318457738763
14 3 3.830935115604429
14 4 3.7409686486310085
14 5 3.8942360098093984
14 6 3.807479869862946
14 7 3.4495466876200176
14 8 4.1176049314424725
14 9 3.646293874894166
14 10 4.345699144812694
14 11 3.912417995824368
14 12 4.009636813811186
14 13 4.1923671234254565
14 14 4.163257552889081
14 15 3.8341670066707776
14 16 3.816933256134273
14 17 3.7775964212548048
14 18 3.924542194675838
14 19 3.7853582253704214
14 20 3.9191695412272756
14 21 3.463782586560598
14 22 3.663486407298184
14 23 3.397075634631639
14 24 4.096067795229576
14 25 3.3100335004177945
14 26 3.7472649176583293
14 27 3.390720084782369
14 28 3.0434221549422924
14 29 3.419835640087346
15 0 3.129030781128881
15 1 3.2144031444870453
15 2 3.0057086513617257
15 3 3.676079427437916
15 4 3.101334446524184
15 5 3.650433690608146
15 6 3.4058020272355054
15 7 3.8494540907328063
15 8 3.518111302710521
15 9 4.434736698124879
15 10 4.012653978627041
15 11 3.952662879795165
15 12 3.7627686467933756
15 13 3.9816678916517994
15 14 3.3928176504418373
15 15 3.8408382963414702
15 16 3.3928176504418373
15 17 3.9816678916517994
15 18 3.7627686467933756
15 19 3.952662879795165
15 20 4.012653978627041
15 21 4.434736698124879
15 22 3.518111302710521
15 23 3.8494540907328063
15 24 3.4058020272355054
15 25 3.650433690608146
15 26 3.101334446524184
15 27 3.676079427437916
15 28 3.0057086513617257
15 29 3.2144031444870453
16 0 3.2985035996577836
16 1 3.419835640087346
16 2 3.0434221549422924
16 3 3.390720084782369
16 4 3.7472649176583293
16 5 3.3100335004177945
16 6 4.096067795229576
16 7 3.397075634631639
16 8 3.663486407298184
16 9 3.463782586560598
16 10 3.9191695412272756
16 11 3.7853582253704214
16 12 3.924542194675838
16 13 3.7775964212548048
16 14 3.816933256134273
16 15 3.8341670066707776
16 16 4.163257552889081
16 17 4.1923671234254565
16 18 4.009636813811186
16 19 3.912417995824368
16 20 4.345699144812694
16 21 3.646293874894166
16 22 4.1176049314424725
16 23 3.4495466876200176
16 24 3.807479869862946
16 25 3.8942360098093984
16 26 3.7409686486310085
16 27 3.830935115604429
16 28 3.1318318457738763
16 29 3.243289420430233
17 0 3.548549561404847
17 1 3.271086720799338
17 2 3.260700091412302
17 3 3.469534039108158
17 4 3.5313980039586967
17 5 3.1777974714501602
17 6 3.7755405404791578
17 7 3.586640497295162
17 8 3.758437966354631
17 9 3.6525375133456293
17 10 3.834722695993394
17 11 3.6942368503036267
17 12 3.9393917592430197
17 13 3.831498246652124
17 14 3.4918122338185484
17 15 4.166136188077202
17 16 3.8301675560365434
17 17 3.7134336774398373
17 18 4.115834200749298
17 19 4.428086494275694
17 20 3.939123775078686
17 21 3.7788965974567144
17 22 3.876629579332765
17 23 4.125566987513178
17 24 4.015341059065337
17 25 3.91063644512449
17 26 3.5630296161122237
17 27 3.3912075217494704
17 28 3.2307768042961604
17 29 3.197162854087221
18 0 3.1466857788632367
18 1 3.1101276274767113
18 2 3.4586771839815262
18 3 3.170157824622807
18 4 3.5249157581596817
18 5 3.5587000414933714
18 6 3.429188382605756
18 7 3.5924946172166443
18 8 3.7546377550757057
18 9 3.5545960172611366
18 10 3.693286015034549
18 11 3.72404617541661
18 12 3.980271363531236
18 13 3.5642821980843737
18 14 3.873326607148016
18 15 4.101592147796992
18 16 4.250504370988838
18 17 3.9798142592364467
18 18 4.288390772086491
18 19 3.8016177917207825
18 20 4.433478067654648
18 21 3.9438508978557456
18 22 4.0051214848744765
18 23 4.04324239380853
18 24 3.513130604224507
18 25 3.5652153550870054
18 26 3.873128687719062
18 27 3.2706400907872317
18 28 3.1767881886508422
18 29 3.33674693555913
19 0 3.2788274828630195
19 1 3.121496019580938
19 2 3.3799424804316685
19 3 3.5392130143669167
19 4 3.117144840637169
19 5 3.6577106631707683
19 6 3.683794926852188
19 7 3.4380941635434366
19 8 3.5997322296749767
19 9 3.6513199412658444
19 10 3.4965735590294456
19 11 3.879567337734706
19 12 3.640709969591807
19 13 3.964819786892579
19 14 3.7527456441171894
19 15 3.772943718446719
19 16 4.276196945820931
19 17 4.508943555028198
19 18 3.58128344305445
19 19 3.854732589578215
19 20 3.7879425484501303
19 21 4.505507541584039
19 22 4.112321150418082
19 23 3.840121360299576
19 24 3.6105411896148936
19 25 4.304227149630828
19 26 3.875821462944243
19 27 3.245248905247462
19 28 3.583496740459112
19 29 3.2639465859138403
20 0 3.6652499819499083
20 1 3.006121965596718
20 2 3.1533608582460446
20 3 3.5825431838968864
20 4 3.348682215578872
20 5 3.2068491018647594
20 6 3.6690050297016263
20 7 3.3164498844928305
20 8 3.447499056917239
20 9 3.5430341035090245
20 10 3.529234345287973
20 11 3.7282979517612365
20 12 3.9727595279313572
20 13 3.4526829651625306
20 14 4.025674795640543
20 15 3.9154545280559656
20 16 4.369709285034666
20 17 3.7088667607089794
20 18 3.6706180015562717
20 19 3.6322108923247463
20 20 3.5028231313240843
20 21 4.076535750338608
20 22 4.320920227319453
20 23 4.087454095070553
20 24 3.74711079469986
20 25 4.205513665888456
20 26 3.9589215709533208
20 27 2.966735427268751
20 28 3.6450650911934543
20 29 3.081957633324211
21 0 3.1784226386138235
21 1 3.368222314726979
21 2 3.338702655629398
21 3 3.379106560238614
21 4 3.3130912334347378
21 5 3.4681415366706814
21 6 3.3130690755420833
21 7 3.540284544110468
21 8 3.2348679536992004
21 9 3.4329871546036514
21 10 3.5646092108212764
21 11 3.616247389872616
21 12 3.7287370982393564
21 13 3.467367961384941
21 14 3.994893521092281
21 15 4.114467017971274
21 16 4.633303028930638
21 17 4.153770279148653
21 18 4.127835989200032
21 19 3.6978611073263115
21 20 3.6626526179177215
21 21 3.913415932195385
21 22 4.027388060828439
21 23 3.844980398503086
21 24 3.535742163042577
21 25 3.7846108072444595
21 26 3.8720809993718075
21 27 3.5519081940462374
21 28 3.1313495201802723
21 29 3.2495179506486713
22 0 3.1835725624796507
22 1 3.348836030989663
22 2 3.240579411856333
22 3 3.421182256758765
22 4 3.286748057490362
22 5 3.4508680921379793
22 6 3.1168807422068014
22 7 3.393385673778279
22 8 3.506030009996412
22 9 3.4784810388240763
22 10 3.612393737284922
22 11 3.671313997817601
22 12 3.6277094100204264
22 13 4.134617942330508
22 14 4.126176745501981
22 15 3.6021229883700916
22 16 3.6657629697341747
22 17 4.366500004482404
22 18 3.9724145249185723
22 19 4.168730276119017
22 20 3.984348699224488
22 21 4.044569234818946
22 22 3.6194712385594627
22 23 4.273488878886702
22 24 4.175539334021905
22 25 3.7335754464078224
22 26 4.0197394856269755
22 27 3.5816247593209107
22 28 3.5318898730773904
22 29 3.2666494416320986
23 0 3.2734777397003025
23 1 3.096165883464099
23 2 3.275309374574429
23 3 3.3175756104224563
23 4 3.2820671074576384
23 5 3.583369111981757
23 6 3.545347483833578
23 7 2.924295194882579
23 8 3.195970282583779
23 9 3.4989297053788473
23 10 3.142065872200373
23 11 3.4918513495347434
23 12 3.678882701044
23 13 3.9340513685816973
23 14 3.948580735719479
23 15 4.2739409554925745
23 16 3.719661775559055
23 17 4.257261539021811
23 18 4.043023144473249
23 19 4.258940892143741
23 20 4.080936160263173
23 21 4.0246982415725325
23 22 4.050495423783842
23 23 3.649013386980181
23 24 4.175869269320051
23 25 3.799322411894276
23 26 3.1529050704049024
23 27 3.6546539832772313
23 28 3.480529719920935
23 29 3.1322675768439323
24 0 2.9889564289640314
24 1 3.0674483119490943
24 2 3.5058840552004815
24 3 3.055418035187465
24 4 3.218403943494388
24 5 3.411127780988163
24 6 3.6150685788912944
24 7 3.239883832158267
24 8 3.100793794564287
24 9 3.5379252727683084
24 10 3.7330505821879005
24 11 3.2305198906403327
24 12 3.7415819412781226
24 13 3.5538168569147697
24 14 3.807479869862946
24 15 4.118299719526022
24 16 4.115138787850221
24 17 4.595891218494052
24 18 3.610414762945622
24 19 4.153429994965498
24 20 3.732608595615247
24 21 4.0443211729921735
24 22 3.567268702587791
24 23 3.855704911089965
24 24 3.9109090010312793
24 25 3.7756426212306176
24 26 3.349503600039865
24 27 3.5545304007107688
24 28 3.4782416032204213
24 29 3.227731826439442
25 0 3.160891381976857
25 1 3.0553893244954704
25 2 2.9260604204835174
25 3 3.288583395629608
25 4 3.1510806497915507
25 5 3.2341320275258987
25 6 3.199533598223147
25 7 3.4599801322421273
25 8 3.3480702433741487
25 9 3.168660086186634
25 10 3.7639639181021276
25 11 3.331102525656676
25 12 3.6237913982825267
25 13 3.50364321160287
25 14 3.6420819350995535
25 15 3.8860795718427386
25 16 3.738070143595492
25 17 3.7120692829069206
25 18 3.7251770470060603
25 19 3.589679372202371
25 20 3.4558040641930954
25 21 3.8904592782586707
25 22 3.9736945675889905
25 23 3.699700926756156
25 24 3.58580351465971
25 25 3.2673634271489362
25 26 3.7798591977034346
25 27 3.0503688662821067
25 28 3.5379667983112717
25 29 3.3351969890068416
26 0 3.237152827108183
26 1 2.802394248222543
26 2 3.0814887388246905
26 3 3.2803884033749084
26 4 3.3226413263780494
26 5 3.3782214185136605
26 6 3.130391475456073
26 7 3.088554863984418
26 8 3.572785928659888
26 9 3.336573096858375
26 10 3.223903395659235
26 11 3.363639245726306
26 12 3.4559377947188117
26 13 3.4067387843399053
26 14 3.988038434818827
26 15 4.193441512346718
26 16 3.7296239214395177
26 17 3.7100149346780413
26 18 4.137122336202375
26 19 3.680083009462264
26 20 3.714789148859489
26 21 3.5689742870780528
26 22 4.089695605349345
26 23 3.7348148396446224
26 24 3.3048627208726837
26 25 3.3364279662045933
26 26 3.4368149049960115
26 27 3.8078612719855447
26 28 3.434480622304902
26 29 3.0980357024007232
27 0 3.3228957257694187
27 1 3.3695822791354835
27 2 2.9387379615326354
27 3 2.942847005236069
27 4 3.1989957740649526
27 5 3.495609515582245
27 6 3.2614761462241577
27 7 3.0548256899766395
27 8 3.2417329462035767
27 9 3.219630365343493
27 10 3.3978621049510287
27 11 3.2694602654120004
27 12 3.303256228054254
27 13 3.7431331095694427
27 14 3.3391790049734626
27 15 3.3217376179601437
27 16 3.5515792830832598
27 17 3.6675297289656466
27 18 3.663849282598649
27 19 3.7271884868755394
27 20 3.7916305548734623
27 21 3.787755181802202
27 22 3.276616837191472
27 23 3.614181853843247
27 24 3.456485571288378
27 25 3.2861929323012538
27 26 3.513309820440341
27 27 3.3762371801519855
27 28 3.047790551724293
27 29 3.240138800774924
28 0 2.9991412993137754
28 1 3.0578483872192965
28 2 2.9817537109753274
28 3 2.8926819854575325
28 4 3.0556246000487772
28 5 3.509643953711429
28 6 3.305203792092959
28 7 3.3722956065652108
28 8 3.1466366104057775
28 9 3.1101276274767113
28 10 3.66943917173223
28 11 3.5887047586770575
28 12 3.2631256391690573
28 13 3.3810248943159253
28 14 3.5867812195927593
28 15 3.328011519199748
28 16 3.646153775398184
28 17 3.4038250206088434
28 18 3.377288568460128
28 19 3.2436601380558874
28 20 3.3815437751780633
28 21 3.619576460842334
28 22 3.6246230222698053
28 23 3.334748289669162
28 24 3.182254757683539
28 25 3.6085952532769268
28 26 3.326644705058623
28 27 3.1949136174677872
28 28 3.2995945852815898
28 29 3.3882141918322177
29 0 2.9997855056272082
29 1 3.2326810083262036
29 2 3.0365463272815187
29 3 3.224623314391052
29 4 2.9856196308063567
29 5 3.09459231364056
29 6 3.6021629296231996
29 7 3.391247495852589
29 8 3.5356163513413206
29 9 3.3289971428615743
29 10 3.725019874435523
29 11 3.2572939080213397
29 12 3.4423938843210644
29 13 3.419961867622541
29 14 3.2255481720507757
29 15 3.27979650989755
29 16 3.177660475229228
29 17 3.349463161388565
29 18 3.1313495201802723
29 19 3.2984170728788893
29 20 3.1574516338463066
29 21 3.239774221288691
29 22 3.2115226376610555
29 23 3.349181417997826
29 24 3.2225498794653116
29 25 3.228163211102315
29 26 3.332467906658101
29 27 3.4495001965550007
29 28 3.211526813204679
29 29 3.097495297182452
