0 0 0
0 1 0
0 2 0
0 3 0
0 4 0
0 5 0
0 6 0
0 7 0
0 8 0
0 9 0
0 10 0
0 11 0
0 12 0
0 13 0
0 14 0
0 15 1.1283844350516348
0 16 0
0 17 0
0 18 0
0 19 0
0 20 0
0 21 0
0 22 0
0 23 0
0 24 0
0 25 0
0 26 0
0 27 0
0 28 0
0 29 0
1 0 0
1 1 0
1 2 0
1 3 0
1 4 0
1 5 0
1 6 0
1 7 0
1 8 0
1 9 0
1 10 0
1 11 0
1 12 1.226805589530233
1 13 1.0031521094160463
1 14 1.024729838894208
1 15 1.141504838654252
1 16 1.024729838894208
1 17 1.0031521094160463
1 18 1.226805589530233
1 19 0
1 20 0
1 21 0
1 22 0
1 23 0
1 24 0
1 25 0
1 26 0
1 27 0
1 28 0
1 29 0
2 0 0
2 1 0
2 2 0
2 3 0
2 4 0
2 5 0
2 6 0
2 7 0
2 8 0
2 9 1.121227235743007
2 10 1.1279805712760325
2 11 0
2 12 1.1715382008617086
2 13 0
2 14 1.3016660312135617
2 15 0
2 16 1.3016660312135617
2 17 0
2 18 1.1715382008617086
2 19 0
2 20 1.1279805712760325
2 21 1.121227235743007
2 22 0
2 23 0
2 24 0
2 25 0
2 26 0
2 27 0
2 28 0
2 29 0
3 0 0
3 1 0
3 2 0
3 3 0
3 4 0
3 5 0
3 6 0
3 7 1.172242449740446
3 8 1.093929919325489
3 9 1.3076660882845688
3 10 1.167115464614811
3 11 1.1299899010996681
3 12 1.1818420835896866
3 13 0
3 14 1.1808191620708683
3 15 1.261984151240417
3 16 1.1808191620708683
3 17 0
3 18 1.1818420835896866
3 19 1.1299899010996681
3 20 1.167115464614811
3 21 1.3076660882845688
3 22 1.093929919325489
3 23 1.172242449740446
3 24 0
3 25 0
3 26 0
3 27 0
3 28 0
3 29 0
4 0 0
4 1 0
4 2 1.0298844290487603
4 3 1.1591651987983451
4 4 0
4 5 1.0686451276132285
4 6 1.0850019486803104
4 7 1.1024277956785833
4 8 1.2090743727920263
4 9 0
4 10 1.169584571639603
4 11 1.1567340004598607
4 12 1.259275418047168
4 13 1.3010987071725566
4 14 0
4 15 0
4 16 0
4 17 1.3010987071725566
4 18 1.259275418047168
4 19 1.1567340004598607
4 20 1.169584571639603
4 21 0
4 22 1.2090743727920263
4 23 1.1024277956785833
4 24 1.0850019486803104
4 25 1.0686451276132285
4 26 0
4 27 1.1591651987983451
4 28 1.0298844290487603
4 29 0
5 0 0
5 1 0
5 2 0
5 3 0
5 4 0
5 5 0
5 6 1.0666210945889583
5 7 1.2172085566459665
5 8 0
5 9 0
5 10 1.2241042510590385
5 11 1.2274823940334645
5 12 1.2680501986102806
5 13 0
5 14 1.2041957994518855
5 15 0
5 16 1.2041957994518855
5 17 0
5 18 1.2680501986102806
5 19 1.2274823940334645
5 20 1.2241042510590385
5 21 0
5 22 0
5 23 1.2172085566459665
5 24 1.0666210945889583
5 25 0
5 26 0
5 27 0
5 28 0
5 29 0
6 0 0
6 1 0
6 2 0
6 3 0
6 4 0
6 5 0
6 6 1.0524238899930998
6 7 1.20194241571515
6 8 1.1117000750275379
6 9 1.2958289668689853
6 10 1.214755332442657
6 11 0
6 12 0
6 13 0
6 14 0
6 15 0
6 16 0
6 17 0
6 18 0
6 19 0
6 20 1.214755332442657
6 21 1.2958289668689853
6 22 1.1117000750275379
6 23 1.20194241571515
6 24 1.0524238899930998
6 25 0
6 26 0
6 27 0
6 28 0
6 29 0
7 0 0
7 1 0
7 2 0
7 3 0
7 4 0
7 5 1.1489595779702686
7 6 1.1458654835940112
7 7 1.2133066923961295
7 8 0
7 9 0
7 10 0
7 11 0
7 12 0
7 13 1.3446355656455509
7 14 0
7 15 1.1929586446868836
7 16 0
7 17 1.3446355656455509
7 18 0
7 19 0
7 20 0
7 21 0
7 22 0
7 23 1.2133066923961295
7 24 1.1458654835940112
7 25 1.1489595779702686
7 26 0
7 27 0
7 28 0
7 29 0
8 0 1.0242984846160388
8 1 0
8 2 0
8 3 0
8 4 1.2623540042870351
8 5 1.2023041245198385
8 6 1.133125771714611
8 7 1.163588307003547
8 8 1.2433985182278866
8 9 1.2049514991046815
8 10 1.1954608005342666
8 11 0
8 12 1.208116541788202
8 13 1.2098630116138187
8 14 0
8 15 1.0824126269787853
8 16 0
8 17 1.2098630116138187
8 18 1.208116541788202
8 19 0
8 20 1.1954608005342666
8 21 1.2049514991046815
8 22 1.2433985182278866
8 23 1.163588307003547
8 24 1.133125771714611
8 25 1.2023041245198385
8 26 1.2623540042870351
8 27 0
8 28 0
8 29 0
9 0 0
9 1 1.086868402028566
9 2 0
9 3 1.0391688096849008
9 4 1.2897314475855561
9 5 1.2158394310860978
9 6 0
9 7 1.3008576944007089
9 8 1.2634773551110137
9 9 1.2249432795921957
9 10 0
9 11 1.116920280980601
9 12 1.17413832499234
9 13 1.254004909506715
9 14 0
9 15 1.4109300187359575
9 16 0
9 17 1.254004909506715
9 18 1.17413832499234
9 19 1.116920280980601
9 20 0
9 21 1.2249432795921957
9 22 1.2634773551110137
9 23 1.3008576944007089
9 24 0
9 25 1.2158394310860978
9 26 1.2897314475855561
9 27 1.0391688096849008
9 28 0
9 29 1.086868402028566
10 0 0
10 1 0
10 2 0
10 3 0
10 4 1.2253934878725692
10 5 1.1683485982379778
10 6 1.1016087460224666
10 7 0
10 8 0
10 9 1.3160278753923276
10 10 1.1579996250193907
10 11 1.2065063371335243
10 12 1.3254133567688964
10 13 1.2929124050650374
10 14 0
10 15 0
10 16 0
10 17 1.2929124050650374
10 18 1.3254133567688964
10 19 1.2065063371335243
10 20 1.1579996250193907
10 21 1.3160278753923276
10 22 0
10 23 0
10 24 1.1016087460224666
10 25 1.1683485982379778
10 26 1.2253934878725692
10 27 0
10 28 0
10 29 0
11 0 1.0418014635695505
11 1 0
11 2 0
11 3 0
11 4 1.098196560973538
11 5 1.2021363951104151
11 6 0
11 7 1.154842540577968
11 8 0
11 9 0
11 10 0
11 11 1.2321281008243883
11 12 1.3001185886388786
11 13 0
11 14 0
11 15 0
11 16 0
11 17 0
11 18 1.3001185886388786
11 19 1.2321281008243883
11 20 0
11 21 0
11 22 0
11 23 1.154842540577968
11 24 0
11 25 1.2021363951104151
11 26 1.098196560973538
11 27 0
11 28 0
11 29 0
12 0 0
12 1 0
12 2 0
12 3 0
12 4 0
12 5 1.1397881158044798
12 6 1.2880801993205757
12 7 0
12 8 1.152709210446195
12 9 1.154586829907734
12 10 0
12 11 0
12 12 0
12 13 1.2180039060563597
12 14 1.1761815762493482
12 15 1.255233555165194
12 16 1.1761815762493482
12 17 1.2180039060563597
12 18 0
12 19 0
12 20 0
12 21 1.154586829907734
12 22 1.152709210446195
12 23 0
12 24 1.2880801993205757
12 25 1.1397881158044798
12 26 0
12 27 0
12 28 0
12 29 0
13 0 0
13 1 0
13 2 0
13 3 0
13 4 0
13 5 0
13 6 1.0550174097491118
13 7 1.1881935466629439
13 8 1.2110669028547154
13 9 0
13 10 0
13 11 1.0722542798298527
13 12 0
13 13 0
13 14 1.2321688316993102
13 15 0
13 16 1.2321688316993102
13 17 0
13 18 0
13 19 1.0722542798298527
13 20 0
13 21 0
13 22 1.2110669028547154
13 23 1.1881935466629439
13 24 1.0550174097491118
13 25 0
13 26 0
13 27 0
13 28 0
13 29 0
14 0 0
14 1 0
14 2 0
14 3 1.1033948324496294
14 4 1.2586823333951678
14 5 0
14 6 1.2833293672182193
14 7 1.1599970586741863
14 8 1.257940476251018
14 9 1.1469002994039337
14 10 1.13397827877055
14 11 0
14 12 1.3034308299641868
14 13 1.3422307481702465
14 14 0
14 15 1.3146811022352825
14 16 0
14 17 1.3422307481702465
14 18 1.3034308299641868
14 19 0
14 20 1.13397827877055
14 21 1.1469002994039337
14 22 1.257940476251018
14 23 1.1599970586741863
14 24 1.2833293672182193
14 25 0
14 26 1.2586823333951678
14 27 1.1033948324496294
14 28 0
14 29 0
15 0 0
15 1 0
15 2 0
15 3 1.1202885034347871
15 4 1.1935116798870817
15 5 1.2377684174302017
15 6 0
15 7 1.327055375215081
15 8 1.2712167155946192
15 9 0
15 10 0
15 11 1.3209480518266632
15 12 1.1268552093856736
15 13 0
15 14 1.2935655054123152
15 15 1.224004567992679
15 16 1.2935655054123152
15 17 0
15 18 1.1268552093856736
15 19 1.3209480518266632
15 20 0
15 21 0
15 22 1.2712167155946192
15 23 1.327055375215081
15 24 0
15 25 1.2377684174302017
15 26 1.1935116798870817
15 27 1.1202885034347871
15 28 0
15 29 0
16 0 0
16 1 0
16 2 0
16 3 1.1033948324496294
16 4 1.2586823333951678
16 5 0
16 6 1.2833293672182193
16 7 1.1599970586741863
16 8 1.257940476251018
16 9 1.1469002994039337
16 10 1.13397827877055
16 11 0
16 12 1.3034308299641868
16 13 1.3422307481702465
16 14 0
16 15 1.3146811022352825
16 16 0
16 17 1.3422307481702465
16 18 1.3034308299641868
16 19 0
16 20 1.13397827877055
16 21 1.1469002994039337
16 22 1.257940476251018
16 23 1.1599970586741863
16 24 1.2833293672182193
16 25 0
16 26 1.2586823333951678
16 27 1.1033948324496294
16 28 0
16 29 0
17 0 0
17 1 0
17 2 0
17 3 0
17 4 0
17 5 0
17 6 1.0550174097491118
17 7 1.1881935466629439
17 8 1.2110669028547154
17 9 0
17 10 0
17 11 1.0722542798298527
17 12 0
17 13 0
17 14 1.2321688316993102
17 15 0
17 16 1.2321688316993102
17 17 0
17 18 0
17 19 1.0722542798298527
17 20 0
17 21 0
17 22 1.2110669028547154
17 23 1.1881935466629439
17 24 1.0550174097491118
17 25 0
17 26 0
17 27 0
17 28 0
17 29 0
18 0 0
18 1 0
18 2 0
18 3 0
18 4 0
18 5 1.1397881158044798
18 6 1.2880801993205757
18 7 0
18 8 1.152709210446195
18 9 1.154586829907734
18 10 0
18 11 0
18 12 0
18 13 1.2180039060563597
18 14 1.1761815762493482
18 15 1.255233555165194
18 16 1.1761815762493482
18 17 1.2180039060563597
18 18 0
18 19 0
18 20 0
18 21 1.154586829907734
18 22 1.152709210446195
18 23 0
18 24 1.2880801993205757
18 25 1.1397881158044798
18 26 0
18 27 0
18 28 0
18 29 0
19 0 1.0418014635695505
19 1 0
19 2 0
19 3 0
19 4 1.098196560973538
19 5 1.2021363951104151
19 6 0
19 7 1.154842540577968
19 8 0
19 9 0
19 10 0
19 11 1.2321281008243883
19 12 1.3001185886388786
19 13 0
19 14 0
19 15 0
19 16 0
19 17 0
19 18 1.3001185886388786
19 19 1.2321281008243883
19 20 0
19 21 0
19 22 0
19 23 1.154842540577968
19 24 0
19 25 1.2021363951104151
19 26 1.098196560973538
19 27 0
19 28 0
19 29 0
20 0 0
20 1 0
20 2 0
20 3 0
20 4 1.2253934878725692
20 5 1.1683485982379778
20 6 1.1016087460224666
20 7 0
20 8 0
20 9 1.3160278753923276
20 10 1.1579996250193907
20 11 1.2065063371335243
20 12 1.3254133567688964
20 13 1.2929124050650374
20 14 0
20 15 0
20 16 0
20 17 1.2929124050650374
20 18 1.3254133567688964
20 19 1.2065063371335243
20 20 1.1579996250193907
20 21 1.3160278753923276
20 22 0
20 23 0
20 24 1.1016087460224666
20 25 1.1683485982379778
20 26 1.2253934878725692
20 27 0
20 28 0
20 29 0
21 0 0
21 1 1.086868402028566
21 2 0
21 3 1.0391688096849008
21 4 1.2897314475855561
21 5 1.2158394310860978
21 6 0
21 7 1.3008576944007089
21 8 1.2634773551110137
21 9 1.2249432795921957
21 10 0
21 11 1.116920280980601
21 12 1.17413832499234
21 13 1.254004909506715
21 14 0
21 15 1.4109300187359575
21 16 0
21 17 1.254004909506715
21 18 1.17413832499234
21 19 1.116920280980601
21 20 0
21 21 1.2249432795921957
21 22 1.2634773551110137
21 23 1.3008576944007089
21 24 0
21 25 1.2158394310860978
21 26 1.2897314475855561
21 27 1.0391688096849008
21 28 0
21 29 1.086868402028566
22 0 1.0242984846160388
22 1 0
22 2 0
22 3 0
22 4 1.2623540042870351
22 5 1.2023041245198385
22 6 1.133125771714611
22 7 1.163588307003547
22 8 1.2433985182278866
22 9 1.2049514991046815
22 10 1.1954608005342666
22 11 0
22 12 1.208116541788202
22 13 1.2098630116138187
22 14 0
22 15 1.0824126269787853
22 16 0
22 17 1.2098630116138187
22 18 1.208116541788202
22 19 0
22 20 1.1954608005342666
22 21 1.2049514991046815
22 22 1.2433985182278866
22 23 1.163588307003547
22 24 1.133125771714611
22 25 1.2023041245198385
22 26 1.2623540042870351
22 27 0
22 28 0
22 29 0
23 0 0
23 1 0
23 2 0
23 3 0
23 4 0
23 5 1.1489595779702686
23 6 1.1458654835940112
23 7 1.2133066923961295
23 8 0
23 9 0
23 10 0
23 11 0
23 12 0
23 13 1.3446355656455509
23 14 0
23 15 1.1929586446868836
23 16 0
23 17 1.3446355656455509
23 18 0
23 19 0
23 20 0
23 21 0
23 22 0
23 23 1.2133066923961295
23 24 1.1458654835940112
23 25 1.1489595779702686
23 26 0
23 27 0
23 28 0
23 29 0
24 0 0
24 1 0
24 2 0
24 3 0
24 4 0
24 5 0
24 6 1.0524238899930998
24 7 1.20194241571515
24 8 1.1117000750275379
24 9 1.2958289668689853
24 10 1.214755332442657
24 11 0
24 12 0
24 13 0
24 14 0
24 15 0
24 16 0
24 17 0
24 18 0
24 19 0
24 20 1.214755332442657
24 21 1.2958289668689853
24 22 1.1117000750275379
24 23 1.20194241571515
24 24 1.0524238899930998
24 25 0
24 26 0
24 27 0
24 28 0
24 29 0
25 0 0
25 1 0
25 2 0
25 3 0
25 4 0
25 5 0
25 6 1.0666210945889583
25 7 1.2172085566459665
25 8 0
25 9 0
25 10 1.2241042510590385
25 11 1.2274823940334645
25 12 1.2680501986102806
25 13 0
25 14 1.2041957994518855
25 15 0
25 16 1.2041957994518855
25 17 0
25 18 1.2680501986102806
25 19 1.2274823940334645
25 20 1.2241042510590385
25 21 0
25 22 0
25 23 1.2172085566459665
25 24 1.0666210945889583
25 25 0
25 26 0
25 27 0
25 28 0
25 29 0
26 0 0
26 1 0
26 2 1.0298844290487603
26 3 1.1591651987983451
26 4 0
26 5 1.0686451276132285
26 6 1.0850019486803104
26 7 1.1024277956785833
26 8 1.2090743727920263
26 9 0
26 10 1.169584571639603
26 11 1.1567340004598607
26 12 1.259275418047168
26 13 1.3010987071725566
26 14 0
26 15 0
26 16 0
26 17 1.3010987071725566
26 18 1.259275418047168
26 19 1.1567340004598607
26 20 1.169584571639603
26 21 0
26 22 1.2090743727920263
26 23 1.1024277956785833
26 24 1.0850019486803104
26 25 1.0686451276132285
26 26 0
26 27 1.1591651987983451
26 28 1.0298844290487603
26 29 0
27 0 0
27 1 0
27 2 0
27 3 0
27 4 0
27 5 0
27 6 0
27 7 1.172242449740446
27 8 1.093929919325489
27 9 1.3076660882845688
27 10 1.167115464614811
27 11 1.1299899010996681
27 12 1.1818420835896866
27 13 0
27 14 1.1808191620708683
27 15 1.261984151240417
27 16 1.1808191620708683
27 17 0
27 18 1.1818420835896866
27 19 1.1299899010996681
27 20 1.167115464614811
27 21 1.3076660882845688
27 22 1.093929919325489
27 23 1.172242449740446
27 24 0
27 25 0
27 26 0
27 27 0
27 28 0
27 29 0
28 0 0
28 1 0
28 2 0
28 3 0
28 4 0
28 5 0
28 6 0
28 7 0
28 8 0
28 9 1.121227235743007
28 10 1.1279805712760325
28 11 0
28 12 1.1715382008617086
28 13 0
28 14 1.3016660312135617
28 15 0
28 16 1.3016660312135617
28 17 0
28 18 1.1715382008617086
28 19 0
28 20 1.1279805712760325
28 21 1.121227235743007
28 22 0
28 23 0
28 24 0
28 25 0
28 26 0
28 27 0
28 28 0
28 29 0
29 0 0
29 1 0
29 2 0
29 3 0
29 4 0
29 5 0
29 6 0
29 7 0
29 8 0
29 9 0
29 10 0
29 11 0
29 12 1.226805589530233
29 13 1.0031521094160463
29 14 1.024729838894208
29 15 1.141504838654252
29 16 1.024729838894208
29 17 1.0031521094160463
29 18 1.226805589530233
29 19 0
29 20 0
29 21 0
29 22 0
29 23 0
29 24 0
29 25 0
29 26 0
29 27 0
29 28 0
29 29 0
