0 0 0
0 1 0
0 2 0
0 3 0
0 4 0
0 5 1.1197343197876093
0 6 0
0 7 1.0785863427647533
0 8 0
0 9 1.0688752455793684
0 10 1.206456901402152
0 11 0
0 12 1.1662925381027578
0 13 0
0 14 1.1626590224504996
0 15 0
0 16 0
0 17 0
0 18 0
0 19 0
0 20 1.0692842922543226
0 21 0
0 22 0
0 23 0
0 24 0
0 25 0
0 26 0
0 27 0
0 28 0
0 29 0
1 0 0
1 1 0
1 2 0
1 3 0
1 4 0
1 5 0
1 6 0
1 7 1.1542559990321966
1 8 1.064713188399132
1 9 1.1195316706808498
1 10 1.1570039031983523
1 11 1.2358127627165598
1 12 1.1666026319945357
1 13 0
1 14 0
1 15 0
1 16 1.1052691038612326
1 17 1.0793649317889895
1 18 0
1 19 0
1 20 0
1 21 1.126201633301617
1 22 0
1 23 0
1 24 0
1 25 0
1 26 0
1 27 0
1 28 0
1 29 0
2 0 0
2 1 0
2 2 0
2 3 0
2 4 0.9619601226426773
2 5 0
2 6 1.223776932087317
2 7 0
2 8 1.1726721542637606
2 9 1.19953646735842
2 10 0
2 11 1.2662238858599315
2 12 1.168209652368995
2 13 0
2 14 0
2 15 0
2 16 1.2334335904259945
2 17 1.0852069305936953
2 18 1.0706118700318068
2 19 0
2 20 0
2 21 0
2 22 0
2 23 1.0343949117394537
2 24 0
2 25 0
2 26 0
2 27 0
2 28 0
2 29 0
3 0 0
3 1 0
3 2 0
3 3 1.055342244367711
3 4 0
3 5 0
3 6 1.2176755078014014
3 7 0
3 8 0
3 9 1.135431633056478
3 10 1.1931626050415898
3 11 1.2600055168237272
3 12 1.1568868059707567
3 13 0
3 14 0
3 15 1.1299899010996681
3 16 1.1854747127960608
3 17 0
3 18 1.0920125236448308
3 19 0
3 20 0
3 21 1.0475556965593038
3 22 0
3 23 0
3 24 0
3 25 0
3 26 0
3 27 0
3 28 0
3 29 0
4 0 0
4 1 0
4 2 1.033663042654421
4 3 0
4 4 0
4 5 1.1953517466263655
4 6 0
4 7 0
4 8 1.2266829809643316
4 9 1.3289942443925276
4 10 0
4 11 1.2057414829138784
4 12 0
4 13 1.2806489320807708
4 14 0
4 15 1.1567340004598607
4 16 1.226059887730774
4 17 1.1669186420385065
4 18 1.1889392095554234
4 19 0
4 20 0
4 21 0
4 22 0
4 23 1.0702597205892324
4 24 0
4 25 0
4 26 0
4 27 0
4 28 0
4 29 0
5 0 0
5 1 0
5 2 0
5 3 1.119700617345178
5 4 0
5 5 0
5 6 1.2386505257147433
5 7 1.2623443076271004
5 8 0
5 9 1.3014430027686463
5 10 1.298833492497876
5 11 0
5 12 0
5 13 0
5 14 0
5 15 1.2274823940334645
5 16 1.1651957676030131
5 17 1.1332689164362375
5 18 1.1721426667016481
5 19 1.2077168023145497
5 20 1.0679457555703777
5 21 1.1633571013151063
5 22 1.1515039276344616
5 23 0
5 24 0
5 25 1.072058787700453
5 26 1.0256767515071497
5 27 0.9626523504042833
5 28 0
5 29 0
6 0 0
6 1 0
6 2 1.0897913174993665
6 3 0
6 4 0
6 5 0
6 6 1.266962109672836
6 7 1.1932682461870554
6 8 0
6 9 0
6 10 0
6 11 1.2639317139851902
6 12 0
6 13 0
6 14 0
6 15 0
6 16 0
6 17 0
6 18 0
6 19 0
6 20 0
6 21 1.278007467763075
6 22 0
6 23 0
6 24 0
6 25 0
6 26 0
6 27 0
6 28 0
6 29 0
7 0 0
7 1 0
7 2 1.2239464286792545
7 3 0
7 4 0
7 5 0
7 6 0
7 7 1.1685697404665139
7 8 1.2035283533783958
7 9 0
7 10 1.284467316629596
7 11 1.187754890631075
7 12 0
7 13 1.2297279856760392
7 14 1.205445945783027
7 15 0
7 16 0
7 17 1.2943051729678086
7 18 1.127037064492099
7 19 1.1684015031904018
7 20 0
7 21 1.2710442390315526
7 22 1.200119453051868
7 23 0
7 24 1.1449412122428657
7 25 0
7 26 0
7 27 1.106561115293386
7 28 0
7 29 1.0251101040809802
8 0 0
8 1 0
8 2 1.0814912937480645
8 3 1.228837348065405
8 4 1.1616062322051228
8 5 0
8 6 1.1508165578678866
8 7 1.160351284995727
8 8 0
8 9 1.3056978404938762
8 10 0
8 11 1.1595483598804897
8 12 0
8 13 1.2569476757089166
8 14 1.2638062183065086
8 15 0
8 16 0
8 17 1.2305410542650324
8 18 0
8 19 1.1495242304142306
8 20 1.2880801993205757
8 21 0
8 22 1.1300607949926091
8 23 1.068167467369746
8 24 1.0903690070488152
8 25 0
8 26 0
8 27 0
8 28 0
8 29 0
9 0 1.1865078349770593
9 1 1.1177649903428897
9 2 1.1666026319945357
9 3 1.1448482146645291
9 4 0
9 5 1.2314822258796054
9 6 0
9 7 1.2116684826347133
9 8 0
9 9 1.2966519088366109
9 10 1.2914900909807774
9 11 0
9 12 0
9 13 0
9 14 1.2477575713817701
9 15 1.116920280980601
9 16 0
9 17 1.3008385778104194
9 18 1.2357125688372501
9 19 1.338934161153831
9 20 1.2079073139297378
9 21 1.1719965817940898
9 22 0
9 23 0
9 24 0
9 25 1.1944624112322315
9 26 0
9 27 0
9 28 0
9 29 0
10 0 0
10 1 1.136255447679221
10 2 1.195318642517493
10 3 0
10 4 1.2180431992450131
10 5 0
10 6 1.2346578505249381
10 7 0
10 8 1.0783845612885823
10 9 1.3686795612370344
10 10 0
10 11 0
10 12 0
10 13 1.3122201601470351
10 14 0
10 15 1.2065063371335243
10 16 0
10 17 1.219069788569769
10 18 0
10 19 0
10 20 0
10 21 1.2051212104586286
10 22 1.3204363375051604
10 23 1.0798764680148727
10 24 1.163050613990385
10 25 1.1026927110902287
10 26 1.1603173123344903
10 27 1.0756174675563996
10 28 0
10 29 0
11 0 0
11 1 0
11 2 0
11 3 1.3012029421996312
11 4 1.2747046226736576
11 5 0
11 6 1.310596189395993
11 7 0
11 8 1.127828553604245
11 9 1.3851391428518498
11 10 0
11 11 1.4547975097517212
11 12 0
11 13 1.3544602402069503
11 14 0
11 15 1.2321281008243883
11 16 1.3421114741007345
11 17 0
11 18 0
11 19 1.2447323776806904
11 20 1.3672932711485228
11 21 1.2503140326161704
11 22 0
11 23 1.2056515178514555
11 24 1.1785951030851496
11 25 1.170249691341838
11 26 1.0041010946435263
11 27 0.9701178183710408
11 28 0
11 29 0
12 0 0
12 1 1.153697012391961
12 2 0
12 3 1.152911696414173
12 4 1.2525433538454525
12 5 1.3010987071725566
12 6 1.3443456267319225
12 7 0
12 8 1.2440516071835679
12 9 1.2720900980206817
12 10 0
12 11 0
12 12 1.3126690522017266
12 13 1.364649527793046
12 14 0
12 15 0
12 16 0
12 17 0
12 18 0
12 19 0
12 20 1.257940476251018
12 21 1.3332552594863425
12 22 1.1944539310273636
12 23 0
12 24 1.1772664106307404
12 25 1.1683485982379778
12 26 0
12 27 0
12 28 1.0696001996873563
12 29 0
13 0 0
13 1 1.156030187956588
13 2 1.1365528123148545
13 3 1.1153255707510457
13 4 1.2576712688847536
13 5 0
13 6 0
13 7 1.1143235860950091
13 8 0
13 9 1.2946891413551314
13 10 1.17413832499234
13 11 0
13 12 0
13 13 1.1217916889718647
13 14 0
13 15 1.0722542798298527
13 16 0
13 17 0
13 18 1.1991462305261742
13 19 1.2310291433339093
13 20 1.1296082360290618
13 21 0
13 22 1.208794913503246
13 23 0
13 24 1.1577731733900185
13 25 0
13 26 1.2062696152136143
13 27 1.2146619793379905
13 28 0
13 29 0
14 0 0.9948834450911216
14 1 1.1090929956982538
14 2 1.155950434742233
14 3 0
14 4 1.199199397466684
14 5 1.2958289668689853
14 6 0
14 7 1.3345635779413456
14 8 1.1206436148641727
14 9 0
14 10 1.1312196509449206
14 11 1.1622112317454973
14 12 1.2335501547865952
14 13 0
14 14 0
14 15 0
14 16 1.2625600807384674
14 17 1.3288086237829595
14 18 1.0643516717173942
14 19 0
14 20 0
14 21 1.2541281778926303
14 22 1.2880334910538107
14 23 0
14 24 1.1992587776628967
14 25 0
14 26 0
14 27 1.1345954811635286
14 28 1.0026025467877269
14 29 1.0695011646643624
15 0 0
15 1 1.1369582264568407
15 2 1.0829869491838662
15 3 0
15 4 0
15 5 1.233194245542042
15 6 0
15 7 1.213514145447501
15 8 0
15 9 1.0766749201484285
15 10 0
15 11 0
15 12 0
15 13 0
15 14 0
15 15 1.3209480518266632
15 16 0
15 17 0
15 18 0
15 19 0
15 20 0
15 21 1.0766749201484285
15 22 0
15 23 1.213514145447501
15 24 0
15 25 1.233194245542042
15 26 0
15 27 0
15 28 1.0829869491838662
15 29 1.1369582264568407
16 0 0
16 1 1.0695011646643624
16 2 1.0026025467877269
16 3 1.1345954811635286
16 4 0
16 5 0
16 6 1.1992587776628967
16 7 0
16 8 1.2880334910538107
16 9 1.2541281778926303
16 10 0
16 11 0
16 12 1.0643516717173942
16 13 1.3288086237829595
16 14 1.2625600807384674
16 15 0
16 16 0
16 17 0
16 18 1.2335501547865952
16 19 1.1622112317454973
16 20 1.1312196509449206
16 21 0
16 22 1.1206436148641727
16 23 1.3345635779413456
16 24 0
16 25 1.2958289668689853
16 26 1.199199397466684
16 27 0
16 28 1.155950434742233
16 29 1.1090929956982538
17 0 0
17 1 0
17 2 0
17 3 1.2146619793379905
17 4 1.2062696152136143
17 5 0
17 6 1.1577731733900185
17 7 0
17 8 1.208794913503246
17 9 0
17 10 1.1296082360290618
17 11 1.2310291433339093
17 12 1.1991462305261742
17 13 0
17 14 0
17 15 1.0722542798298527
17 16 0
17 17 1.1217916889718647
17 18 0
17 19 0
17 20 1.17413832499234
17 21 1.2946891413551314
17 22 0
17 23 1.1143235860950091
17 24 0
17 25 0
17 26 1.2576712688847536
17 27 1.1153255707510457
17 28 1.1365528123148545
17 29 1.156030187956588
18 0 0
18 1 0
18 2 1.0696001996873563
18 3 0
18 4 0
18 5 1.1683485982379778
18 6 1.1772664106307404
18 7 0
18 8 1.1944539310273636
18 9 1.3332552594863425
18 10 1.257940476251018
18 11 0
18 12 0
18 13 0
18 14 0
18 15 0
18 16 0
18 17 1.364649527793046
18 18 1.3126690522017266
18 19 0
18 20 0
18 21 1.2720900980206817
18 22 1.2440516071835679
18 23 0
18 24 1.3443456267319225
18 25 1.3010987071725566
18 26 1.2525433538454525
18 27 1.152911696414173
18 28 0
18 29 1.153697012391961
19 0 0
19 1 0
19 2 0
19 3 0.9701178183710408
19 4 1.0041010946435263
19 5 1.170249691341838
19 6 1.1785951030851496
19 7 1.2056515178514555
19 8 0
19 9 1.2503140326161704
19 10 1.3672932711485228
19 11 1.2447323776806904
19 12 0
19 13 0
19 14 1.3421114741007345
19 15 1.2321281008243883
19 16 0
19 17 1.3544602402069503
19 18 0
19 19 1.4547975097517212
19 20 0
19 21 1.3851391428518498
19 22 1.127828553604245
19 23 0
19 24 1.310596189395993
19 25 0
19 26 1.2747046226736576
19 27 1.3012029421996312
19 28 0
19 29 0
20 0 0
20 1 0
20 2 0
20 3 1.0756174675563996
20 4 1.1603173123344903
20 5 1.1026927110902287
20 6 1.163050613990385
20 7 1.0798764680148727
20 8 1.3204363375051604
20 9 1.2051212104586286
20 10 0
20 11 0
20 12 0
20 13 1.219069788569769
20 14 0
20 15 1.2065063371335243
20 16 0
20 17 1.3122201601470351
20 18 0
20 19 0
20 20 0
20 21 1.3686795612370344
20 22 1.0783845612885823
20 23 0
20 24 1.2346578505249381
20 25 0
20 26 1.2180431992450131
20 27 0
20 28 1.195318642517493
20 29 1.136255447679221
21 0 0
21 1 0
21 2 0
21 3 0
21 4 0
21 5 1.1944624112322315
21 6 0
21 7 0
21 8 0
21 9 1.1719965817940898
21 10 1.2079073139297378
21 11 1.338934161153831
21 12 1.2357125688372501
21 13 1.3008385778104194
21 14 0
21 15 1.116920280980601
21 16 1.2477575713817701
21 17 0
21 18 0
21 19 0
21 20 1.2914900909807774
21 21 1.2966519088366109
21 22 0
21 23 1.2116684826347133
21 24 0
21 25 1.2314822258796054
21 26 0
21 27 1.1448482146645291
21 28 1.1666026319945357
21 29 1.1177649903428897
22 0 0
22 1 0
22 2 0
22 3 0
22 4 0
22 5 0
22 6 1.0903690070488152
22 7 1.068167467369746
22 8 1.1300607949926091
22 9 0
22 10 1.2880801993205757
22 11 1.1495242304142306
22 12 0
22 13 1.2305410542650324
22 14 0
22 15 0
22 16 1.2638062183065086
22 17 1.2569476757089166
22 18 0
22 19 1.1595483598804897
22 20 0
22 21 1.3056978404938762
22 22 0
22 23 1.160351284995727
22 24 1.1508165578678866
22 25 0
22 26 1.1616062322051228
22 27 1.228837348065405
22 28 1.0814912937480645
22 29 0
23 0 0
23 1 1.0251101040809802
23 2 0
23 3 1.106561115293386
23 4 0
23 5 0
23 6 1.1449412122428657
23 7 0
23 8 1.200119453051868
23 9 1.2710442390315526
23 10 0
23 11 1.1684015031904018
23 12 1.127037064492099
23 13 1.2943051729678086
23 14 0
23 15 0
23 16 1.205445945783027
23 17 1.2297279856760392
23 18 0
23 19 1.187754890631075
23 20 1.284467316629596
23 21 0
23 22 1.2035283533783958
23 23 1.1685697404665139
23 24 0
23 25 0
23 26 0
23 27 0
23 28 1.2239464286792545
23 29 0
24 0 0
24 1 0
24 2 0
24 3 0
24 4 0
24 5 0
24 6 0
24 7 0
24 8 0
24 9 1.278007467763075
24 10 0
24 11 0
24 12 0
24 13 0
24 14 0
24 15 0
24 16 0
24 17 0
24 18 0
24 19 1.2639317139851902
24 20 0
24 21 0
24 22 0
24 23 1.1932682461870554
24 24 1.266962109672836
24 25 0
24 26 0
24 27 0
24 28 1.0897913174993665
24 29 0
25 0 0
25 1 0
25 2 0
25 3 0.9626523504042833
25 4 1.0256767515071497
25 5 1.072058787700453
25 6 0
25 7 0
25 8 1.1515039276344616
25 9 1.1633571013151063
25 10 1.0679457555703777
25 11 1.2077168023145497
25 12 1.1721426667016481
25 13 1.1332689164362375
25 14 1.1651957676030131
25 15 1.2274823940334645
25 16 0
25 17 0
25 18 0
25 19 0
25 20 1.298833492497876
25 21 1.3014430027686463
25 22 0
25 23 1.2623443076271004
25 24 1.2386505257147433
25 25 0
25 26 0
25 27 1.119700617345178
25 28 0
25 29 0
26 0 0
26 1 0
26 2 0
26 3 0
26 4 0
26 5 0
26 6 0
26 7 1.0702597205892324
26 8 0
26 9 0
26 10 0
26 11 0
26 12 1.1889392095554234
26 13 1.1669186420385065
26 14 1.226059887730774
26 15 1.1567340004598607
26 16 0
26 17 1.2806489320807708
26 18 0
26 19 1.2057414829138784
26 20 0
26 21 1.3289942443925276
26 22 1.2266829809643316
26 23 0
26 24 0
26 25 1.1953517466263655
26 26 0
26 27 0
26 28 1.033663042654421
26 29 0
27 0 0
27 1 0
27 2 0
27 3 0
27 4 0
27 5 0
27 6 0
27 7 0
27 8 0
27 9 1.0475556965593038
27 10 0
27 11 0
27 12 1.0920125236448308
27 13 0
27 14 1.1854747127960608
27 15 1.1299899010996681
27 16 0
27 17 0
27 18 1.1568868059707567
27 19 1.2600055168237272
27 20 1.1931626050415898
27 21 1.135431633056478
27 22 0
27 23 0
27 24 1.2176755078014014
27 25 0
27 26 0
27 27 1.055342244367711
27 28 0
27 29 0
28 0 0
28 1 0
28 2 0
28 3 0
28 4 0
28 5 0
28 6 0
28 7 1.0343949117394537
28 8 0
28 9 0
28 10 0
28 11 0
28 12 1.0706118700318068
28 13 1.0852069305936953
28 14 1.2334335904259945
28 15 0
28 16 0
28 17 0
28 18 1.168209652368995
28 19 1.2662238858599315
28 20 0
28 21 1.19953646735842
28 22 1.1726721542637606
28 23 0
28 24 1.223776932087317
28 25 0
28 26 0.9619601226426773
28 27 0
28 28 0
28 29 0
29 0 0
29 1 0
29 2 0
29 3 0
29 4 0
29 5 0
29 6 0
29 7 0
29 8 0
29 9 1.126201633301617
29 10 0
29 11 0
29 12 0
29 13 1.0793649317889895
29 14 1.1052691038612326
29 15 0
29 16 0
29 17 0
29 18 1.1666026319945357
29 19 1.2358127627165598
29 20 1.1570039031983523
29 21 1.1195316706808498
29 22 1.064713188399132
29 23 1.1542559990321966
29 24 0
29 25 0
29 26 0
29 27 0
29 28 0
29 29 0
