0 0 0
0 1 0
0 2 0
0 3 0
0 4 0
0 5 0
0 6 0
0 7 0
0 8 0
0 9 0
0 10 0
0 11 0
0 12 1.124457020996849
0 13 0
0 14 0
0 15 0
0 16 1.119585394769334
0 17 0
0 18 0
0 19 1.1626590224504996
0 20 1.0647844917511304
0 21 1.154102512499868
0 22 0
0 23 1.1178481614569378
0 24 0
0 25 1.118809937819899
0 26 0
0 27 0
0 28 0
0 29 0
1 0 0
1 1 0
1 2 0
1 3 0
1 4 0
1 5 0.967980012729155
1 6 0
1 7 0
1 8 0
1 9 0
1 10 0
1 11 1.1052691038612326
1 12 1.1671822631982287
1 13 1.0974399820438785
1 14 1.079782077990583
1 15 1.024729838894208
1 16 1.1556057142673877
1 17 0
1 18 1.1218523415414752
1 19 0
1 20 1.1171584547624382
1 21 0
1 22 0
1 23 0
1 24 0
1 25 1.0342403165110419
1 26 0
1 27 0
1 28 0
1 29 0
2 0 0
2 1 0
2 2 0
2 3 0
2 4 0
2 5 0
2 6 0
2 7 1.1014733162193944
2 8 0
2 9 0
2 10 1.0119500016298626
2 11 1.2334335904259945
2 12 0
2 13 0
2 14 0
2 15 1.3016660312135617
2 16 0
2 17 0
2 18 0
2 19 0
2 20 1.2770736877238318
2 21 1.1674094695795902
2 22 0
2 23 0
2 24 0
2 25 0
2 26 0
2 27 0
2 28 0
2 29 0
3 0 0
3 1 0
3 2 0
3 3 0
3 4 0
3 5 0
3 6 1.1236005545393208
3 7 0
3 8 1.0706118700318068
3 9 0
3 10 1.2090743727920263
3 11 1.1854747127960608
3 12 0
3 13 0
3 14 1.2525433538454525
3 15 1.1808191620708683
3 16 0
3 17 1.1906628663773848
3 18 1.1914156614244333
3 19 0
3 20 1.3016660312135617
3 21 1.2256227737389025
3 22 0
3 23 1.1262556670136399
3 24 0
3 25 0
3 26 0
3 27 0
3 28 0
3 29 0
4 0 0
4 1 0
4 2 0
4 3 0
4 4 0
4 5 0
4 6 1.0342523857869257
4 7 1.0026025467877269
4 8 0
4 9 1.1873993491327464
4 10 0
4 11 1.226059887730774
4 12 0
4 13 0
4 14 1.291010230943495
4 15 0
4 16 1.2977627544970436
4 17 1.1860846862886922
4 18 1.2562726396662194
4 19 0
4 20 1.1694472476017488
4 21 1.234265322088604
4 22 0
4 23 0
4 24 1.1658597500676615
4 25 0
4 26 1.1557055448706268
4 27 0
4 28 0
4 29 0
5 0 0
5 1 0
5 2 0
5 3 0
5 4 0
5 5 0
5 6 1.11807888790891
5 7 1.2412138601122555
5 8 1.247525748762223
5 9 0
5 10 0
5 11 1.1651957676030131
5 12 0
5 13 0
5 14 0
5 15 1.2041957994518855
5 16 0
5 17 1.2284053452197723
5 18 0
5 19 0
5 20 1.2698823151596574
5 21 1.2095430414244035
5 22 0
5 23 1.1531330339237746
5 24 1.1923299949735788
5 25 1.190159930088687
5 26 0
5 27 0
5 28 0
5 29 0
6 0 0
6 1 0
6 2 0
6 3 0
6 4 0
6 5 0
6 6 0
6 7 1.3019472104814187
6 8 0
6 9 1.408891511465967
6 10 0
6 11 0
6 12 0
6 13 0
6 14 1.0760808960331516
6 15 0
6 16 1.2794775910495035
6 17 0
6 18 0
6 19 0
6 20 0
6 21 0
6 22 0
6 23 0
6 24 1.1635824141757978
6 25 0
6 26 0
6 27 0
6 28 0
6 29 0
7 0 0
7 1 0
7 2 0
7 3 0
7 4 1.052657293746857
7 5 0
7 6 0
7 7 1.2550138104981683
7 8 0
7 9 0
7 10 0
7 11 0
7 12 1.1326901286359279
7 13 0
7 14 1.2638062183065086
7 15 0
7 16 1.1387175090424624
7 17 1.261054989984654
7 18 1.2440516071835679
7 19 1.205445945783027
7 20 0
7 21 0
7 22 1.2697932435320796
7 23 0
7 24 1.022015326460003
7 25 0
7 26 0
7 27 0
7 28 0
7 29 0
8 0 0
8 1 0
8 2 0
8 3 0
8 4 0
8 5 0
8 6 1.197254559334345
8 7 0
8 8 0
8 9 1.194831487098711
8 10 0
8 11 0
8 12 1.1689711547575257
8 13 1.280338002109521
8 14 0
8 15 0
8 16 0
8 17 0
8 18 1.3365828182574702
8 19 1.2638062183065086
8 20 0
8 21 1.3507283451368184
8 22 1.1838306933605713
8 23 1.265854232122783
8 24 0
8 25 1.1137808675185643
8 26 1.1272126661805753
8 27 1.1390551644571871
8 28 1.0948668712896372
8 29 0
9 0 1.102379620319461
9 1 0
9 2 0
9 3 0
9 4 1.096845801460205
9 5 1.098196560973538
9 6 1.2432321020034485
9 7 1.2136570728536118
9 8 1.255093734926113
9 9 0
9 10 1.1670931032432685
9 11 0
9 12 0
9 13 1.1922108784128564
9 14 0
9 15 0
9 16 0
9 17 0
9 18 1.2106375542202243
9 19 1.2477575713817701
9 20 0
9 21 1.109056934937747
9 22 0
9 23 1.3488021247198008
9 24 1.408891511465967
9 25 1.2337766422508853
9 26 1.1182530992572302
9 27 0
9 28 0
9 29 0
10 0 0
10 1 0
10 2 1.045591105702259
10 3 0
10 4 0
10 5 1.2310308208437826
10 6 0
10 7 1.2130465318618044
10 8 1.3344173587970174
10 9 1.1498155258108116
10 10 0
10 11 0
10 12 0
10 13 1.270342051085563
10 14 1.348224184474084
10 15 0
10 16 0
10 17 0
10 18 1.243876755411143
10 19 0
10 20 1.0413270090208753
10 21 0
10 22 0
10 23 1.3235791354233208
10 24 1.123900560748675
10 25 0
10 26 1.1110577752125712
10 27 0
10 28 0
10 29 0
11 0 0
11 1 0
11 2 0
11 3 1.0438975870068252
11 4 0
11 5 0
11 6 0
11 7 1.1749268314104153
11 8 1.2621807559382903
11 9 1.0957791218104027
11 10 0
11 11 1.3421114741007345
11 12 1.2335501547865952
11 13 1.2178877557639558
11 14 0
11 15 0
11 16 1.3733790566660322
11 17 0
11 18 0
11 19 0
11 20 1.1312196509449206
11 21 0
11 22 0
11 23 1.2744903637921772
11 24 0
11 25 0
11 26 1.2197951068161446
11 27 1.0807342497230294
11 28 1.1035321991046323
11 29 0
12 0 0
12 1 0
12 2 0
12 3 1.1121093462747
12 4 0.9730250519449586
12 5 1.2138293602825614
12 6 1.2065794656572146
12 7 1.167391897710076
12 8 1.1991190784100132
12 9 0
12 10 1.2516290074080076
12 11 0
12 12 1.2764771684277842
12 13 1.1594905014997423
12 14 0
12 15 1.1761815762493482
12 16 1.1843226090078582
12 17 0
12 18 1.1623308296941586
12 19 0
12 20 0
12 21 0
12 22 0
12 23 0
12 24 0
12 25 0
12 26 1.197254559334345
12 27 1.158596787442794
12 28 1.1255945365463729
12 29 0
13 0 0
13 1 0
13 2 0
13 3 1.180807267914477
13 4 0
13 5 1.1569788221346722
13 6 1.1946197551934348
13 7 0
13 8 1.24757850531557
13 9 1.22368715322627
13 10 0
13 11 0
13 12 0
13 13 1.2105429486220973
13 14 0
13 15 1.2321688316993102
13 16 0
13 17 1.4134681541712197
13 18 1.1594905014997423
13 19 0
13 20 0
13 21 1.3204914430112582
13 22 1.1203794566500465
13 23 1.208794913503246
13 24 0
13 25 0
13 26 1.1827172937465635
13 27 0
13 28 0
13 29 0
14 0 0
14 1 0
14 2 0
14 3 1.1641784894619989
14 4 0
14 5 0
14 6 0
14 7 0
14 8 1.1012774695048853
14 9 1.1441614211711437
14 10 1.174743965425052
14 11 1.2625600807384674
14 12 0.986267423604943
14 13 1.2885320592259522
14 14 1.2221097356465997
14 15 0
14 16 1.2251846529549495
14 17 0
14 18 1.251366106927579
14 19 0
14 20 1.1101761774829861
14 21 0
14 22 0
14 23 1.2621807559382903
14 24 0
14 25 0
14 26 1.1960008382468672
14 27 0
14 28 0
14 29 0
15 0 1.0534898866261369
15 1 0
15 2 0
15 3 1.1569147276080094
15 4 1.163050613990385
15 5 1.2775928119978701
15 6 1.1537033197535214
15 7 1.289386549115521
15 8 0
15 9 0
15 10 1.13397827877055
15 11 0
15 12 1.11801619916199
15 13 0
15 14 0
15 15 1.2935655054123152
15 16 0
15 17 0
15 18 1.11801619916199
15 19 0
15 20 1.13397827877055
15 21 0
15 22 0
15 23 1.289386549115521
15 24 1.1537033197535214
15 25 1.2775928119978701
15 26 1.163050613990385
15 27 1.1569147276080094
15 28 0
15 29 0
16 0 0
16 1 0
16 2 0
16 3 0
16 4 1.1960008382468672
16 5 0
16 6 0
16 7 1.2621807559382903
16 8 0
16 9 0
16 10 1.1101761774829861
16 11 0
16 12 1.251366106927579
16 13 0
16 14 1.2251846529549495
16 15 0
16 16 1.2221097356465997
16 17 1.2885320592259522
16 18 0.986267423604943
16 19 1.2625600807384674
16 20 1.174743965425052
16 21 1.1441614211711437
16 22 1.1012774695048853
16 23 0
16 24 0
16 25 0
16 26 0
16 27 1.1641784894619989
16 28 0
16 29 0
17 0 0
17 1 0
17 2 0
17 3 0
17 4 1.1827172937465635
17 5 0
17 6 0
17 7 1.208794913503246
17 8 1.1203794566500465
17 9 1.3204914430112582
17 10 0
17 11 0
17 12 1.1594905014997423
17 13 1.4134681541712197
17 14 0
17 15 1.2321688316993102
17 16 0
17 17 1.2105429486220973
17 18 0
17 19 0
17 20 0
17 21 1.22368715322627
17 22 1.24757850531557
17 23 0
17 24 1.1946197551934348
17 25 1.1569788221346722
17 26 0
17 27 1.180807267914477
17 28 0
17 29 0
18 0 0
18 1 0
18 2 1.1255945365463729
18 3 1.158596787442794
18 4 1.197254559334345
18 5 0
18 6 0
18 7 0
18 8 0
18 9 0
18 10 0
18 11 0
18 12 1.1623308296941586
18 13 0
18 14 1.1843226090078582
18 15 1.1761815762493482
18 16 0
18 17 1.1594905014997423
18 18 1.2764771684277842
18 19 0
18 20 1.2516290074080076
18 21 0
18 22 1.1991190784100132
18 23 1.167391897710076
18 24 1.2065794656572146
18 25 1.2138293602825614
18 26 0.9730250519449586
18 27 1.1121093462747
18 28 0
18 29 0
19 0 0
19 1 0
19 2 1.1035321991046323
19 3 1.0807342497230294
19 4 1.2197951068161446
19 5 0
19 6 0
19 7 1.2744903637921772
19 8 0
19 9 0
19 10 1.1312196509449206
19 11 0
19 12 0
19 13 0
19 14 1.3733790566660322
19 15 0
19 16 0
19 17 1.2178877557639558
19 18 1.2335501547865952
19 19 1.3421114741007345
19 20 0
19 21 1.0957791218104027
19 22 1.2621807559382903
19 23 1.1749268314104153
19 24 0
19 25 0
19 26 0
19 27 1.0438975870068252
19 28 0
19 29 0
20 0 1.0720596800316229
20 1 0
20 2 0
20 3 0
20 4 1.1110577752125712
20 5 0
20 6 1.123900560748675
20 7 1.3235791354233208
20 8 0
20 9 0
20 10 1.0413270090208753
20 11 0
20 12 1.243876755411143
20 13 0
20 14 0
20 15 0
20 16 1.348224184474084
20 17 1.270342051085563
20 18 0
20 19 0
20 20 0
20 21 1.1498155258108116
20 22 1.3344173587970174
20 23 1.2130465318618044
20 24 0
20 25 1.2310308208437826
20 26 0
20 27 0
20 28 1.045591105702259
20 29 0
21 0 0
21 1 0
21 2 0
21 3 0
21 4 1.1182530992572302
21 5 1.2337766422508853
21 6 1.408891511465967
21 7 1.3488021247198008
21 8 0
21 9 1.109056934937747
21 10 0
21 11 1.2477575713817701
21 12 1.2106375542202243
21 13 0
21 14 0
21 15 0
21 16 0
21 17 1.1922108784128564
21 18 0
21 19 0
21 20 1.1670931032432685
21 21 0
21 22 1.255093734926113
21 23 1.2136570728536118
21 24 1.2432321020034485
21 25 1.098196560973538
21 26 1.096845801460205
21 27 0
21 28 0
21 29 0
22 0 0
22 1 0
22 2 1.0948668712896372
22 3 1.1390551644571871
22 4 1.1272126661805753
22 5 1.1137808675185643
22 6 0
22 7 1.265854232122783
22 8 1.1838306933605713
22 9 1.3507283451368184
22 10 0
22 11 1.2638062183065086
22 12 1.3365828182574702
22 13 0
22 14 0
22 15 0
22 16 0
22 17 1.280338002109521
22 18 1.1689711547575257
22 19 0
22 20 0
22 21 1.194831487098711
22 22 0
22 23 0
22 24 1.197254559334345
22 25 0
22 26 0
22 27 0
22 28 0
22 29 0
23 0 1.0298844290487603
23 1 0
23 2 0
23 3 0
23 4 0
23 5 0
23 6 1.022015326460003
23 7 0
23 8 1.2697932435320796
23 9 0
23 10 0
23 11 1.205445945783027
23 12 1.2440516071835679
23 13 1.261054989984654
23 14 1.1387175090424624
23 15 0
23 16 1.2638062183065086
23 17 0
23 18 1.1326901286359279
23 19 0
23 20 0
23 21 0
23 22 0
23 23 1.2550138104981683
23 24 0
23 25 0
23 26 1.052657293746857
23 27 0
23 28 0
23 29 0
24 0 0
24 1 0
24 2 0
24 3 0
24 4 0
24 5 0
24 6 1.1635824141757978
24 7 0
24 8 0
24 9 0
24 10 0
24 11 0
24 12 0
24 13 0
24 14 1.2794775910495035
24 15 0
24 16 1.0760808960331516
24 17 0
24 18 0
24 19 0
24 20 0
24 21 1.408891511465967
24 22 0
24 23 1.3019472104814187
24 24 0
24 25 0
24 26 0
24 27 0
24 28 0
24 29 0
25 0 0
25 1 0
25 2 0
25 3 0
25 4 0
25 5 1.190159930088687
25 6 1.1923299949735788
25 7 1.1531330339237746
25 8 0
25 9 1.2095430414244035
25 10 1.2698823151596574
25 11 0
25 12 0
25 13 1.2284053452197723
25 14 0
25 15 1.2041957994518855
25 16 0
25 17 0
25 18 0
25 19 1.1651957676030131
25 20 0
25 21 0
25 22 1.247525748762223
25 23 1.2412138601122555
25 24 1.11807888790891
25 25 0
25 26 0
25 27 0
25 28 0
25 29 0
26 0 0
26 1 0
26 2 0
26 3 0
26 4 1.1557055448706268
26 5 0
26 6 1.1658597500676615
26 7 0
26 8 0
26 9 1.234265322088604
26 10 1.1694472476017488
26 11 0
26 12 1.2562726396662194
26 13 1.1860846862886922
26 14 1.2977627544970436
26 15 0
26 16 1.291010230943495
26 17 0
26 18 0
26 19 1.226059887730774
26 20 0
26 21 1.1873993491327464
26 22 0
26 23 1.0026025467877269
26 24 1.0342523857869257
26 25 0
26 26 0
26 27 0
26 28 0
26 29 0
27 0 0
27 1 0
27 2 0
27 3 0
27 4 0
27 5 0
27 6 0
27 7 1.1262556670136399
27 8 0
27 9 1.2256227737389025
27 10 1.3016660312135617
27 11 0
27 12 1.1914156614244333
27 13 1.1906628663773848
27 14 0
27 15 1.1808191620708683
27 16 1.2525433538454525
27 17 0
27 18 0
27 19 1.1854747127960608
27 20 1.2090743727920263
27 21 0
27 22 1.0706118700318068
27 23 0
27 24 1.1236005545393208
27 25 0
27 26 0
27 27 0
27 28 0
27 29 0
28 0 0
28 1 0
28 2 0
28 3 0
28 4 0
28 5 0
28 6 0
28 7 0
28 8 0
28 9 1.1674094695795902
28 10 1.2770736877238318
28 11 0
28 12 0
28 13 0
28 14 0
28 15 1.3016660312135617
28 16 0
28 17 0
28 18 0
28 19 1.2334335904259945
28 20 1.0119500016298626
28 21 0
28 22 0
28 23 1.1014733162193944
28 24 0
28 25 0
28 26 0
28 27 0
28 28 0
28 29 0
29 0 0
29 1 0
29 2 0
29 3 0
29 4 0
29 5 1.0342403165110419
29 6 0
29 7 0
29 8 0
29 9 0
29 10 1.1171584547624382
29 11 0
29 12 1.1218523415414752
29 13 0
29 14 1.1556057142673877
29 15 1.024729838894208
29 16 1.079782077990583
29 17 1.0974399820438785
29 18 1.1671822631982287
29 19 1.1052691038612326
29 20 0
29 21 0
29 22 0
29 23 0
29 24 0
29 25 0.967980012729155
29 26 0
29 27 0
29 28 0
29 29 0
