0 0 0
0 1 0
0 2 0
0 3 0
0 4 0
0 5 0
0 6 0
0 7 0
0 8 0
0 9 0
0 10 0
0 11 1.1662925381027578
0 12 1.0980260429276347
0 13 0
0 14 0
0 15 0
0 16 1.124457020996849
0 17 0.9909609232537974
0 18 1.1557055448706268
0 19 0
0 20 0
0 21 1.0888823597936477
0 22 0
0 23 0
0 24 0
0 25 0
0 26 0
0 27 0
0 28 0.8906210268293264
0 29 0
1 0 0
1 1 0
1 2 0
1 3 0
1 4 0
1 5 0
1 6 0
1 7 0
1 8 0
1 9 0
1 10 0
1 11 1.1666026319945357
1 12 0
1 13 0
1 14 1.1218523415414752
1 15 1.226805589530233
1 16 1.1671822631982287
1 17 1.1407431251871303
1 18 0
1 19 0
1 20 0
1 21 1.108980080992882
1 22 0
1 23 0
1 24 0
1 25 0
1 26 0
1 27 0
1 28 0
1 29 0
2 0 0
2 1 0
2 2 0
2 3 0
2 4 0
2 5 0
2 6 1.1263480814983586
2 7 0
2 8 0
2 9 1.209947969757796
2 10 1.276656124915279
2 11 1.168209652368995
2 12 0
2 13 0
2 14 0
2 15 1.1715382008617086
2 16 0
2 17 1.1923299949735788
2 18 0
2 19 1.0706118700318068
2 20 0
2 21 0
2 22 0
2 23 0
2 24 0
2 25 0
2 26 0
2 27 0
2 28 0
2 29 0
3 0 0
3 1 0
3 2 0
3 3 0
3 4 1.098058063422476
3 5 0
3 6 1.0814912937480645
3 7 0
3 8 1.185492033451176
3 9 0
3 10 1.3321542046692525
3 11 1.1568868059707567
3 12 1.2180431992450131
3 13 1.2081286409122938
3 14 1.1914156614244333
3 15 1.1818420835896866
3 16 0
3 17 0
3 18 0
3 19 1.0920125236448308
3 20 0
3 21 0
3 22 1.1353367063963655
3 23 0
3 24 0
3 25 0
3 26 0
3 27 0
3 28 0
3 29 0
4 0 0
4 1 0
4 2 0
4 3 1.0796439876692958
4 4 1.153811078795366
4 5 0
4 6 0
4 7 0
4 8 0
4 9 1.305513216582393
4 10 0
4 11 0
4 12 0
4 13 0
4 14 1.2562726396662194
4 15 1.259275418047168
4 16 0
4 17 1.1618141260423815
4 18 1.2213642464741958
4 19 1.1889392095554234
4 20 1.1583302138401257
4 21 0
4 22 1.2100088419909412
4 23 0
4 24 0
4 25 0
4 26 0
4 27 0
4 28 0
4 29 0
5 0 0
5 1 0
5 2 0
5 3 0
5 4 1.2017552907216733
5 5 1.3699455746079858
5 6 1.1576719618370008
5 7 0
5 8 1.2928480522621941
5 9 0
5 10 0
5 11 0
5 12 1.2010252506457957
5 13 1.310596189395993
5 14 0
5 15 1.2680501986102806
5 16 0
5 17 0
5 18 1.2429632790905296
5 19 1.1721426667016481
5 20 0
5 21 1.2501872038473065
5 22 1.1350680131991666
5 23 1.1454428523265778
5 24 0
5 25 0
5 26 0
5 27 0
5 28 0
5 29 0
6 0 0
6 1 0
6 2 1.040141998658884
6 3 1.1564934413039278
6 4 0
6 5 0
6 6 1.167957697480747
6 7 1.2930611350826378
6 8 0
6 9 0
6 10 0
6 11 0
6 12 1.2978523431907194
6 13 0
6 14 0
6 15 0
6 16 0
6 17 1.143148018615373
6 18 0
6 19 0
6 20 0
6 21 1.2097710277998668
6 22 0
6 23 1.1083579987821992
6 24 0
6 25 0
6 26 0
6 27 0
6 28 0
6 29 0
7 0 0
7 1 0
7 2 1.1626590224504996
7 3 0
7 4 1.1836315559191444
7 5 0
7 6 1.2666544254357992
7 7 0
7 8 1.2346578505249381
7 9 1.176274939097792
7 10 1.3179507950557574
7 11 0
7 12 0
7 13 1.2466785070174167
7 14 1.2440516071835679
7 15 0
7 16 1.1326901286359279
7 17 1.098710330485706
7 18 0
7 19 1.127037064492099
7 20 0
7 21 0
7 22 1.1936666903141515
7 23 1.114004139102894
7 24 0
7 25 0
7 26 0
7 27 0
7 28 0
7 29 0
8 0 0
8 1 0
8 2 0
8 3 1.0877056600127142
8 4 0
8 5 1.2326090951647783
8 6 0
8 7 1.2727315985769703
8 8 0
8 9 1.4013723314799622
8 10 1.3110328910093385
8 11 0
8 12 1.2623543642201254
8 13 1.5844424410441285
8 14 1.3365828182574702
8 15 1.208116541788202
8 16 1.1689711547575257
8 17 0
8 18 0
8 19 0
8 20 1.122082240664503
8 21 0
8 22 0
8 23 1.163050613990385
8 24 1.0851456668217552
8 25 1.283669100882434
8 26 0
8 27 0
8 28 0
8 29 0
9 0 0
9 1 0
9 2 0
9 3 1.3012881371444662
9 4 0
9 5 1.1808191620708683
9 6 1.1860846862886922
9 7 0
9 8 0
9 9 1.127828553604245
9 10 0
9 11 0
9 12 0
9 13 0
9 14 1.2106375542202243
9 15 1.17413832499234
9 16 0
9 17 0
9 18 1.2518794680671161
9 19 1.2357125688372501
9 20 1.280702443458997
9 21 1.1749268314104153
9 22 1.1161996309348683
9 23 1.2517995405505458
9 24 1.0863003415937478
9 25 0
9 26 0
9 27 1.046818880775824
9 28 0
9 29 0
10 0 0
10 1 0
10 2 1.1658597500676615
10 3 1.2492846019877173
10 4 0
10 5 1.2492628394757759
10 6 1.197605152379008
10 7 0
10 8 1.2794775910495035
10 9 1.2536726254581052
10 10 1.2195113178945718
10 11 0
10 12 0
10 13 0
10 14 1.243876755411143
10 15 1.3254133567688964
10 16 0
10 17 0
10 18 0
10 19 0
10 20 1.1961089524202488
10 21 0
10 22 0
10 23 0
10 24 0
10 25 1.1247567145603805
10 26 1.0304467884744053
10 27 0.9766050854760184
10 28 0
10 29 0
11 0 0
11 1 1.0287220152295746
11 2 1.0799453709547107
11 3 1.263743516026566
11 4 0
11 5 1.2241042510590385
11 6 0
11 7 0
11 8 0
11 9 0
11 10 0
11 11 0
11 12 1.3621772351566623
11 13 0
11 14 0
11 15 1.3001185886388786
11 16 1.2335501547865952
11 17 0
11 18 1.180375118522819
11 19 0
11 20 1.257940476251018
11 21 0
11 22 1.2841825925764414
11 23 0
11 24 1.235127197751354
11 25 0
11 26 0
11 27 1.0628500368641645
11 28 1.206719966972703
11 29 0
12 0 0
12 1 1.0240394580106036
12 2 1.1524671995436726
12 3 0
12 4 0
12 5 1.0805041464486542
12 6 1.1838306933605713
12 7 0
12 8 0
12 9 1.280338002109521
12 10 0
12 11 1.3126690522017266
12 12 1.348224184474084
12 13 0
12 14 1.1623308296941586
12 15 0
12 16 1.2764771684277842
12 17 0
12 18 0
12 19 0
12 20 0
12 21 1.24757850531557
12 22 1.2473518333203182
12 23 1.1537033197535214
12 24 1.1100401756575435
12 25 0
12 26 1.1089409852087133
12 27 0
12 28 0
12 29 0
13 0 0
13 1 0
13 2 1.1118845217799367
13 3 0
13 4 0
13 5 0
13 6 0
13 7 1.098710330485706
13 8 0
13 9 0
13 10 0
13 11 0
13 12 0
13 13 1.2967033664671486
13 14 1.1594905014997423
13 15 0
13 16 0
13 17 0
13 18 0
13 19 1.1991462305261742
13 20 1.2804818905330946
13 21 1.1275091838207028
13 22 0
13 23 1.201772953421355
13 24 0
13 25 0
13 26 1.1392096217278656
13 27 0
13 28 0
13 29 0
14 0 0
14 1 1.0700271649775899
14 2 0
14 3 1.0370670289886323
14 4 0
14 5 0
14 6 1.2602744989139818
14 7 1.316246779886583
14 8 0
14 9 0
14 10 0
14 11 1.2335501547865952
14 12 0
14 13 0
14 14 1.251366106927579
14 15 1.3034308299641868
14 16 0.986267423604943
14 17 0
14 18 0
14 19 1.0643516717173942
14 20 1.2516290074080076
14 21 1.2460135731083946
14 22 0
14 23 1.2479320983881594
14 24 1.2359886743066877
14 25 0
14 26 1.0931754796940836
14 27 0
14 28 1.2100088419909412
14 29 1.1243571198134021
15 0 0
15 1 1.1356457936823772
15 2 1.0443053436193042
15 3 0
15 4 1.1630610044709775
15 5 1.1838173117737143
15 6 1.2053908757969114
15 7 0
15 8 1.2032981764568904
15 9 0
15 10 0
15 11 0
15 12 0
15 13 1.1353548721153335
15 14 1.11801619916199
15 15 1.1268552093856736
15 16 1.11801619916199
15 17 1.1353548721153335
15 18 0
15 19 0
15 20 0
15 21 0
15 22 1.2032981764568904
15 23 0
15 24 1.2053908757969114
15 25 1.1838173117737143
15 26 1.1630610044709775
15 27 0
15 28 1.0443053436193042
15 29 1.1356457936823772
16 0 1.052561994604879
16 1 1.1243571198134021
16 2 1.2100088419909412
16 3 0
16 4 1.0931754796940836
16 5 0
16 6 1.2359886743066877
16 7 1.2479320983881594
16 8 0
16 9 1.2460135731083946
16 10 1.2516290074080076
16 11 1.0643516717173942
16 12 0
16 13 0
16 14 0.986267423604943
16 15 1.3034308299641868
16 16 1.251366106927579
16 17 0
16 18 0
16 19 1.2335501547865952
16 20 0
16 21 0
16 22 0
16 23 1.316246779886583
16 24 1.2602744989139818
16 25 0
16 26 0
16 27 1.0370670289886323
16 28 0
16 29 1.0700271649775899
17 0 0
17 1 0
17 2 0
17 3 0
17 4 1.1392096217278656
17 5 0
17 6 0
17 7 1.201772953421355
17 8 0
17 9 1.1275091838207028
17 10 1.2804818905330946
17 11 1.1991462305261742
17 12 0
17 13 0
17 14 0
17 15 0
17 16 1.1594905014997423
17 17 1.2967033664671486
17 18 0
17 19 0
17 20 0
17 21 0
17 22 0
17 23 1.098710330485706
17 24 0
17 25 0
17 26 0
17 27 0
17 28 1.1118845217799367
17 29 0
18 0 0
18 1 0
18 2 0
18 3 0
18 4 1.1089409852087133
18 5 0
18 6 1.1100401756575435
18 7 1.1537033197535214
18 8 1.2473518333203182
18 9 1.24757850531557
18 10 0
18 11 0
18 12 0
18 13 0
18 14 1.2764771684277842
18 15 0
18 16 1.1623308296941586
18 17 0
18 18 1.348224184474084
18 19 1.3126690522017266
18 20 0
18 21 1.280338002109521
18 22 0
18 23 0
18 24 1.1838306933605713
18 25 1.0805041464486542
18 26 0
18 27 0
18 28 1.1524671995436726
18 29 1.0240394580106036
19 0 0
19 1 0
19 2 1.206719966972703
19 3 1.0628500368641645
19 4 0
19 5 0
19 6 1.235127197751354
19 7 0
19 8 1.2841825925764414
19 9 0
19 10 1.257940476251018
19 11 0
19 12 1.180375118522819
19 13 0
19 14 1.2335501547865952
19 15 1.3001185886388786
19 16 0
19 17 0
19 18 1.3621772351566623
19 19 0
19 20 0
19 21 0
19 22 0
19 23 0
19 24 0
19 25 1.2241042510590385
19 26 0
19 27 1.263743516026566
19 28 1.0799453709547107
19 29 1.0287220152295746
20 0 0
20 1 0
20 2 0
20 3 0.9766050854760184
20 4 1.0304467884744053
20 5 1.1247567145603805
20 6 0
20 7 0
20 8 0
20 9 0
20 10 1.1961089524202488
20 11 0
20 12 0
20 13 0
20 14 0
20 15 1.3254133567688964
20 16 1.243876755411143
20 17 0
20 18 0
20 19 0
20 20 1.2195113178945718
20 21 1.2536726254581052
20 22 1.2794775910495035
20 23 0
20 24 1.197605152379008
20 25 1.2492628394757759
20 26 0
20 27 1.2492846019877173
20 28 1.1658597500676615
20 29 0
21 0 0
21 1 0
21 2 0
21 3 1.046818880775824
21 4 0
21 5 0
21 6 1.0863003415937478
21 7 1.2517995405505458
21 8 1.1161996309348683
21 9 1.1749268314104153
21 10 1.280702443458997
21 11 1.2357125688372501
21 12 1.2518794680671161
21 13 0
21 14 0
21 15 1.17413832499234
21 16 1.2106375542202243
21 17 0
21 18 0
21 19 0
21 20 0
21 21 1.127828553604245
21 22 0
21 23 0
21 24 1.1860846862886922
21 25 1.1808191620708683
21 26 0
21 27 1.3012881371444662
21 28 0
21 29 0
22 0 0
22 1 0
22 2 0
22 3 0
22 4 0
22 5 1.283669100882434
22 6 1.0851456668217552
22 7 1.163050613990385
22 8 0
22 9 0
22 10 1.122082240664503
22 11 0
22 12 0
22 13 0
22 14 1.1689711547575257
22 15 1.208116541788202
22 16 1.3365828182574702
22 17 1.5844424410441285
22 18 1.2623543642201254
22 19 0
22 20 1.3110328910093385
22 21 1.4013723314799622
22 22 0
22 23 1.2727315985769703
22 24 0
22 25 1.2326090951647783
22 26 0
22 27 1.0877056600127142
22 28 0
22 29 0
23 0 0
23 1 0
23 2 0
23 3 0
23 4 0
23 5 0
23 6 0
23 7 1.114004139102894
23 8 1.1936666903141515
23 9 0
23 10 0
23 11 1.127037064492099
23 12 0
23 13 1.098710330485706
23 14 1.1326901286359279
23 15 0
23 16 1.2440516071835679
23 17 1.2466785070174167
23 18 0
23 19 0
23 20 1.3179507950557574
23 21 1.176274939097792
23 22 1.2346578505249381
23 23 0
23 24 1.2666544254357992
23 25 0
23 26 1.1836315559191444
23 27 0
23 28 1.1626590224504996
23 29 0
24 0 0
24 1 0
24 2 0
24 3 0
24 4 0
24 5 0
24 6 0
24 7 1.1083579987821992
24 8 0
24 9 1.2097710277998668
24 10 0
24 11 0
24 12 0
24 13 1.143148018615373
24 14 0
24 15 0
24 16 0
24 17 0
24 18 1.2978523431907194
24 19 0
24 20 0
24 21 0
24 22 0
24 23 1.2930611350826378
24 24 1.167957697480747
24 25 0
24 26 0
24 27 1.1564934413039278
24 28 1.040141998658884
24 29 0
25 0 0
25 1 0
25 2 0
25 3 0
25 4 0
25 5 0
25 6 0
25 7 1.1454428523265778
25 8 1.1350680131991666
25 9 1.2501872038473065
25 10 0
25 11 1.1721426667016481
25 12 1.2429632790905296
25 13 0
25 14 0
25 15 1.2680501986102806
25 16 0
25 17 1.310596189395993
25 18 1.2010252506457957
25 19 0
25 20 0
25 21 0
25 22 1.2928480522621941
25 23 0
25 24 1.1576719618370008
25 25 1.3699455746079858
25 26 1.2017552907216733
25 27 0
25 28 0
25 29 0
26 0 0
26 1 0
26 2 0
26 3 0
26 4 0
26 5 0
26 6 0
26 7 0
26 8 1.2100088419909412
26 9 0
26 10 1.1583302138401257
26 11 1.1889392095554234
26 12 1.2213642464741958
26 13 1.1618141260423815
26 14 0
26 15 1.259275418047168
26 16 1.2562726396662194
26 17 0
26 18 0
26 19 0
26 20 0
26 21 1.305513216582393
26 22 0
26 23 0
26 24 0
26 25 0
26 26 1.153811078795366
26 27 1.0796439876692958
26 28 0
26 29 0
27 0 0
27 1 0
27 2 0
27 3 0
27 4 0
27 5 0
27 6 0
27 7 0
27 8 1.1353367063963655
27 9 0
27 10 0
27 11 1.0920125236448308
27 12 0
27 13 0
27 14 0
27 15 1.1818420835896866
27 16 1.1914156614244333
27 17 1.2081286409122938
27 18 1.2180431992450131
27 19 1.1568868059707567
27 20 1.3321542046692525
27 21 0
27 22 1.185492033451176
27 23 0
27 24 1.0814912937480645
27 25 0
27 26 1.098058063422476
27 27 0
27 28 0
27 29 0
28 0 0
28 1 0
28 2 0
28 3 0
28 4 0
28 5 0
28 6 0
28 7 0
28 8 0
28 9 0
28 10 0
28 11 1.0706118700318068
28 12 0
28 13 1.1923299949735788
28 14 0
28 15 1.1715382008617086
28 16 0
28 17 0
28 18 0
28 19 1.168209652368995
28 20 1.276656124915279
28 21 1.209947969757796
28 22 0
28 23 0
28 24 1.1263480814983586
28 25 0
28 26 0
28 27 0
28 28 0
28 29 0
29 0 0
29 1 0
29 2 0
29 3 0
29 4 0
29 5 0
29 6 0
29 7 0
29 8 0
29 9 1.108980080992882
29 10 0
29 11 0
29 12 0
29 13 1.1407431251871303
29 14 1.1671822631982287
29 15 1.226805589530233
29 16 1.1218523415414752
29 17 0
29 18 0
29 19 1.1666026319945357
29 20 0
29 21 0
29 22 0
29 23 0
29 24 0
29 25 0
29 26 0
29 27 0
29 28 0
29 29 0
