0 0 5.411439004427474
0 1 6.091790061533874
0 2 7.109955502786089
0 3 5.956692175840412
0 4 6.369361516433628
0 5 7.076531994054106
0 6 6.852778987483137
0 7 8.042508551620132
0 8 7.2314599578039465
0 9 6.927799044670018
0 10 6.828302898185039
0 11 7.140141688629401
0 12 7.837697421107872
0 13 6.463828110822577
0 14 6.232796628723848
0 15 5.900599911956016
0 16 6.345322494296544
0 17 7.018221971064307
0 18 5.862190687032875
0 19 5.851934312043055
0 20 5.939666574359876
0 21 7.0564887250342965
0 22 7.091473199589426
0 23 6.348055858636308
0 24 5.643161456938705
0 25 8.274960542016446
0 26 6.776827113648807
0 27 7.08122716123466
0 28 7.216262720606163
0 29 5.891373807694493
1 0 6.708930731825587
1 1 7.117693356562384
1 2 6.245678431373193
1 3 5.571613861662644
1 4 6.322166489409117
1 5 7.064201167582472
1 6 6.594441696945364
1 7 6.701464491756155
1 8 6.44519873164651
1 9 6.956955907511548
1 10 7.396274811151549
1 11 7.433951095511804
1 12 6.128655955981663
1 13 7.279906643133775
1 14 7.031462526461871
1 15 7.776067985408044
1 16 7.841224999587379
1 17 6.407803476775585
1 18 7.373772163568988
1 19 7.166191718172927
1 20 7.987742050814647
1 21 7.291517058514013
1 22 6.19058546646373
1 23 6.848111277984869
1 24 7.9650169958477575
1 25 6.603046533863717
1 26 7.343018247293599
1 27 6.950831896828145
1 28 7.762810522762637
1 29 8.002464748097719
2 0 6.8402043978972005
2 1 5.566756551471941
2 2 6.272303779051292
2 3 7.060544968174823
2 4 7.416129954614726
2 5 7.2900773531370255
2 6 6.037538580722325
2 7 7.688634822326616
2 8 7.239525380237394
2 9 6.703669422297246
2 10 6.407188279831569
2 11 7.9694035723438965
2 12 8.516642821239849
2 13 6.242727865704914
2 14 6.102876441496893
2 15 6.552875798401336
2 16 6.203046355720454
2 17 6.228812471688588
2 18 7.060052283403045
2 19 5.768820327135767
2 20 6.46398745656582
2 21 6.501851211233003
2 22 7.548960184166275
2 23 7.1551628762428665
2 24 7.03057558728865
2 25 6.983268655105484
2 26 7.301020817966684
2 27 7.302852808285641
2 28 6.945191251548741
2 29 5.810915368580632
3 0 5.906647181760109
3 1 6.988595494708584
3 2 6.882247946644989
3 3 6.846294282643319
3 4 7.581495108772103
3 5 6.6072103669364814
3 6 6.694653616395017
3 7 7.791158513567287
3 8 7.734835483088353
3 9 6.814004911094391
3 10 6.812729311667073
3 11 6.776210523880982
3 12 5.820112992846205
3 13 5.8968841913866195
3 14 6.867449037061431
3 15 7.46274405585097
3 16 7.263155917656191
3 17 5.851354703030783
3 18 7.021756045041871
3 19 7.07517341727154
3 20 7.303566959249939
3 21 8.047513798251803
3 22 6.1344419187533
3 23 6.862011608148283
3 24 6.285209949227263
3 25 7.544883139178703
3 26 7.782652812365956
3 27 7.204207840865619
3 28 8.120564598632125
3 29 5.9752970259217735
4 0 6.330307017479414
4 1 6.688335657482208
4 2 7.8994712892068275
4 3 7.1100750021124375
4 4 7.179085745231242
4 5 6.758985500107934
4 6 8.057004574207886
4 7 7.043682017265767
4 8 7.046676728142447
4 9 7.404269934656425
4 10 6.364462100106082
4 11 6.636504125337478
4 12 6.953045000000279
4 13 6.656823285270489
4 14 7.034791546198544
4 15 7.435500223316833
4 16 6.988529808614298
4 17 6.470775480189407
4 18 7.072499712931596
4 19 6.150754373617059
4 20 5.962675144488479
4 21 7.455252407833857
4 22 5.857469503029976
4 23 6.788878395323426
4 24 6.921184455702812
4 25 6.947902625039624
4 26 7.521075616633966
4 27 6.932128217876839
4 28 6.328969480625813
4 29 7.310322168355601
5 0 6.219770471672851
5 1 6.048760630922708
5 2 7.955118817283297
5 3 7.076626683684489
5 4 6.01918720180913
5 5 7.33634492456812
5 6 6.672316969227184
5 7 6.47555857939949
5 8 6.643534971559493
5 9 5.878126973560707
5 10 6.190731379372372
5 11 7.712927758366037
5 12 5.839380295998186
5 13 6.483715413087863
5 14 5.284908380461632
5 15 6.0125874761903395
5 16 7.302898886462949
5 17 6.1779053656302665
5 18 7.1186556788151805
5 19 5.142280515348615
5 20 7.081489665607987
5 21 5.938962242556699
5 22 6.829898842473672
5 23 6.615783263922304
5 24 6.627494455060175
5 25 7.256081122468643
5 26 6.41113353832555
5 27 7.164165584197677
5 28 7.542017371191703
5 29 7.402565263932161
6 0 6.707483204536715
6 1 6.548441628711978
6 2 6.4513422589009
6 3 6.269865198132623
6 4 7.042437257781429
6 5 7.305970785674382
6 6 7.131975484657662
6 7 6.949294961545317
6 8 5.773251980451432
6 9 6.2228170275699215
6 10 6.711778749037395
6 11 5.295795569911039
6 12 6.96146370658295
6 13 5.975881831381025
6 14 6.386074946933867
6 15 5.182603680648916
6 16 6.006490107503018
6 17 7.013390610970678
6 18 6.395099565647443
6 19 7.2089634213050005
6 20 6.9845298667421005
6 21 6.981575586022378
6 22 6.508995436825412
6 23 6.127073924762042
6 24 6.0774440425720275
6 25 6.085632138602572
6 26 7.205043254496228
6 27 5.755849670273985
6 28 7.273857055861223
6 29 6.642511908172324
7 0 6.898278039215984
7 1 7.338496588457511
7 2 6.650615830633094
7 3 7.821371476280656
7 4 6.33779635509884
7 5 6.637816630293153
7 6 6.711009061494447
7 7 7.259432871718662
7 8 6.1355689064602155
7 9 5.6528266292623135
7 10 6.688016544536945
7 11 6.83174951701709
7 12 5.933496459813791
7 13 6.046712461255711
7 14 5.95161279377636
7 15 5.963271475315758
7 16 6.229366785477592
7 17 4.785478907659561
7 18 5.77254377917932
7 19 5.278714534487623
7 20 5.6501634369336005
7 21 6.253707190060627
7 22 6.024997577883643
7 23 6.366850921627023
7 24 6.867449037061431
7 25 4.742309030169807
7 26 7.482487804683208
7 27 6.340121204576792
7 28 6.439140031641377
7 29 7.714815406291634
8 0 6.905810940756131
8 1 6.745427065206576
8 2 6.31423123302764
8 3 6.647202958248985
8 4 6.485983976723408
8 5 6.940692850134521
8 6 8.22636956637852
8 7 6.968878093307782
8 8 6.635310137596409
8 9 5.8314845378954905
8 10 6.792947131156006
8 11 6.42857540535109
8 12 6.815310206168182
8 13 7.445877068929295
8 14 5.3631533308383705
8 15 5.515934590583432
8 16 4.7375783941382155
8 17 5.173299063144726
8 18 6.180467231999194
8 19 5.245744191431498
8 20 6.110640684328611
8 21 6.5844391319732365
8 22 5.915987144273977
8 23 7.079377248400304
8 24 6.3475562758153234
8 25 5.835464784495395
8 26 7.457817647954374
8 27 6.780842692294714
8 28 5.908216317477259
8 29 6.667118822974823
9 0 6.348607952026735
9 1 7.28199693569171
9 2 6.84600651463446
9 3 7.334331605651037
9 4 6.358919594270882
9 5 8.191724351862261
9 6 6.213116160607326
9 7 6.34694634779681
9 8 6.464881983643185
9 9 6.1686741762203825
9 10 6.3776075710684035
9 11 6.943945399426947
9 12 5.33136572470554
9 13 5.937817065319942
9 14 5.5853087527495875
9 15 4.970327151445643
9 16 3.969167258103374
9 17 3.7394100173010902
9 18 3.8599209562116457
9 19 5.435171617554316
9 20 5.196739393513341
9 21 6.228457062135372
9 22 5.952898031907658
9 23 6.462783386226871
9 24 6.966244937640395
9 25 6.458289424200634
9 26 5.866471152163428
9 27 8.425685762208742
9 28 7.662262746500829
9 29 6.956955907511548
10 0 7.444333295606549
10 1 7.664291898727303
10 2 7.719159278393311
10 3 8.319445889519796
10 4 6.625962678446098
10 5 6.965949938767959
10 6 5.859786782120173
10 7 6.20366200245254
10 8 7.079190285108424
10 9 6.075736915570733
10 10 6.949375361141097
10 11 6.1612133769232305
10 12 6.230281219293812
10 13 5.243743555408994
10 14 5.8904404232860665
10 15 5.027850028038418
10 16 3.5364088387906043
10 17 0
10 18 3.4043236081798334
10 19 4.36850603925722
10 20 4.6233201709552
10 21 5.682089053458754
10 22 6.459777597714967
10 23 6.4082425357878146
10 24 5.692952754255127
10 25 7.003787219938794
10 26 5.946217753829578
10 27 7.885845642049008
10 28 7.754793515306206
10 29 6.513942580741622
11 0 7.524699720052516
11 1 6.256042113436988
11 2 6.99581398372136
11 3 6.161757591116251
11 4 7.515967921749794
11 5 7.037691723259182
11 6 7.186153674318197
11 7 6.315131679382288
11 8 5.860330147878593
11 9 6.327119179176823
11 10 6.164825514846863
11 11 5.664689952534608
11 12 6.080380289176156
11 13 5.372570485731979
11 14 5.640484694370232
11 15 5.574622422234953
11 16 3.4788350087936717
11 17 4.943546557686104
11 18 4.169134798145085
11 19 5.661567639477974
11 20 6.103558307371455
11 21 6.956911509140038
11 22 6.38250621849827
11 23 6.112221720881965
11 24 6.1040350547988975
11 25 6.62297867255629
11 26 6.899605994331362
11 27 8.295346919081538
11 28 6.850821773591542
11 29 7.005148090058894
12 0 5.977158113002976
12 1 7.1853295664846835
12 2 8.020744070502097
12 3 7.168209417160406
12 4 7.014572178745258
12 5 6.9387055353238125
12 6 7.3924330608807365
12 7 6.6187081808014065
12 8 6.470279574542045
12 9 5.844632389292876
12 10 7.460497890411261
12 11 5.732534543698486
12 12 6.422677706428304
12 13 5.348470888488835
12 14 6.913188650451294
12 15 5.483503299510876
12 16 4.440967906706179
12 17 4.388388933600858
12 18 4.882874692844626
12 19 6.57016718108361
12 20 5.5055038622956225
12 21 5.9645906880826605
12 22 6.815310206168182
12 23 6.041193529879372
12 24 7.216547914943474
12 25 7.537738401774412
12 26 6.513410044357021
12 27 7.30575561231757
12 28 7.160875189613136
12 29 7.398710692242187
13 0 6.557168030837688
13 1 8.274244064554205
13 2 7.971508616274754
13 3 6.480277641744576
13 4 8.19211974474536
13 5 6.1281708569183815
13 6 7.051791572551749
13 7 7.028725750592689
13 8 6.2572202523089295
13 9 5.489312535347716
13 10 6.84107310615494
13 11 6.120173669910064
13 12 5.273542175012019
13 13 5.642054205117275
13 14 6.409746774630609
13 15 5.670325907391515
13 16 6.520668418545975
13 17 6.270405384781905
13 18 5.019655496352449
13 19 5.855146242547202
13 20 5.730816192337508
13 21 6.471520272598224
13 22 6.306311312819578
13 23 7.240985526678922
13 24 6.436359227727561
13 25 6.803487700326138
13 26 6.6450949966184725
13 27 7.746664936073099
13 28 5.627732237016772
13 29 7.929017503763283
14 0 5.433369885678508
14 1 7.626796181676594
14 2 7.401694295186594
14 3 6.777412485502597
14 4 6.048357331753333
14 5 6.544518404677272
14 6 6.629686593333293
14 7 5.865200283344958
14 8 6.713091260791166
14 9 5.45762016350726
14 10 6.482253463296824
14 11 6.472546307943686
14 12 6.11843367216484
14 13 5.535170201436416
14 14 5.3069846813717625
14 15 6.315814514219173
14 16 5.430494101646555
14 17 6.157404554858263
14 18 5.855317810543917
14 19 5.407200778508969
14 20 5.023726814009773
14 21 5.675312894576255
14 22 4.831619140025889
14 23 5.601089403205388
14 24 6.493794525041441
14 25 7.383282651821637
14 26 6.3337649825029265
14 27 6.949294961545317
14 28 7.031899088160197
14 29 8.535914595102229
15 0 6.201307535842127
15 1 6.591679058452883
15 2 6.926332973956027
15 3 7.364633472027181
15 4 6.174064506377459
15 5 6.707133184177462
15 6 6.321181393566726
15 7 6.573879500890062
15 8 7.011162930189909
15 9 5.93669378769381
15 10 6.186671766144908
15 11 5.898418825908277
15 12 7.148706251147904
15 13 5.304697716111485
15 14 5.186397338334393
15 15 5.181419954577344
15 16 5.186397338334393
15 17 5.304697716111485
15 18 7.148706251147904
15 19 5.898418825908277
15 20 6.186671766144908
15 21 5.93669378769381
15 22 7.011162930189909
15 23 6.573879500890062
15 24 6.321181393566726
15 25 6.707133184177462
15 26 6.174064506377459
15 27 7.364633472027181
15 28 6.926332973956027
15 29 6.591679058452883
16 0 6.199464793167558
16 1 8.535914595102229
16 2 7.031899088160197
16 3 6.949294961545317
16 4 6.3337649825029265
16 5 7.383282651821637
16 6 6.493794525041441
16 7 5.601089403205388
16 8 4.831619140025889
16 9 5.675312894576255
16 10 5.023726814009773
16 11 5.407200778508969
16 12 5.855317810543917
16 13 6.157404554858263
16 14 5.430494101646555
16 15 6.315814514219173
16 16 5.3069846813717625
16 17 5.535170201436416
16 18 6.11843367216484
16 19 6.472546307943686
16 20 6.482253463296824
16 21 5.45762016350726
16 22 6.713091260791166
16 23 5.865200283344958
16 24 6.629686593333293
16 25 6.544518404677272
16 26 6.048357331753333
16 27 6.777412485502597
16 28 7.401694295186594
16 29 7.626796181676594
17 0 7.1559034920518565
17 1 7.929017503763283
17 2 5.627732237016772
17 3 7.746664936073099
17 4 6.6450949966184725
17 5 6.803487700326138
17 6 6.436359227727561
17 7 7.240985526678922
17 8 6.306311312819578
17 9 6.471520272598224
17 10 5.730816192337508
17 11 5.855146242547202
17 12 5.019655496352449
17 13 6.270405384781905
17 14 6.520668418545975
17 15 5.670325907391515
17 16 6.409746774630609
17 17 5.642054205117275
17 18 5.273542175012019
17 19 6.120173669910064
17 20 6.84107310615494
17 21 5.489312535347716
17 22 6.2572202523089295
17 23 7.028725750592689
17 24 7.051791572551749
17 25 6.1281708569183815
17 26 8.19211974474536
17 27 6.480277641744576
17 28 7.971508616274754
17 29 8.274244064554205
18 0 5.396933162193193
18 1 7.398710692242187
18 2 7.160875189613136
18 3 7.30575561231757
18 4 6.513410044357021
18 5 7.537738401774412
18 6 7.216547914943474
18 7 6.041193529879372
18 8 6.815310206168182
18 9 5.9645906880826605
18 10 5.5055038622956225
18 11 6.57016718108361
18 12 4.882874692844626
18 13 4.388388933600858
18 14 4.440967906706179
18 15 5.483503299510876
18 16 6.913188650451294
18 17 5.348470888488835
18 18 6.422677706428304
18 19 5.732534543698486
18 20 7.460497890411261
18 21 5.844632389292876
18 22 6.470279574542045
18 23 6.6187081808014065
18 24 7.3924330608807365
18 25 6.9387055353238125
18 26 7.014572178745258
18 27 7.168209417160406
18 28 8.020744070502097
18 29 7.1853295664846835
19 0 7.334092295664401
19 1 7.005148090058894
19 2 6.850821773591542
19 3 8.295346919081538
19 4 6.899605994331362
19 5 6.62297867255629
19 6 6.1040350547988975
19 7 6.112221720881965
19 8 6.38250621849827
19 9 6.956911509140038
19 10 6.103558307371455
19 11 5.661567639477974
19 12 4.169134798145085
19 13 4.943546557686104
19 14 3.4788350087936717
19 15 5.574622422234953
19 16 5.640484694370232
19 17 5.372570485731979
19 18 6.080380289176156
19 19 5.664689952534608
19 20 6.164825514846863
19 21 6.327119179176823
19 22 5.860330147878593
19 23 6.315131679382288
19 24 7.186153674318197
19 25 7.037691723259182
19 26 7.515967921749794
19 27 6.161757591116251
19 28 6.99581398372136
19 29 6.256042113436988
20 0 6.322358917256046
20 1 6.513942580741622
20 2 7.754793515306206
20 3 7.885845642049008
20 4 5.946217753829578
20 5 7.003787219938794
20 6 5.692952754255127
20 7 6.4082425357878146
20 8 6.459777597714967
20 9 5.682089053458754
20 10 4.6233201709552
20 11 4.36850603925722
20 12 3.4043236081798334
20 13 0
20 14 3.5364088387906043
20 15 5.027850028038418
20 16 5.8904404232860665
20 17 5.243743555408994
20 18 6.230281219293812
20 19 6.1612133769232305
20 20 6.949375361141097
20 21 6.075736915570733
20 22 7.079190285108424
20 23 6.20366200245254
20 24 5.859786782120173
20 25 6.965949938767959
20 26 6.625962678446098
20 27 8.319445889519796
20 28 7.719159278393311
20 29 7.664291898727303
21 0 7.053665777481951
21 1 6.956955907511548
21 2 7.662262746500829
21 3 8.425685762208742
21 4 5.866471152163428
21 5 6.458289424200634
21 6 6.966244937640395
21 7 6.462783386226871
21 8 5.952898031907658
21 9 6.228457062135372
21 10 5.196739393513341
21 11 5.435171617554316
21 12 3.8599209562116457
21 13 3.7394100173010902
21 14 3.969167258103374
21 15 4.970327151445643
21 16 5.5853087527495875
21 17 5.937817065319942
21 18 5.33136572470554
21 19 6.943945399426947
21 20 6.3776075710684035
21 21 6.1686741762203825
21 22 6.464881983643185
21 23 6.34694634779681
21 24 6.213116160607326
21 25 8.191724351862261
21 26 6.358919594270882
21 27 7.334331605651037
21 28 6.84600651463446
21 29 7.28199693569171
22 0 7.420637194484899
22 1 6.667118822974823
22 2 5.908216317477259
22 3 6.780842692294714
22 4 7.457817647954374
22 5 5.835464784495395
22 6 6.3475562758153234
22 7 7.079377248400304
22 8 5.915987144273977
22 9 6.5844391319732365
22 10 6.110640684328611
22 11 5.245744191431498
22 12 6.180467231999194
22 13 5.173299063144726
22 14 4.7375783941382155
22 15 5.515934590583432
22 16 5.3631533308383705
22 17 7.445877068929295
22 18 6.815310206168182
22 19 6.42857540535109
22 20 6.792947131156006
22 21 5.8314845378954905
22 22 6.635310137596409
22 23 6.968878093307782
22 24 8.22636956637852
22 25 6.940692850134521
22 26 6.485983976723408
22 27 6.647202958248985
22 28 6.31423123302764
22 29 6.745427065206576
23 0 7.895877782913217
23 1 7.714815406291634
23 2 6.439140031641377
23 3 6.340121204576792
23 4 7.482487804683208
23 5 4.742309030169807
23 6 6.867449037061431
23 7 6.366850921627023
23 8 6.024997577883643
23 9 6.253707190060627
23 10 5.6501634369336005
23 11 5.278714534487623
23 12 5.77254377917932
23 13 4.785478907659561
23 14 6.229366785477592
23 15 5.963271475315758
23 16 5.95161279377636
23 17 6.046712461255711
23 18 5.933496459813791
23 19 6.83174951701709
23 20 6.688016544536945
23 21 5.6528266292623135
23 22 6.1355689064602155
23 23 7.259432871718662
23 24 6.711009061494447
23 25 6.637816630293153
23 26 6.33779635509884
23 27 7.821371476280656
23 28 6.650615830633094
23 29 7.338496588457511
24 0 6.472954065538472
24 1 6.642511908172324
24 2 7.273857055861223
24 3 5.755849670273985
24 4 7.205043254496228
24 5 6.085632138602572
24 6 6.0774440425720275
24 7 6.127073924762042
24 8 6.508995436825412
24 9 6.981575586022378
24 10 6.9845298667421005
24 11 7.2089634213050005
24 12 6.395099565647443
24 13 7.013390610970678
24 14 6.006490107503018
24 15 5.182603680648916
24 16 6.386074946933867
24 17 5.975881831381025
24 18 6.96146370658295
24 19 5.295795569911039
24 20 6.711778749037395
24 21 6.2228170275699215
24 22 5.773251980451432
24 23 6.949294961545317
24 24 7.131975484657662
24 25 7.305970785674382
24 26 7.042437257781429
24 27 6.269865198132623
24 28 6.4513422589009
24 29 6.548441628711978
25 0 5.766539999808304
25 1 7.402565263932161
25 2 7.542017371191703
25 3 7.164165584197677
25 4 6.41113353832555
25 5 7.256081122468643
25 6 6.627494455060175
25 7 6.615783263922304
25 8 6.829898842473672
25 9 5.938962242556699
25 10 7.081489665607987
25 11 5.142280515348615
25 12 7.1186556788151805
25 13 6.1779053656302665
25 14 7.302898886462949
25 15 6.0125874761903395
25 16 5.284908380461632
25 17 6.483715413087863
25 18 5.839380295998186
25 19 7.712927758366037
25 20 6.190731379372372
25 21 5.878126973560707
25 22 6.643534971559493
25 23 6.47555857939949
25 24 6.672316969227184
25 25 7.33634492456812
25 26 6.01918720180913
25 27 7.076626683684489
25 28 7.955118817283297
25 29 6.048760630922708
26 0 7.308594799013683
26 1 7.310322168355601
26 2 6.328969480625813
26 3 6.932128217876839
26 4 7.521075616633966
26 5 6.947902625039624
26 6 6.921184455702812
26 7 6.788878395323426
26 8 5.857469503029976
26 9 7.455252407833857
26 10 5.962675144488479
26 11 6.150754373617059
26 12 7.072499712931596
26 13 6.470775480189407
26 14 6.988529808614298
26 15 7.435500223316833
26 16 7.034791546198544
26 17 6.656823285270489
26 18 6.953045000000279
26 19 6.636504125337478
26 20 6.364462100106082
26 21 7.404269934656425
26 22 7.046676728142447
26 23 7.043682017265767
26 24 8.057004574207886
26 25 6.758985500107934
26 26 7.179085745231242
26 27 7.1100750021124375
26 28 7.8994712892068275
26 29 6.688335657482208
27 0 6.039287909217369
27 1 5.9752970259217735
27 2 8.120564598632125
27 3 7.204207840865619
27 4 7.782652812365956
27 5 7.544883139178703
27 6 6.285209949227263
27 7 6.862011608148283
27 8 6.1344419187533
27 9 8.047513798251803
27 10 7.303566959249939
27 11 7.07517341727154
27 12 7.021756045041871
27 13 5.851354703030783
27 14 7.263155917656191
27 15 7.46274405585097
27 16 6.867449037061431
27 17 5.8968841913866195
27 18 5.820112992846205
27 19 6.776210523880982
27 20 6.812729311667073
27 21 6.814004911094391
27 22 7.734835483088353
27 23 7.791158513567287
27 24 6.694653616395017
27 25 6.6072103669364814
27 26 7.581495108772103
27 27 6.846294282643319
27 28 6.882247946644989
27 29 6.988595494708584
28 0 6.212859260952374
28 1 5.810915368580632
28 2 6.945191251548741
28 3 7.302852808285641
28 4 7.301020817966684
28 5 6.983268655105484
28 6 7.03057558728865
28 7 7.1551628762428665
28 8 7.548960184166275
28 9 6.501851211233003
28 10 6.46398745656582
28 11 5.768820327135767
28 12 7.060052283403045
28 13 6.228812471688588
28 14 6.203046355720454
28 15 6.552875798401336
28 16 6.102876441496893
28 17 6.242727865704914
28 18 8.516642821239849
28 19 7.9694035723438965
28 20 6.407188279831569
28 21 6.703669422297246
28 22 7.239525380237394
28 23 7.688634822326616
28 24 6.037538580722325
28 25 7.2900773531370255
28 26 7.416129954614726
28 27 7.060544968174823
28 28 6.272303779051292
28 29 5.566756551471941
29 0 6.803480380394094
29 1 8.002464748097719
29 2 7.762810522762637
29 3 6.950831896828145
29 4 7.343018247293599
29 5 6.603046533863717
29 6 7.9650169958477575
29 7 6.848111277984869
29 8 6.19058546646373
29 9 7.291517058514013
29 10 7.987742050814647
29 11 7.166191718172927
29 12 7.373772163568988
29 13 6.407803476775585
29 14 7.841224999587379
29 15 7.776067985408044
29 16 7.031462526461871
29 17 7.279906643133775
29 18 6.128655955981663
29 19 7.433951095511804
29 20 7.396274811151549
29 21 6.956955907511548
29 22 6.44519873164651
29 23 6.701464491756155
29 24 6.594441696945364
29 25 7.064201167582472
29 26 6.322166489409117
29 27 5.571613861662644
29 28 6.245678431373193
29 29 7.117693356562384
