0 0 6.6479767154756555
0 1 6.481238881583183
0 2 6.448839729285295
0 3 6.1682848738081955
0 4 6.965439129822633
0 5 6.701377719838175
0 6 6.980150799611139
0 7 6.914909192621158
0 8 5.736154243666042
0 9 7.70309920074199
0 10 7.561402939578707
0 11 6.468965008681816
0 12 6.843530631516274
0 13 5.900599911956016
0 14 6.680216179721194
0 15 6.947902625039624
0 16 6.680216179721194
0 17 5.900599911956016
0 18 6.843530631516274
0 19 6.468965008681816
0 20 7.561402939578707
0 21 7.70309920074199
0 22 5.736154243666042
0 23 6.914909192621158
0 24 6.980150799611139
0 25 6.701377719838175
0 26 6.965439129822633
0 27 6.1682848738081955
0 28 6.448839729285295
0 29 6.481238881583183
1 0 6.208713921045124
1 1 5.790136108848255
1 2 6.284781213280792
1 3 6.037478359700193
1 4 7.204368813791335
1 5 7.39723738338967
1 6 7.414781979001086
1 7 6.773087067844127
1 8 6.058977967821347
1 9 7.2701303680858285
1 10 6.2227194722146
1 11 7.749089040591829
1 12 7.888163826109135
1 13 7.776067985408044
1 14 7.444618487692964
1 15 7.028690062193551
1 16 7.444618487692964
1 17 7.776067985408044
1 18 7.888163826109135
1 19 7.749089040591829
1 20 6.2227194722146
1 21 7.2701303680858285
1 22 6.058977967821347
1 23 6.773087067844127
1 24 7.414781979001086
1 25 7.39723738338967
1 26 7.204368813791335
1 27 6.037478359700193
1 28 6.284781213280792
1 29 5.790136108848255
2 0 6.926295304835875
2 1 6.057935237715198
2 2 6.338330372720937
2 3 6.664583412241201
2 4 6.188873521260115
2 5 6.747900099982538
2 6 6.752828031517811
2 7 7.52452408887859
2 8 6.82737353909227
2 9 6.753388031148402
2 10 7.3918726798514465
2 11 6.085632138602572
2 12 6.661125951089526
2 13 6.552875798401336
2 14 5.91182562046909
2 15 6.17845006349729
2 16 5.91182562046909
2 17 6.552875798401336
2 18 6.661125951089526
2 19 6.085632138602572
2 20 7.3918726798514465
2 21 6.753388031148402
2 22 6.82737353909227
2 23 7.52452408887859
2 24 6.752828031517811
2 25 6.747900099982538
2 26 6.188873521260115
2 27 6.664583412241201
2 28 6.338330372720937
2 29 6.057935237715198
3 0 7.199204292210672
3 1 6.181833029439245
3 2 7.049918462431259
3 3 7.619717343856391
3 4 7.053665777481951
3 5 6.561937502653523
3 6 7.396274811151549
3 7 6.893260109237287
3 8 7.208856946021792
3 9 8.158960965899368
3 10 6.202573970587494
3 11 6.2973222176158234
3 12 6.575461337592477
3 13 7.46274405585097
3 14 6.877990471643267
3 15 7.38953074820883
3 16 6.877990471643267
3 17 7.46274405585097
3 18 6.575461337592477
3 19 6.2973222176158234
3 20 6.202573970587494
3 21 8.158960965899368
3 22 7.208856946021792
3 23 6.893260109237287
3 24 7.396274811151549
3 25 6.561937502653523
3 26 7.053665777481951
3 27 7.619717343856391
3 28 7.049918462431259
3 29 6.181833029439245
4 0 6.699702941442851
4 1 5.8811056948078715
4 2 7.682267997172663
4 3 7.393366395244717
4 4 6.724362550653705
4 5 7.5013648977833025
4 6 6.938840664847268
4 7 6.7861762240392
4 8 8.069257227112002
4 9 6.710881584676312
4 10 6.776907175100328
4 11 6.760717167736273
4 12 6.390285319973409
4 13 7.435500223316833
4 14 6.0300233551607
4 15 6.070626434936319
4 16 6.0300233551607
4 17 7.435500223316833
4 18 6.390285319973409
4 19 6.760717167736273
4 20 6.776907175100328
4 21 6.710881584676312
4 22 8.069257227112002
4 23 6.7861762240392
4 24 6.938840664847268
4 25 7.5013648977833025
4 26 6.724362550653705
4 27 7.393366395244717
4 28 7.682267997172663
4 29 5.8811056948078715
5 0 5.660239032885
5 1 6.461521178852793
5 2 7.86368073080649
5 3 6.5320106098333195
5 4 5.946056756944008
5 5 5.868916092414051
5 6 7.089128006719295
5 7 7.86100189143864
5 8 6.473339322146843
5 9 6.818053573224629
5 10 6.806334952530661
5 11 7.885920255273379
5 12 6.12431490850545
5 13 6.0125874761903395
5 14 6.554365531252623
5 15 6.357621710407911
5 16 6.554365531252623
5 17 6.0125874761903395
5 18 6.12431490850545
5 19 7.885920255273379
5 20 6.806334952530661
5 21 6.818053573224629
5 22 6.473339322146843
5 23 7.86100189143864
5 24 7.089128006719295
5 25 5.868916092414051
5 26 5.946056756944008
5 27 6.5320106098333195
5 28 7.86368073080649
5 29 6.461521178852793
6 0 6.496790115544161
6 1 6.587527961295736
6 2 7.411162082389687
6 3 8.504458972400094
6 4 6.644834663343535
6 5 6.044755477618677
6 6 8.253706571753238
6 7 6.203431735321049
6 8 7.496606809090149
6 9 6.096695312873178
6 10 7.472965325354826
6 11 6.082908544294314
6 12 6.524591950016389
6 13 5.182603680648916
6 14 6.383891698354794
6 15 6.035912619711518
6 16 6.383891698354794
6 17 5.182603680648916
6 18 6.524591950016389
6 19 6.082908544294314
6 20 7.472965325354826
6 21 6.096695312873178
6 22 7.496606809090149
6 23 6.203431735321049
6 24 8.253706571753238
6 25 6.044755477618677
6 26 6.644834663343535
6 27 8.504458972400094
6 28 7.411162082389687
6 29 6.587527961295736
7 0 6.502095308262821
7 1 5.9098707148043745
7 2 7.1559034920518565
7 3 7.53239328731911
7 4 6.369916173965156
7 5 7.8810598436034285
7 6 7.6858434348906135
7 7 6.558055516199518
7 8 6.038211153516887
7 9 5.575637570794991
7 10 6.602764146142665
7 11 6.468162145873945
7 12 5.802852851303686
7 13 5.963271475315758
7 14 5.196739393513341
7 15 6.623444281130479
7 16 5.196739393513341
7 17 5.963271475315758
7 18 5.802852851303686
7 19 6.468162145873945
7 20 6.602764146142665
7 21 5.575637570794991
7 22 6.038211153516887
7 23 6.558055516199518
7 24 7.6858434348906135
7 25 7.8810598436034285
7 26 6.369916173965156
7 27 7.53239328731911
7 28 7.1559034920518565
7 29 5.9098707148043745
8 0 7.500373393474178
8 1 7.209840611733304
8 2 6.964079714789642
8 3 8.283102603709395
8 4 6.887921336212336
8 5 7.122345085470783
8 6 6.961572702339863
8 7 7.537738401774412
8 8 6.442245945890862
8 9 6.505595961042905
8 10 6.638869688403888
8 11 6.352792085858218
8 12 6.285348691644473
8 13 5.515934590583432
8 14 4.720245681647192
8 15 4.5914313922111365
8 16 4.720245681647192
8 17 5.515934590583432
8 18 6.285348691644473
8 19 6.352792085858218
8 20 6.638869688403888
8 21 6.505595961042905
8 22 6.442245945890862
8 23 7.537738401774412
8 24 6.961572702339863
8 25 7.122345085470783
8 26 6.887921336212336
8 27 8.283102603709395
8 28 6.964079714789642
8 29 7.209840611733304
9 0 6.4980420058061314
9 1 7.800127405626369
9 2 7.180914074791584
9 3 7.618426443758034
9 4 8.292367293872234
9 5 7.14428560584284
9 6 6.530342078761289
9 7 8.057501392957523
9 8 6.388648255744856
9 9 5.992693457798746
9 10 5.901967427430021
9 11 6.2958027803992
9 12 6.103558307371455
9 13 4.970327151445643
9 14 4.373208141974942
9 15 3.8824617652851177
9 16 4.373208141974942
9 17 4.970327151445643
9 18 6.103558307371455
9 19 6.2958027803992
9 20 5.901967427430021
9 21 5.992693457798746
9 22 6.388648255744856
9 23 8.057501392957523
9 24 6.530342078761289
9 25 7.14428560584284
9 26 8.292367293872234
9 27 7.618426443758034
9 28 7.180914074791584
9 29 7.800127405626369
10 0 7.730797561501575
10 1 6.664542051315102
10 2 7.271986526345802
10 3 6.847915951908107
10 4 8.072415153737527
10 5 6.745105309415129
10 6 8.153343285478186
10 7 6.323070292514674
10 8 5.975118104661815
10 9 5.733874732680483
10 10 6.488548506181526
10 11 5.602406784941768
10 12 5.429879463451368
10 13 5.027850028038418
10 14 3.934975353609106
10 15 0
10 16 3.934975353609106
10 17 5.027850028038418
10 18 5.429879463451368
10 19 5.602406784941768
10 20 6.488548506181526
10 21 5.733874732680483
10 22 5.975118104661815
10 23 6.323070292514674
10 24 8.153343285478186
10 25 6.745105309415129
10 26 8.072415153737527
10 27 6.847915951908107
10 28 7.271986526345802
10 29 6.664542051315102
11 0 7.88890104738294
11 1 6.653384775555344
11 2 8.1800246889807
11 3 6.122872321588607
11 4 7.582009886840054
11 5 6.304635035670316
11 6 6.876561613799197
11 7 6.969418672070534
11 8 6.3776075710684035
11 9 6.590649647878008
11 10 6.3049294407165535
11 11 6.244377365343017
11 12 6.521463590981797
11 13 5.574622422234953
11 14 4.101153222917445
11 15 3.1054753362612075
11 16 4.101153222917445
11 17 5.574622422234953
11 18 6.521463590981797
11 19 6.244377365343017
11 20 6.3049294407165535
11 21 6.590649647878008
11 22 6.3776075710684035
11 23 6.969418672070534
11 24 6.876561613799197
11 25 6.304635035670316
11 26 7.582009886840054
11 27 6.122872321588607
11 28 8.1800246889807
11 29 6.653384775555344
12 0 6.551104521941027
12 1 6.6016215441216
12 2 6.9672193208975095
12 3 6.940692850134521
12 4 6.1206560626583535
12 5 7.247207672745247
12 6 7.180409173128997
12 7 5.371696176291405
12 8 7.250143447771929
12 9 7.270558741472829
12 10 4.988598816496172
12 11 5.462445226996458
12 12 4.660012410366342
12 13 5.483503299510876
12 14 4.862398213597305
12 15 5.203466903541941
12 16 4.862398213597305
12 17 5.483503299510876
12 18 4.660012410366342
12 19 5.462445226996458
12 20 4.988598816496172
12 21 7.270558741472829
12 22 7.250143447771929
12 23 5.371696176291405
12 24 7.180409173128997
12 25 7.247207672745247
12 26 6.1206560626583535
12 27 6.940692850134521
12 28 6.9672193208975095
12 29 6.6016215441216
13 0 6.261389326955193
13 1 7.188222418697182
13 2 6.104482587064906
13 3 6.42424556732328
13 4 7.170168842629338
13 5 6.074091546961352
13 6 7.339058509480407
13 7 7.239116867865262
13 8 6.664840537547225
13 9 6.182626051476522
13 10 6.186671766144908
13 11 5.91718945827868
13 12 6.10388663029645
13 13 5.670325907391515
13 14 5.468635255045664
13 15 5.634332856723709
13 16 5.468635255045664
13 17 5.670325907391515
13 18 6.10388663029645
13 19 5.91718945827868
13 20 6.186671766144908
13 21 6.182626051476522
13 22 6.664840537547225
13 23 7.239116867865262
13 24 7.339058509480407
13 25 6.074091546961352
13 26 7.170168842629338
13 27 6.42424556732328
13 28 6.104482587064906
13 29 7.188222418697182
14 0 5.666047421220011
14 1 7.91330701152699
14 2 6.522521888899671
14 3 7.363879057834984
14 4 7.748082598996552
14 5 5.3550693587638
14 6 8.01081722651096
14 7 6.852284365939971
14 8 6.01633569525284
14 9 6.077022496891678
14 10 5.792405176146957
14 11 5.120058700508248
14 12 6.445798447450631
14 13 6.315814514219173
14 14 5.19586569929643
14 15 5.46266385970339
14 16 5.19586569929643
14 17 6.315814514219173
14 18 6.445798447450631
14 19 5.120058700508248
14 20 5.792405176146957
14 21 6.077022496891678
14 22 6.01633569525284
14 23 6.852284365939971
14 24 8.01081722651096
14 25 5.3550693587638
14 26 7.748082598996552
14 27 7.363879057834984
14 28 6.522521888899671
14 29 7.91330701152699
15 0 5.71746405782963
15 1 8.0249299893433
15 2 6.476449198031721
15 3 6.315923239017701
15 4 6.891005392632712
15 5 6.41089290448751
15 6 6.270338422927054
15 7 6.910110829522316
15 8 6.999062951516494
15 9 6.201920542726529
15 10 5.335918573014621
15 11 6.001749763006402
15 12 5.268537138884727
15 13 5.181419954577344
15 14 5.270527361586922
15 15 5.614744106969373
15 16 5.270527361586922
15 17 5.181419954577344
15 18 5.268537138884727
15 19 6.001749763006402
15 20 5.335918573014621
15 21 6.201920542726529
15 22 6.999062951516494
15 23 6.910110829522316
15 24 6.270338422927054
15 25 6.41089290448751
15 26 6.891005392632712
15 27 6.315923239017701
15 28 6.476449198031721
15 29 8.0249299893433
16 0 5.666047421220011
16 1 7.91330701152699
16 2 6.522521888899671
16 3 7.363879057834984
16 4 7.748082598996552
16 5 5.3550693587638
16 6 8.01081722651096
16 7 6.852284365939971
16 8 6.01633569525284
16 9 6.077022496891678
16 10 5.792405176146957
16 11 5.120058700508248
16 12 6.445798447450631
16 13 6.315814514219173
16 14 5.19586569929643
16 15 5.46266385970339
16 16 5.19586569929643
16 17 6.315814514219173
16 18 6.445798447450631
16 19 5.120058700508248
16 20 5.792405176146957
16 21 6.077022496891678
16 22 6.01633569525284
16 23 6.852284365939971
16 24 8.01081722651096
16 25 5.3550693587638
16 26 7.748082598996552
16 27 7.363879057834984
16 28 6.522521888899671
16 29 7.91330701152699
17 0 6.261389326955193
17 1 7.188222418697182
17 2 6.104482587064906
17 3 6.42424556732328
17 4 7.170168842629338
17 5 6.074091546961352
17 6 7.339058509480407
17 7 7.239116867865262
17 8 6.664840537547225
17 9 6.182626051476522
17 10 6.186671766144908
17 11 5.91718945827868
17 12 6.10388663029645
17 13 5.670325907391515
17 14 5.468635255045664
17 15 5.634332856723709
17 16 5.468635255045664
17 17 5.670325907391515
17 18 6.10388663029645
17 19 5.91718945827868
17 20 6.186671766144908
17 21 6.182626051476522
17 22 6.664840537547225
17 23 7.239116867865262
17 24 7.339058509480407
17 25 6.074091546961352
17 26 7.170168842629338
17 27 6.42424556732328
17 28 6.104482587064906
17 29 7.188222418697182
18 0 6.551104521941027
18 1 6.6016215441216
18 2 6.9672193208975095
18 3 6.940692850134521
18 4 6.1206560626583535
18 5 7.247207672745247
18 6 7.180409173128997
18 7 5.371696176291405
18 8 7.250143447771929
18 9 7.270558741472829
18 10 4.988598816496172
18 11 5.462445226996458
18 12 4.660012410366342
18 13 5.483503299510876
18 14 4.862398213597305
18 15 5.203466903541941
18 16 4.862398213597305
18 17 5.483503299510876
18 18 4.660012410366342
18 19 5.462445226996458
18 20 4.988598816496172
18 21 7.270558741472829
18 22 7.250143447771929
18 23 5.371696176291405
18 24 7.180409173128997
18 25 7.247207672745247
18 26 6.1206560626583535
18 27 6.940692850134521
18 28 6.9672193208975095
18 29 6.6016215441216
19 0 7.88890104738294
19 1 6.653384775555344
19 2 8.1800246889807
19 3 6.122872321588607
19 4 7.582009886840054
19 5 6.304635035670316
19 6 6.876561613799197
19 7 6.969418672070534
19 8 6.3776075710684035
19 9 6.590649647878008
19 10 6.3049294407165535
19 11 6.244377365343017
19 12 6.521463590981797
19 13 5.574622422234953
19 14 4.101153222917445
19 15 3.1054753362612075
19 16 4.101153222917445
19 17 5.574622422234953
19 18 6.521463590981797
19 19 6.244377365343017
19 20 6.3049294407165535
19 21 6.590649647878008
19 22 6.3776075710684035
19 23 6.969418672070534
19 24 6.876561613799197
19 25 6.304635035670316
19 26 7.582009886840054
19 27 6.122872321588607
19 28 8.1800246889807
19 29 6.653384775555344
20 0 7.730797561501575
20 1 6.664542051315102
20 2 7.271986526345802
20 3 6.847915951908107
20 4 8.072415153737527
20 5 6.745105309415129
20 6 8.153343285478186
20 7 6.323070292514674
20 8 5.975118104661815
20 9 5.733874732680483
20 10 6.488548506181526
20 11 5.602406784941768
20 12 5.429879463451368
20 13 5.027850028038418
20 14 3.934975353609106
20 15 0
20 16 3.934975353609106
20 17 5.027850028038418
20 18 5.429879463451368
20 19 5.602406784941768
20 20 6.488548506181526
20 21 5.733874732680483
20 22 5.975118104661815
20 23 6.323070292514674
20 24 8.153343285478186
20 25 6.745105309415129
20 26 8.072415153737527
20 27 6.847915951908107
20 28 7.271986526345802
20 29 6.664542051315102
21 0 6.4980420058061314
21 1 7.800127405626369
21 2 7.180914074791584
21 3 7.618426443758034
21 4 8.292367293872234
21 5 7.14428560584284
21 6 6.530342078761289
21 7 8.057501392957523
21 8 6.388648255744856
21 9 5.992693457798746
21 10 5.901967427430021
21 11 6.2958027803992
21 12 6.103558307371455
21 13 4.970327151445643
21 14 4.373208141974942
21 15 3.8824617652851177
21 16 4.373208141974942
21 17 4.970327151445643
21 18 6.103558307371455
21 19 6.2958027803992
21 20 5.901967427430021
21 21 5.992693457798746
21 22 6.388648255744856
21 23 8.057501392957523
21 24 6.530342078761289
21 25 7.14428560584284
21 26 8.292367293872234
21 27 7.618426443758034
21 28 7.180914074791584
21 29 7.800127405626369
22 0 7.500373393474178
22 1 7.209840611733304
22 2 6.964079714789642
22 3 8.283102603709395
22 4 6.887921336212336
22 5 7.122345085470783
22 6 6.961572702339863
22 7 7.537738401774412
22 8 6.442245945890862
22 9 6.505595961042905
22 10 6.638869688403888
22 11 6.352792085858218
22 12 6.285348691644473
22 13 5.515934590583432
22 14 4.720245681647192
22 15 4.5914313922111365
22 16 4.720245681647192
22 17 5.515934590583432
22 18 6.285348691644473
22 19 6.352792085858218
22 20 6.638869688403888
22 21 6.505595961042905
22 22 6.442245945890862
22 23 7.537738401774412
22 24 6.961572702339863
22 25 7.122345085470783
22 26 6.887921336212336
22 27 8.283102603709395
22 28 6.964079714789642
22 29 7.209840611733304
23 0 6.502095308262821
23 1 5.9098707148043745
23 2 7.1559034920518565
23 3 7.53239328731911
23 4 6.369916173965156
23 5 7.8810598436034285
23 6 7.6858434348906135
23 7 6.558055516199518
23 8 6.038211153516887
23 9 5.575637570794991
23 10 6.602764146142665
23 11 6.468162145873945
23 12 5.802852851303686
23 13 5.963271475315758
23 14 5.196739393513341
23 15 6.623444281130479
23 16 5.196739393513341
23 17 5.963271475315758
23 18 5.802852851303686
23 19 6.468162145873945
23 20 6.602764146142665
23 21 5.575637570794991
23 22 6.038211153516887
23 23 6.558055516199518
23 24 7.6858434348906135
23 25 7.8810598436034285
23 26 6.369916173965156
23 27 7.53239328731911
23 28 7.1559034920518565
23 29 5.9098707148043745
24 0 6.496790115544161
24 1 6.587527961295736
24 2 7.411162082389687
24 3 8.504458972400094
24 4 6.644834663343535
24 5 6.044755477618677
24 6 8.253706571753238
24 7 6.203431735321049
24 8 7.496606809090149
24 9 6.096695312873178
24 10 7.472965325354826
24 11 6.082908544294314
24 12 6.524591950016389
24 13 5.182603680648916
24 14 6.383891698354794
24 15 6.035912619711518
24 16 6.383891698354794
24 17 5.182603680648916
24 18 6.524591950016389
24 19 6.082908544294314
24 20 7.472965325354826
24 21 6.096695312873178
24 22 7.496606809090149
24 23 6.203431735321049
24 24 8.253706571753238
24 25 6.044755477618677
24 26 6.644834663343535
24 27 8.504458972400094
24 28 7.411162082389687
24 29 6.587527961295736
25 0 5.660239032885
25 1 6.461521178852793
25 2 7.86368073080649
25 3 6.5320106098333195
25 4 5.946056756944008
25 5 5.868916092414051
25 6 7.089128006719295
25 7 7.86100189143864
25 8 6.473339322146843
25 9 6.818053573224629
25 10 6.806334952530661
25 11 7.885920255273379
25 12 6.12431490850545
25 13 6.0125874761903395
25 14 6.554365531252623
25 15 6.357621710407911
25 16 6.554365531252623
25 17 6.0125874761903395
25 18 6.12431490850545
25 19 7.885920255273379
25 20 6.806334952530661
25 21 6.818053573224629
25 22 6.473339322146843
25 23 7.86100189143864
25 24 7.089128006719295
25 25 5.868916092414051
25 26 5.946056756944008
25 27 6.5320106098333195
25 28 7.86368073080649
25 29 6.461521178852793
26 0 6.699702941442851
26 1 5.8811056948078715
26 2 7.682267997172663
26 3 7.393366395244717
26 4 6.724362550653705
26 5 7.5013648977833025
26 6 6.938840664847268
26 7 6.7861762240392
26 8 8.069257227112002
26 9 6.710881584676312
26 10 6.776907175100328
26 11 6.760717167736273
26 12 6.390285319973409
26 13 7.435500223316833
26 14 6.0300233551607
26 15 6.070626434936319
26 16 6.0300233551607
26 17 7.435500223316833
26 18 6.390285319973409
26 19 6.760717167736273
26 20 6.776907175100328
26 21 6.710881584676312
26 22 8.069257227112002
26 23 6.7861762240392
26 24 6.938840664847268
26 25 7.5013648977833025
26 26 6.724362550653705
26 27 7.393366395244717
26 28 7.682267997172663
26 29 5.8811056948078715
27 0 7.199204292210672
27 1 6.181833029439245
27 2 7.049918462431259
27 3 7.619717343856391
27 4 7.053665777481951
27 5 6.561937502653523
27 6 7.396274811151549
27 7 6.893260109237287
27 8 7.208856946021792
27 9 8.158960965899368
27 10 6.202573970587494
27 11 6.2973222176158234
27 12 6.575461337592477
27 13 7.46274405585097
27 14 6.877990471643267
27 15 7.38953074820883
27 16 6.877990471643267
27 17 7.46274405585097
27 18 6.575461337592477
27 19 6.2973222176158234
27 20 6.202573970587494
27 21 8.158960965899368
27 22 7.208856946021792
27 23 6.893260109237287
27 24 7.396274811151549
27 25 6.561937502653523
27 26 7.053665777481951
27 27 7.619717343856391
27 28 7.049918462431259
27 29 6.181833029439245
28 0 6.926295304835875
28 1 6.057935237715198
28 2 6.338330372720937
28 3 6.664583412241201
28 4 6.188873521260115
28 5 6.747900099982538
28 6 6.752828031517811
28 7 7.52452408887859
28 8 6.82737353909227
28 9 6.753388031148402
28 10 7.3918726798514465
28 11 6.085632138602572
28 12 6.661125951089526
28 13 6.552875798401336
28 14 5.91182562046909
28 15 6.17845006349729
28 16 5.91182562046909
28 17 6.552875798401336
28 18 6.661125951089526
28 19 6.085632138602572
28 20 7.3918726798514465
28 21 6.753388031148402
28 22 6.82737353909227
28 23 7.52452408887859
28 24 6.752828031517811
28 25 6.747900099982538
28 26 6.188873521260115
28 27 6.664583412241201
28 28 6.338330372720937
28 29 6.057935237715198
29 0 6.208713921045124
29 1 5.790136108848255
29 2 6.284781213280792
29 3 6.037478359700193
29 4 7.204368813791335
29 5 7.39723738338967
29 6 7.414781979001086
29 7 6.773087067844127
29 8 6.058977967821347
29 9 7.2701303680858285
29 10 6.2227194722146
29 11 7.749089040591829
29 12 7.888163826109135
29 13 7.776067985408044
29 14 7.444618487692964
29 15 7.028690062193551
29 16 7.444618487692964
29 17 7.776067985408044
29 18 7.888163826109135
29 19 7.749089040591829
29 20 6.2227194722146
29 21 7.2701303680858285
29 22 6.058977967821347
29 23 6.773087067844127
29 24 7.414781979001086
29 25 7.39723738338967
29 26 7.204368813791335
29 27 6.037478359700193
29 28 6.284781213280792
29 29 5.790136108848255
