0 0 7.338677164818605
0 1 5.891373807694493
0 2 7.216262720606163
0 3 7.08122716123466
0 4 6.776827113648807
0 5 8.274960542016446
0 6 5.643161456938705
0 7 6.348055858636308
0 8 7.091473199589426
0 9 7.0564887250342965
0 10 5.939666574359876
0 11 5.851934312043055
0 12 5.862190687032875
0 13 7.018221971064307
0 14 6.345322494296544
0 15 5.900599911956016
0 16 6.232796628723848
0 17 6.463828110822577
0 18 7.837697421107872
0 19 7.140141688629401
0 20 6.828302898185039
0 21 6.927799044670018
0 22 7.2314599578039465
0 23 8.042508551620132
0 24 6.852778987483137
0 25 7.076531994054106
0 26 6.369361516433628
0 27 5.956692175840412
0 28 7.109955502786089
0 29 6.091790061533874
1 0 6.803480380394094
1 1 8.002464748097719
1 2 7.762810522762637
1 3 6.950831896828145
1 4 7.343018247293599
1 5 6.603046533863717
1 6 7.9650169958477575
1 7 6.848111277984869
1 8 6.19058546646373
1 9 7.291517058514013
1 10 7.987742050814647
1 11 7.166191718172927
1 12 7.373772163568988
1 13 6.407803476775585
1 14 7.841224999587379
1 15 7.776067985408044
1 16 7.031462526461871
1 17 7.279906643133775
1 18 6.128655955981663
1 19 7.433951095511804
1 20 7.396274811151549
1 21 6.956955907511548
1 22 6.44519873164651
1 23 6.701464491756155
1 24 6.594441696945364
1 25 7.064201167582472
1 26 6.322166489409117
1 27 5.571613861662644
1 28 6.245678431373193
1 29 7.117693356562384
2 0 6.212859260952374
2 1 5.810915368580632
2 2 6.945191251548741
2 3 7.302852808285641
2 4 7.301020817966684
2 5 6.983268655105484
2 6 7.03057558728865
2 7 7.1551628762428665
2 8 7.548960184166275
2 9 6.501851211233003
2 10 6.46398745656582
2 11 5.768820327135767
2 12 7.060052283403045
2 13 6.228812471688588
2 14 6.203046355720454
2 15 6.552875798401336
2 16 6.102876441496893
2 17 6.242727865704914
2 18 8.516642821239849
2 19 7.9694035723438965
2 20 6.407188279831569
2 21 6.703669422297246
2 22 7.239525380237394
2 23 7.688634822326616
2 24 6.037538580722325
2 25 7.2900773531370255
2 26 7.416129954614726
2 27 7.060544968174823
2 28 6.272303779051292
2 29 5.566756551471941
3 0 6.039287909217369
3 1 5.9752970259217735
3 2 8.120564598632125
3 3 7.204207840865619
3 4 7.782652812365956
3 5 7.544883139178703
3 6 6.285209949227263
3 7 6.862011608148283
3 8 6.1344419187533
3 9 8.047513798251803
3 10 7.303566959249939
3 11 7.07517341727154
3 12 7.021756045041871
3 13 5.851354703030783
3 14 7.263155917656191
3 15 7.46274405585097
3 16 6.867449037061431
3 17 5.8968841913866195
3 18 5.820112992846205
3 19 6.776210523880982
3 20 6.812729311667073
3 21 6.814004911094391
3 22 7.734835483088353
3 23 7.791158513567287
3 24 6.694653616395017
3 25 6.6072103669364814
3 26 7.581495108772103
3 27 6.846294282643319
3 28 6.882247946644989
3 29 6.988595494708584
4 0 7.308594799013683
4 1 7.310322168355601
4 2 6.328969480625813
4 3 6.932128217876839
4 4 7.521075616633966
4 5 6.947902625039624
4 6 6.921184455702812
4 7 6.788878395323426
4 8 5.857469503029976
4 9 7.455252407833857
4 10 5.962675144488479
4 11 6.150754373617059
4 12 7.072499712931596
4 13 6.470775480189407
4 14 6.988529808614298
4 15 7.435500223316833
4 16 7.034791546198544
4 17 6.656823285270489
4 18 6.953045000000279
4 19 6.636504125337478
4 20 6.364462100106082
4 21 7.404269934656425
4 22 7.046676728142447
4 23 7.043682017265767
4 24 8.057004574207886
4 25 6.758985500107934
4 26 7.179085745231242
4 27 7.1100750021124375
4 28 7.8994712892068275
4 29 6.688335657482208
5 0 5.766539999808304
5 1 7.402565263932161
5 2 7.542017371191703
5 3 7.164165584197677
5 4 6.41113353832555
5 5 7.256081122468643
5 6 6.627494455060175
5 7 6.615783263922304
5 8 6.829898842473672
5 9 5.938962242556699
5 10 7.081489665607987
5 11 5.142280515348615
5 12 7.1186556788151805
5 13 6.1779053656302665
5 14 7.302898886462949
5 15 6.0125874761903395
5 16 5.284908380461632
5 17 6.483715413087863
5 18 5.839380295998186
5 19 7.712927758366037
5 20 6.190731379372372
5 21 5.878126973560707
5 22 6.643534971559493
5 23 6.47555857939949
5 24 6.672316969227184
5 25 7.33634492456812
5 26 6.01918720180913
5 27 7.076626683684489
5 28 7.955118817283297
5 29 6.048760630922708
6 0 6.472954065538472
6 1 6.642511908172324
6 2 7.273857055861223
6 3 5.755849670273985
6 4 7.205043254496228
6 5 6.085632138602572
6 6 6.0774440425720275
6 7 6.127073924762042
6 8 6.508995436825412
6 9 6.981575586022378
6 10 6.9845298667421005
6 11 7.2089634213050005
6 12 6.395099565647443
6 13 7.013390610970678
6 14 6.006490107503018
6 15 5.182603680648916
6 16 6.386074946933867
6 17 5.975881831381025
6 18 6.96146370658295
6 19 5.295795569911039
6 20 6.711778749037395
6 21 6.2228170275699215
6 22 5.773251980451432
6 23 6.949294961545317
6 24 7.131975484657662
6 25 7.305970785674382
6 26 7.042437257781429
6 27 6.269865198132623
6 28 6.4513422589009
6 29 6.548441628711978
7 0 7.895877782913217
7 1 7.714815406291634
7 2 6.439140031641377
7 3 6.340121204576792
7 4 7.482487804683208
7 5 4.742309030169807
7 6 6.867449037061431
7 7 6.366850921627023
7 8 6.024997577883643
7 9 6.253707190060627
7 10 5.6501634369336005
7 11 5.278714534487623
7 12 5.77254377917932
7 13 4.785478907659561
7 14 6.229366785477592
7 15 5.963271475315758
7 16 5.95161279377636
7 17 6.046712461255711
7 18 5.933496459813791
7 19 6.83174951701709
7 20 6.688016544536945
7 21 5.6528266292623135
7 22 6.1355689064602155
7 23 7.259432871718662
7 24 6.711009061494447
7 25 6.637816630293153
7 26 6.33779635509884
7 27 7.821371476280656
7 28 6.650615830633094
7 29 7.338496588457511
8 0 7.420637194484899
8 1 6.667118822974823
8 2 5.908216317477259
8 3 6.780842692294714
8 4 7.457817647954374
8 5 5.835464784495395
8 6 6.3475562758153234
8 7 7.079377248400304
8 8 5.915987144273977
8 9 6.5844391319732365
8 10 6.110640684328611
8 11 5.245744191431498
8 12 6.180467231999194
8 13 5.173299063144726
8 14 4.7375783941382155
8 15 5.515934590583432
8 16 5.3631533308383705
8 17 7.445877068929295
8 18 6.815310206168182
8 19 6.42857540535109
8 20 6.792947131156006
8 21 5.8314845378954905
8 22 6.635310137596409
8 23 6.968878093307782
8 24 8.22636956637852
8 25 6.940692850134521
8 26 6.485983976723408
8 27 6.647202958248985
8 28 6.31423123302764
8 29 6.745427065206576
9 0 7.053665777481951
9 1 6.956955907511548
9 2 7.662262746500829
9 3 8.425685762208742
9 4 5.866471152163428
9 5 6.458289424200634
9 6 6.966244937640395
9 7 6.462783386226871
9 8 5.952898031907658
9 9 6.228457062135372
9 10 5.196739393513341
9 11 5.435171617554316
9 12 3.8599209562116457
9 13 3.7394100173010902
9 14 3.969167258103374
9 15 4.970327151445643
9 16 5.5853087527495875
9 17 5.937817065319942
9 18 5.33136572470554
9 19 6.943945399426947
9 20 6.3776075710684035
9 21 6.1686741762203825
9 22 6.464881983643185
9 23 6.34694634779681
9 24 6.213116160607326
9 25 8.191724351862261
9 26 6.358919594270882
9 27 7.334331605651037
9 28 6.84600651463446
9 29 7.28199693569171
10 0 6.322358917256046
10 1 6.513942580741622
10 2 7.754793515306206
10 3 7.885845642049008
10 4 5.946217753829578
10 5 7.003787219938794
10 6 5.692952754255127
10 7 6.4082425357878146
10 8 6.459777597714967
10 9 5.682089053458754
10 10 4.6233201709552
10 11 4.36850603925722
10 12 3.4043236081798334
10 13 0
10 14 3.5364088387906043
10 15 5.027850028038418
10 16 5.8904404232860665
10 17 5.243743555408994
10 18 6.230281219293812
10 19 6.1612133769232305
10 20 6.949375361141097
10 21 6.075736915570733
10 22 7.079190285108424
10 23 6.20366200245254
10 24 5.859786782120173
10 25 6.965949938767959
10 26 6.625962678446098
10 27 8.319445889519796
10 28 7.719159278393311
10 29 7.664291898727303
11 0 7.334092295664401
11 1 7.005148090058894
11 2 6.850821773591542
11 3 8.295346919081538
11 4 6.899605994331362
11 5 6.62297867255629
11 6 6.1040350547988975
11 7 6.112221720881965
11 8 6.38250621849827
11 9 6.956911509140038
11 10 6.103558307371455
11 11 5.661567639477974
11 12 4.169134798145085
11 13 4.943546557686104
11 14 3.4788350087936717
11 15 5.574622422234953
11 16 5.640484694370232
11 17 5.372570485731979
11 18 6.080380289176156
11 19 5.664689952534608
11 20 6.164825514846863
11 21 6.327119179176823
11 22 5.860330147878593
11 23 6.315131679382288
11 24 7.186153674318197
11 25 7.037691723259182
11 26 7.515967921749794
11 27 6.161757591116251
11 28 6.99581398372136
11 29 6.256042113436988
12 0 5.396933162193193
12 1 7.398710692242187
12 2 7.160875189613136
12 3 7.30575561231757
12 4 6.513410044357021
12 5 7.537738401774412
12 6 7.216547914943474
12 7 6.041193529879372
12 8 6.815310206168182
12 9 5.9645906880826605
12 10 5.5055038622956225
12 11 6.57016718108361
12 12 4.882874692844626
12 13 4.388388933600858
12 14 4.440967906706179
12 15 5.483503299510876
12 16 6.913188650451294
12 17 5.348470888488835
12 18 6.422677706428304
12 19 5.732534543698486
12 20 7.460497890411261
12 21 5.844632389292876
12 22 6.470279574542045
12 23 6.6187081808014065
12 24 7.3924330608807365
12 25 6.9387055353238125
12 26 7.014572178745258
12 27 7.168209417160406
12 28 8.020744070502097
12 29 7.1853295664846835
13 0 7.1559034920518565
13 1 7.929017503763283
13 2 5.627732237016772
13 3 7.746664936073099
13 4 6.6450949966184725
13 5 6.803487700326138
13 6 6.436359227727561
13 7 7.240985526678922
13 8 6.306311312819578
13 9 6.471520272598224
13 10 5.730816192337508
13 11 5.855146242547202
13 12 5.019655496352449
13 13 6.270405384781905
13 14 6.520668418545975
13 15 5.670325907391515
13 16 6.409746774630609
13 17 5.642054205117275
13 18 5.273542175012019
13 19 6.120173669910064
13 20 6.84107310615494
13 21 5.489312535347716
13 22 6.2572202523089295
13 23 7.028725750592689
13 24 7.051791572551749
13 25 6.1281708569183815
13 26 8.19211974474536
13 27 6.480277641744576
13 28 7.971508616274754
13 29 8.274244064554205
14 0 6.199464793167558
14 1 8.535914595102229
14 2 7.031899088160197
14 3 6.949294961545317
14 4 6.3337649825029265
14 5 7.383282651821637
14 6 6.493794525041441
14 7 5.601089403205388
14 8 4.831619140025889
14 9 5.675312894576255
14 10 5.023726814009773
14 11 5.407200778508969
14 12 5.855317810543917
14 13 6.157404554858263
14 14 5.430494101646555
14 15 6.315814514219173
14 16 5.3069846813717625
14 17 5.535170201436416
14 18 6.11843367216484
14 19 6.472546307943686
14 20 6.482253463296824
14 21 5.45762016350726
14 22 6.713091260791166
14 23 5.865200283344958
14 24 6.629686593333293
14 25 6.544518404677272
14 26 6.048357331753333
14 27 6.777412485502597
14 28 7.401694295186594
14 29 7.626796181676594
15 0 6.201307535842127
15 1 6.591679058452883
15 2 6.926332973956027
15 3 7.364633472027181
15 4 6.174064506377459
15 5 6.707133184177462
15 6 6.321181393566726
15 7 6.573879500890062
15 8 7.011162930189909
15 9 5.93669378769381
15 10 6.186671766144908
15 11 5.898418825908277
15 12 7.148706251147904
15 13 5.304697716111485
15 14 5.186397338334393
15 15 5.181419954577344
15 16 5.186397338334393
15 17 5.304697716111485
15 18 7.148706251147904
15 19 5.898418825908277
15 20 6.186671766144908
15 21 5.93669378769381
15 22 7.011162930189909
15 23 6.573879500890062
15 24 6.321181393566726
15 25 6.707133184177462
15 26 6.174064506377459
15 27 7.364633472027181
15 28 6.926332973956027
15 29 6.591679058452883
16 0 5.433369885678508
16 1 7.626796181676594
16 2 7.401694295186594
16 3 6.777412485502597
16 4 6.048357331753333
16 5 6.544518404677272
16 6 6.629686593333293
16 7 5.865200283344958
16 8 6.713091260791166
16 9 5.45762016350726
16 10 6.482253463296824
16 11 6.472546307943686
16 12 6.11843367216484
16 13 5.535170201436416
16 14 5.3069846813717625
16 15 6.315814514219173
16 16 5.430494101646555
16 17 6.157404554858263
16 18 5.855317810543917
16 19 5.407200778508969
16 20 5.023726814009773
16 21 5.675312894576255
16 22 4.831619140025889
16 23 5.601089403205388
16 24 6.493794525041441
16 25 7.383282651821637
16 26 6.3337649825029265
16 27 6.949294961545317
16 28 7.031899088160197
16 29 8.535914595102229
17 0 6.557168030837688
17 1 8.274244064554205
17 2 7.971508616274754
17 3 6.480277641744576
17 4 8.19211974474536
17 5 6.1281708569183815
17 6 7.051791572551749
17 7 7.028725750592689
17 8 6.2572202523089295
17 9 5.489312535347716
17 10 6.84107310615494
17 11 6.120173669910064
17 12 5.273542175012019
17 13 5.642054205117275
17 14 6.409746774630609
17 15 5.670325907391515
17 16 6.520668418545975
17 17 6.270405384781905
17 18 5.019655496352449
17 19 5.855146242547202
17 20 5.730816192337508
17 21 6.471520272598224
17 22 6.306311312819578
17 23 7.240985526678922
17 24 6.436359227727561
17 25 6.803487700326138
17 26 6.6450949966184725
17 27 7.746664936073099
17 28 5.627732237016772
17 29 7.929017503763283
18 0 5.977158113002976
18 1 7.1853295664846835
18 2 8.020744070502097
18 3 7.168209417160406
18 4 7.014572178745258
18 5 6.9387055353238125
18 6 7.3924330608807365
18 7 6.6187081808014065
18 8 6.470279574542045
18 9 5.844632389292876
18 10 7.460497890411261
18 11 5.732534543698486
18 12 6.422677706428304
18 13 5.348470888488835
18 14 6.913188650451294
18 15 5.483503299510876
18 16 4.440967906706179
18 17 4.388388933600858
18 18 4.882874692844626
18 19 6.57016718108361
18 20 5.5055038622956225
18 21 5.9645906880826605
18 22 6.815310206168182
18 23 6.041193529879372
18 24 7.216547914943474
18 25 7.537738401774412
18 26 6.513410044357021
18 27 7.30575561231757
18 28 7.160875189613136
18 29 7.398710692242187
19 0 7.524699720052516
19 1 6.256042113436988
19 2 6.99581398372136
19 3 6.161757591116251
19 4 7.515967921749794
19 5 7.037691723259182
19 6 7.186153674318197
19 7 6.315131679382288
19 8 5.860330147878593
19 9 6.327119179176823
19 10 6.164825514846863
19 11 5.664689952534608
19 12 6.080380289176156
19 13 5.372570485731979
19 14 5.640484694370232
19 15 5.574622422234953
19 16 3.4788350087936717
19 17 4.943546557686104
19 18 4.169134798145085
19 19 5.661567639477974
19 20 6.103558307371455
19 21 6.956911509140038
19 22 6.38250621849827
19 23 6.112221720881965
19 24 6.1040350547988975
19 25 6.62297867255629
19 26 6.899605994331362
19 27 8.295346919081538
19 28 6.850821773591542
19 29 7.005148090058894
20 0 7.444333295606549
20 1 7.664291898727303
20 2 7.719159278393311
20 3 8.319445889519796
20 4 6.625962678446098
20 5 6.965949938767959
20 6 5.859786782120173
20 7 6.20366200245254
20 8 7.079190285108424
20 9 6.075736915570733
20 10 6.949375361141097
20 11 6.1612133769232305
20 12 6.230281219293812
20 13 5.243743555408994
20 14 5.8904404232860665
20 15 5.027850028038418
20 16 3.5364088387906043
20 17 0
20 18 3.4043236081798334
20 19 4.36850603925722
20 20 4.6233201709552
20 21 5.682089053458754
20 22 6.459777597714967
20 23 6.4082425357878146
20 24 5.692952754255127
20 25 7.003787219938794
20 26 5.946217753829578
20 27 7.885845642049008
20 28 7.754793515306206
20 29 6.513942580741622
21 0 6.348607952026735
21 1 7.28199693569171
21 2 6.84600651463446
21 3 7.334331605651037
21 4 6.358919594270882
21 5 8.191724351862261
21 6 6.213116160607326
21 7 6.34694634779681
21 8 6.464881983643185
21 9 6.1686741762203825
21 10 6.3776075710684035
21 11 6.943945399426947
21 12 5.33136572470554
21 13 5.937817065319942
21 14 5.5853087527495875
21 15 4.970327151445643
21 16 3.969167258103374
21 17 3.7394100173010902
21 18 3.8599209562116457
21 19 5.435171617554316
21 20 5.196739393513341
21 21 6.228457062135372
21 22 5.952898031907658
21 23 6.462783386226871
21 24 6.966244937640395
21 25 6.458289424200634
21 26 5.866471152163428
21 27 8.425685762208742
21 28 7.662262746500829
21 29 6.956955907511548
22 0 6.905810940756131
22 1 6.745427065206576
22 2 6.31423123302764
22 3 6.647202958248985
22 4 6.485983976723408
22 5 6.940692850134521
22 6 8.22636956637852
22 7 6.968878093307782
22 8 6.635310137596409
22 9 5.8314845378954905
22 10 6.792947131156006
22 11 6.42857540535109
22 12 6.815310206168182
22 13 7.445877068929295
22 14 5.3631533308383705
22 15 5.515934590583432
22 16 4.7375783941382155
22 17 5.173299063144726
22 18 6.180467231999194
22 19 5.245744191431498
22 20 6.110640684328611
22 21 6.5844391319732365
22 22 5.915987144273977
22 23 7.079377248400304
22 24 6.3475562758153234
22 25 5.835464784495395
22 26 7.457817647954374
22 27 6.780842692294714
22 28 5.908216317477259
22 29 6.667118822974823
23 0 6.898278039215984
23 1 7.338496588457511
23 2 6.650615830633094
23 3 7.821371476280656
23 4 6.33779635509884
23 5 6.637816630293153
23 6 6.711009061494447
23 7 7.259432871718662
23 8 6.1355689064602155
23 9 5.6528266292623135
23 10 6.688016544536945
23 11 6.83174951701709
23 12 5.933496459813791
23 13 6.046712461255711
23 14 5.95161279377636
23 15 5.963271475315758
23 16 6.229366785477592
23 17 4.785478907659561
23 18 5.77254377917932
23 19 5.278714534487623
23 20 5.6501634369336005
23 21 6.253707190060627
23 22 6.024997577883643
23 23 6.366850921627023
23 24 6.867449037061431
23 25 4.742309030169807
23 26 7.482487804683208
23 27 6.340121204576792
23 28 6.439140031641377
23 29 7.714815406291634
24 0 6.707483204536715
24 1 6.548441628711978
24 2 6.4513422589009
24 3 6.269865198132623
24 4 7.042437257781429
24 5 7.305970785674382
24 6 7.131975484657662
24 7 6.949294961545317
24 8 5.773251980451432
24 9 6.2228170275699215
24 10 6.711778749037395
24 11 5.295795569911039
24 12 6.96146370658295
24 13 5.975881831381025
24 14 6.386074946933867
24 15 5.182603680648916
24 16 6.006490107503018
24 17 7.013390610970678
24 18 6.395099565647443
24 19 7.2089634213050005
24 20 6.9845298667421005
24 21 6.981575586022378
24 22 6.508995436825412
24 23 6.127073924762042
24 24 6.0774440425720275
24 25 6.085632138602572
24 26 7.205043254496228
24 27 5.755849670273985
24 28 7.273857055861223
24 29 6.642511908172324
25 0 6.219770471672851
25 1 6.048760630922708
25 2 7.955118817283297
25 3 7.076626683684489
25 4 6.01918720180913
25 5 7.33634492456812
25 6 6.672316969227184
25 7 6.47555857939949
25 8 6.643534971559493
25 9 5.878126973560707
25 10 6.190731379372372
25 11 7.712927758366037
25 12 5.839380295998186
25 13 6.483715413087863
25 14 5.284908380461632
25 15 6.0125874761903395
25 16 7.302898886462949
25 17 6.1779053656302665
25 18 7.1186556788151805
25 19 5.142280515348615
25 20 7.081489665607987
25 21 5.938962242556699
25 22 6.829898842473672
25 23 6.615783263922304
25 24 6.627494455060175
25 25 7.256081122468643
25 26 6.41113353832555
25 27 7.164165584197677
25 28 7.542017371191703
25 29 7.402565263932161
26 0 6.330307017479414
26 1 6.688335657482208
26 2 7.8994712892068275
26 3 7.1100750021124375
26 4 7.179085745231242
26 5 6.758985500107934
26 6 8.057004574207886
26 7 7.043682017265767
26 8 7.046676728142447
26 9 7.404269934656425
26 10 6.364462100106082
26 11 6.636504125337478
26 12 6.953045000000279
26 13 6.656823285270489
26 14 7.034791546198544
26 15 7.435500223316833
26 16 6.988529808614298
26 17 6.470775480189407
26 18 7.072499712931596
26 19 6.150754373617059
26 20 5.962675144488479
26 21 7.455252407833857
26 22 5.857469503029976
26 23 6.788878395323426
26 24 6.921184455702812
26 25 6.947902625039624
26 26 7.521075616633966
26 27 6.932128217876839
26 28 6.328969480625813
26 29 7.310322168355601
27 0 5.906647181760109
27 1 6.988595494708584
27 2 6.882247946644989
27 3 6.846294282643319
27 4 7.581495108772103
27 5 6.6072103669364814
27 6 6.694653616395017
27 7 7.791158513567287
27 8 7.734835483088353
27 9 6.814004911094391
27 10 6.812729311667073
27 11 6.776210523880982
27 12 5.820112992846205
27 13 5.8968841913866195
27 14 6.867449037061431
27 15 7.46274405585097
27 16 7.263155917656191
27 17 5.851354703030783
27 18 7.021756045041871
27 19 7.07517341727154
27 20 7.303566959249939
27 21 8.047513798251803
27 22 6.1344419187533
27 23 6.862011608148283
27 24 6.285209949227263
27 25 7.544883139178703
27 26 7.782652812365956
27 27 7.204207840865619
27 28 8.120564598632125
27 29 5.9752970259217735
28 0 6.8402043978972005
28 1 5.566756551471941
28 2 6.272303779051292
28 3 7.060544968174823
28 4 7.416129954614726
28 5 7.2900773531370255
28 6 6.037538580722325
28 7 7.688634822326616
28 8 7.239525380237394
28 9 6.703669422297246
28 10 6.407188279831569
28 11 7.9694035723438965
28 12 8.516642821239849
28 13 6.242727865704914
28 14 6.102876441496893
28 15 6.552875798401336
28 16 6.203046355720454
28 17 6.228812471688588
28 18 7.060052283403045
28 19 5.768820327135767
28 20 6.46398745656582
28 21 6.501851211233003
28 22 7.548960184166275
28 23 7.1551628762428665
28 24 7.03057558728865
28 25 6.983268655105484
28 26 7.301020817966684
28 27 7.302852808285641
28 28 6.945191251548741
28 29 5.810915368580632
29 0 6.708930731825587
29 1 7.117693356562384
29 2 6.245678431373193
29 3 5.571613861662644
29 4 6.322166489409117
29 5 7.064201167582472
29 6 6.594441696945364
29 7 6.701464491756155
29 8 6.44519873164651
29 9 6.956955907511548
29 10 7.396274811151549
29 11 7.433951095511804
29 12 6.128655955981663
29 13 7.279906643133775
29 14 7.031462526461871
29 15 7.776067985408044
29 16 7.841224999587379
29 17 6.407803476775585
29 18 7.373772163568988
29 19 7.166191718172927
29 20 7.987742050814647
29 21 7.291517058514013
29 22 6.19058546646373
29 23 6.848111277984869
29 24 7.9650169958477575
29 25 6.603046533863717
29 26 7.343018247293599
29 27 6.950831896828145
29 28 7.762810522762637
29 29 8.002464748097719
