0 0 5.9804129866692595
0 1 7.384435317061626
0 2 6.588649658944552
0 3 6.967775705437359
0 4 6.356995920396231
0 5 7.588192728427234
0 6 8.505519207581928
0 7 6.547131434012289
0 8 8.084270878111486
0 9 6.40360335354893
0 10 7.328875212977285
0 11 6.8715382869660075
0 12 7.701348086444958
0 13 6.232796628723848
0 14 6.705478519424396
0 15 6.680216179721194
0 16 6.405674270266325
0 17 6.345322494296544
0 18 6.166372078480919
0 19 7.443603824919417
0 20 7.925476095938822
0 21 8.030585415986106
0 22 6.593072553428851
0 23 8.095127918038868
0 24 6.834986695520967
0 25 8.178741813491296
0 26 6.749840977183383
0 27 6.277807263172071
0 28 6.966341382794899
0 29 6.843109499607059
1 0 7.075654178403
1 1 6.456568209605758
1 2 6.964058599571266
1 3 6.342992444039292
1 4 6.27760286479874
1 5 7.141076331744598
1 6 7.2314599578039465
1 7 7.6487552268419785
1 8 7.40204413582921
1 9 7.506870608101611
1 10 6.733396965552183
1 11 7.5320441229389425
1 12 7.205043254496228
1 13 7.031462526461871
1 14 8.148638839572659
1 15 7.444618487692964
1 16 7.59304152730003
1 17 7.841224999587379
1 18 6.921184455702812
1 19 6.181083227347875
1 20 7.0326751657083975
1 21 7.150556229424024
1 22 7.521075616633966
1 23 7.209884843290661
1 24 6.416404410079622
1 25 7.003284428946198
1 26 6.924032207327999
1 27 6.833215169197987
1 28 5.951579328660141
1 29 6.5237885794975226
2 0 6.235085430480551
2 1 6.750156938033314
2 2 5.956270469180943
2 3 6.535139233326561
2 4 7.573285568222456
2 5 7.218643994715547
2 6 6.699421913736633
2 7 7.3587791764444646
2 8 6.770220158787077
2 9 6.2774743304078235
2 10 7.327277652552099
2 11 6.640893773585621
2 12 6.500794841469754
2 13 6.102876441496893
2 14 6.828068968724389
2 15 5.91182562046909
2 16 5.791600393901965
2 17 6.203046355720454
2 18 6.165686787523129
2 19 5.886720778165527
2 20 7.664634527523632
2 21 7.2202804168956165
2 22 6.8075274044541985
2 23 6.229762717309092
2 24 7.12968416762176
2 25 6.47506895361425
2 26 7.601956119547227
2 27 6.945022883597029
2 28 6.755549853430045
2 29 6.457402442714262
3 0 6.450828150304765
3 1 7.792507288160287
3 2 6.010539585526637
3 3 6.506556359767953
3 4 6.9003489855671525
3 5 7.334092295664401
3 6 8.328489418481032
3 7 5.687447248199008
3 8 5.757440737276444
3 9 7.1511004719773235
3 10 8.069257227112002
3 11 5.87113243807091
3 12 5.536380161077696
3 13 6.867449037061431
3 14 6.31990540937598
3 15 6.877990471643267
3 16 6.033404311280826
3 17 7.263155917656191
3 18 7.527326041511283
3 19 6.7506777076695625
3 20 5.91182562046909
3 21 6.320821851986793
3 22 6.817085734489557
3 23 7.074361222474886
3 24 6.909492052262433
3 25 6.058977967821347
3 26 6.618184149291714
3 27 6.445471544567184
3 28 8.093411828134052
3 29 6.0522205118451735
4 0 6.943067644682031
4 1 6.350258451650036
4 2 8.049326395863403
4 3 6.602325492883216
4 4 6.7517472985921065
4 5 6.585611308871753
4 6 7.648432972054531
4 7 7.494157249616765
4 8 6.4213776527003965
4 9 6.705571947641623
4 10 5.916352003380073
4 11 8.796422394519336
4 12 6.35469577271224
4 13 7.034791546198544
4 14 6.79431133886312
4 15 6.0300233551607
4 16 7.594315378167885
4 17 6.988529808614298
4 18 6.518052246384153
4 19 5.966493574746784
4 20 7.088511339589871
4 21 6.64210589921081
4 22 5.843251926369951
4 23 6.221478804847858
4 24 6.823804230163466
4 25 6.733396965552183
4 26 8.306566907915936
4 27 7.328672800164364
4 28 7.174598554721245
4 29 6.986924635777402
5 0 5.878724271402122
5 1 5.777990445313474
5 2 6.857758705447436
5 3 7.380101559665552
5 4 6.345315881701656
5 5 7.306918113220232
5 6 7.160875189613136
5 7 7.944637445827876
5 8 6.654931035539304
5 9 5.809199519219925
5 10 6.516408505519051
5 11 6.882993954080468
5 12 6.614719024456407
5 13 5.284908380461632
5 14 5.915987144273977
5 15 6.554365531252623
5 16 5.936925087264033
5 17 7.302898886462949
5 18 5.413295323478977
5 19 6.024997577883643
5 20 6.29370501049585
5 21 6.629421023323335
5 22 6.859542336754004
5 23 6.530745786772888
5 24 8.516642821239849
5 25 6.444175039643836
5 26 5.908216317477259
5 27 6.038843325232046
5 28 6.798754864514412
5 29 6.966798485420747
6 0 6.411137735261509
6 1 7.132824758046643
6 2 7.395055400130872
6 3 6.541505636722715
6 4 7.514651001951961
6 5 6.722507939250835
6 6 6.440057328487792
6 7 7.798576411776284
6 8 6.0727655082279774
6 9 7.680407796892735
6 10 5.517333547866939
6 11 6.398206747202365
6 12 5.264386255154358
6 13 6.386074946933867
6 14 6.241505438681858
6 15 6.383891698354794
6 16 6.723529301985627
6 17 6.006490107503018
6 18 5.5683874446188595
6 19 5.961465946777915
6 20 5.982149548846078
6 21 6.656378627112734
6 22 6.35469577271224
6 23 7.254643345281764
6 24 6.614510040923798
6 25 7.005592434610238
6 26 7.302715652010237
6 27 7.482885552958235
6 28 6.824156601052876
6 29 7.036544465502247
7 0 6.65826214569552
7 1 7.167394447346281
7 2 6.235046190753504
7 3 7.805024654277472
7 4 6.671108621753455
7 5 6.401833465384946
7 6 7.2798002249149905
7 7 6.6450949966184725
7 8 6.273389195364378
7 9 5.8096137746511545
7 10 6.5856617499187555
7 11 5.5809677570752285
7 12 6.30285363633119
7 13 5.95161279377636
7 14 5.813991895306806
7 15 5.196739393513341
7 16 5.401829653706297
7 17 6.229366785477592
7 18 6.556031188147967
7 19 6.199436292598426
7 20 6.524591950016389
7 21 6.127589732952598
7 22 6.7828028030955325
7 23 7.124146767471249
7 24 7.75184814101987
7 25 7.0258611721622275
7 26 6.701016125948903
7 27 5.687447248199008
7 28 6.655209748472513
7 29 6.922447729153253
8 0 7.076045640975256
8 1 7.468911151839598
8 2 6.9389914749810515
8 3 6.944395066836393
8 4 6.316783683286644
8 5 7.106234629645894
8 6 8.01810991379023
8 7 6.075700322733706
8 8 6.029430051024501
8 9 7.026827669169755
8 10 5.768436204430297
8 11 6.0312808734927605
8 12 6.682539556751523
8 13 5.3631533308383705
8 14 5.367665753718723
8 15 4.720245681647192
8 16 4.7734712826759775
8 17 4.7375783941382155
8 18 5.485068321820276
8 19 5.813991895306806
8 20 6.405093844961558
8 21 7.401759446655321
8 22 6.651349329170378
8 23 6.722742724772862
8 24 6.779656183193664
8 25 6.364462100106082
8 26 6.7632759970834515
8 27 6.543920321584067
8 28 7.351705885504711
8 29 7.126002006266567
9 0 8.108498439506176
9 1 6.599824608680896
9 2 7.348040450542137
9 3 6.964741011803784
9 4 5.901536565539444
9 5 7.582009886840054
9 6 6.648112404364119
9 7 6.821284278082343
9 8 6.493794525041441
9 9 6.29808851953542
9 10 6.089581354459458
9 11 5.253238201623691
9 12 6.0129309858312245
9 13 5.5853087527495875
9 14 5.341298315020311
9 15 4.373208141974942
9 16 3.4043236081798334
9 17 3.969167258103374
9 18 5.8577599059544605
9 19 6.2479760569926635
9 20 6.3146982989694225
9 21 6.683511965621689
9 22 6.752730002366618
9 23 6.1040350547988975
9 24 7.680407796892735
9 25 7.175935510683115
9 26 8.654211911291593
9 27 6.456305336320048
9 28 6.808183614982735
9 29 6.18711061702026
10 0 7.220941381800475
10 1 6.247780868743546
10 2 8.186213290985979
10 3 7.5954021726893535
10 4 6.099217729611185
10 5 7.028859164676182
10 6 6.01296449447623
10 7 6.8917039227753065
10 8 7.786347753519298
10 9 6.559976214517074
10 10 5.82864254926243
10 11 5.877719934859428
10 12 5.6786529920202735
10 13 5.8904404232860665
10 14 4.776565682136755
10 15 3.934975353609106
10 16 0
10 17 3.5364088387906043
10 18 4.418394006321109
10 19 5.0055722266809966
10 20 6.037302797127925
10 21 5.153829767632639
10 22 5.754037064120448
10 23 6.253628598820613
10 24 6.415273508623022
10 25 6.532824104145879
10 26 7.313236450687361
10 27 6.424419912490396
10 28 7.654218548777841
10 29 6.345315881701656
11 0 6.898627338535367
11 1 6.196819316519131
11 2 8.646659744005188
11 3 6.358919594270882
11 4 7.676980727364978
11 5 6.70573471958223
11 6 5.9975184291239225
11 7 6.102937475003864
11 8 6.233213795606044
11 9 7.011162930189909
11 10 5.351884821628756
11 11 7.627608167767605
11 12 6.443203721118333
11 13 5.640484694370232
11 14 4.2234943168286225
11 15 4.101153222917445
11 16 3.644023269913274
11 17 3.4788350087936717
11 18 5.603096223007261
11 19 5.073537168076697
11 20 5.886642491928795
11 21 5.253238201623691
11 22 5.235132685947911
11 23 6.483375491830898
11 24 6.121136566503989
11 25 6.530342078761289
11 26 8.072269856387592
11 27 6.137316259557694
11 28 7.825436099281781
11 29 7.2486638475904845
12 0 7.056695014329115
12 1 6.626654141526911
12 2 6.076654766496281
12 3 7.653549427553931
12 4 6.925074617186863
12 5 6.427056811162489
12 6 7.0538491838421775
12 7 6.0936517796338565
12 8 6.926238138699418
12 9 5.440989979260086
12 10 6.074387869747451
12 11 6.05383129519139
12 12 6.507530662573018
12 13 6.913188650451294
12 14 4.84139335831657
12 15 4.862398213597305
12 16 5.793734477924498
12 17 4.440967906706179
12 18 5.955703695740581
12 19 6.735824952998854
12 20 5.834562919141538
12 21 6.003548419839402
12 22 5.848968587619806
12 23 6.020550155532653
12 24 5.610093897409685
12 25 5.77139187916533
12 26 8.01810991379023
12 27 6.5945901178816735
12 28 7.276700680073123
12 29 7.76328405894705
13 0 6.4936701233277265
13 1 6.258825646779682
13 2 6.056301504607175
13 3 6.8262726729070495
13 4 6.816100252785872
13 5 6.5229478995801236
13 6 6.966216403778584
13 7 6.673830799612264
13 8 7.200697677419213
13 9 6.498909923016829
13 10 6.482253463296824
13 11 5.776000397496098
13 12 5.107519156614876
13 13 6.409746774630609
13 14 5.485097527653971
13 15 5.468635255045664
13 16 5.056313873277442
13 17 6.520668418545975
13 18 6.913188650451294
13 19 4.806250231153913
13 20 5.023726814009773
13 21 7.572827134108462
13 22 6.676546966159461
13 23 5.756166254777362
13 24 6.16589611514804
13 25 5.706026928026801
13 26 8.072618869228622
13 27 6.711009061494447
13 28 6.479690317665492
13 29 6.514523178926378
14 0 6.487826792713292
14 1 6.919903104725876
14 2 7.964314087853644
14 3 6.5901781405318705
14 4 7.88078332779502
14 5 6.46429018568863
14 6 7.1439777689805055
14 7 6.194606424622967
14 8 7.433198262036059
14 9 6.250246482835863
14 10 5.587846172484878
14 11 6.4122606510164974
14 12 5.1323748422607345
14 13 5.3069846813717625
14 14 6.386275899378881
14 15 5.19586569929643
14 16 6.733062247099604
14 17 5.430494101646555
14 18 6.436280741176267
14 19 6.571323569276061
14 20 6.652881122507195
14 21 6.0755047262293775
14 22 5.978504883138846
14 23 6.233213795606044
14 24 6.587819190497797
14 25 5.972918674972377
14 26 6.796252938505009
14 27 6.348626625411957
14 28 6.580411305354019
14 29 7.456986499445107
15 0 6.669818912026207
15 1 6.360825759017333
15 2 7.5954021726893535
15 3 6.446747987268534
15 4 7.333649982124938
15 5 6.439684010173589
15 6 6.87331534620017
15 7 6.07404395262782
15 8 6.376761151141114
15 9 6.646114064761237
15 10 5.792405176146957
15 11 5.273542175012019
15 12 5.098059020568989
15 13 5.186397338334393
15 14 5.5350392015052945
15 15 5.270527361586922
15 16 5.5350392015052945
15 17 5.186397338334393
15 18 5.098059020568989
15 19 5.273542175012019
15 20 5.792405176146957
15 21 6.646114064761237
15 22 6.376761151141114
15 23 6.07404395262782
15 24 6.87331534620017
15 25 6.439684010173589
15 26 7.333649982124938
15 27 6.446747987268534
15 28 7.5954021726893535
15 29 6.360825759017333
16 0 6.660164776735798
16 1 7.456986499445107
16 2 6.580411305354019
16 3 6.348626625411957
16 4 6.796252938505009
16 5 5.972918674972377
16 6 6.587819190497797
16 7 6.233213795606044
16 8 5.978504883138846
16 9 6.0755047262293775
16 10 6.652881122507195
16 11 6.571323569276061
16 12 6.436280741176267
16 13 5.430494101646555
16 14 6.733062247099604
16 15 5.19586569929643
16 16 6.386275899378881
16 17 5.3069846813717625
16 18 5.1323748422607345
16 19 6.4122606510164974
16 20 5.587846172484878
16 21 6.250246482835863
16 22 7.433198262036059
16 23 6.194606424622967
16 24 7.1439777689805055
16 25 6.46429018568863
16 26 7.88078332779502
16 27 6.5901781405318705
16 28 7.964314087853644
16 29 6.919903104725876
17 0 5.433369885678508
17 1 6.514523178926378
17 2 6.479690317665492
17 3 6.711009061494447
17 4 8.072618869228622
17 5 5.706026928026801
17 6 6.16589611514804
17 7 5.756166254777362
17 8 6.676546966159461
17 9 7.572827134108462
17 10 5.023726814009773
17 11 4.806250231153913
17 12 6.913188650451294
17 13 6.520668418545975
17 14 5.056313873277442
17 15 5.468635255045664
17 16 5.485097527653971
17 17 6.409746774630609
17 18 5.107519156614876
17 19 5.776000397496098
17 20 6.482253463296824
17 21 6.498909923016829
17 22 7.200697677419213
17 23 6.673830799612264
17 24 6.966216403778584
17 25 6.5229478995801236
17 26 6.816100252785872
17 27 6.8262726729070495
17 28 6.056301504607175
17 29 6.258825646779682
18 0 6.127913425355697
18 1 7.76328405894705
18 2 7.276700680073123
18 3 6.5945901178816735
18 4 8.01810991379023
18 5 5.77139187916533
18 6 5.610093897409685
18 7 6.020550155532653
18 8 5.848968587619806
18 9 6.003548419839402
18 10 5.834562919141538
18 11 6.735824952998854
18 12 5.955703695740581
18 13 4.440967906706179
18 14 5.793734477924498
18 15 4.862398213597305
18 16 4.84139335831657
18 17 6.913188650451294
18 18 6.507530662573018
18 19 6.05383129519139
18 20 6.074387869747451
18 21 5.440989979260086
18 22 6.926238138699418
18 23 6.0936517796338565
18 24 7.0538491838421775
18 25 6.427056811162489
18 26 6.925074617186863
18 27 7.653549427553931
18 28 6.076654766496281
18 29 6.626654141526911
19 0 6.402204072548434
19 1 7.2486638475904845
19 2 7.825436099281781
19 3 6.137316259557694
19 4 8.072269856387592
19 5 6.530342078761289
19 6 6.121136566503989
19 7 6.483375491830898
19 8 5.235132685947911
19 9 5.253238201623691
19 10 5.886642491928795
19 11 5.073537168076697
19 12 5.603096223007261
19 13 3.4788350087936717
19 14 3.644023269913274
19 15 4.101153222917445
19 16 4.2234943168286225
19 17 5.640484694370232
19 18 6.443203721118333
19 19 7.627608167767605
19 20 5.351884821628756
19 21 7.011162930189909
19 22 6.233213795606044
19 23 6.102937475003864
19 24 5.9975184291239225
19 25 6.70573471958223
19 26 7.676980727364978
19 27 6.358919594270882
19 28 8.646659744005188
19 29 6.196819316519131
20 0 6.959704078909269
20 1 6.345315881701656
20 2 7.654218548777841
20 3 6.424419912490396
20 4 7.313236450687361
20 5 6.532824104145879
20 6 6.415273508623022
20 7 6.253628598820613
20 8 5.754037064120448
20 9 5.153829767632639
20 10 6.037302797127925
20 11 5.0055722266809966
20 12 4.418394006321109
20 13 3.5364088387906043
20 14 0
20 15 3.934975353609106
20 16 4.776565682136755
20 17 5.8904404232860665
20 18 5.6786529920202735
20 19 5.877719934859428
20 20 5.82864254926243
20 21 6.559976214517074
20 22 7.786347753519298
20 23 6.8917039227753065
20 24 6.01296449447623
20 25 7.028859164676182
20 26 6.099217729611185
20 27 7.5954021726893535
20 28 8.186213290985979
20 29 6.247780868743546
21 0 6.899035145633666
21 1 6.18711061702026
21 2 6.808183614982735
21 3 6.456305336320048
21 4 8.654211911291593
21 5 7.175935510683115
21 6 7.680407796892735
21 7 6.1040350547988975
21 8 6.752730002366618
21 9 6.683511965621689
21 10 6.3146982989694225
21 11 6.2479760569926635
21 12 5.8577599059544605
21 13 3.969167258103374
21 14 3.4043236081798334
21 15 4.373208141974942
21 16 5.341298315020311
21 17 5.5853087527495875
21 18 6.0129309858312245
21 19 5.253238201623691
21 20 6.089581354459458
21 21 6.29808851953542
21 22 6.493794525041441
21 23 6.821284278082343
21 24 6.648112404364119
21 25 7.582009886840054
21 26 5.901536565539444
21 27 6.964741011803784
21 28 7.348040450542137
21 29 6.599824608680896
22 0 7.272022198155404
22 1 7.126002006266567
22 2 7.351705885504711
22 3 6.543920321584067
22 4 6.7632759970834515
22 5 6.364462100106082
22 6 6.779656183193664
22 7 6.722742724772862
22 8 6.651349329170378
22 9 7.401759446655321
22 10 6.405093844961558
22 11 5.813991895306806
22 12 5.485068321820276
22 13 4.7375783941382155
22 14 4.7734712826759775
22 15 4.720245681647192
22 16 5.367665753718723
22 17 5.3631533308383705
22 18 6.682539556751523
22 19 6.0312808734927605
22 20 5.768436204430297
22 21 7.026827669169755
22 22 6.029430051024501
22 23 6.075700322733706
22 24 8.01810991379023
22 25 7.106234629645894
22 26 6.316783683286644
22 27 6.944395066836393
22 28 6.9389914749810515
22 29 7.468911151839598
23 0 7.682267997172663
23 1 6.922447729153253
23 2 6.655209748472513
23 3 5.687447248199008
23 4 6.701016125948903
23 5 7.0258611721622275
23 6 7.75184814101987
23 7 7.124146767471249
23 8 6.7828028030955325
23 9 6.127589732952598
23 10 6.524591950016389
23 11 6.199436292598426
23 12 6.556031188147967
23 13 6.229366785477592
23 14 5.401829653706297
23 15 5.196739393513341
23 16 5.813991895306806
23 17 5.95161279377636
23 18 6.30285363633119
23 19 5.5809677570752285
23 20 6.5856617499187555
23 21 5.8096137746511545
23 22 6.273389195364378
23 23 6.6450949966184725
23 24 7.2798002249149905
23 25 6.401833465384946
23 26 6.671108621753455
23 27 7.805024654277472
23 28 6.235046190753504
23 29 7.167394447346281
24 0 6.408975194011719
24 1 7.036544465502247
24 2 6.824156601052876
24 3 7.482885552958235
24 4 7.302715652010237
24 5 7.005592434610238
24 6 6.614510040923798
24 7 7.254643345281764
24 8 6.35469577271224
24 9 6.656378627112734
24 10 5.982149548846078
24 11 5.961465946777915
24 12 5.5683874446188595
24 13 6.006490107503018
24 14 6.723529301985627
24 15 6.383891698354794
24 16 6.241505438681858
24 17 6.386074946933867
24 18 5.264386255154358
24 19 6.398206747202365
24 20 5.517333547866939
24 21 7.680407796892735
24 22 6.0727655082279774
24 23 7.798576411776284
24 24 6.440057328487792
24 25 6.722507939250835
24 26 7.514651001951961
24 27 6.541505636722715
24 28 7.395055400130872
24 29 7.132824758046643
25 0 7.588192728427234
25 1 6.966798485420747
25 2 6.798754864514412
25 3 6.038843325232046
25 4 5.908216317477259
25 5 6.444175039643836
25 6 8.516642821239849
25 7 6.530745786772888
25 8 6.859542336754004
25 9 6.629421023323335
25 10 6.29370501049585
25 11 6.024997577883643
25 12 5.413295323478977
25 13 7.302898886462949
25 14 5.936925087264033
25 15 6.554365531252623
25 16 5.915987144273977
25 17 5.284908380461632
25 18 6.614719024456407
25 19 6.882993954080468
25 20 6.516408505519051
25 21 5.809199519219925
25 22 6.654931035539304
25 23 7.944637445827876
25 24 7.160875189613136
25 25 7.306918113220232
25 26 6.345315881701656
25 27 7.380101559665552
25 28 6.857758705447436
25 29 5.777990445313474
26 0 6.965241923627495
26 1 6.986924635777402
26 2 7.174598554721245
26 3 7.328672800164364
26 4 8.306566907915936
26 5 6.733396965552183
26 6 6.823804230163466
26 7 6.221478804847858
26 8 5.843251926369951
26 9 6.64210589921081
26 10 7.088511339589871
26 11 5.966493574746784
26 12 6.518052246384153
26 13 6.988529808614298
26 14 7.594315378167885
26 15 6.0300233551607
26 16 6.79431133886312
26 17 7.034791546198544
26 18 6.35469577271224
26 19 8.796422394519336
26 20 5.916352003380073
26 21 6.705571947641623
26 22 6.4213776527003965
26 23 7.494157249616765
26 24 7.648432972054531
26 25 6.585611308871753
26 26 6.7517472985921065
26 27 6.602325492883216
26 28 8.049326395863403
26 29 6.350258451650036
27 0 5.7329427904959305
27 1 6.0522205118451735
27 2 8.093411828134052
27 3 6.445471544567184
27 4 6.618184149291714
27 5 6.058977967821347
27 6 6.909492052262433
27 7 7.074361222474886
27 8 6.817085734489557
27 9 6.320821851986793
27 10 5.91182562046909
27 11 6.7506777076695625
27 12 7.527326041511283
27 13 7.263155917656191
27 14 6.033404311280826
27 15 6.877990471643267
27 16 6.31990540937598
27 17 6.867449037061431
27 18 5.536380161077696
27 19 5.87113243807091
27 20 8.069257227112002
27 21 7.1511004719773235
27 22 5.757440737276444
27 23 5.687447248199008
27 24 8.328489418481032
27 25 7.334092295664401
27 26 6.9003489855671525
27 27 6.506556359767953
27 28 6.010539585526637
27 29 7.792507288160287
28 0 6.089571215794128
28 1 6.457402442714262
28 2 6.755549853430045
28 3 6.945022883597029
28 4 7.601956119547227
28 5 6.47506895361425
28 6 7.12968416762176
28 7 6.229762717309092
28 8 6.8075274044541985
28 9 7.2202804168956165
28 10 7.664634527523632
28 11 5.886720778165527
28 12 6.165686787523129
28 13 6.203046355720454
28 14 5.791600393901965
28 15 5.91182562046909
28 16 6.828068968724389
28 17 6.102876441496893
28 18 6.500794841469754
28 19 6.640893773585621
28 20 7.327277652552099
28 21 6.2774743304078235
28 22 6.770220158787077
28 23 7.3587791764444646
28 24 6.699421913736633
28 25 7.218643994715547
28 26 7.573285568222456
28 27 6.535139233326561
28 28 5.956270469180943
28 29 6.750156938033314
29 0 6.860456503828817
29 1 6.5237885794975226
29 2 5.951579328660141
29 3 6.833215169197987
29 4 6.924032207327999
29 5 7.003284428946198
29 6 6.416404410079622
29 7 7.209884843290661
29 8 7.521075616633966
29 9 7.150556229424024
29 10 7.0326751657083975
29 11 6.181083227347875
29 12 6.921184455702812
29 13 7.841224999587379
29 14 7.59304152730003
29 15 7.444618487692964
29 16 8.148638839572659
29 17 7.031462526461871
29 18 7.205043254496228
29 19 7.5320441229389425
29 20 6.733396965552183
29 21 7.506870608101611
29 22 7.40204413582921
29 23 7.6487552268419785
29 24 7.2314599578039465
29 25 7.141076331744598
29 26 6.27760286479874
29 27 6.342992444039292
29 28 6.964058599571266
29 29 6.456568209605758
