0 0 6.521021890885051
0 1 6.487584915416702
0 2 6.8795437852609
0 3 7.817092976679216
0 4 8.535560618912685
0 5 7.293662792019385
0 6 7.239322029550036
0 7 8.165980414338113
0 8 7.744251994087154
0 9 7.115054584794586
0 10 7.603810730412847
0 11 6.395484436981625
0 12 7.1469196125444245
0 13 5.851934312043055
0 14 7.443603824919417
0 15 6.468965008681816
0 16 6.8715382869660075
0 17 7.140141688629401
0 18 7.625411068689237
0 19 7.516754437221218
0 20 7.100469093393236
0 21 6.9222913839396965
0 22 6.975210996192068
0 23 6.532787160121777
0 24 6.78156220125653
0 25 6.921092228239212
0 26 6.796848293706269
0 27 6.959854445298279
0 28 6.808228340966564
0 29 6.1757496533715965
1 0 7.219422204535207
1 1 7.201728782660211
1 2 6.5659749767352205
1 3 7.406590857348628
1 4 7.877903059034668
1 5 6.747460504903513
1 6 6.35468753786346
1 7 7.2132886612433795
1 8 6.8489305506817635
1 9 7.700459320048221
1 10 6.6819979905204185
1 11 8.499767072418676
1 12 7.4216482342820145
1 13 7.166191718172927
1 14 6.181083227347875
1 15 7.749089040591829
1 16 7.5320441229389425
1 17 7.433951095511804
1 18 6.4949211308409875
1 19 6.5657495004618625
1 20 6.949410654129142
1 21 6.581999423869619
1 22 7.722475167873259
1 23 7.556084124544548
1 24 7.5872247495125285
1 25 6.541313605406218
1 26 5.595974915751693
1 27 7.07734003056674
1 28 6.6738629238906055
1 29 6.501981436507582
2 0 6.417711421684722
2 1 8.049371843212064
2 2 7.830191765841311
2 3 6.513363894810996
2 4 7.434010669073622
2 5 6.076952150042652
2 6 8.033889060381393
2 7 7.7672301146917135
2 8 7.618522374279651
2 9 6.55055057059759
2 10 5.7539357431040346
2 11 5.539037120997076
2 12 6.524257129628549
2 13 5.768820327135767
2 14 5.886720778165527
2 15 6.085632138602572
2 16 6.640893773585621
2 17 7.9694035723438965
2 18 5.757440737276444
2 19 6.803720332429036
2 20 8.376915268645988
2 21 7.516141766402052
2 22 7.121669158540947
2 23 7.299632385283299
2 24 6.723370245434665
2 25 7.48141184438842
2 26 6.670583872648856
2 27 5.595679906294899
2 28 6.345204731132631
2 29 6.8469657942278435
3 0 6.025902656469138
3 1 6.281729330837434
3 2 7.010769607108813
3 3 7.82068663204202
3 4 6.019110486219021
3 5 6.642119401627468
3 6 7.387304613604895
3 7 6.047229613468444
3 8 5.573810163265928
3 9 7.781342304966366
3 10 7.48448565420256
3 11 7.984905612413701
3 12 6.631320099467327
3 13 7.07517341727154
3 14 6.7506777076695625
3 15 6.2973222176158234
3 16 5.87113243807091
3 17 6.776210523880982
3 18 6.497637827629462
3 19 6.188389383903588
3 20 6.369916173965156
3 21 7.166136111973033
3 22 7.639861120429938
3 23 5.927841684909686
3 24 6.771085229427329
3 25 6.468237356182107
3 26 6.08995552043855
3 27 5.856700443918088
3 28 6.9573487784952155
3 29 6.263362313134368
4 0 7.07360337291239
4 1 6.540061660996729
4 2 8.581919160971351
4 3 7.2139856202108446
4 4 7.152584983003748
4 5 8.489526664172532
4 6 7.546362156458781
4 7 6.609816191025734
4 8 7.163738328575508
4 9 6.792637249117363
4 10 6.489471952921614
4 11 6.724723114185082
4 12 7.324441751952108
4 13 6.150754373617059
4 14 5.966493574746784
4 15 6.760717167736273
4 16 8.796422394519336
4 17 6.636504125337478
4 18 6.8987017477805
4 19 7.21994373418375
4 20 7.058378153021563
4 21 6.698961072609271
4 22 6.392956269714582
4 23 7.626796181676594
4 24 6.429879046817944
4 25 5.654894596018511
4 26 7.297682963536434
4 27 7.971115004269277
4 28 7.061141421672159
4 29 5.1188479802213385
5 0 7.243670753812279
5 1 7.844007761733302
5 2 7.067320165585876
5 3 6.5225278680301635
5 4 6.6460510936958705
5 5 6.2239721805201205
5 6 6.888871583232358
5 7 6.637231705511043
5 8 5.582422126093876
5 9 8.039820184066343
5 10 6.660446056425992
5 11 6.205017200521241
5 12 6.31488476300715
5 13 5.142280515348615
5 14 6.024997577883643
5 15 7.885920255273379
5 16 6.882993954080468
5 17 7.712927758366037
5 18 7.14132623754394
5 19 6.8246978574429455
5 20 7.514850949401352
5 21 7.9173214448570395
5 22 6.601525784944532
5 23 6.501086820432706
5 24 6.360825759017333
5 25 8.179333253154983
5 26 7.255888376253344
5 27 7.8015059715889175
5 28 5.98512358735265
5 29 6.181065006929267
6 0 6.778697996928131
6 1 7.364200900163295
6 2 7.0300738813067385
6 3 7.332175940419998
6 4 5.827339816714005
6 5 6.310652969530178
6 6 5.9525668321961005
6 7 7.095232770198946
6 8 5.867003653243669
6 9 5.041841788838057
6 10 5.990253947583934
6 11 6.468847865722125
6 12 6.035604376288792
6 13 7.2089634213050005
6 14 5.961465946777915
6 15 6.082908544294314
6 16 6.398206747202365
6 17 5.295795569911039
6 18 6.144494136124001
6 19 6.2443450863574945
6 20 6.071142192418395
6 21 8.11654487192631
6 22 6.348626625411957
6 23 6.432501454563561
6 24 6.922653474758167
6 25 7.91330701152699
6 26 6.4916790361893355
6 27 6.66064343659685
6 28 7.84650240925822
6 29 8.135586862544281
7 0 7.2949389097545305
7 1 7.353084187948188
7 2 7.774125095838391
7 3 6.376953400423568
7 4 5.544303407703536
7 5 6.28479714480907
7 6 6.541125628232396
7 7 7.409873927584275
7 8 6.1231728244788535
7 9 5.578598521891903
7 10 6.370957890482795
7 11 5.289845706591013
7 12 6.4805843139014305
7 13 5.278714534487623
7 14 6.199436292598426
7 15 6.468162145873945
7 16 5.5809677570752285
7 17 6.83174951701709
7 18 6.436359227727561
7 19 7.3709443401268775
7 20 5.706026928026801
7 21 6.616874574252114
7 22 8.19211974474536
7 23 7.114201160962493
7 24 6.335269837939905
7 25 7.482415979066668
7 26 6.258825646779682
7 27 7.00611266140041
7 28 6.118940098373213
7 29 6.838234474784099
8 0 6.818009092217819
8 1 6.800844808470525
8 2 7.626613339270263
8 3 6.792279753188114
8 4 7.824615390730461
8 5 6.144606212469112
8 6 6.959232223369841
8 7 5.67440079613764
8 8 6.008322256008708
8 9 6.252498094952665
8 10 4.9379547532718515
8 11 4.8152041404771655
8 12 5.41323920573195
8 13 5.245744191431498
8 14 5.813991895306806
8 15 6.352792085858218
8 16 6.0312808734927605
8 17 6.42857540535109
8 18 6.020550155532653
8 19 6.505389315645091
8 20 7.180409173128997
8 21 6.512244881545327
8 22 6.544297911427218
8 23 8.150204618914689
8 24 6.289843767664383
8 25 6.614521075986214
8 26 7.2423482796287955
8 27 7.1853295664846835
8 28 6.312817036083765
8 29 6.39646507355802
9 0 6.6718330558313275
9 1 7.350872276916489
9 2 7.4216482342820145
9 3 6.784941837006029
9 4 6.607692749508038
9 5 6.642471320314462
9 6 5.699058091746259
9 7 6.367059125243972
9 8 5.666725849865532
9 9 5.534072303337868
9 10 4.868486039625224
9 11 4.398421718298235
9 12 3.795802849785615
9 13 5.435171617554316
9 14 6.2479760569926635
9 15 6.2958027803992
9 16 5.253238201623691
9 17 6.943945399426947
9 18 7.130072890291842
9 19 6.9219520667381245
9 20 7.950104647914286
9 21 7.472446572496406
9 22 7.186153674318197
9 23 6.561094537358858
9 24 7.918408549659482
9 25 7.298176103254825
9 26 6.193854024263651
9 27 6.8220099718347855
9 28 6.043474427278531
9 29 7.076626683684489
10 0 7.500782862756701
10 1 7.1551628762428665
10 2 7.601000598572777
10 3 5.98668583977999
10 4 6.964102945267887
10 5 7.386519380543618
10 6 7.009219072101915
10 7 6.422459997511559
10 8 5.270735265898786
10 9 4.6665944177885015
10 10 3.670409179175668
10 11 1.246264596835085
10 12 3.7887591498099544
10 13 4.36850603925722
10 14 5.0055722266809966
10 15 5.602406784941768
10 16 5.877719934859428
10 17 6.1612133769232305
10 18 5.653191144343702
10 19 5.6794933018946185
10 20 5.663815728206747
10 21 6.6187081808014065
10 22 7.999965760282311
10 23 6.773371504662393
10 24 7.333649982124938
10 25 7.907773747474748
10 26 6.568320800499598
10 27 7.545344380157307
10 28 7.015485193379154
10 29 5.932136894242051
11 0 7.609025072651415
11 1 6.025747543225551
11 2 7.841224999587379
11 3 7.213142033931176
11 4 6.829898842473672
11 5 6.7670492660331805
11 6 7.1186556788151805
11 7 5.813748519436803
11 8 5.962865668106219
11 9 5.99212207951661
11 10 4.204988116547375
11 11 4.324553881679337
11 12 3.969167258103374
11 13 5.661567639477974
11 14 5.073537168076697
11 15 6.244377365343017
11 16 7.627608167767605
11 17 5.664689952534608
11 18 5.819637081663429
11 19 6.496231022202143
11 20 6.479144041683189
11 21 7.692173708270657
11 22 7.181677023996402
11 23 6.708368701891432
11 24 6.946584719206983
11 25 7.663774722833991
11 26 6.692566176569123
11 27 7.095596255607657
11 28 6.414644934488854
11 29 6.369968148432965
12 0 7.561402939578707
12 1 6.7686441401815145
12 2 6.817085734489557
12 3 6.439487594175131
12 4 6.31990540937598
12 5 7.435500223316833
12 6 6.0999248592797315
12 7 6.5844391319732365
12 8 6.556031188147967
12 9 5.583819047592243
12 10 4.720245681647192
12 11 4.525490997166603
12 12 6.4389336873957035
12 13 6.57016718108361
12 14 6.735824952998854
12 15 5.462445226996458
12 16 6.05383129519139
12 17 5.732534543698486
12 18 6.364755132440474
12 19 5.685392383070116
12 20 6.01633569525284
12 21 7.424755409548626
12 22 6.730137800690263
12 23 7.247235428295953
12 24 6.342012491382846
12 25 6.745105309415129
12 26 7.245418703886793
12 27 6.491275545656223
12 28 7.923281519244807
12 29 7.516141766402052
13 0 6.058977967821347
13 1 6.674967957351578
13 2 7.482487804683208
13 3 7.091308376644631
13 4 7.425398397465223
13 5 6.014273536914097
13 6 6.127589732952598
13 7 6.774713626154143
13 8 5.95161279377636
13 9 5.111060401166663
13 10 6.103558307371455
13 11 5.507987320830679
13 12 5.443601823054229
13 13 5.855146242547202
13 14 4.806250231153913
13 15 5.91718945827868
13 16 5.776000397496098
13 17 6.120173669910064
13 18 7.855678581481682
13 19 6.547098039617131
13 20 6.164825514846863
13 21 6.136808516511014
13 22 5.756166254777362
13 23 5.587183885230565
13 24 7.168860378802686
13 25 5.518172585652705
13 26 7.7751943676268835
13 27 8.7897751796519
13 28 6.070017836617232
13 29 7.4548364901658974
14 0 7.549378292187428
14 1 6.413357167358058
14 2 6.5724971096726765
14 3 6.193674788165968
14 4 7.6108595679813265
14 5 6.096695312873178
14 6 6.398206747202365
14 7 6.575842681621024
14 8 5.17975983989411
14 9 6.288673072544744
14 10 5.886642491928795
14 11 5.243743555408994
14 12 6.443203721118333
14 13 5.407200778508969
14 14 6.571323569276061
14 15 5.120058700508248
14 16 6.4122606510164974
14 17 6.472546307943686
14 18 5.935695490168082
14 19 5.704727478823112
14 20 5.351884821628756
14 21 6.7346223765223305
14 22 6.752487080533429
14 23 6.450601371416299
14 24 6.405004862961502
14 25 6.810859816543317
14 26 5.8725465454446075
14 27 7.404269934656425
14 28 7.494157249616765
14 29 6.912433740602083
15 0 7.922620794123602
15 1 6.686473875706519
15 2 7.563030420513643
15 3 7.194612593699921
15 4 5.809199519219925
15 5 7.02831358057113
15 6 4.855752227159375
15 7 6.92262443837596
15 8 6.468710880524787
15 9 6.9093430551362935
15 10 6.3049294407165535
15 11 5.693716767323988
15 12 6.12215174071513
15 13 5.898418825908277
15 14 5.273542175012019
15 15 6.001749763006402
15 16 5.273542175012019
15 17 5.898418825908277
15 18 6.12215174071513
15 19 5.693716767323988
15 20 6.3049294407165535
15 21 6.9093430551362935
15 22 6.468710880524787
15 23 6.92262443837596
15 24 4.855752227159375
15 25 7.02831358057113
15 26 5.809199519219925
15 27 7.194612593699921
15 28 7.563030420513643
15 29 6.686473875706519
16 0 6.724362550653705
16 1 6.912433740602083
16 2 7.494157249616765
16 3 7.404269934656425
16 4 5.8725465454446075
16 5 6.810859816543317
16 6 6.405004862961502
16 7 6.450601371416299
16 8 6.752487080533429
16 9 6.7346223765223305
16 10 5.351884821628756
16 11 5.704727478823112
16 12 5.935695490168082
16 13 6.472546307943686
16 14 6.4122606510164974
16 15 5.120058700508248
16 16 6.571323569276061
16 17 5.407200778508969
16 18 6.443203721118333
16 19 5.243743555408994
16 20 5.886642491928795
16 21 6.288673072544744
16 22 5.17975983989411
16 23 6.575842681621024
16 24 6.398206747202365
16 25 6.096695312873178
16 26 7.6108595679813265
16 27 6.193674788165968
16 28 6.5724971096726765
16 29 6.413357167358058
17 0 7.334092295664401
17 1 7.4548364901658974
17 2 6.070017836617232
17 3 8.7897751796519
17 4 7.7751943676268835
17 5 5.518172585652705
17 6 7.168860378802686
17 7 5.587183885230565
17 8 5.756166254777362
17 9 6.136808516511014
17 10 6.164825514846863
17 11 6.547098039617131
17 12 7.855678581481682
17 13 6.120173669910064
17 14 5.776000397496098
17 15 5.91718945827868
17 16 4.806250231153913
17 17 5.855146242547202
17 18 5.443601823054229
17 19 5.507987320830679
17 20 6.103558307371455
17 21 5.111060401166663
17 22 5.95161279377636
17 23 6.774713626154143
17 24 6.127589732952598
17 25 6.014273536914097
17 26 7.425398397465223
17 27 7.091308376644631
17 28 7.482487804683208
17 29 6.674967957351578
18 0 7.411162082389687
18 1 7.516141766402052
18 2 7.923281519244807
18 3 6.491275545656223
18 4 7.245418703886793
18 5 6.745105309415129
18 6 6.342012491382846
18 7 7.247235428295953
18 8 6.730137800690263
18 9 7.424755409548626
18 10 6.01633569525284
18 11 5.685392383070116
18 12 6.364755132440474
18 13 5.732534543698486
18 14 6.05383129519139
18 15 5.462445226996458
18 16 6.735824952998854
18 17 6.57016718108361
18 18 6.4389336873957035
18 19 4.525490997166603
18 20 4.720245681647192
18 21 5.583819047592243
18 22 6.556031188147967
18 23 6.5844391319732365
18 24 6.0999248592797315
18 25 7.435500223316833
18 26 6.31990540937598
18 27 6.439487594175131
18 28 6.817085734489557
18 29 6.7686441401815145
19 0 7.347936461595587
19 1 6.369968148432965
19 2 6.414644934488854
19 3 7.095596255607657
19 4 6.692566176569123
19 5 7.663774722833991
19 6 6.946584719206983
19 7 6.708368701891432
19 8 7.181677023996402
19 9 7.692173708270657
19 10 6.479144041683189
19 11 6.496231022202143
19 12 5.819637081663429
19 13 5.664689952534608
19 14 7.627608167767605
19 15 6.244377365343017
19 16 5.073537168076697
19 17 5.661567639477974
19 18 3.969167258103374
19 19 4.324553881679337
19 20 4.204988116547375
19 21 5.99212207951661
19 22 5.962865668106219
19 23 5.813748519436803
19 24 7.1186556788151805
19 25 6.7670492660331805
19 26 6.829898842473672
19 27 7.213142033931176
19 28 7.841224999587379
19 29 6.025747543225551
20 0 7.0959239650550225
20 1 5.932136894242051
20 2 7.015485193379154
20 3 7.545344380157307
20 4 6.568320800499598
20 5 7.907773747474748
20 6 7.333649982124938
20 7 6.773371504662393
20 8 7.999965760282311
20 9 6.6187081808014065
20 10 5.663815728206747
20 11 5.6794933018946185
20 12 5.653191144343702
20 13 6.1612133769232305
20 14 5.877719934859428
20 15 5.602406784941768
20 16 5.0055722266809966
20 17 4.36850603925722
20 18 3.7887591498099544
20 19 1.246264596835085
20 20 3.670409179175668
20 21 4.6665944177885015
20 22 5.270735265898786
20 23 6.422459997511559
20 24 7.009219072101915
20 25 7.386519380543618
20 26 6.964102945267887
20 27 5.98668583977999
20 28 7.601000598572777
20 29 7.1551628762428665
21 0 6.093889760178834
21 1 7.076626683684489
21 2 6.043474427278531
21 3 6.8220099718347855
21 4 6.193854024263651
21 5 7.298176103254825
21 6 7.918408549659482
21 7 6.561094537358858
21 8 7.186153674318197
21 9 7.472446572496406
21 10 7.950104647914286
21 11 6.9219520667381245
21 12 7.130072890291842
21 13 6.943945399426947
21 14 5.253238201623691
21 15 6.2958027803992
21 16 6.2479760569926635
21 17 5.435171617554316
21 18 3.795802849785615
21 19 4.398421718298235
21 20 4.868486039625224
21 21 5.534072303337868
21 22 5.666725849865532
21 23 6.367059125243972
21 24 5.699058091746259
21 25 6.642471320314462
21 26 6.607692749508038
21 27 6.784941837006029
21 28 7.4216482342820145
21 29 7.350872276916489
22 0 6.65826214569552
22 1 6.39646507355802
22 2 6.312817036083765
22 3 7.1853295664846835
22 4 7.2423482796287955
22 5 6.614521075986214
22 6 6.289843767664383
22 7 8.150204618914689
22 8 6.544297911427218
22 9 6.512244881545327
22 10 7.180409173128997
22 11 6.505389315645091
22 12 6.020550155532653
22 13 6.42857540535109
22 14 6.0312808734927605
22 15 6.352792085858218
22 16 5.813991895306806
22 17 5.245744191431498
22 18 5.41323920573195
22 19 4.8152041404771655
22 20 4.9379547532718515
22 21 6.252498094952665
22 22 6.008322256008708
22 23 5.67440079613764
22 24 6.959232223369841
22 25 6.144606212469112
22 26 7.824615390730461
22 27 6.792279753188114
22 28 7.626613339270263
22 29 6.800844808470525
23 0 6.658833832529602
23 1 6.838234474784099
23 2 6.118940098373213
23 3 7.00611266140041
23 4 6.258825646779682
23 5 7.482415979066668
23 6 6.335269837939905
23 7 7.114201160962493
23 8 8.19211974474536
23 9 6.616874574252114
23 10 5.706026928026801
23 11 7.3709443401268775
23 12 6.436359227727561
23 13 6.83174951701709
23 14 5.5809677570752285
23 15 6.468162145873945
23 16 6.199436292598426
23 17 5.278714534487623
23 18 6.4805843139014305
23 19 5.289845706591013
23 20 6.370957890482795
23 21 5.578598521891903
23 22 6.1231728244788535
23 23 7.409873927584275
23 24 6.541125628232396
23 25 6.28479714480907
23 26 5.544303407703536
23 27 6.376953400423568
23 28 7.774125095838391
23 29 7.353084187948188
24 0 6.774692679461292
24 1 8.135586862544281
24 2 7.84650240925822
24 3 6.66064343659685
24 4 6.4916790361893355
24 5 7.91330701152699
24 6 6.922653474758167
24 7 6.432501454563561
24 8 6.348626625411957
24 9 8.11654487192631
24 10 6.071142192418395
24 11 6.2443450863574945
24 12 6.144494136124001
24 13 5.295795569911039
24 14 6.398206747202365
24 15 6.082908544294314
24 16 5.961465946777915
24 17 7.2089634213050005
24 18 6.035604376288792
24 19 6.468847865722125
24 20 5.990253947583934
24 21 5.041841788838057
24 22 5.867003653243669
24 23 7.095232770198946
24 24 5.9525668321961005
24 25 6.310652969530178
24 26 5.827339816714005
24 27 7.332175940419998
24 28 7.0300738813067385
24 29 7.364200900163295
25 0 6.881159768441486
25 1 6.181065006929267
25 2 5.98512358735265
25 3 7.8015059715889175
25 4 7.255888376253344
25 5 8.179333253154983
25 6 6.360825759017333
25 7 6.501086820432706
25 8 6.601525784944532
25 9 7.9173214448570395
25 10 7.514850949401352
25 11 6.8246978574429455
25 12 7.14132623754394
25 13 7.712927758366037
25 14 6.882993954080468
25 15 7.885920255273379
25 16 6.024997577883643
25 17 5.142280515348615
25 18 6.31488476300715
25 19 6.205017200521241
25 20 6.660446056425992
25 21 8.039820184066343
25 22 5.582422126093876
25 23 6.637231705511043
25 24 6.888871583232358
25 25 6.2239721805201205
25 26 6.6460510936958705
25 27 6.5225278680301635
25 28 7.067320165585876
25 29 7.844007761733302
26 0 7.40447488428416
26 1 5.1188479802213385
26 2 7.061141421672159
26 3 7.971115004269277
26 4 7.297682963536434
26 5 5.654894596018511
26 6 6.429879046817944
26 7 7.626796181676594
26 8 6.392956269714582
26 9 6.698961072609271
26 10 7.058378153021563
26 11 7.21994373418375
26 12 6.8987017477805
26 13 6.636504125337478
26 14 8.796422394519336
26 15 6.760717167736273
26 16 5.966493574746784
26 17 6.150754373617059
26 18 7.324441751952108
26 19 6.724723114185082
26 20 6.489471952921614
26 21 6.792637249117363
26 22 7.163738328575508
26 23 6.609816191025734
26 24 7.546362156458781
26 25 8.489526664172532
26 26 7.152584983003748
26 27 7.2139856202108446
26 28 8.581919160971351
26 29 6.540061660996729
27 0 6.674366721907862
27 1 6.263362313134368
27 2 6.9573487784952155
27 3 5.856700443918088
27 4 6.08995552043855
27 5 6.468237356182107
27 6 6.771085229427329
27 7 5.927841684909686
27 8 7.639861120429938
27 9 7.166136111973033
27 10 6.369916173965156
27 11 6.188389383903588
27 12 6.497637827629462
27 13 6.776210523880982
27 14 5.87113243807091
27 15 6.2973222176158234
27 16 6.7506777076695625
27 17 7.07517341727154
27 18 6.631320099467327
27 19 7.984905612413701
27 20 7.48448565420256
27 21 7.781342304966366
27 22 5.573810163265928
27 23 6.047229613468444
27 24 7.387304613604895
27 25 6.642119401627468
27 26 6.019110486219021
27 27 7.82068663204202
27 28 7.010769607108813
27 29 6.281729330837434
28 0 5.864083733709104
28 1 6.8469657942278435
28 2 6.345204731132631
28 3 5.595679906294899
28 4 6.670583872648856
28 5 7.48141184438842
28 6 6.723370245434665
28 7 7.299632385283299
28 8 7.121669158540947
28 9 7.516141766402052
28 10 8.376915268645988
28 11 6.803720332429036
28 12 5.757440737276444
28 13 7.9694035723438965
28 14 6.640893773585621
28 15 6.085632138602572
28 16 5.886720778165527
28 17 5.768820327135767
28 18 6.524257129628549
28 19 5.539037120997076
28 20 5.7539357431040346
28 21 6.55055057059759
28 22 7.618522374279651
28 23 7.7672301146917135
28 24 8.033889060381393
28 25 6.076952150042652
28 26 7.434010669073622
28 27 6.513363894810996
28 28 7.830191765841311
28 29 8.049371843212064
29 0 6.088693605614712
29 1 6.501981436507582
29 2 6.6738629238906055
29 3 7.07734003056674
29 4 5.595974915751693
29 5 6.541313605406218
29 6 7.5872247495125285
29 7 7.556084124544548
29 8 7.722475167873259
29 9 6.581999423869619
29 10 6.949410654129142
29 11 6.5657495004618625
29 12 6.4949211308409875
29 13 7.433951095511804
29 14 7.5320441229389425
29 15 7.749089040591829
29 16 6.181083227347875
29 17 7.166191718172927
29 18 7.4216482342820145
29 19 8.499767072418676
29 20 6.6819979905204185
29 21 7.700459320048221
29 22 6.8489305506817635
29 23 7.2132886612433795
29 24 6.35468753786346
29 25 6.747460504903513
29 26 7.877903059034668
29 27 7.406590857348628
29 28 6.5659749767352205
29 29 7.201728782660211
