0 0 6.856378900314811
0 1 6.394263073939233
0 2 5.989341735032968
0 3 6.721442721248823
0 4 6.989979511247026
0 5 6.697800439785747
0 6 5.937395894274329
0 7 7.571269237019007
0 8 7.393241752239358
0 9 6.524500209343736
0 10 6.115307233563156
0 11 7.1469196125444245
0 12 6.573011070766806
0 13 5.862190687032875
0 14 6.166372078480919
0 15 6.843530631516274
0 16 7.701348086444958
0 17 7.837697421107872
0 18 8.306566907915936
0 19 7.625411068689237
0 20 7.578871772761178
0 21 7.0345591522452295
0 22 8.117229918854667
0 23 6.564520823565947
0 24 6.783201923255945
0 25 6.425165728338398
0 26 6.626120776412246
0 27 7.583300491236183
0 28 7.45939717490939
0 29 5.806105540042164
1 0 6.186791350810428
1 1 7.845809312252146
1 2 6.2750602591994955
1 3 7.345198515591446
1 4 6.120007084211421
1 5 7.2949389097545305
1 6 6.76772000468765
1 7 5.934466937184056
1 8 6.102594976103451
1 9 6.820040934020017
1 10 6.720357649727375
1 11 7.4216482342820145
1 12 6.496261058666994
1 13 7.373772163568988
1 14 6.921184455702812
1 15 7.888163826109135
1 16 7.205043254496228
1 17 6.128655955981663
1 18 6.143603275533659
1 19 6.4949211308409875
1 20 7.156972491756281
1 21 8.142415891037604
1 22 6.602930504513532
1 23 7.236757956527818
1 24 7.442566244624461
1 25 6.059118446215112
1 26 6.368543308131818
1 27 6.239026476735366
1 28 7.0981412895511
1 29 7.227908536348324
2 0 6.70567578705306
2 1 6.256417187853187
2 2 7.510096711837409
2 3 6.6549062765150975
2 4 7.063431984207522
2 5 7.614622982465936
2 6 7.376390890733973
2 7 6.388265099757799
2 8 7.53355007715669
2 9 7.193690656559987
2 10 6.661582824817443
2 11 6.524257129628549
2 12 6.509307131679326
2 13 7.060052283403045
2 14 6.165686787523129
2 15 6.661125951089526
2 16 6.500794841469754
2 17 8.516642821239849
2 18 6.341893576491538
2 19 5.757440737276444
2 20 6.359948611084312
2 21 7.608756779584844
2 22 8.610221289251161
2 23 6.5485296030789355
2 24 6.399593096906127
2 25 7.785713056739541
2 26 6.099735266494491
2 27 6.494380722438841
2 28 6.992429852951971
2 29 6.884320233349414
3 0 6.4479421882929575
3 1 7.102452698467423
3 2 7.695862925338283
3 3 7.647252829911812
3 4 7.263828597544868
3 5 5.866084159750436
3 6 7.626613339270263
3 7 6.664727755342804
3 8 6.53514936087371
3 9 7.601002668249394
3 10 7.786945082083462
3 11 6.631320099467327
3 12 6.964102945267887
3 13 7.021756045041871
3 14 7.527326041511283
3 15 6.575461337592477
3 16 5.536380161077696
3 17 5.820112992846205
3 18 6.268953498677602
3 19 6.497637827629462
3 20 7.4978693161369865
3 21 6.070017836617232
3 22 7.97619428350711
3 23 7.792328835250252
3 24 6.218614275643552
3 25 6.208569740599366
3 26 7.197111157020848
3 27 6.626881100118405
3 28 7.632824301170533
3 29 6.8743727669498345
4 0 6.764106839714047
4 1 7.363892499230747
4 2 7.243535602112609
4 3 7.642206895835889
4 4 6.9985616700689866
4 5 6.720357649727375
4 6 7.278839319748617
4 7 6.5448911797781655
4 8 6.1805921672509525
4 9 6.920575251917737
4 10 5.48770427555001
4 11 7.324441751952108
4 12 6.618707731442061
4 13 7.072499712931596
4 14 6.518052246384153
4 15 6.390285319973409
4 16 6.35469577271224
4 17 6.953045000000279
4 18 6.828134175035087
4 19 6.8987017477805
4 20 7.7803177110239865
4 21 7.153817187383488
4 22 6.714152082379574
4 23 7.195875740264763
4 24 6.412607492789581
4 25 5.433369885678508
4 26 6.039229495182181
4 27 6.772380114663547
4 28 6.900910002643819
4 29 6.673965981890402
5 0 7.235957730164954
5 1 6.302531114290359
5 2 7.091473199589426
5 3 6.749976065446864
5 4 7.772221717167344
5 5 7.621559167883273
5 6 7.56819712479237
5 7 6.607692749508038
5 8 6.992049167633991
5 9 6.104434070650034
5 10 6.180248650624664
5 11 6.31488476300715
5 12 6.8843233784590065
5 13 7.1186556788151805
5 14 5.413295323478977
5 15 6.12431490850545
5 16 6.614719024456407
5 17 5.839380295998186
5 18 7.63422908882557
5 19 7.14132623754394
5 20 6.330930634705485
5 21 7.339949263005964
5 22 6.754195187112755
5 23 6.926332973956027
5 24 7.469260325678702
5 25 6.336863325612578
5 26 6.925871837203931
5 27 7.3580952558867
5 28 7.128334716125092
5 29 7.001320237457829
6 0 7.033048567233068
6 1 6.259047609929926
6 2 7.638442169717873
6 3 7.066857766918097
6 4 7.302857928274139
6 5 6.388192225415362
6 6 7.595087675748122
6 7 5.6944641383446095
6 8 5.876376257985248
6 9 7.082844790020867
6 10 6.06827693383285
6 11 6.035604376288792
6 12 6.1847977348003
6 13 6.395099565647443
6 14 5.5683874446188595
6 15 6.524591950016389
6 16 5.264386255154358
6 17 6.96146370658295
6 18 6.009395929173569
6 19 6.144494136124001
6 20 6.162594628826106
6 21 6.3337649825029265
6 22 7.8582882985569515
6 23 7.09694469327336
6 24 6.580411305354019
6 25 6.783794625243884
6 26 6.930940252432337
6 27 7.073180553414399
6 28 6.968035296795659
6 29 5.431286430081817
7 0 6.859068143412056
7 1 7.782652812365956
7 2 7.443603824919417
7 3 6.3494784345052055
7 4 6.372892507590705
7 5 7.303566959249939
7 6 7.037220126328418
7 7 6.019206873161746
7 8 7.009219072101915
7 9 7.056463275596235
7 10 6.6235475854084225
7 11 6.4805843139014305
7 12 5.468486166119944
7 13 5.77254377917932
7 14 6.556031188147967
7 15 5.802852851303686
7 16 6.30285363633119
7 17 5.933496459813791
7 18 6.579076026017683
7 19 6.436359227727561
7 20 6.696043119201943
7 21 5.771194590762491
7 22 6.794718083326708
7 23 6.91181535965301
7 24 5.961605117750487
7 25 6.104482587064906
7 26 7.377114547205297
7 27 5.742222725808493
7 28 6.981957839075111
7 29 6.66427940456133
8 0 6.205135503678155
8 1 6.904510580497034
8 2 6.705478519424396
8 3 7.6396162479245575
8 4 6.165686787523129
8 5 7.727338472960283
8 6 5.914763045661518
8 7 6.650601116927659
8 8 6.46634657206296
8 9 6.962201212727323
8 10 6.219668786053746
8 11 5.41323920573195
8 12 5.098166914035344
8 13 6.180467231999194
8 14 5.485068321820276
8 15 6.285348691644473
8 16 6.682539556751523
8 17 6.815310206168182
8 18 6.43076846727246
8 19 6.020550155532653
8 20 6.466236641117474
8 21 6.427353863989684
8 22 5.651720872754426
8 23 7.333649982124938
8 24 7.486747771093266
8 25 7.162766162915539
8 26 6.076654766496281
8 27 7.129854533536769
8 28 6.923651576752654
8 29 6.942729400029791
9 0 6.47506895361425
9 1 6.420331795358976
9 2 6.650759606919772
9 3 6.712368438065058
9 4 6.0774440425720275
9 5 6.877990471643267
9 6 6.988529808614298
9 7 6.8870867019254645
9 8 6.395099565647443
9 9 5.962865668106219
9 10 4.786956358434884
9 11 3.795802849785615
9 12 4.1595992297062425
9 13 3.8599209562116457
9 14 5.8577599059544605
9 15 6.103558307371455
9 16 6.0129309858312245
9 17 5.33136572470554
9 18 6.343470202496481
9 19 7.130072890291842
9 20 6.602532702362802
9 21 6.102937475003864
9 22 7.693055418747935
9 23 6.172477874490705
9 24 6.394988704289758
9 25 6.1237515529854845
9 26 7.245812601022309
9 27 6.99581398372136
9 28 6.826196616727952
9 29 7.457485427677133
10 0 7.409262705929033
10 1 7.020236547415282
10 2 6.823804230163466
10 3 6.734510497106746
10 4 6.170834962793747
10 5 6.371353129012613
10 6 6.832990008984628
10 7 5.961465946777915
10 8 6.723529301985627
10 9 6.4942334530358
10 10 5.034573815274382
10 11 3.7887591498099544
10 12 1.2177311961125017
10 13 3.4043236081798334
10 14 4.418394006321109
10 15 5.429879463451368
10 16 5.6786529920202735
10 17 6.230281219293812
10 18 6.141705291318781
10 19 5.653191144343702
10 20 6.505748409764526
10 21 5.603465752768073
10 22 7.1439777689805055
10 23 5.796632517222153
10 24 7.3456675128995945
10 25 8.451929068950836
10 26 7.223883748845622
10 27 7.83847056029959
10 28 6.08692148145944
10 29 6.925871837203931
11 0 6.752828031517811
11 1 7.1989064614812825
11 2 7.086090570644068
11 3 5.901857739776845
11 4 7.254643345281764
11 5 6.806334952530661
11 6 5.958427733143362
11 7 5.952898031907658
11 8 5.3235697047202875
11 9 5.5894051064015935
11 10 4.720245681647192
11 11 3.969167258103374
11 12 3.684679117186252
11 13 4.169134798145085
11 14 5.603096223007261
11 15 6.521463590981797
11 16 6.443203721118333
11 17 6.080380289176156
11 18 7.152945735417614
11 19 5.819637081663429
11 20 6.01633569525284
11 21 5.468045688148657
11 22 7.33054229929052
11 23 6.324563529063194
11 24 7.17382937237465
11 25 7.170168842629338
11 26 7.102384916303912
11 27 8.622860006591365
11 28 7.691509630757228
11 29 6.043474427278531
12 0 7.019419998389251
12 1 6.814048720598859
12 2 7.168497764235901
12 3 6.268953498677602
12 4 6.250710290829948
12 5 7.147172513170505
12 6 6.651349329170378
12 7 6.657233403022926
12 8 5.439017075312827
12 9 5.3631533308383705
12 10 5.126604660698999
12 11 6.4389336873957035
12 12 4.776565682136755
12 13 4.882874692844626
12 14 5.955703695740581
12 15 4.660012410366342
12 16 6.507530662573018
12 17 6.422677706428304
12 18 5.438169580651059
12 19 6.364755132440474
12 20 7.01085536229798
12 21 7.200697677419213
12 22 7.593940721094768
12 23 6.87331534620017
12 24 7.098965969448442
12 25 6.3544286376397405
12 26 8.08632174642168
12 27 6.400043024236629
12 28 7.427207715294534
12 29 7.045431986410524
13 0 7.455983236449678
13 1 5.687447248199008
13 2 6.292378617901648
13 3 6.357857895781686
13 4 6.615391584699504
13 5 6.038211153516887
13 6 6.196659386159168
13 7 5.933496459813791
13 8 5.153829767632639
13 9 6.280260917164288
13 10 5.5055038622956225
13 11 5.443601823054229
13 12 6.226084688513493
13 13 5.019655496352449
13 14 6.913188650451294
13 15 6.10388663029645
13 16 5.107519156614876
13 17 5.273542175012019
13 18 5.746504862419474
13 19 7.855678581481682
13 20 7.460497890411261
13 21 5.967895306798838
13 22 6.472748095677636
13 23 6.542116579927227
13 24 6.427353863989684
13 25 6.428541122403185
13 26 7.148921565030315
13 27 7.344056210744951
13 28 6.564642627269547
13 29 7.639861120429938
14 0 7.268038594166403
14 1 7.982113598872346
14 2 6.279559616374714
14 3 7.816463120120528
14 4 6.0727655082279774
14 5 6.711778749037395
14 6 6.683855086451592
14 7 6.462406065137598
14 8 6.3762062280055005
14 9 6.14086100977783
14 10 5.834562919141538
14 11 6.443203721118333
14 12 5.66304109938667
14 13 5.855317810543917
14 14 6.436280741176267
14 15 6.445798447450631
14 16 5.1323748422607345
14 17 6.11843367216484
14 18 5.41323023246874
14 19 5.935695490168082
14 20 6.074387869747451
14 21 6.405449720818499
14 22 6.44789992641493
14 23 7.233280007609638
14 24 6.107500392426194
14 25 5.77139187916533
14 26 7.31918990506534
14 27 7.227682351020618
14 28 6.714152082379574
14 29 8.057004574207886
15 0 7.115682371643936
15 1 7.444195569500286
15 2 7.061185357475419
15 3 6.643534971559493
15 4 6.145882323908961
15 5 6.776716157744936
15 6 6.59769294250142
15 7 6.29808851953542
15 8 6.046286837130051
15 9 5.442796827826645
15 10 4.988598816496172
15 11 6.12215174071513
15 12 6.571323569276061
15 13 7.148706251147904
15 14 5.098059020568989
15 15 5.268537138884727
15 16 5.098059020568989
15 17 7.148706251147904
15 18 6.571323569276061
15 19 6.12215174071513
15 20 4.988598816496172
15 21 5.442796827826645
15 22 6.046286837130051
15 23 6.29808851953542
15 24 6.59769294250142
15 25 6.776716157744936
15 26 6.145882323908961
15 27 6.643534971559493
15 28 7.061185357475419
15 29 7.444195569500286
16 0 6.855662454061311
16 1 8.057004574207886
16 2 6.714152082379574
16 3 7.227682351020618
16 4 7.31918990506534
16 5 5.77139187916533
16 6 6.107500392426194
16 7 7.233280007609638
16 8 6.44789992641493
16 9 6.405449720818499
16 10 6.074387869747451
16 11 5.935695490168082
16 12 5.41323023246874
16 13 6.11843367216484
16 14 5.1323748422607345
16 15 6.445798447450631
16 16 6.436280741176267
16 17 5.855317810543917
16 18 5.66304109938667
16 19 6.443203721118333
16 20 5.834562919141538
16 21 6.14086100977783
16 22 6.3762062280055005
16 23 6.462406065137598
16 24 6.683855086451592
16 25 6.711778749037395
16 26 6.0727655082279774
16 27 7.816463120120528
16 28 6.279559616374714
16 29 7.982113598872346
17 0 5.987258656083164
17 1 7.639861120429938
17 2 6.564642627269547
17 3 7.344056210744951
17 4 7.148921565030315
17 5 6.428541122403185
17 6 6.427353863989684
17 7 6.542116579927227
17 8 6.472748095677636
17 9 5.967895306798838
17 10 7.460497890411261
17 11 7.855678581481682
17 12 5.746504862419474
17 13 5.273542175012019
17 14 5.107519156614876
17 15 6.10388663029645
17 16 6.913188650451294
17 17 5.019655496352449
17 18 6.226084688513493
17 19 5.443601823054229
17 20 5.5055038622956225
17 21 6.280260917164288
17 22 5.153829767632639
17 23 5.933496459813791
17 24 6.196659386159168
17 25 6.038211153516887
17 26 6.615391584699504
17 27 6.357857895781686
17 28 6.292378617901648
17 29 5.687447248199008
18 0 6.7167866621003744
18 1 7.045431986410524
18 2 7.427207715294534
18 3 6.400043024236629
18 4 8.08632174642168
18 5 6.3544286376397405
18 6 7.098965969448442
18 7 6.87331534620017
18 8 7.593940721094768
18 9 7.200697677419213
18 10 7.01085536229798
18 11 6.364755132440474
18 12 5.438169580651059
18 13 6.422677706428304
18 14 6.507530662573018
18 15 4.660012410366342
18 16 5.955703695740581
18 17 4.882874692844626
18 18 4.776565682136755
18 19 6.4389336873957035
18 20 5.126604660698999
18 21 5.3631533308383705
18 22 5.439017075312827
18 23 6.657233403022926
18 24 6.651349329170378
18 25 7.147172513170505
18 26 6.250710290829948
18 27 6.268953498677602
18 28 7.168497764235901
18 29 6.814048720598859
19 0 7.730797561501575
19 1 6.043474427278531
19 2 7.691509630757228
19 3 8.622860006591365
19 4 7.102384916303912
19 5 7.170168842629338
19 6 7.17382937237465
19 7 6.324563529063194
19 8 7.33054229929052
19 9 5.468045688148657
19 10 6.01633569525284
19 11 5.819637081663429
19 12 7.152945735417614
19 13 6.080380289176156
19 14 6.443203721118333
19 15 6.521463590981797
19 16 5.603096223007261
19 17 4.169134798145085
19 18 3.684679117186252
19 19 3.969167258103374
19 20 4.720245681647192
19 21 5.5894051064015935
19 22 5.3235697047202875
19 23 5.952898031907658
19 24 5.958427733143362
19 25 6.806334952530661
19 26 7.254643345281764
19 27 5.901857739776845
19 28 7.086090570644068
19 29 7.1989064614812825
20 0 6.641313612778277
20 1 6.925871837203931
20 2 6.08692148145944
20 3 7.83847056029959
20 4 7.223883748845622
20 5 8.451929068950836
20 6 7.3456675128995945
20 7 5.796632517222153
20 8 7.1439777689805055
20 9 5.603465752768073
20 10 6.505748409764526
20 11 5.653191144343702
20 12 6.141705291318781
20 13 6.230281219293812
20 14 5.6786529920202735
20 15 5.429879463451368
20 16 4.418394006321109
20 17 3.4043236081798334
20 18 1.2177311961125017
20 19 3.7887591498099544
20 20 5.034573815274382
20 21 6.4942334530358
20 22 6.723529301985627
20 23 5.961465946777915
20 24 6.832990008984628
20 25 6.371353129012613
20 26 6.170834962793747
20 27 6.734510497106746
20 28 6.823804230163466
20 29 7.020236547415282
21 0 7.605909803449914
21 1 7.457485427677133
21 2 6.826196616727952
21 3 6.99581398372136
21 4 7.245812601022309
21 5 6.1237515529854845
21 6 6.394988704289758
21 7 6.172477874490705
21 8 7.693055418747935
21 9 6.102937475003864
21 10 6.602532702362802
21 11 7.130072890291842
21 12 6.343470202496481
21 13 5.33136572470554
21 14 6.0129309858312245
21 15 6.103558307371455
21 16 5.8577599059544605
21 17 3.8599209562116457
21 18 4.1595992297062425
21 19 3.795802849785615
21 20 4.786956358434884
21 21 5.962865668106219
21 22 6.395099565647443
21 23 6.8870867019254645
21 24 6.988529808614298
21 25 6.877990471643267
21 26 6.0774440425720275
21 27 6.712368438065058
21 28 6.650759606919772
21 29 6.420331795358976
22 0 6.741945563418082
22 1 6.942729400029791
22 2 6.923651576752654
22 3 7.129854533536769
22 4 6.076654766496281
22 5 7.162766162915539
22 6 7.486747771093266
22 7 7.333649982124938
22 8 5.651720872754426
22 9 6.427353863989684
22 10 6.466236641117474
22 11 6.020550155532653
22 12 6.43076846727246
22 13 6.815310206168182
22 14 6.682539556751523
22 15 6.285348691644473
22 16 5.485068321820276
22 17 6.180467231999194
22 18 5.098166914035344
22 19 5.41323920573195
22 20 6.219668786053746
22 21 6.962201212727323
22 22 6.46634657206296
22 23 6.650601116927659
22 24 5.914763045661518
22 25 7.727338472960283
22 26 6.165686787523129
22 27 7.6396162479245575
22 28 6.705478519424396
22 29 6.904510580497034
23 0 6.239213342375601
23 1 6.66427940456133
23 2 6.981957839075111
23 3 5.742222725808493
23 4 7.377114547205297
23 5 6.104482587064906
23 6 5.961605117750487
23 7 6.91181535965301
23 8 6.794718083326708
23 9 5.771194590762491
23 10 6.696043119201943
23 11 6.436359227727561
23 12 6.579076026017683
23 13 5.933496459813791
23 14 6.30285363633119
23 15 5.802852851303686
23 16 6.556031188147967
23 17 5.77254377917932
23 18 5.468486166119944
23 19 6.4805843139014305
23 20 6.6235475854084225
23 21 7.056463275596235
23 22 7.009219072101915
23 23 6.019206873161746
23 24 7.037220126328418
23 25 7.303566959249939
23 26 6.372892507590705
23 27 6.3494784345052055
23 28 7.443603824919417
23 29 7.782652812365956
24 0 6.478671930712198
24 1 5.431286430081817
24 2 6.968035296795659
24 3 7.073180553414399
24 4 6.930940252432337
24 5 6.783794625243884
24 6 6.580411305354019
24 7 7.09694469327336
24 8 7.8582882985569515
24 9 6.3337649825029265
24 10 6.162594628826106
24 11 6.144494136124001
24 12 6.009395929173569
24 13 6.96146370658295
24 14 5.264386255154358
24 15 6.524591950016389
24 16 5.5683874446188595
24 17 6.395099565647443
24 18 6.1847977348003
24 19 6.035604376288792
24 20 6.06827693383285
24 21 7.082844790020867
24 22 5.876376257985248
24 23 5.6944641383446095
24 24 7.595087675748122
24 25 6.388192225415362
24 26 7.302857928274139
24 27 7.066857766918097
24 28 7.638442169717873
24 29 6.259047609929926
25 0 6.287572227945826
25 1 7.001320237457829
25 2 7.128334716125092
25 3 7.3580952558867
25 4 6.925871837203931
25 5 6.336863325612578
25 6 7.469260325678702
25 7 6.926332973956027
25 8 6.754195187112755
25 9 7.339949263005964
25 10 6.330930634705485
25 11 7.14132623754394
25 12 7.63422908882557
25 13 5.839380295998186
25 14 6.614719024456407
25 15 6.12431490850545
25 16 5.413295323478977
25 17 7.1186556788151805
25 18 6.8843233784590065
25 19 6.31488476300715
25 20 6.180248650624664
25 21 6.104434070650034
25 22 6.992049167633991
25 23 6.607692749508038
25 24 7.56819712479237
25 25 7.621559167883273
25 26 7.772221717167344
25 27 6.749976065446864
25 28 7.091473199589426
25 29 6.302531114290359
26 0 6.363843784416366
26 1 6.673965981890402
26 2 6.900910002643819
26 3 6.772380114663547
26 4 6.039229495182181
26 5 5.433369885678508
26 6 6.412607492789581
26 7 7.195875740264763
26 8 6.714152082379574
26 9 7.153817187383488
26 10 7.7803177110239865
26 11 6.8987017477805
26 12 6.828134175035087
26 13 6.953045000000279
26 14 6.35469577271224
26 15 6.390285319973409
26 16 6.518052246384153
26 17 7.072499712931596
26 18 6.618707731442061
26 19 7.324441751952108
26 20 5.48770427555001
26 21 6.920575251917737
26 22 6.1805921672509525
26 23 6.5448911797781655
26 24 7.278839319748617
26 25 6.720357649727375
26 26 6.9985616700689866
26 27 7.642206895835889
26 28 7.243535602112609
26 29 7.363892499230747
27 0 6.815061382350429
27 1 6.8743727669498345
27 2 7.632824301170533
27 3 6.626881100118405
27 4 7.197111157020848
27 5 6.208569740599366
27 6 6.218614275643552
27 7 7.792328835250252
27 8 7.97619428350711
27 9 6.070017836617232
27 10 7.4978693161369865
27 11 6.497637827629462
27 12 6.268953498677602
27 13 5.820112992846205
27 14 5.536380161077696
27 15 6.575461337592477
27 16 7.527326041511283
27 17 7.021756045041871
27 18 6.964102945267887
27 19 6.631320099467327
27 20 7.786945082083462
27 21 7.601002668249394
27 22 6.53514936087371
27 23 6.664727755342804
27 24 7.626613339270263
27 25 5.866084159750436
27 26 7.263828597544868
27 27 7.647252829911812
27 28 7.695862925338283
27 29 7.102452698467423
28 0 7.539341028016558
28 1 6.884320233349414
28 2 6.992429852951971
28 3 6.494380722438841
28 4 6.099735266494491
28 5 7.785713056739541
28 6 6.399593096906127
28 7 6.5485296030789355
28 8 8.610221289251161
28 9 7.608756779584844
28 10 6.359948611084312
28 11 5.757440737276444
28 12 6.341893576491538
28 13 8.516642821239849
28 14 6.500794841469754
28 15 6.661125951089526
28 16 6.165686787523129
28 17 7.060052283403045
28 18 6.509307131679326
28 19 6.524257129628549
28 20 6.661582824817443
28 21 7.193690656559987
28 22 7.53355007715669
28 23 6.388265099757799
28 24 7.376390890733973
28 25 7.614622982465936
28 26 7.063431984207522
28 27 6.6549062765150975
28 28 7.510096711837409
28 29 6.256417187853187
29 0 4.90993465520947
29 1 7.227908536348324
29 2 7.0981412895511
29 3 6.239026476735366
29 4 6.368543308131818
29 5 6.059118446215112
29 6 7.442566244624461
29 7 7.236757956527818
29 8 6.602930504513532
29 9 8.142415891037604
29 10 7.156972491756281
29 11 6.4949211308409875
29 12 6.143603275533659
29 13 6.128655955981663
29 14 7.205043254496228
29 15 7.888163826109135
29 16 6.921184455702812
29 17 7.373772163568988
29 18 6.496261058666994
29 19 7.4216482342820145
29 20 6.720357649727375
29 21 6.820040934020017
29 22 6.102594976103451
29 23 5.934466937184056
29 24 6.76772000468765
29 25 7.2949389097545305
29 26 6.120007084211421
29 27 7.345198515591446
29 28 6.2750602591994955
29 29 7.845809312252146
