0 0 3.428688911909158
0 1 5.034471370858589
0 2 4.110218595576797
0 3 4.326531336906698
0 4 3.5450087999082562
0 5 5.190606874574197
0 6 6.2881433197223995
0 7 3.7550342778246457
0 8 5.252874386561723
0 9 3.3419335803998726
0 10 4.543220082549947
0 11 4.4553614828208525
0 12 4.65692907739804
0 13 3.698701113585259
0 14 3.962328216023507
0 15 4.0046662127298145
0 16 3.748553807245101
0 17 3.4453456381037166
0 18 3.5304316665164053
0 19 4.5385725695658055
0 20 4.892746489579577
0 21 5.591888725995653
0 22 3.9460476232246964
0 23 4.77654930032974
0 24 4.267123094304268
0 25 5.632846284881441
0 26 3.8358954131768357
0 27 3.603619040360174
0 28 4.911105595690716
0 29 4.696171126305025
1 0 5.111100426104471
1 1 4.070177992540178
1 2 4.435417570513455
1 3 3.589670005862968
1 4 3.7382542258549525
1 5 4.901641491484716
1 6 4.945847177194201
1 7 4.266710165277651
1 8 4.911994785938417
1 9 4.973194781421934
1 10 3.8550311061563938
1 11 4.8037319291533676
1 12 3.6893817026489124
1 13 4.267701062248092
1 14 4.97049482864491
1 15 4.528079715455603
1 16 4.823969256524716
1 17 5.568977219137435
1 18 4.461192758379148
1 19 3.911636883832552
1 20 3.7202461163448186
1 21 4.6936320177439095
1 22 4.660403794430527
1 23 4.299021975575859
1 24 3.3355960715536352
1 25 4.2023927962724175
1 26 4.018036871828217
1 27 4.1758537145098815
1 28 3.4382294518879837
1 29 4.218606647804024
2 0 4.332647946770934
2 1 4.327340096776993
2 2 3.2614717117702594
2 3 4.342893290638402
2 4 5.171591691891136
2 5 4.832071898503469
2 6 3.624971654967483
2 7 4.900171426121097
2 8 4.105437493374684
2 9 3.5982223996976805
2 10 4.449324403948993
2 11 3.695934634674706
2 12 4.196326717383582
2 13 3.787840219108259
2 14 3.8720417029383283
2 15 3.0246549686120923
2 16 2.86695314518059
2 17 3.270011928051347
2 18 3.500818574120916
2 19 3.201124734533874
2 20 4.976750680056821
2 21 4.174769625107218
2 22 3.9194198200692694
2 23 3.388267628557191
2 24 4.490802865028703
2 25 3.4457223893577145
2 26 5.141134121936991
2 27 4.29870075826507
2 28 4.0737507598567975
2 29 3.8727846593571744
3 0 3.868033174784906
3 1 5.161968261897382
3 2 3.4434950355228624
3 3 4.320988616570369
3 4 4.200760899805963
3 5 4.105060315519024
3 6 5.657408668922154
3 7 3.7037033927751457
3 8 2.816092543664097
3 9 3.9561592939558246
3 10 5.664250594275689
3 11 3.5906099208036966
3 12 2.5950394580191767
3 13 3.7105657670988617
3 14 3.5972775999428928
3 15 4.453375125524418
3 16 3.6380527488917216
3 17 4.58500771396315
3 18 4.61323317255218
3 19 3.7077416887464683
3 20 3.0246549686120923
3 21 3.7132075409232517
3 22 4.165025120013665
3 23 3.8691981778137183
3 24 4.079357215394341
3 25 3.27321639687173
3 26 3.449181925144014
3 27 3.9857379629746714
3 28 5.242085674507932
3 29 3.096823485270606
4 0 4.495481780622016
4 1 3.411398632968655
4 2 5.000591890487161
4 3 3.796442090472262
4 4 3.965278372796428
4 5 3.9352005560118677
4 6 4.9875495683313575
4 7 4.40109061980662
4 8 3.4129883255714506
4 9 4.115879184343795
4 10 3.183687176706766
4 11 5.162826727244496
4 12 4.080667441034452
4 13 4.649118994817185
4 14 3.8753076068180397
4 15 3.2367373278648794
4 16 4.2892546771207405
4 17 3.8050693693076543
4 18 3.50481859617025
4 19 3.483093292308585
4 20 4.347829786189227
4 21 3.726167987694
4 22 3.1356725783125756
4 23 3.834828531961426
4 24 4.108164403029118
4 25 3.8550311061563938
4 26 5.78386339168864
4 27 4.223518370961775
4 28 4.058316298538102
4 29 4.43939084747841
5 0 3.1522695196512784
5 1 3.436011596709093
5 2 4.609519129852031
5 3 4.16421492915452
5 4 3.9323981032753075
5 5 5.006671217425916
5 6 4.327977814660887
5 7 4.721607929805851
5 8 4.096353204890882
5 9 2.964283316314277
5 10 3.9410881577899466
5 11 4.070297014102595
5 12 3.9765705904078947
5 13 3.019291135620254
5 14 3.048331668701861
5 15 3.4798230645669577
5 16 2.9147875133619405
5 17 4.282535412055282
5 18 2.908083373092213
5 19 3.6554101158501373
5 20 3.2673605852899335
5 21 4.201333689933695
5 22 4.028867560775322
5 23 3.9951760181068443
5 24 5.214805912082245
5 25 3.8214953391574933
5 26 3.366009949935301
5 27 3.5024440145637588
5 28 3.9990191656491603
5 29 4.210679349341239
6 0 4.053613930283392
6 1 4.603572678832911
6 2 4.718549553606232
6 3 3.5352056659002775
6 4 4.675877566160692
6 5 3.7435563380556567
6 6 3.6184720228322464
6 7 4.967496571534809
6 8 3.5501642949335674
6 9 4.913857192559562
6 10 2.925312766807818
6 11 3.4748095760269253
6 12 2.902102501745917
6 13 3.4850123704554976
6 14 3.02861846040505
6 15 2.934684541930263
6 16 3.4334440678583316
6 17 3.048496168756488
6 18 2.5834672877069687
6 19 3.218818144325272
6 20 3.3805136318016933
6 21 3.555680039021601
6 22 4.080667441034452
6 23 3.9005369609047085
6 24 3.78191753502653
6 25 4.283854504269428
6 26 4.6083843164102385
6 27 4.876055063349712
6 28 3.757524737163587
6 29 3.9178369214676283
7 0 3.7138214216777636
7 1 4.5591662109580025
7 2 3.5475262809459593
7 3 4.74331476541237
7 4 4.212768722332442
7 5 3.4597509698374167
7 6 4.323061281203254
7 7 4.069187385569739
7 8 3.382927341913252
7 9 3.2906190762213297
7 10 3.5290063308185333
7 11 2.940138541990539
7 12 2.964398520351613
7 13 2.8854863944267177
7 14 2.7571757076247154
7 15 2.3571449888108345
7 16 2.4842507386461503
7 17 3.1048887908748375
7 18 3.191052763280569
7 19 2.7814329113535465
7 20 3.6826347548947194
7 21 3.546463225035956
7 22 3.8422289759686117
7 23 4.190411501017301
7 24 4.883575938327797
7 25 4.656217889454121
7 26 3.815856405054236
7 27 3.7037033927751457
7 28 3.7975094603105135
7 29 4.039149116797222
8 0 4.565863274524399
8 1 5.210184788888668
8 2 3.5329234474994933
8 3 4.422258944402563
8 4 3.8132589468107003
8 5 4.094420988622908
8 6 4.9594303826440935
8 7 2.9981397017411426
8 8 3.6502133851801433
8 9 4.000823846319196
8 10 3.268475549615739
8 11 2.994730757292823
8 12 3.239517228467718
8 13 2.3938330917628434
8 14 2.278655891294721
8 15 1.7434455824148503
8 16 1.7566887596729608
8 17 1.7940374529489653
8 18 2.2656255556931537
8 19 2.7571757076247154
8 20 3.585434451220179
8 21 3.976822509716126
8 22 4.057870526952709
8 23 3.7436008818551225
8 24 3.6739787109317334
8 25 3.834039754788043
8 26 3.928955131253681
8 27 4.089412403461969
8 28 4.895451482923091
8 29 3.8315476662774537
9 0 5.412631690288917
9 1 4.120681308608799
9 2 4.363031519681396
9 3 4.704404818402433
9 4 3.060614401325383
9 5 4.071256884796063
9 6 3.85029201255389
9 7 3.7273446233807093
9 8 3.833578009265844
9 9 3.5752647931271984
9 10 3.0332922230105837
9 11 2.4699107484036587
9 12 3.037509219212596
9 13 2.689676778650701
9 14 2.343164612530298
9 15 1.6871124970559466
9 16 0
9 17 1.495743752551673
9 18 2.418737084217765
9 19 2.7907626387900564
9 20 3.057191548066012
9 21 3.4747728061489855
9 22 3.8370909789415197
9 23 3.7653589021466574
9 24 4.913857192559562
9 25 5.0627765872917685
9 26 5.470402697826995
9 27 4.084249267531787
9 28 4.085764931527617
9 29 3.2800161764203297
10 0 4.152878990751259
10 1 3.296853983067577
10 2 5.746500711014042
10 3 4.536678455091949
10 4 3.1511185083224924
10 5 4.658307778697358
10 6 3.342979528750501
10 7 4.287875103467551
10 8 4.865905722482053
10 9 3.4892522583457666
10 10 2.8912466802160828
10 11 3.0421425860933784
10 12 2.623499313036393
10 13 2.4654502525437283
10 14 2.0005078851529743
10 15 1.3945530670088138
10 16 0
10 17 1.2516194452751517
10 18 1.5904678018105327
10 19 2.124472308911383
10 20 3.246067641913349
10 21 2.5675527952284307
10 22 3.2722638894998073
10 23 3.8214105294529723
10 24 3.7857703098902733
10 25 3.718548764209977
10 26 4.603499078445803
10 27 3.2467730761509968
10 28 4.469241702977666
10 29 3.9323981032753075
11 0 4.168969745033387
11 1 3.5126581528154146
11 2 5.750241701678327
11 3 3.568036585306619
11 4 4.334268306876674
11 5 3.807197269130888
11 6 3.0406536447654005
11 7 3.7285829683052802
11 8 3.4296187177413313
11 9 3.9660024377537195
11 10 2.615860802281413
11 11 4.368026844842285
11 12 2.919801240164776
11 13 2.2982027141042476
11 14 1.5234565841990129
11 15 1.384770466066098
11 16 0
11 17 1.2484207374949026
11 18 2.384998800273716
11 19 2.155271954620589
11 20 3.034105505174338
11 21 2.4699107484036587
11 22 2.445206838388313
11 23 3.6106787393401825
11 24 4.047992503104098
11 25 3.3556862608915345
11 26 5.040800548848096
11 27 3.626595971556819
11 28 4.889826171566545
11 29 4.860768723120465
12 0 4.276466454484738
12 1 3.916712511765107
12 2 3.644285934401562
12 3 5.029229500174562
12 4 4.326002126149938
12 5 3.909646956654021
12 6 4.079387717222011
12 7 3.424051952365691
12 8 3.6864733285455533
12 9 2.9304660794337045
12 10 3.6058010185715457
12 11 3.1910396563731536
12 12 3.7257400826379583
12 13 3.7288436672968652
12 14 2.0713305944929137
12 15 2.0738942171488506
12 16 2.341655771689981
12 17 1.6942788264565931
12 18 2.6823019146788276
12 19 3.186059750986499
12 20 3.0264718152585277
12 21 3.3560208558108453
12 22 3.0873379289946117
12 23 3.268104798927379
12 24 2.8675798424657786
12 25 3.1837594069458324
12 26 4.9594303826440935
12 27 3.561251750010904
12 28 4.315851051557807
12 29 5.1698540063962835
13 0 4.000151297616982
13 1 3.835438887203403
13 2 3.523938313725205
13 3 3.7148024267966395
13 4 3.6254002620047303
13 5 3.8514783159592123
13 6 4.1097576749564695
13 7 4.137596172681866
13 8 4.465969432071677
13 9 3.6036501225729745
13 10 3.4861762562951535
13 11 2.895021268923287
13 12 2.4197879755457197
13 13 3.029362691685884
13 14 2.6986679836057537
13 15 2.6332292391292915
13 16 2.250827282472671
13 17 2.9451357358689525
13 18 3.7288436672968652
13 19 1.9701080464685157
13 20 2.28233512004802
13 21 4.667514090924781
13 22 4.01507413444384
13 23 2.9435454102861494
13 24 3.9685706182519405
13 25 3.135446351402198
13 26 5.381745912819081
13 27 3.885548766745334
13 28 3.8788086646779867
13 29 4.050315488203248
14 0 4.065423931797615
14 1 4.457606294455319
14 2 4.9129675297452895
14 3 3.243299851086903
14 4 4.941817169639418
14 5 3.465052896951383
14 6 4.313010181024255
14 7 3.4581323130221557
14 8 4.475319855509827
14 9 3.2533334256812307
14 10 2.7638311225960828
14 11 3.2576156300054615
14 12 2.4455647865887555
14 13 2.419430910094327
14 14 3.041427775609173
14 15 2.234754911673162
14 16 3.5895123066790906
14 17 2.563193215977174
14 18 2.7085017840191576
14 19 3.226524603489038
14 20 3.263369005668031
14 21 2.8739859107372077
14 22 3.310505943292966
14 23 3.4296187177413313
14 24 3.826191132276949
14 25 2.821157160134554
14 26 3.9699370889982695
14 27 3.26080686346091
14 28 3.6888885526105106
14 29 5.097449722254666
15 0 3.79867688984552
15 1 4.0323471244538736
15 2 4.536678455091949
15 3 3.497749661993216
15 4 4.569360987673565
15 5 3.622597361840645
15 6 4.401411508886266
15 7 3.1201357434171753
15 8 3.7810923492343145
15 9 3.3506152109490825
15 10 3.1911646800424696
15 11 2.3914081501557174
15 12 2.6699602126328754
15 13 2.384069744234358
15 14 2.551307131943847
15 15 2.306758208256194
15 16 2.551307131943847
15 17 2.384069744234358
15 18 2.6699602126328754
15 19 2.3914081501557174
15 20 3.1911646800424696
15 21 3.3506152109490825
15 22 3.7810923492343145
15 23 3.1201357434171753
15 24 4.401411508886266
15 25 3.622597361840645
15 26 4.569360987673565
15 27 3.497749661993216
15 28 4.536678455091949
15 29 4.0323471244538736
16 0 3.865763785863432
16 1 5.097449722254666
16 2 3.6888885526105106
16 3 3.26080686346091
16 4 3.9699370889982695
16 5 2.821157160134554
16 6 3.826191132276949
16 7 3.4296187177413313
16 8 3.310505943292966
16 9 2.8739859107372077
16 10 3.263369005668031
16 11 3.226524603489038
16 12 2.7085017840191576
16 13 2.563193215977174
16 14 3.5895123066790906
16 15 2.234754911673162
16 16 3.041427775609173
16 17 2.419430910094327
16 18 2.4455647865887555
16 19 3.2576156300054615
16 20 2.7638311225960828
16 21 3.2533334256812307
16 22 4.475319855509827
16 23 3.4581323130221557
16 24 4.313010181024255
16 25 3.465052896951383
16 26 4.941817169639418
16 27 3.243299851086903
16 28 4.9129675297452895
16 29 4.457606294455319
17 0 2.9803383728508277
17 1 4.050315488203248
17 2 3.8788086646779867
17 3 3.885548766745334
17 4 5.381745912819081
17 5 3.135446351402198
17 6 3.9685706182519405
17 7 2.9435454102861494
17 8 4.01507413444384
17 9 4.667514090924781
17 10 2.28233512004802
17 11 1.9701080464685157
17 12 3.7288436672968652
17 13 2.9451357358689525
17 14 2.250827282472671
17 15 2.6332292391292915
17 16 2.6986679836057537
17 17 3.029362691685884
17 18 2.4197879755457197
17 19 2.895021268923287
17 20 3.4861762562951535
17 21 3.6036501225729745
17 22 4.465969432071677
17 23 4.137596172681866
17 24 4.1097576749564695
17 25 3.8514783159592123
17 26 3.6254002620047303
17 27 3.7148024267966395
17 28 3.523938313725205
17 29 3.835438887203403
18 0 4.031854944693769
18 1 5.1698540063962835
18 2 4.315851051557807
18 3 3.561251750010904
18 4 4.9594303826440935
18 5 3.1837594069458324
18 6 2.8675798424657786
18 7 3.268104798927379
18 8 3.0873379289946117
18 9 3.3560208558108453
18 10 3.0264718152585277
18 11 3.186059750986499
18 12 2.6823019146788276
18 13 1.6942788264565931
18 14 2.341655771689981
18 15 2.0738942171488506
18 16 2.0713305944929137
18 17 3.7288436672968652
18 18 3.7257400826379583
18 19 3.1910396563731536
18 20 3.6058010185715457
18 21 2.9304660794337045
18 22 3.6864733285455533
18 23 3.424051952365691
18 24 4.079387717222011
18 25 3.909646956654021
18 26 4.326002126149938
18 27 5.029229500174562
18 28 3.644285934401562
18 29 3.916712511765107
19 0 3.8269922961645677
19 1 4.860768723120465
19 2 4.889826171566545
19 3 3.626595971556819
19 4 5.040800548848096
19 5 3.3556862608915345
19 6 4.047992503104098
19 7 3.6106787393401825
19 8 2.445206838388313
19 9 2.4699107484036587
19 10 3.034105505174338
19 11 2.155271954620589
19 12 2.384998800273716
19 13 1.2484207374949026
19 14 0
19 15 1.384770466066098
19 16 1.5234565841990129
19 17 2.2982027141042476
19 18 2.919801240164776
19 19 4.368026844842285
19 20 2.615860802281413
19 21 3.9660024377537195
19 22 3.4296187177413313
19 23 3.7285829683052802
19 24 3.0406536447654005
19 25 3.807197269130888
19 26 4.334268306876674
19 27 3.568036585306619
19 28 5.750241701678327
19 29 3.5126581528154146
20 0 4.627171677387348
20 1 3.9323981032753075
20 2 4.469241702977666
20 3 3.2467730761509968
20 4 4.603499078445803
20 5 3.718548764209977
20 6 3.7857703098902733
20 7 3.8214105294529723
20 8 3.2722638894998073
20 9 2.5675527952284307
20 10 3.246067641913349
20 11 2.124472308911383
20 12 1.5904678018105327
20 13 1.2516194452751517
20 14 0
20 15 1.3945530670088138
20 16 2.0005078851529743
20 17 2.4654502525437283
20 18 2.623499313036393
20 19 3.0421425860933784
20 20 2.8912466802160828
20 21 3.4892522583457666
20 22 4.865905722482053
20 23 4.287875103467551
20 24 3.342979528750501
20 25 4.658307778697358
20 26 3.1511185083224924
20 27 4.536678455091949
20 28 5.746500711014042
20 29 3.296853983067577
21 0 4.544702615740397
21 1 3.2800161764203297
21 2 4.085764931527617
21 3 4.084249267531787
21 4 5.470402697826995
21 5 5.0627765872917685
21 6 4.913857192559562
21 7 3.7653589021466574
21 8 3.8370909789415197
21 9 3.4747728061489855
21 10 3.057191548066012
21 11 2.7907626387900564
21 12 2.418737084217765
21 13 1.495743752551673
21 14 0
21 15 1.6871124970559466
21 16 2.343164612530298
21 17 2.689676778650701
21 18 3.037509219212596
21 19 2.4699107484036587
21 20 3.0332922230105837
21 21 3.5752647931271984
21 22 3.833578009265844
21 23 3.7273446233807093
21 24 3.85029201255389
21 25 4.071256884796063
21 26 3.060614401325383
21 27 4.704404818402433
21 28 4.363031519681396
21 29 4.120681308608799
22 0 4.552881757067867
22 1 3.8315476662774537
22 2 4.895451482923091
22 3 4.089412403461969
22 4 3.928955131253681
22 5 3.834039754788043
22 6 3.6739787109317334
22 7 3.7436008818551225
22 8 4.057870526952709
22 9 3.976822509716126
22 10 3.585434451220179
22 11 2.7571757076247154
22 12 2.2656255556931537
22 13 1.7940374529489653
22 14 1.7566887596729608
22 15 1.7434455824148503
22 16 2.278655891294721
22 17 2.3938330917628434
22 18 3.239517228467718
22 19 2.994730757292823
22 20 3.268475549615739
22 21 4.000823846319196
22 22 3.6502133851801433
22 23 2.9981397017411426
22 24 4.9594303826440935
22 25 4.094420988622908
22 26 3.8132589468107003
22 27 4.422258944402563
22 28 3.5329234474994933
22 29 5.210184788888668
23 0 4.751702548659931
23 1 4.039149116797222
23 2 3.7975094603105135
23 3 3.7037033927751457
23 4 3.815856405054236
23 5 4.656217889454121
23 6 4.883575938327797
23 7 4.190411501017301
23 8 3.8422289759686117
23 9 3.546463225035956
23 10 3.6826347548947194
23 11 2.7814329113535465
23 12 3.191052763280569
23 13 3.1048887908748375
23 14 2.4842507386461503
23 15 2.3571449888108345
23 16 2.7571757076247154
23 17 2.8854863944267177
23 18 2.964398520351613
23 19 2.940138541990539
23 20 3.5290063308185333
23 21 3.2906190762213297
23 22 3.382927341913252
23 23 4.069187385569739
23 24 4.323061281203254
23 25 3.4597509698374167
23 26 4.212768722332442
23 27 4.74331476541237
23 28 3.5475262809459593
23 29 4.5591662109580025
24 0 3.6136599546691484
24 1 3.9178369214676283
24 2 3.757524737163587
24 3 4.876055063349712
24 4 4.6083843164102385
24 5 4.283854504269428
24 6 3.78191753502653
24 7 3.9005369609047085
24 8 4.080667441034452
24 9 3.555680039021601
24 10 3.3805136318016933
24 11 3.218818144325272
24 12 2.5834672877069687
24 13 3.048496168756488
24 14 3.4334440678583316
24 15 2.934684541930263
24 16 3.02861846040505
24 17 3.4850123704554976
24 18 2.902102501745917
24 19 3.4748095760269253
24 20 2.925312766807818
24 21 4.913857192559562
24 22 3.5501642949335674
24 23 4.967496571534809
24 24 3.6184720228322464
24 25 3.7435563380556567
24 26 4.675877566160692
24 27 3.5352056659002775
24 28 4.718549553606232
24 29 4.603572678832911
25 0 5.190606874574197
25 1 4.210679349341239
25 2 3.9990191656491603
25 3 3.5024440145637588
25 4 3.366009949935301
25 5 3.8214953391574933
25 6 5.214805912082245
25 7 3.9951760181068443
25 8 4.028867560775322
25 9 4.201333689933695
25 10 3.2673605852899335
25 11 3.6554101158501373
25 12 2.908083373092213
25 13 4.282535412055282
25 14 2.9147875133619405
25 15 3.4798230645669577
25 16 3.048331668701861
25 17 3.019291135620254
25 18 3.9765705904078947
25 19 4.070297014102595
25 20 3.9410881577899466
25 21 2.964283316314277
25 22 4.096353204890882
25 23 4.721607929805851
25 24 4.327977814660887
25 25 5.006671217425916
25 26 3.9323981032753075
25 27 4.16421492915452
25 28 4.609519129852031
25 29 3.436011596709093
26 0 4.18993111546383
26 1 4.43939084747841
26 2 4.058316298538102
26 3 4.223518370961775
26 4 5.78386339168864
26 5 3.8550311061563938
26 6 4.108164403029118
26 7 3.834828531961426
26 8 3.1356725783125756
26 9 3.726167987694
26 10 4.347829786189227
26 11 3.483093292308585
26 12 3.50481859617025
26 13 3.8050693693076543
26 14 4.2892546771207405
26 15 3.2367373278648794
26 16 3.8753076068180397
26 17 4.649118994817185
26 18 4.080667441034452
26 19 5.162826727244496
26 20 3.183687176706766
26 21 4.115879184343795
26 22 3.4129883255714506
26 23 4.40109061980662
26 24 4.9875495683313575
26 25 3.9352005560118677
26 26 3.965278372796428
26 27 3.796442090472262
26 28 5.000591890487161
26 29 3.411398632968655
27 0 3.358338873307818
27 1 3.096823485270606
27 2 5.242085674507932
27 3 3.9857379629746714
27 4 3.449181925144014
27 5 3.27321639687173
27 6 4.079357215394341
27 7 3.8691981778137183
27 8 4.165025120013665
27 9 3.7132075409232517
27 10 3.0246549686120923
27 11 3.7077416887464683
27 12 4.61323317255218
27 13 4.58500771396315
27 14 3.6380527488917216
27 15 4.453375125524418
27 16 3.5972775999428928
27 17 3.7105657670988617
27 18 2.5950394580191767
27 19 3.5906099208036966
27 20 5.664250594275689
27 21 3.9561592939558246
27 22 2.816092543664097
27 23 3.7037033927751457
27 24 5.657408668922154
27 25 4.105060315519024
27 26 4.200760899805963
27 27 4.320988616570369
27 28 3.4434950355228624
27 29 5.161968261897382
28 0 3.9732496438413345
28 1 3.8727846593571744
28 2 4.0737507598567975
28 3 4.29870075826507
28 4 5.141134121936991
28 5 3.4457223893577145
28 6 4.490802865028703
28 7 3.388267628557191
28 8 3.9194198200692694
28 9 4.174769625107218
28 10 4.976750680056821
28 11 3.201124734533874
28 12 3.500818574120916
28 13 3.270011928051347
28 14 2.86695314518059
28 15 3.0246549686120923
28 16 3.8720417029383283
28 17 3.787840219108259
28 18 4.196326717383582
28 19 3.695934634674706
28 20 4.449324403948993
28 21 3.5982223996976805
28 22 4.105437493374684
28 23 4.900171426121097
28 24 3.624971654967483
28 25 4.832071898503469
28 26 5.171591691891136
28 27 4.342893290638402
28 28 3.2614717117702594
28 29 4.327340096776993
29 0 4.149899570755985
29 1 4.218606647804024
29 2 3.4382294518879837
29 3 4.1758537145098815
29 4 4.018036871828217
29 5 4.2023927962724175
29 6 3.3355960715536352
29 7 4.299021975575859
29 8 4.660403794430527
29 9 4.6936320177439095
29 10 3.7202461163448186
29 11 3.911636883832552
29 12 4.461192758379148
29 13 5.568977219137435
29 14 4.823969256524716
29 15 4.528079715455603
29 16 4.97049482864491
29 17 4.267701062248092
29 18 3.6893817026489124
29 19 4.8037319291533676
29 20 3.8550311061563938
29 21 4.973194781421934
29 22 4.911994785938417
29 23 4.266710165277651
29 24 4.945847177194201
29 25 4.901641491484716
29 26 3.7382542258549525
29 27 3.589670005862968
29 28 4.435417570513455
29 29 4.070177992540178
