0 0 4.343779029646371
0 1 4.333100994694817
0 2 3.8886339056372745
0 3 3.780761740682034
0 4 3.8858505885347023
0 5 3.9209744327108025
0 6 4.3216457116726
0 7 4.432634097834075
0 8 2.9317178863707363
0 9 4.650847386834262
0 10 4.915340076238027
0 11 3.8663349005377365
0 12 4.1613150972988056
0 13 3.0886290381630577
0 14 4.0046662127298145
0 15 4.699796975167077
0 16 4.0046662127298145
0 17 3.0886290381630577
0 18 4.1613150972988056
0 19 3.8663349005377365
0 20 4.915340076238027
0 21 4.650847386834262
0 22 2.9317178863707363
0 23 4.432634097834075
0 24 4.3216457116726
0 25 3.9209744327108025
0 26 3.8858505885347023
0 27 3.780761740682034
0 28 3.8886339056372745
0 29 4.333100994694817
1 0 3.772641836158426
1 1 3.2238195723147314
1 2 3.8716896757686405
1 3 3.326222592525812
1 4 4.183047089678148
1 5 4.221889177053933
1 6 4.387995264654006
1 7 3.7543225868840953
1 8 3.27321639687173
1 9 4.767932926201765
1 10 3.271249055879481
1 11 4.282619797503552
1 12 5.037965404962519
1 13 5.57306727453359
1 14 4.528079715455603
1 15 4.631748999837022
1 16 4.528079715455603
1 17 5.57306727453359
1 18 5.037965404962519
1 19 4.282619797503552
1 20 3.271249055879481
1 21 4.767932926201765
1 22 3.27321639687173
1 23 3.7543225868840953
1 24 4.387995264654006
1 25 4.221889177053933
1 26 4.183047089678148
1 27 3.326222592525812
1 28 3.8716896757686405
1 29 3.2238195723147314
2 0 4.50127129704085
2 1 3.951275878823094
2 2 3.455573042102279
2 3 4.405473370873726
2 4 3.724668280106648
2 5 3.8517149066942937
2 6 4.142330238615368
2 7 4.740835609782925
2 8 4.075304091674079
2 9 3.9882725077976593
2 10 5.079185241645268
2 11 3.558361690271583
2 12 3.628131474352535
2 13 4.002077082818372
2 14 3.0246549686120923
2 15 3.2201620122609795
2 16 3.0246549686120923
2 17 4.002077082818372
2 18 3.628131474352535
2 19 3.558361690271583
2 20 5.079185241645268
2 21 3.9882725077976593
2 22 4.075304091674079
2 23 4.740835609782925
2 24 4.142330238615368
2 25 3.8517149066942937
2 26 3.724668280106648
2 27 4.405473370873726
2 28 3.455573042102279
2 29 3.951275878823094
3 0 4.559221482538452
3 1 3.428597072292879
3 2 3.9856428445205703
3 3 4.70358102558536
3 4 4.143500675275326
3 5 4.239955729193495
3 6 4.758113095072016
3 7 3.959957935093761
3 8 3.923808211125786
3 9 5.0599564788517535
3 10 3.744908733485484
3 11 3.7211449467729865
3 12 3.566730216385872
3 13 4.30318685191647
3 14 4.453375125524418
3 15 4.557102448011783
3 16 4.453375125524418
3 17 4.30318685191647
3 18 3.566730216385872
3 19 3.7211449467729865
3 20 3.744908733485484
3 21 5.0599564788517535
3 22 3.923808211125786
3 23 3.959957935093761
3 24 4.758113095072016
3 25 4.239955729193495
3 26 4.143500675275326
3 27 4.70358102558536
3 28 3.9856428445205703
3 29 3.428597072292879
4 0 4.409983367377866
4 1 3.3356766387807024
4 2 4.751702548659931
4 3 5.024454243518645
4 4 3.572317605034781
4 5 5.127785924995541
4 6 4.180543754597422
4 7 3.5494916613572514
4 8 5.664250594275689
4 9 3.4658897980109065
4 10 4.096887670943294
4 11 3.7599470228539937
4 12 3.394273364008539
4 13 4.072905664272447
4 14 3.2367373278648794
4 15 3.193259380368086
4 16 3.2367373278648794
4 17 4.072905664272447
4 18 3.394273364008539
4 19 3.7599470228539937
4 20 4.096887670943294
4 21 3.4658897980109065
4 22 5.664250594275689
4 23 3.5494916613572514
4 24 4.180543754597422
4 25 5.127785924995541
4 26 3.572317605034781
4 27 5.024454243518645
4 28 4.751702548659931
4 29 3.3356766387807024
5 0 2.956593721939198
5 1 3.917401567411723
5 2 4.938441934098143
5 3 3.3951215224149855
5 4 3.6576353436725157
5 5 3.1193396520486405
5 6 3.9586384526817837
5 7 5.616876142797559
5 8 3.8482368480565987
5 9 3.794744009688789
5 10 4.022539452422158
5 11 4.263766462314574
5 12 3.569836972174594
5 13 3.328231203114606
5 14 3.4798230645669577
5 15 3.0481108494099605
5 16 3.4798230645669577
5 17 3.328231203114606
5 18 3.569836972174594
5 19 4.263766462314574
5 20 4.022539452422158
5 21 3.794744009688789
5 22 3.8482368480565987
5 23 5.616876142797559
5 24 3.9586384526817837
5 25 3.1193396520486405
5 26 3.6576353436725157
5 27 3.3951215224149855
5 28 4.938441934098143
5 29 3.917401567411723
6 0 4.049055811448297
6 1 3.894724096633843
6 2 4.585050189844957
6 3 5.516635555310006
6 4 3.9329195492903706
6 5 2.9294812107401453
6 6 4.913854889786529
6 7 4.010877438521984
6 8 4.477943473797766
6 9 3.5815272834295566
6 10 4.2897826547740685
6 11 3.345830287252104
6 12 3.6826347548947194
6 13 2.4850041349328444
6 14 2.934684541930263
6 15 2.922375745806487
6 16 2.934684541930263
6 17 2.4850041349328444
6 18 3.6826347548947194
6 19 3.345830287252104
6 20 4.2897826547740685
6 21 3.5815272834295566
6 22 4.477943473797766
6 23 4.010877438521984
6 24 4.913854889786529
6 25 2.9294812107401453
6 26 3.9329195492903706
6 27 5.516635555310006
6 28 4.585050189844957
6 29 3.894724096633843
7 0 3.676457353581576
7 1 3.4064713217529126
7 2 3.920724178229477
7 3 5.301678853985082
7 4 3.666680309456648
7 5 4.8388665889965985
7 6 4.491442144106545
7 7 3.768335749011337
7 8 3.6327813393933197
7 9 2.7855504218617777
7 10 3.614265670240462
7 11 3.4467265770101405
7 12 2.7517213766624358
7 13 2.993716919739151
7 14 2.3571449888108345
7 15 3.5456356003077656
7 16 2.3571449888108345
7 17 2.993716919739151
7 18 2.7517213766624358
7 19 3.4467265770101405
7 20 3.614265670240462
7 21 2.7855504218617777
7 22 3.6327813393933197
7 23 3.768335749011337
7 24 4.491442144106545
7 25 4.8388665889965985
7 26 3.666680309456648
7 27 5.301678853985082
7 28 3.920724178229477
7 29 3.4064713217529126
8 0 5.083865131808585
8 1 4.253469052482849
8 2 3.8958105899920112
8 3 5.348077610866087
8 4 4.164689279100817
8 5 4.423695066847449
8 6 4.519301621556915
8 7 4.721098255184564
8 8 3.9779742449102318
8 9 3.636555045639152
8 10 3.2196196705651023
8 11 3.3112095756520867
8 12 3.3457394573984427
8 13 2.4767190580809255
8 14 1.7434455824148503
8 15 1.7529053330800481
8 16 1.7434455824148503
8 17 2.4767190580809255
8 18 3.3457394573984427
8 19 3.3112095756520867
8 20 3.2196196705651023
8 21 3.636555045639152
8 22 3.9779742449102318
8 23 4.721098255184564
8 24 4.519301621556915
8 25 4.423695066847449
8 26 4.164689279100817
8 27 5.348077610866087
8 28 3.8958105899920112
8 29 4.253469052482849
9 0 3.62608340169259
9 1 4.655595524029159
9 2 4.998562818649355
9 3 4.915944090397921
9 4 4.678522465905994
9 5 4.544377388426026
9 6 3.3556862608915345
9 7 5.355290559953476
9 8 3.101571090165084
9 9 3.336162296621294
9 10 2.9229458637034664
9 11 3.2433646620782834
9 12 3.2797433796236977
9 13 1.78073774092907
9 14 1.6871124970559466
9 15 1.4315375652608253
9 16 1.6871124970559466
9 17 1.78073774092907
9 18 3.2797433796236977
9 19 3.2433646620782834
9 20 2.9229458637034664
9 21 3.336162296621294
9 22 3.101571090165084
9 23 5.355290559953476
9 24 3.3556862608915345
9 25 4.544377388426026
9 26 4.678522465905994
9 27 4.915944090397921
9 28 4.998562818649355
9 29 4.655595524029159
10 0 4.654426979210232
10 1 3.4105032768944357
10 2 4.710167122867591
10 3 4.004289836285249
10 4 4.905911627553542
10 5 4.202551002846634
10 6 4.793740921917956
10 7 3.6115837046126664
10 8 3.03519666819951
10 9 3.129452113137661
10 10 3.837338838373973
10 11 3.0480160096004827
10 12 2.2760121456701237
10 13 1.9181838462434617
10 14 1.3945530670088138
10 15 0
10 16 1.3945530670088138
10 17 1.9181838462434617
10 18 2.2760121456701237
10 19 3.0480160096004827
10 20 3.837338838373973
10 21 3.129452113137661
10 22 3.03519666819951
10 23 3.6115837046126664
10 24 4.793740921917956
10 25 4.202551002846634
10 26 4.905911627553542
10 27 4.004289836285249
10 28 4.710167122867591
10 29 3.4105032768944357
11 0 5.745406356831369
11 1 3.4219827489807244
11 2 6.335676742404675
11 3 3.6298040556253137
11 4 4.071256884796063
11 5 3.727061560752911
11 6 4.010219200310363
11 7 4.040827685672813
11 8 3.774780549542623
11 9 3.3483265518764846
11 10 3.405599433963254
11 11 3.2011405803942363
11 12 3.385955682215323
11 13 2.181318755464315
11 14 1.384770466066098
11 15 0
11 16 1.384770466066098
11 17 2.181318755464315
11 18 3.385955682215323
11 19 3.2011405803942363
11 20 3.405599433963254
11 21 3.3483265518764846
11 22 3.774780549542623
11 23 4.040827685672813
11 24 4.010219200310363
11 25 3.727061560752911
11 26 4.071256884796063
11 27 3.6298040556253137
11 28 6.335676742404675
11 29 3.4219827489807244
12 0 3.805699447717186
12 1 3.979204765034118
12 2 3.844793729538227
12 3 3.614764568222234
12 4 4.008659958592518
12 5 4.7128811108216055
12 6 4.5665272182631265
12 7 2.609558334597704
12 8 4.186094728773078
12 9 3.8977377926895187
12 10 2.371571461731662
12 11 2.714568817074459
12 12 2.1490937900855718
12 13 2.4708079237143297
12 14 2.0738942171488506
12 15 1.9461583231132655
12 16 2.0738942171488506
12 17 2.4708079237143297
12 18 2.1490937900855718
12 19 2.714568817074459
12 20 2.371571461731662
12 21 3.8977377926895187
12 22 4.186094728773078
12 23 2.609558334597704
12 24 4.5665272182631265
12 25 4.7128811108216055
12 26 4.008659958592518
12 27 3.614764568222234
12 28 3.844793729538227
12 29 3.979204765034118
13 0 3.5770344541011676
13 1 4.833167257907964
13 2 3.6276112360413735
13 3 3.3890160464287686
13 4 4.405713945805033
13 5 3.5776487114519107
13 6 4.60855579724178
13 7 4.47451922954846
13 8 4.213196198122496
13 9 2.946515463937881
13 10 3.1119704365849388
13 11 3.081475660381549
13 12 2.6560544417209786
13 13 2.879005679783836
13 14 2.6332292391292915
13 15 2.5520505023858493
13 16 2.6332292391292915
13 17 2.879005679783836
13 18 2.6560544417209786
13 19 3.081475660381549
13 20 3.1119704365849388
13 21 2.946515463937881
13 22 4.213196198122496
13 23 4.47451922954846
13 24 4.60855579724178
13 25 3.5776487114519107
13 26 4.405713945805033
13 27 3.3890160464287686
13 28 3.6276112360413735
13 29 4.833167257907964
14 0 3.113166575674043
14 1 5.442521238614592
14 2 3.6143502199316093
14 3 4.273294412225459
14 4 5.069571751114101
14 5 2.9259430691767725
14 6 5.302059738610913
14 7 3.874883791741431
14 8 3.761344111134694
14 9 2.8021315969428775
14 10 3.1911646800424696
14 11 2.5435736978649794
14 12 3.1777072788907907
14 13 3.0113073007293085
14 14 2.234754911673162
14 15 2.738615481664633
14 16 2.234754911673162
14 17 3.0113073007293085
14 18 3.1777072788907907
14 19 2.5435736978649794
14 20 3.1911646800424696
14 21 2.8021315969428775
14 22 3.761344111134694
14 23 3.874883791741431
14 24 5.302059738610913
14 25 2.9259430691767725
14 26 5.069571751114101
14 27 4.273294412225459
14 28 3.6143502199316093
14 29 5.442521238614592
15 0 3.5518218133753705
15 1 5.2098355010181105
15 2 4.145697983009731
15 3 3.3306457818880086
15 4 4.186002643691553
15 5 3.4670706825709203
15 6 3.8212650233206302
15 7 3.9194687075245085
15 8 4.343229278079743
15 9 3.2110535354353327
15 10 2.6215599945680528
15 11 2.8319436919267895
15 12 2.840552426815438
15 13 2.323984065499488
15 14 2.306758208256194
15 15 2.4612742101212395
15 16 2.306758208256194
15 17 2.323984065499488
15 18 2.840552426815438
15 19 2.8319436919267895
15 20 2.6215599945680528
15 21 3.2110535354353327
15 22 4.343229278079743
15 23 3.9194687075245085
15 24 3.8212650233206302
15 25 3.4670706825709203
15 26 4.186002643691553
15 27 3.3306457818880086
15 28 4.145697983009731
15 29 5.2098355010181105
16 0 3.113166575674043
16 1 5.442521238614592
16 2 3.6143502199316093
16 3 4.273294412225459
16 4 5.069571751114101
16 5 2.9259430691767725
16 6 5.302059738610913
16 7 3.874883791741431
16 8 3.761344111134694
16 9 2.8021315969428775
16 10 3.1911646800424696
16 11 2.5435736978649794
16 12 3.1777072788907907
16 13 3.0113073007293085
16 14 2.234754911673162
16 15 2.738615481664633
16 16 2.234754911673162
16 17 3.0113073007293085
16 18 3.1777072788907907
16 19 2.5435736978649794
16 20 3.1911646800424696
16 21 2.8021315969428775
16 22 3.761344111134694
16 23 3.874883791741431
16 24 5.302059738610913
16 25 2.9259430691767725
16 26 5.069571751114101
16 27 4.273294412225459
16 28 3.6143502199316093
16 29 5.442521238614592
17 0 3.5770344541011676
17 1 4.833167257907964
17 2 3.6276112360413735
17 3 3.3890160464287686
17 4 4.405713945805033
17 5 3.5776487114519107
17 6 4.60855579724178
17 7 4.47451922954846
17 8 4.213196198122496
17 9 2.946515463937881
17 10 3.1119704365849388
17 11 3.081475660381549
17 12 2.6560544417209786
17 13 2.879005679783836
17 14 2.6332292391292915
17 15 2.5520505023858493
17 16 2.6332292391292915
17 17 2.879005679783836
17 18 2.6560544417209786
17 19 3.081475660381549
17 20 3.1119704365849388
17 21 2.946515463937881
17 22 4.213196198122496
17 23 4.47451922954846
17 24 4.60855579724178
17 25 3.5776487114519107
17 26 4.405713945805033
17 27 3.3890160464287686
17 28 3.6276112360413735
17 29 4.833167257907964
18 0 3.805699447717186
18 1 3.979204765034118
18 2 3.844793729538227
18 3 3.614764568222234
18 4 4.008659958592518
18 5 4.7128811108216055
18 6 4.5665272182631265
18 7 2.609558334597704
18 8 4.186094728773078
18 9 3.8977377926895187
18 10 2.371571461731662
18 11 2.714568817074459
18 12 2.1490937900855718
18 13 2.4708079237143297
18 14 2.0738942171488506
18 15 1.9461583231132655
18 16 2.0738942171488506
18 17 2.4708079237143297
18 18 2.1490937900855718
18 19 2.714568817074459
18 20 2.371571461731662
18 21 3.8977377926895187
18 22 4.186094728773078
18 23 2.609558334597704
18 24 4.5665272182631265
18 25 4.7128811108216055
18 26 4.008659958592518
18 27 3.614764568222234
18 28 3.844793729538227
18 29 3.979204765034118
19 0 5.745406356831369
19 1 3.4219827489807244
19 2 6.335676742404675
19 3 3.6298040556253137
19 4 4.071256884796063
19 5 3.727061560752911
19 6 4.010219200310363
19 7 4.040827685672813
19 8 3.774780549542623
19 9 3.3483265518764846
19 10 3.405599433963254
19 11 3.2011405803942363
19 12 3.385955682215323
19 13 2.181318755464315
19 14 1.384770466066098
19 15 0
19 16 1.384770466066098
19 17 2.181318755464315
19 18 3.385955682215323
19 19 3.2011405803942363
19 20 3.405599433963254
19 21 3.3483265518764846
19 22 3.774780549542623
19 23 4.040827685672813
19 24 4.010219200310363
19 25 3.727061560752911
19 26 4.071256884796063
19 27 3.6298040556253137
19 28 6.335676742404675
19 29 3.4219827489807244
20 0 4.654426979210232
20 1 3.4105032768944357
20 2 4.710167122867591
20 3 4.004289836285249
20 4 4.905911627553542
20 5 4.202551002846634
20 6 4.793740921917956
20 7 3.6115837046126664
20 8 3.03519666819951
20 9 3.129452113137661
20 10 3.837338838373973
20 11 3.0480160096004827
20 12 2.2760121456701237
20 13 1.9181838462434617
20 14 1.3945530670088138
20 15 0
20 16 1.3945530670088138
20 17 1.9181838462434617
20 18 2.2760121456701237
20 19 3.0480160096004827
20 20 3.837338838373973
20 21 3.129452113137661
20 22 3.03519666819951
20 23 3.6115837046126664
20 24 4.793740921917956
20 25 4.202551002846634
20 26 4.905911627553542
20 27 4.004289836285249
20 28 4.710167122867591
20 29 3.4105032768944357
21 0 3.62608340169259
21 1 4.655595524029159
21 2 4.998562818649355
21 3 4.915944090397921
21 4 4.678522465905994
21 5 4.544377388426026
21 6 3.3556862608915345
21 7 5.355290559953476
21 8 3.101571090165084
21 9 3.336162296621294
21 10 2.9229458637034664
21 11 3.2433646620782834
21 12 3.2797433796236977
21 13 1.78073774092907
21 14 1.6871124970559466
21 15 1.4315375652608253
21 16 1.6871124970559466
21 17 1.78073774092907
21 18 3.2797433796236977
21 19 3.2433646620782834
21 20 2.9229458637034664
21 21 3.336162296621294
21 22 3.101571090165084
21 23 5.355290559953476
21 24 3.3556862608915345
21 25 4.544377388426026
21 26 4.678522465905994
21 27 4.915944090397921
21 28 4.998562818649355
21 29 4.655595524029159
22 0 5.083865131808585
22 1 4.253469052482849
22 2 3.8958105899920112
22 3 5.348077610866087
22 4 4.164689279100817
22 5 4.423695066847449
22 6 4.519301621556915
22 7 4.721098255184564
22 8 3.9779742449102318
22 9 3.636555045639152
22 10 3.2196196705651023
22 11 3.3112095756520867
22 12 3.3457394573984427
22 13 2.4767190580809255
22 14 1.7434455824148503
22 15 1.7529053330800481
22 16 1.7434455824148503
22 17 2.4767190580809255
22 18 3.3457394573984427
22 19 3.3112095756520867
22 20 3.2196196705651023
22 21 3.636555045639152
22 22 3.9779742449102318
22 23 4.721098255184564
22 24 4.519301621556915
22 25 4.423695066847449
22 26 4.164689279100817
22 27 5.348077610866087
22 28 3.8958105899920112
22 29 4.253469052482849
23 0 3.676457353581576
23 1 3.4064713217529126
23 2 3.920724178229477
23 3 5.301678853985082
23 4 3.666680309456648
23 5 4.8388665889965985
23 6 4.491442144106545
23 7 3.768335749011337
23 8 3.6327813393933197
23 9 2.7855504218617777
23 10 3.614265670240462
23 11 3.4467265770101405
23 12 2.7517213766624358
23 13 2.993716919739151
23 14 2.3571449888108345
23 15 3.5456356003077656
23 16 2.3571449888108345
23 17 2.993716919739151
23 18 2.7517213766624358
23 19 3.4467265770101405
23 20 3.614265670240462
23 21 2.7855504218617777
23 22 3.6327813393933197
23 23 3.768335749011337
23 24 4.491442144106545
23 25 4.8388665889965985
23 26 3.666680309456648
23 27 5.301678853985082
23 28 3.920724178229477
23 29 3.4064713217529126
24 0 4.049055811448297
24 1 3.894724096633843
24 2 4.585050189844957
24 3 5.516635555310006
24 4 3.9329195492903706
24 5 2.9294812107401453
24 6 4.913854889786529
24 7 4.010877438521984
24 8 4.477943473797766
24 9 3.5815272834295566
24 10 4.2897826547740685
24 11 3.345830287252104
24 12 3.6826347548947194
24 13 2.4850041349328444
24 14 2.934684541930263
24 15 2.922375745806487
24 16 2.934684541930263
24 17 2.4850041349328444
24 18 3.6826347548947194
24 19 3.345830287252104
24 20 4.2897826547740685
24 21 3.5815272834295566
24 22 4.477943473797766
24 23 4.010877438521984
24 24 4.913854889786529
24 25 2.9294812107401453
24 26 3.9329195492903706
24 27 5.516635555310006
24 28 4.585050189844957
24 29 3.894724096633843
25 0 2.956593721939198
25 1 3.917401567411723
25 2 4.938441934098143
25 3 3.3951215224149855
25 4 3.6576353436725157
25 5 3.1193396520486405
25 6 3.9586384526817837
25 7 5.616876142797559
25 8 3.8482368480565987
25 9 3.794744009688789
25 10 4.022539452422158
25 11 4.263766462314574
25 12 3.569836972174594
25 13 3.328231203114606
25 14 3.4798230645669577
25 15 3.0481108494099605
25 16 3.4798230645669577
25 17 3.328231203114606
25 18 3.569836972174594
25 19 4.263766462314574
25 20 4.022539452422158
25 21 3.794744009688789
25 22 3.8482368480565987
25 23 5.616876142797559
25 24 3.9586384526817837
25 25 3.1193396520486405
25 26 3.6576353436725157
25 27 3.3951215224149855
25 28 4.938441934098143
25 29 3.917401567411723
26 0 4.409983367377866
26 1 3.3356766387807024
26 2 4.751702548659931
26 3 5.024454243518645
26 4 3.572317605034781
26 5 5.127785924995541
26 6 4.180543754597422
26 7 3.5494916613572514
26 8 5.664250594275689
26 9 3.4658897980109065
26 10 4.096887670943294
26 11 3.7599470228539937
26 12 3.394273364008539
26 13 4.072905664272447
26 14 3.2367373278648794
26 15 3.193259380368086
26 16 3.2367373278648794
26 17 4.072905664272447
26 18 3.394273364008539
26 19 3.7599470228539937
26 20 4.096887670943294
26 21 3.4658897980109065
26 22 5.664250594275689
26 23 3.5494916613572514
26 24 4.180543754597422
26 25 5.127785924995541
26 26 3.572317605034781
26 27 5.024454243518645
26 28 4.751702548659931
26 29 3.3356766387807024
27 0 4.559221482538452
27 1 3.428597072292879
27 2 3.9856428445205703
27 3 4.70358102558536
27 4 4.143500675275326
27 5 4.239955729193495
27 6 4.758113095072016
27 7 3.959957935093761
27 8 3.923808211125786
27 9 5.0599564788517535
27 10 3.744908733485484
27 11 3.7211449467729865
27 12 3.566730216385872
27 13 4.30318685191647
27 14 4.453375125524418
27 15 4.557102448011783
27 16 4.453375125524418
27 17 4.30318685191647
27 18 3.566730216385872
27 19 3.7211449467729865
27 20 3.744908733485484
27 21 5.0599564788517535
27 22 3.923808211125786
27 23 3.959957935093761
27 24 4.758113095072016
27 25 4.239955729193495
27 26 4.143500675275326
27 27 4.70358102558536
27 28 3.9856428445205703
27 29 3.428597072292879
28 0 4.50127129704085
28 1 3.951275878823094
28 2 3.455573042102279
28 3 4.405473370873726
28 4 3.724668280106648
28 5 3.8517149066942937
28 6 4.142330238615368
28 7 4.740835609782925
28 8 4.075304091674079
28 9 3.9882725077976593
28 10 5.079185241645268
28 11 3.558361690271583
28 12 3.628131474352535
28 13 4.002077082818372
28 14 3.0246549686120923
28 15 3.2201620122609795
28 16 3.0246549686120923
28 17 4.002077082818372
28 18 3.628131474352535
28 19 3.558361690271583
28 20 5.079185241645268
28 21 3.9882725077976593
28 22 4.075304091674079
28 23 4.740835609782925
28 24 4.142330238615368
28 25 3.8517149066942937
28 26 3.724668280106648
28 27 4.405473370873726
28 28 3.455573042102279
28 29 3.951275878823094
29 0 3.772641836158426
29 1 3.2238195723147314
29 2 3.8716896757686405
29 3 3.326222592525812
29 4 4.183047089678148
29 5 4.221889177053933
29 6 4.387995264654006
29 7 3.7543225868840953
29 8 3.27321639687173
29 9 4.767932926201765
29 10 3.271249055879481
29 11 4.282619797503552
29 12 5.037965404962519
29 13 5.57306727453359
29 14 4.528079715455603
29 15 4.631748999837022
29 16 4.528079715455603
29 17 5.57306727453359
29 18 5.037965404962519
29 19 4.282619797503552
29 20 3.271249055879481
29 21 4.767932926201765
29 22 3.27321639687173
29 23 3.7543225868840953
29 24 4.387995264654006
29 25 4.221889177053933
29 26 4.183047089678148
29 27 3.326222592525812
29 28 3.8716896757686405
29 29 3.2238195723147314
