0 0 2.9041929387533676
0 1 3.546422871494169
0 2 4.92667991998691
0 3 3.534988701593569
0 4 4.11552393511622
0 5 4.459127721927411
0 6 4.164188691299059
0 7 5.311406689299129
0 8 4.945847177194201
0 9 3.933365757962831
0 10 3.943164336973066
0 11 4.412974600145129
0 12 5.0908608727589675
0 13 3.8963594600168032
0 14 3.698701113585259
0 15 3.0886290381630577
0 16 3.4453456381037166
0 17 4.041647260942955
0 18 3.1149647931097197
0 19 3.2218029496561766
0 20 3.2174988622529566
0 21 4.352359834054001
0 22 4.462626895944159
0 23 3.20381103321256
0 24 3.075586495473345
0 25 4.771262236185564
0 26 4.146513499698591
0 27 4.138352461580373
0 28 4.805318459186652
0 29 3.895310444178422
1 0 3.7671662563857007
1 1 4.498611013533401
1 2 3.8106440396543872
1 3 3.590595599738148
1 4 3.5365137350533282
1 5 4.649695573703929
1 6 3.999426178566991
1 7 4.088314815725453
1 8 3.171749671687977
1 9 4.209107432101292
1 10 4.758113095072016
1 11 4.756523428222666
1 12 3.708766748238727
1 13 3.5226755892490997
1 14 4.267701062248092
1 15 5.57306727453359
1 16 5.568977219137435
1 17 4.163101301896919
1 18 4.511785816403339
1 19 4.6420851897732005
1 20 4.357345936166464
1 21 4.022905963318076
1 22 3.61728635096156
1 23 4.389484860512858
1 24 5.029863437656404
1 25 3.502964956307919
1 26 4.615731906306825
1 27 4.747011777640921
1 28 4.9475423288852
1 29 5.580611733282837
2 0 4.970983864342954
2 1 3.2059102763266925
2 2 3.9856552284372606
2 3 3.8971886494916816
2 4 4.556396874870092
2 5 4.164860178459825
2 6 3.5226001984591497
2 7 4.054238770074046
2 8 4.586028157781496
2 9 3.7144852016634227
2 10 4.0822078966177555
2 11 4.451574202535419
2 12 5.214805912082245
2 13 3.560374331284589
2 14 3.787840219108259
2 15 4.002077082818372
2 16 3.270011928051347
2 17 3.671183988833552
2 18 4.052992977509155
2 19 3.129750798170209
2 20 3.3530834115632646
2 21 3.890595603487134
2 22 4.21879280921237
2 23 4.2138844888217974
2 24 4.125894358411902
2 25 4.305281225899894
2 26 4.168072605259888
2 27 4.639608160370739
2 28 4.37057243316268
2 29 2.9553724906059693
3 0 3.4346211247613394
3 1 5.036565875090512
3 2 3.886275389847366
3 3 3.9145478258422868
3 4 4.745764617811488
3 5 4.095796222361135
3 6 3.567796718300448
3 7 4.881207743439746
3 8 4.49230311788474
3 9 4.539787535944867
3 10 4.357534850465648
3 11 3.7716229985767042
3 12 3.5454592795693145
3 13 2.7575038274481107
3 14 3.7105657670988617
3 15 4.30318685191647
3 16 4.58500771396315
3 17 3.4005372908767355
3 18 4.400959774709341
3 19 4.306042846103831
3 20 4.108813768589022
3 21 4.152268958679482
3 22 3.7933206126006778
3 23 3.8787182100799966
3 24 3.4308577067678474
3 25 4.335941963678525
3 26 5.46023749150634
3 27 4.210223817588231
3 28 5.2973009480196085
3 29 3.259252923230058
4 0 4.238017230533296
4 1 4.017961841206864
4 2 5.093080173304402
4 3 4.341328148348653
4 4 3.8925289064120157
4 5 3.7606385489322336
4 6 5.008984325235061
4 7 3.983264419270342
4 8 4.063727683714049
4 9 4.170346154372663
4 10 3.834039754788043
4 11 4.054904020581199
4 12 3.996105400898172
4 13 3.712718456200826
4 14 4.649118994817185
4 15 4.072905664272447
4 16 3.8050693693076543
4 17 3.530553948349454
4 18 3.8309373445046147
4 19 3.102673434028724
4 20 3.776963671887888
4 21 4.902882600338391
4 22 3.1711281364163804
4 23 4.291540985615166
4 24 4.461192758379148
4 25 4.699796975167077
4 26 4.660403794430527
4 27 4.0050402733892
4 28 3.665475310422565
4 29 4.834380676203015
5 0 4.134827518469518
5 1 3.793958571316061
5 2 5.914167557235274
5 3 4.455964932575218
5 4 3.316048005491055
5 5 4.84692393798323
5 6 3.8611159854037846
5 7 3.2744741216496753
5 8 4.459478288047467
5 9 3.158396582808738
5 10 3.4250365172510477
5 11 4.970751936920324
5 12 3.3007153487804417
5 13 3.485452351628342
5 14 3.019291135620254
5 15 3.328231203114606
5 16 4.282535412055282
5 17 3.065622224485714
5 18 3.9038540135294495
5 19 2.7840519621801905
5 20 3.979035346780379
5 21 3.103528088497495
5 22 4.5997277918700235
5 23 3.5214475140514483
5 24 4.079982466852659
5 25 4.262511596882872
5 26 3.745588125153809
5 27 4.230840165682788
5 28 4.274234506815568
5 29 4.295341654285053
6 0 4.1957976368909495
6 1 3.771702552837287
6 2 3.734656898578021
6 3 3.5165215704388757
6 4 4.304419155750674
6 5 4.595622349093014
6 6 3.873920258725584
6 7 4.30370140810255
6 8 3.1164180516159363
6 9 3.6700929381906353
6 10 3.937874176345528
6 11 2.839447837484217
6 12 4.064273015336411
6 13 3.4355552304734926
6 14 3.4850123704554976
6 15 2.4850041349328444
6 16 3.048496168756488
6 17 3.274985874537057
6 18 3.0475530320285653
6 19 4.199327415357431
6 20 3.6042413641003823
6 21 4.37730052408593
6 22 3.5976745029660013
6 23 3.525872943516912
6 24 3.065338564538154
6 25 3.558361690271583
6 26 3.6893817026489124
6 27 3.0327907455479517
6 28 4.33830571766635
6 29 3.87515096361549
7 0 4.086254349944727
7 1 4.6988097108791695
7 2 3.930673705209825
7 3 4.710598730032668
7 4 4.149189476589591
7 5 3.462741987277767
7 6 3.885548766745334
7 7 4.934145779996278
7 8 3.483717926444233
7 9 3.093056080162398
7 10 4.30072252612097
7 11 3.584054886339305
7 12 3.309951247186498
7 13 3.09350370697653
7 14 2.8854863944267177
7 15 2.993716919739151
7 16 3.1048887908748375
7 17 2.2044219968153995
7 18 2.570471148489519
7 19 2.6224537897774742
7 20 2.722998933681865
7 21 3.2971971117745023
7 22 3.6554101158501373
7 23 3.6630887143262796
7 24 3.7105657670988617
7 25 2.578492677334188
7 26 4.690189148708133
7 27 3.4313530633762
7 28 3.8335345304655637
7 29 4.228516195751929
8 0 3.9940479792980756
8 1 4.0200231484880184
8 2 3.5114211766837076
8 3 4.387578693847413
8 4 3.737141822999932
8 5 3.614764568222234
8 6 5.1626661621012575
8 7 4.444303387807604
8 8 3.6958677466412
8 9 3.110125086877595
8 10 3.59081603173882
8 11 3.630954627096449
8 12 3.4355485964244794
8 13 4.134757545905746
8 14 2.3938330917628434
8 15 2.4767190580809255
8 16 1.7940374529489653
8 17 2.2325248933213846
8 18 2.8517426801178547
8 19 2.1436220952237783
8 20 2.9876926982270717
8 21 3.5567307506282977
8 22 3.048331668701861
8 23 4.045358427657317
8 24 3.7708255103853405
8 25 2.6186482062541976
8 26 4.768974409055968
8 27 3.7283802790540586
8 28 3.366009949935301
8 29 3.797026217421248
9 0 4.315884695855124
9 1 4.475087557133105
9 2 3.8482341934858106
9 3 4.615387059221425
9 4 3.568036585306619
9 5 5.223143841889988
9 6 3.440338548201458
9 7 3.2460977333565517
9 8 4.147743870605439
9 9 3.546763172644907
9 10 3.774780549542623
9 11 3.854165980981667
9 12 2.7475958563671217
9 13 2.8948649570264564
9 14 2.689676778650701
9 15 1.78073774092907
9 16 1.495743752551673
9 17 1.3888844700556218
9 18 1.373419913531604
9 19 2.078153853770768
9 20 2.3571449888108345
9 21 3.1761795194439366
9 22 2.894870538617585
9 23 3.8035219503927267
9 24 4.120718625790518
9 25 3.7069603439665033
9 26 3.381124840692994
9 27 4.7817938269030025
9 28 4.691093522128173
9 29 4.209107432101292
10 0 5.239069862900169
10 1 4.24085200443597
10 2 4.871684910167961
10 3 5.399517039292653
10 4 3.694254224166144
10 5 4.607776112863344
10 6 3.383172861874315
10 7 3.402293263453316
10 8 4.304611610037574
10 9 2.904905372466868
10 10 4.085721997101328
10 11 3.637565587125718
10 12 3.350068257433249
10 13 2.461153196637524
10 14 2.4654502525437283
10 15 1.9181838462434617
10 16 1.2516194452751517
10 17 0
10 18 0
10 19 1.8351832068560001
10 20 2.155250479267874
10 21 2.53493871913564
10 22 3.486971120040062
10 23 3.497698592368081
10 24 3.218933635038783
10 25 3.838057586514457
10 26 3.2985675409557573
10 27 4.580140905172424
10 28 4.740714969656931
10 29 4.084544872992864
11 0 4.752221172140191
11 1 3.210392981912296
11 2 4.3787667817818
11 3 3.2759796796192178
11 4 4.200989545681885
11 5 4.181216847348103
11 6 4.399596225071875
11 7 3.483522425670497
11 8 3.420391316256108
11 9 3.552503298958824
11 10 3.416264584266029
11 11 2.892558360881327
11 12 2.6874998725941013
11 13 2.6119990318679114
11 14 2.2982027141042476
11 15 2.181318755464315
11 16 1.2484207374949026
11 17 1.957908239216981
11 18 1.760389932295168
11 19 2.2468553188062814
11 20 3.2797433796236977
11 21 3.526171197019539
11 22 3.3546676795837653
11 23 3.4206432136368683
11 24 3.7653589021466574
11 25 3.9907120985947784
11 26 4.261650768820105
11 27 5.161742626458922
11 28 4.134190875321437
11 29 4.768281789516018
12 0 3.453048797350172
12 1 4.153687863713302
12 2 5.341474242696077
12 3 4.057111928668772
12 4 4.068711983777765
12 5 3.81912998431339
12 6 4.216686161218368
12 7 4.003717557922572
12 8 3.471035396759534
12 9 3.099288759229064
12 10 4.280500787153604
12 11 2.7781457861451395
12 12 3.2042912917220945
12 13 2.605053617408478
12 14 3.7288436672968652
12 15 2.4708079237143297
12 16 1.6942788264565931
12 17 1.5030489029019334
12 18 1.9498472043487256
12 19 2.9625300657907214
12 20 2.532434934019886
12 21 2.5393332873807037
12 22 3.4355485964244794
12 23 3.3910257398982244
12 24 4.512032768806007
12 25 4.721098255184564
12 26 3.7778657853495483
12 27 4.703705668204464
12 28 4.327977814660887
12 29 4.615121903239356
13 0 3.9018729483436854
13 1 5.151247330445541
13 2 5.153255301829978
13 3 3.294033345504229
13 4 5.100507675470439
13 5 3.465465266260216
13 6 4.630366594406233
13 7 4.177913907694955
13 8 3.1692121321175364
13 9 3.0316493711816643
13 10 3.3676298007433867
13 11 3.510851334561164
13 12 2.3914081501557174
13 13 2.7759096657332045
13 14 3.029362691685884
13 15 2.879005679783836
13 16 2.9451357358689525
13 17 2.625855882743842
13 18 2.0907037216688336
13 19 2.561323294171436
13 20 2.7628164657480574
13 21 3.5783424277419473
13 22 3.222455780726488
13 23 4.492598881804249
13 24 3.9170999070981627
13 25 3.9213313573028588
13 26 4.069187385569739
13 27 4.503672768671005
13 28 3.035616853172781
13 29 5.133804121112609
14 0 2.9803383728508277
14 1 5.10578718739888
14 2 4.6330234702355
14 3 3.719364441183026
14 4 3.8287366526888436
14 5 3.738781697897339
14 6 3.961371044206857
14 7 3.12332012028163
14 8 3.9367452802141307
14 9 2.918819508587146
14 10 3.4861762562951535
14 11 3.1989405148488803
14 12 2.910962481718426
14 13 2.9003912409411896
14 14 2.419430910094327
14 15 3.0113073007293085
14 16 2.563193215977174
14 17 3.0545555929002752
14 18 2.7834392547659506
14 19 2.5582967559993977
14 20 2.28233512004802
14 21 3.0747088286340643
14 22 2.4777534051414816
14 23 2.988607169428765
14 24 3.833578009265844
14 25 4.289567635446464
14 26 3.7235524931738655
14 27 4.30370140810255
14 28 4.204086457906173
14 29 5.986225819941823
15 0 3.4829550839930747
15 1 4.011215551074041
15 2 4.401420519717872
15 3 4.496758555273067
15 4 3.0717282689307117
15 5 3.695767264750847
15 6 4.2557565627823974
15 7 3.5416888531887127
15 8 3.9660024377537195
15 9 3.00522076830463
15 10 3.1119704365849388
15 11 2.584673959199839
15 12 3.8943383191763945
15 13 2.673796422945681
15 14 2.384069744234358
15 15 2.323984065499488
15 16 2.384069744234358
15 17 2.673796422945681
15 18 3.8943383191763945
15 19 2.584673959199839
15 20 3.1119704365849388
15 21 3.00522076830463
15 22 3.9660024377537195
15 23 3.5416888531887127
15 24 4.2557565627823974
15 25 3.695767264750847
15 26 3.0717282689307117
15 27 4.496758555273067
15 28 4.401420519717872
15 29 4.011215551074041
16 0 2.884062066125699
16 1 5.986225819941823
16 2 4.204086457906173
16 3 4.30370140810255
16 4 3.7235524931738655
16 5 4.289567635446464
16 6 3.833578009265844
16 7 2.988607169428765
16 8 2.4777534051414816
16 9 3.0747088286340643
16 10 2.28233512004802
16 11 2.5582967559993977
16 12 2.7834392547659506
16 13 3.0545555929002752
16 14 2.563193215977174
16 15 3.0113073007293085
16 16 2.419430910094327
16 17 2.9003912409411896
16 18 2.910962481718426
16 19 3.1989405148488803
16 20 3.4861762562951535
16 21 2.918819508587146
16 22 3.9367452802141307
16 23 3.12332012028163
16 24 3.961371044206857
16 25 3.738781697897339
16 26 3.8287366526888436
16 27 3.719364441183026
16 28 4.6330234702355
16 29 5.10578718739888
17 0 3.920724178229477
17 1 5.133804121112609
17 2 3.035616853172781
17 3 4.503672768671005
17 4 4.069187385569739
17 5 3.9213313573028588
17 6 3.9170999070981627
17 7 4.492598881804249
17 8 3.222455780726488
17 9 3.5783424277419473
17 10 2.7628164657480574
17 11 2.561323294171436
17 12 2.0907037216688336
17 13 2.625855882743842
17 14 2.9451357358689525
17 15 2.879005679783836
17 16 3.029362691685884
17 17 2.7759096657332045
17 18 2.3914081501557174
17 19 3.510851334561164
17 20 3.3676298007433867
17 21 3.0316493711816643
17 22 3.1692121321175364
17 23 4.177913907694955
17 24 4.630366594406233
17 25 3.465465266260216
17 26 5.100507675470439
17 27 3.294033345504229
17 28 5.153255301829978
17 29 5.151247330445541
18 0 2.5164523646461596
18 1 4.615121903239356
18 2 4.327977814660887
18 3 4.703705668204464
18 4 3.7778657853495483
18 5 4.721098255184564
18 6 4.512032768806007
18 7 3.3910257398982244
18 8 3.4355485964244794
18 9 2.5393332873807037
18 10 2.532434934019886
18 11 2.9625300657907214
18 12 1.9498472043487256
18 13 1.5030489029019334
18 14 1.6942788264565931
18 15 2.4708079237143297
18 16 3.7288436672968652
18 17 2.605053617408478
18 18 3.2042912917220945
18 19 2.7781457861451395
18 20 4.280500787153604
18 21 3.099288759229064
18 22 3.471035396759534
18 23 4.003717557922572
18 24 4.216686161218368
18 25 3.81912998431339
18 26 4.068711983777765
18 27 4.057111928668772
18 28 5.341474242696077
18 29 4.153687863713302
19 0 4.105060315519024
19 1 4.768281789516018
19 2 4.134190875321437
19 3 5.161742626458922
19 4 4.261650768820105
19 5 3.9907120985947784
19 6 3.7653589021466574
19 7 3.4206432136368683
19 8 3.3546676795837653
19 9 3.526171197019539
19 10 3.2797433796236977
19 11 2.2468553188062814
19 12 1.760389932295168
19 13 1.957908239216981
19 14 1.2484207374949026
19 15 2.181318755464315
19 16 2.2982027141042476
19 17 2.6119990318679114
19 18 2.6874998725941013
19 19 2.892558360881327
19 20 3.416264584266029
19 21 3.552503298958824
19 22 3.420391316256108
19 23 3.483522425670497
19 24 4.399596225071875
19 25 4.181216847348103
19 26 4.200989545681885
19 27 3.2759796796192178
19 28 4.3787667817818
19 29 3.210392981912296
20 0 3.461438644664932
20 1 4.084544872992864
20 2 4.740714969656931
20 3 4.580140905172424
20 4 3.2985675409557573
20 5 3.838057586514457
20 6 3.218933635038783
20 7 3.497698592368081
20 8 3.486971120040062
20 9 2.53493871913564
20 10 2.155250479267874
20 11 1.8351832068560001
20 12 0
20 13 0
20 14 1.2516194452751517
20 15 1.9181838462434617
20 16 2.4654502525437283
20 17 2.461153196637524
20 18 3.350068257433249
20 19 3.637565587125718
20 20 4.085721997101328
20 21 2.904905372466868
20 22 4.304611610037574
20 23 3.402293263453316
20 24 3.383172861874315
20 25 4.607776112863344
20 26 3.694254224166144
20 27 5.399517039292653
20 28 4.871684910167961
20 29 4.24085200443597
21 0 4.143500675275326
21 1 4.209107432101292
21 2 4.691093522128173
21 3 4.7817938269030025
21 4 3.381124840692994
21 5 3.7069603439665033
21 6 4.120718625790518
21 7 3.8035219503927267
21 8 2.894870538617585
21 9 3.1761795194439366
21 10 2.3571449888108345
21 11 2.078153853770768
21 12 1.373419913531604
21 13 1.3888844700556218
21 14 1.495743752551673
21 15 1.78073774092907
21 16 2.689676778650701
21 17 2.8948649570264564
21 18 2.7475958563671217
21 19 3.854165980981667
21 20 3.774780549542623
21 21 3.546763172644907
21 22 4.147743870605439
21 23 3.2460977333565517
21 24 3.440338548201458
21 25 5.223143841889988
21 26 3.568036585306619
21 27 4.615387059221425
21 28 3.8482341934858106
21 29 4.475087557133105
22 0 4.865576887747484
22 1 3.797026217421248
22 2 3.366009949935301
22 3 3.7283802790540586
22 4 4.768974409055968
22 5 2.6186482062541976
22 6 3.7708255103853405
22 7 4.045358427657317
22 8 3.048331668701861
22 9 3.5567307506282977
22 10 2.9876926982270717
22 11 2.1436220952237783
22 12 2.8517426801178547
22 13 2.2325248933213846
22 14 1.7940374529489653
22 15 2.4767190580809255
22 16 2.3938330917628434
22 17 4.134757545905746
22 18 3.4355485964244794
22 19 3.630954627096449
22 20 3.59081603173882
22 21 3.110125086877595
22 22 3.6958677466412
22 23 4.444303387807604
22 24 5.1626661621012575
22 25 3.614764568222234
22 26 3.737141822999932
22 27 4.387578693847413
22 28 3.5114211766837076
22 29 4.0200231484880184
23 0 4.631519147036469
23 1 4.228516195751929
23 2 3.8335345304655637
23 3 3.4313530633762
23 4 4.690189148708133
23 5 2.578492677334188
23 6 3.7105657670988617
23 7 3.6630887143262796
23 8 3.6554101158501373
23 9 3.2971971117745023
23 10 2.722998933681865
23 11 2.6224537897774742
23 12 2.570471148489519
23 13 2.2044219968153995
23 14 3.1048887908748375
23 15 2.993716919739151
23 16 2.8854863944267177
23 17 3.09350370697653
23 18 3.309951247186498
23 19 3.584054886339305
23 20 4.30072252612097
23 21 3.093056080162398
23 22 3.483717926444233
23 23 4.934145779996278
23 24 3.885548766745334
23 25 3.462741987277767
23 26 4.149189476589591
23 27 4.710598730032668
23 28 3.930673705209825
23 29 4.6988097108791695
24 0 3.836368433528796
24 1 3.87515096361549
24 2 4.33830571766635
24 3 3.0327907455479517
24 4 3.6893817026489124
24 5 3.558361690271583
24 6 3.065338564538154
24 7 3.525872943516912
24 8 3.5976745029660013
24 9 4.37730052408593
24 10 3.6042413641003823
24 11 4.199327415357431
24 12 3.0475530320285653
24 13 3.274985874537057
24 14 3.048496168756488
24 15 2.4850041349328444
24 16 3.4850123704554976
24 17 3.4355552304734926
24 18 4.064273015336411
24 19 2.839447837484217
24 20 3.937874176345528
24 21 3.6700929381906353
24 22 3.1164180516159363
24 23 4.30370140810255
24 24 3.873920258725584
24 25 4.595622349093014
24 26 4.304419155750674
24 27 3.5165215704388757
24 28 3.734656898578021
24 29 3.771702552837287
25 0 2.9271776648773113
25 1 4.295341654285053
25 2 4.274234506815568
25 3 4.230840165682788
25 4 3.745588125153809
25 5 4.262511596882872
25 6 4.079982466852659
25 7 3.5214475140514483
25 8 4.5997277918700235
25 9 3.103528088497495
25 10 3.979035346780379
25 11 2.7840519621801905
25 12 3.9038540135294495
25 13 3.065622224485714
25 14 4.282535412055282
25 15 3.328231203114606
25 16 3.019291135620254
25 17 3.485452351628342
25 18 3.3007153487804417
25 19 4.970751936920324
25 20 3.4250365172510477
25 21 3.158396582808738
25 22 4.459478288047467
25 23 3.2744741216496753
25 24 3.8611159854037846
25 25 4.84692393798323
25 26 3.316048005491055
25 27 4.455964932575218
25 28 5.914167557235274
25 29 3.793958571316061
26 0 4.350155627235054
26 1 4.834380676203015
26 2 3.665475310422565
26 3 4.0050402733892
26 4 4.660403794430527
26 5 4.699796975167077
26 6 4.461192758379148
26 7 4.291540985615166
26 8 3.1711281364163804
26 9 4.902882600338391
26 10 3.776963671887888
26 11 3.102673434028724
26 12 3.8309373445046147
26 13 3.530553948349454
26 14 3.8050693693076543
26 15 4.072905664272447
26 16 4.649118994817185
26 17 3.712718456200826
26 18 3.996105400898172
26 19 4.054904020581199
26 20 3.834039754788043
26 21 4.170346154372663
26 22 4.063727683714049
26 23 3.983264419270342
26 24 5.008984325235061
26 25 3.7606385489322336
26 26 3.8925289064120157
26 27 4.341328148348653
26 28 5.093080173304402
26 29 4.017961841206864
27 0 3.4741470653023625
27 1 3.259252923230058
27 2 5.2973009480196085
27 3 4.210223817588231
27 4 5.46023749150634
27 5 4.335941963678525
27 6 3.4308577067678474
27 7 3.8787182100799966
27 8 3.7933206126006778
27 9 4.152268958679482
27 10 4.108813768589022
27 11 4.306042846103831
27 12 4.400959774709341
27 13 3.4005372908767355
27 14 4.58500771396315
27 15 4.30318685191647
27 16 3.7105657670988617
27 17 2.7575038274481107
27 18 3.5454592795693145
27 19 3.7716229985767042
27 20 4.357534850465648
27 21 4.539787535944867
27 22 4.49230311788474
27 23 4.881207743439746
27 24 3.567796718300448
27 25 4.095796222361135
27 26 4.745764617811488
27 27 3.9145478258422868
27 28 3.886275389847366
27 29 5.036565875090512
28 0 3.8587519095802003
28 1 2.9553724906059693
28 2 4.37057243316268
28 3 4.639608160370739
28 4 4.168072605259888
28 5 4.305281225899894
28 6 4.125894358411902
28 7 4.2138844888217974
28 8 4.21879280921237
28 9 3.890595603487134
28 10 3.3530834115632646
28 11 3.129750798170209
28 12 4.052992977509155
28 13 3.671183988833552
28 14 3.270011928051347
28 15 4.002077082818372
28 16 3.787840219108259
28 17 3.560374331284589
28 18 5.214805912082245
28 19 4.451574202535419
28 20 4.0822078966177555
28 21 3.7144852016634227
28 22 4.586028157781496
28 23 4.054238770074046
28 24 3.5226001984591497
28 25 4.164860178459825
28 26 4.556396874870092
28 27 3.8971886494916816
28 28 3.9856552284372606
28 29 3.2059102763266925
29 0 4.329861681896302
29 1 5.580611733282837
29 2 4.9475423288852
29 3 4.747011777640921
29 4 4.615731906306825
29 5 3.502964956307919
29 6 5.029863437656404
29 7 4.389484860512858
29 8 3.61728635096156
29 9 4.022905963318076
29 10 4.357345936166464
29 11 4.6420851897732005
29 12 4.511785816403339
29 13 4.163101301896919
29 14 5.568977219137435
29 15 5.57306727453359
29 16 4.267701062248092
29 17 3.5226755892490997
29 18 3.708766748238727
29 19 4.756523428222666
29 20 4.758113095072016
29 21 4.209107432101292
29 22 3.171749671687977
29 23 4.088314815725453
29 24 3.999426178566991
29 25 4.649695573703929
29 26 3.5365137350533282
29 27 3.590595599738148
29 28 3.8106440396543872
29 29 4.498611013533401
