0 0 4.257867998418295
0 1 3.6674375674218616
0 2 3.9848723564899204
0 3 5.099382522132493
0 4 5.54114573578102
0 5 4.423746582819673
0 6 4.1614370299505365
0 7 5.239766026618842
0 8 4.837470012963935
0 9 4.176321433559731
0 10 4.942476974768351
0 11 3.660431085804561
0 12 4.148499315327511
0 13 3.2218029496561766
0 14 4.5385725695658055
0 15 3.8663349005377365
0 16 4.4553614828208525
0 17 4.412974600145129
0 18 4.463033234182664
0 19 4.685274302930117
0 20 4.445694298830779
0 21 4.054784619744071
0 22 4.481677484379694
0 23 3.823614127136839
0 24 3.6081388634890508
0 25 4.45604568119511
0 26 4.2398214295885115
0 27 5.051309509329814
0 28 4.553740295003936
0 29 3.754482974966394
1 0 4.43793118841181
1 1 4.281770302915729
1 2 4.214078050049333
1 3 4.390657515664121
1 4 4.583739381188729
1 5 4.371292624052339
1 6 3.8661987865863057
1 7 4.175659003059305
1 8 4.6890837970720955
1 9 4.24484549720665
1 10 3.968119146757711
1 11 5.625682169392906
1 12 4.876333400839391
1 13 4.6420851897732005
1 14 3.911636883832552
1 15 4.282619797503552
1 16 4.8037319291533676
1 17 4.756523428222666
1 18 4.050757209241526
1 19 3.8349945945879513
1 20 3.4407643714888487
1 21 4.012950899543344
1 22 4.751969213745732
1 23 5.114051402500267
1 24 4.836179461839582
1 25 3.6186430869679107
1 26 3.191808831828895
1 27 4.610123465386571
1 28 4.6835559772067565
1 29 4.561152184183354
2 0 4.13103661083737
2 1 5.213606710556457
2 2 4.86478688855619
2 3 3.4292072827487585
2 4 4.984604961029168
2 5 3.0579119560982218
2 6 4.4908048697911145
2 7 4.4346685452124985
2 8 4.919288249751258
2 9 3.8557317543241205
2 10 3.3815437751780633
2 11 2.9822175859448254
2 12 3.9110108930495646
2 13 3.129750798170209
2 14 3.201124734533874
2 15 3.558361690271583
2 16 3.695934634674706
2 17 4.451574202535419
2 18 2.816092543664097
2 19 4.091252283231475
2 20 5.634447342857754
2 21 4.558971235358622
2 22 3.704535915407205
2 23 4.58749938499083
2 24 4.110585728773838
2 25 4.750301009709063
2 26 3.6791791794485618
2 27 3.502969845539806
2 28 4.293068660261793
2 29 4.350846402656715
3 0 3.6293797836980093
3 1 3.561195578948189
3 2 4.001289271816809
3 3 5.74003220717072
3 4 2.959828396420201
3 5 3.4300183524152343
3 6 4.861918078038418
3 7 3.457139680267439
3 8 2.5821165293084967
3 9 4.707287006799665
3 10 4.835507528240046
3 11 4.932117937397426
3 12 4.005299369021086
3 13 4.306042846103831
3 14 3.7077416887464683
3 15 3.7211449467729865
3 16 3.5906099208036966
3 17 3.7716229985767042
3 18 4.087153553103385
3 19 3.262968947876437
3 20 3.666680309456648
3 21 4.699035553137449
3 22 4.672346895577352
3 23 2.7884533460755625
3 24 3.917556454168669
3 25 3.763376133173225
3 26 3.4133721987420444
3 27 3.048466426254394
3 28 4.414289420478895
3 29 3.5623642232856576
4 0 4.364653421284834
4 1 3.6755995893458886
4 2 5.866880863538299
4 3 4.229037079153543
4 4 3.6416726101764967
4 5 6.035041752976535
4 6 4.674305500441822
4 7 3.421341172048551
4 8 4.258971085703209
4 9 4.011972368542229
4 10 3.3337266256042466
4 11 3.890373467145822
4 12 4.077759653674085
4 13 3.102673434028724
4 14 3.483093292308585
4 15 3.7599470228539937
4 16 5.162826727244496
4 17 4.054904020581199
4 18 4.07510835260363
4 19 4.4950253562460425
4 20 3.6980705169818493
4 21 3.6485028834763407
4 22 3.940541272603336
4 23 5.10578718739888
4 24 3.551018014021744
4 25 3.1406738016548905
4 26 4.545891909091177
4 27 5.142118029893959
4 28 3.660949347871644
4 29 2.8765207676465043
5 0 4.548449801605257
5 1 4.784076551089789
5 2 4.496211001140558
5 3 3.833072210445726
5 4 4.10052127955393
5 5 3.6469280644060476
5 6 4.113127560933196
5 7 3.77682528697057
5 8 2.894334624489559
5 9 5.423064448481783
5 10 3.7232451593358986
5 11 2.9999463324834097
5 12 3.1318477859276435
5 13 2.7840519621801905
5 14 3.6554101158501373
5 15 4.263766462314574
5 16 4.070297014102595
5 17 4.970751936920324
5 18 3.590586223588429
5 19 4.183091833471304
5 20 5.021524532314593
5 21 4.71403119379405
5 22 3.9781181440219493
5 23 3.9664750620391525
5 24 4.0323471244538736
5 25 4.8754909990396955
5 26 4.751829619885658
5 27 5.54922331562404
5 28 3.7116078913235526
5 29 3.68589930011869
6 0 3.8055848403807055
6 1 4.590837697366059
6 2 4.389467312589305
6 3 4.43605394008704
6 4 3.387113614042954
6 5 3.500195383738704
6 6 3.389151999733603
6 7 4.609832049335349
6 8 3.10126364673047
6 9 2.3122197726640388
6 10 3.1949607035763394
6 11 3.026752433112788
6 12 2.927363321307261
6 13 4.199327415357431
6 14 3.218818144325272
6 15 3.345830287252104
6 16 3.4748095760269253
6 17 2.839447837484217
6 18 3.797359847379466
6 19 3.219464038858538
6 20 3.5115240787795705
6 21 5.190408523249014
6 22 3.26080686346091
6 23 4.206692668014513
6 24 4.496948864232172
6 25 5.442521238614592
6 26 3.572955984482622
6 27 3.8318635523710927
6 28 5.012579464637831
6 29 4.798335925051628
7 0 4.241887666273736
7 1 4.565021839328863
7 2 4.358814546184557
7 3 3.6744445283130287
7 4 2.8768032139570154
7 5 3.541970804671491
7 6 3.596014754974292
7 7 3.9589232084797747
7 8 3.2465621985714757
7 9 2.890640583575476
7 10 3.1487798790519808
7 11 2.45424236852304
7 12 3.103240524934673
7 13 2.6224537897774742
7 14 2.7814329113535465
7 15 3.4467265770101405
7 16 2.940138541990539
7 17 3.584054886339305
7 18 3.9170999070981627
7 19 4.597938105888324
7 20 3.135446351402198
7 21 3.853639725573699
7 22 5.100507675470439
7 23 4.023605574642721
7 24 3.5796849897302714
7 25 4.978323516288941
7 26 3.835438887203403
7 27 4.4726146412429815
7 28 3.4052320752933123
7 29 4.12544310178931
8 0 4.306111005611254
8 1 3.9311989977897515
8 2 4.31069449610928
8 3 4.46046979890767
8 4 4.615090656660815
8 5 3.524513400717305
8 6 4.420615286074132
8 7 2.8890860246336696
8 8 3.3661082518603003
8 9 3.0049614755631575
8 10 1.7854751650248502
8 11 2.0215135123580215
8 12 1.8847407356414427
8 13 2.1436220952237783
8 14 2.7571757076247154
8 15 3.3112095756520867
8 16 2.994730757292823
8 17 3.630954627096449
8 18 3.268104798927379
8 19 3.617587451508075
8 20 4.5665272182631265
8 21 3.352991532993081
8 22 3.8470154723152654
8 23 5.002150091097348
8 24 3.53749786658765
8 25 3.791668108690736
8 26 4.481735523629113
8 27 4.153687863713302
8 28 3.68878942141828
8 29 3.6207590066477873
9 0 4.097678095547463
9 1 4.423495493697393
9 2 4.876333400839391
9 3 4.539533539772311
9 4 3.809193372931894
9 5 3.6545005442692275
9 6 2.8937258229111618
9 7 3.1264258933372866
9 8 2.5593243691534315
9 9 2.35489740313896
9 10 1.969439388097165
9 11 1.7747535477955403
9 12 0
9 13 2.078153853770768
9 14 2.7907626387900564
9 15 3.2433646620782834
9 16 2.4699107484036587
9 17 3.854165980981667
9 18 4.022034101698428
9 19 3.7737690558907135
9 20 4.876242637581546
9 21 4.5551821819305705
9 22 4.399596225071875
9 23 3.7279938355984457
9 24 5.021641347483943
9 25 4.303942105756535
9 26 3.5099932964037275
9 27 4.393476496823774
9 28 3.0935827138236953
9 29 4.455964932575218
10 0 5.050498569497516
10 1 4.2138844888217974
10 2 4.706840808448004
10 3 3.3769342718462685
10 4 4.069141546508271
10 5 3.8853549311280515
10 6 3.9919437962203856
10 7 3.11811626644985
10 8 2.549244507689609
10 9 2.006199469329636
10 10 1.442338936427564
10 11 0
10 12 1.2514719309198217
10 13 1.8351832068560001
10 14 2.124472308911383
10 15 3.0480160096004827
10 16 3.0421425860933784
10 17 3.637565587125718
10 18 3.1553756710351357
10 19 2.9098359393066775
10 20 3.1458168910031934
10 21 4.003717557922572
10 22 4.6983224326961865
10 23 3.847608635020471
10 24 4.569360987673565
10 25 4.75072716373483
10 26 3.6669898378689636
10 27 4.253335407953906
10 28 4.681234221595407
10 29 3.457251068428203
11 0 5.115526991410918
11 1 3.2163293280291554
11 2 5.568977219137435
11 3 4.46221724471526
11 4 4.5997277918700235
11 5 3.426932443973589
11 6 3.9038540135294495
11 7 2.799741301743522
11 8 2.7880558275751164
11 9 2.4595098882689896
11 10 1.5420060654805756
11 11 1.632010804140741
11 12 1.495743752551673
11 13 2.2468553188062814
11 14 2.155271954620589
11 15 3.2011405803942363
11 16 4.368026844842285
11 17 2.892558360881327
11 18 2.9602248462634453
11 19 4.124879558153529
11 20 3.731031102639415
11 21 4.8221601186306735
11 22 4.491327426771743
11 23 3.5153795172518634
11 24 4.462215878657264
11 25 5.125149345895232
11 26 3.8542782599556675
11 27 4.172365130339167
11 28 3.7699358435584
11 29 3.3310065998782346
12 0 4.915340076238027
12 1 3.790873219724663
12 2 4.165025120013665
12 3 3.6224883820153573
12 4 3.5972775999428928
12 5 4.072905664272447
12 6 3.3788118335949613
12 7 3.5567307506282977
12 8 3.191052763280569
12 9 2.3261783876171767
12 10 1.7434455824148503
12 11 1.7698956565776363
12 12 3.0188849188933324
12 13 2.9625300657907214
12 14 3.186059750986499
12 15 2.714568817074459
12 16 3.1910396563731536
12 17 2.7781457861451395
12 18 3.095000147494537
12 19 2.9111948949455413
12 20 3.761344111134694
12 21 4.183468743206512
12 22 3.875538434130022
12 23 4.346118178625334
12 24 3.385054683987921
12 25 4.202551002846634
12 26 4.511544459888717
12 27 3.944366436214363
12 28 5.110966036725176
12 29 4.558971235358622
13 0 3.27321639687173
13 1 4.172934366610803
13 2 4.690189148708133
13 3 4.681940378108247
13 4 4.414135750117714
13 5 3.2245201493093654
13 6 3.546463225035956
13 7 3.7050675210622313
13 8 2.8854863944267177
13 9 2.270239222656337
13 10 3.2797433796236977
13 11 2.289241820676493
13 12 2.621175269171288
13 13 2.561323294171436
13 14 1.9701080464685157
13 15 3.081475660381549
13 16 2.895021268923287
13 17 3.510851334561164
13 18 4.459252841841072
13 19 3.2735490198085655
13 20 3.416264584266029
13 21 3.3775175761242098
13 22 2.9435454102861494
13 23 3.2685249753614247
13 24 4.366649300789609
13 25 3.078629034407679
13 26 5.314579174274475
13 27 5.339745079551844
13 28 3.2177112965354095
13 29 4.644346074250951
14 0 4.958947187971617
14 1 4.03580635716219
14 2 3.9408884059321276
14 3 3.5254273811987975
14 4 4.658984128063335
14 5 3.5815272834295566
14 6 3.4748095760269253
14 7 3.5673022974383715
14 8 2.5758426304080464
14 9 3.0638339442292537
14 10 3.034105505174338
14 11 2.461153196637524
14 12 2.919801240164776
14 13 2.5582967559993977
14 14 3.226524603489038
14 15 2.5435736978649794
14 16 3.2576156300054615
14 17 3.1989405148488803
14 18 2.9236209943729845
14 19 2.7920208124589925
14 20 2.615860802281413
14 21 3.851965117813079
14 22 4.085231886669786
14 23 3.525906846324256
14 24 3.9325834053707687
14 25 3.7692673707840703
14 26 3.2241862957212724
14 27 4.170346154372663
14 28 4.40109061980662
14 29 4.275864586291938
15 0 5.474739570791484
15 1 3.7512106168462713
15 2 4.3059431076104895
15 3 4.183728491226961
15 4 2.964283316314277
15 5 4.704904132448442
15 6 2.9789475291270766
15 7 4.091471963578404
15 8 3.322019853051246
15 9 3.477950985301086
15 10 3.405599433963254
15 11 2.5457031166299813
15 12 3.1152333665254295
15 13 2.584673959199839
15 14 2.3914081501557174
15 15 2.8319436919267895
15 16 2.3914081501557174
15 17 2.584673959199839
15 18 3.1152333665254295
15 19 2.5457031166299813
15 20 3.405599433963254
15 21 3.477950985301086
15 22 3.322019853051246
15 23 4.091471963578404
15 24 2.9789475291270766
15 25 4.704904132448442
15 26 2.964283316314277
15 27 4.183728491226961
15 28 4.3059431076104895
15 29 3.7512106168462713
16 0 3.572317605034781
16 1 4.275864586291938
16 2 4.40109061980662
16 3 4.170346154372663
16 4 3.2241862957212724
16 5 3.7692673707840703
16 6 3.9325834053707687
16 7 3.525906846324256
16 8 4.085231886669786
16 9 3.851965117813079
16 10 2.615860802281413
16 11 2.7920208124589925
16 12 2.9236209943729845
16 13 3.1989405148488803
16 14 3.2576156300054615
16 15 2.5435736978649794
16 16 3.226524603489038
16 17 2.5582967559993977
16 18 2.919801240164776
16 19 2.461153196637524
16 20 3.034105505174338
16 21 3.0638339442292537
16 22 2.5758426304080464
16 23 3.5673022974383715
16 24 3.4748095760269253
16 25 3.5815272834295566
16 26 4.658984128063335
16 27 3.5254273811987975
16 28 3.9408884059321276
16 29 4.03580635716219
17 0 4.105060315519024
17 1 4.644346074250951
17 2 3.2177112965354095
17 3 5.339745079551844
17 4 5.314579174274475
17 5 3.078629034407679
17 6 4.366649300789609
17 7 3.2685249753614247
17 8 2.9435454102861494
17 9 3.3775175761242098
17 10 3.416264584266029
17 11 3.2735490198085655
17 12 4.459252841841072
17 13 3.510851334561164
17 14 2.895021268923287
17 15 3.081475660381549
17 16 1.9701080464685157
17 17 2.561323294171436
17 18 2.621175269171288
17 19 2.289241820676493
17 20 3.2797433796236977
17 21 2.270239222656337
17 22 2.8854863944267177
17 23 3.7050675210622313
17 24 3.546463225035956
17 25 3.2245201493093654
17 26 4.414135750117714
17 27 4.681940378108247
17 28 4.690189148708133
17 29 4.172934366610803
18 0 4.585050189844957
18 1 4.558971235358622
18 2 5.110966036725176
18 3 3.944366436214363
18 4 4.511544459888717
18 5 4.202551002846634
18 6 3.385054683987921
18 7 4.346118178625334
18 8 3.875538434130022
18 9 4.183468743206512
18 10 3.761344111134694
18 11 2.9111948949455413
18 12 3.095000147494537
18 13 2.7781457861451395
18 14 3.1910396563731536
18 15 2.714568817074459
18 16 3.186059750986499
18 17 2.9625300657907214
18 18 3.0188849188933324
18 19 1.7698956565776363
18 20 1.7434455824148503
18 21 2.3261783876171767
18 22 3.191052763280569
18 23 3.5567307506282977
18 24 3.3788118335949613
18 25 4.072905664272447
18 26 3.5972775999428928
18 27 3.6224883820153573
18 28 4.165025120013665
18 29 3.790873219724663
19 0 4.9056303493604405
19 1 3.3310065998782346
19 2 3.7699358435584
19 3 4.172365130339167
19 4 3.8542782599556675
19 5 5.125149345895232
19 6 4.462215878657264
19 7 3.5153795172518634
19 8 4.491327426771743
19 9 4.8221601186306735
19 10 3.731031102639415
19 11 4.124879558153529
19 12 2.9602248462634453
19 13 2.892558360881327
19 14 4.368026844842285
19 15 3.2011405803942363
19 16 2.155271954620589
19 17 2.2468553188062814
19 18 1.495743752551673
19 19 1.632010804140741
19 20 1.5420060654805756
19 21 2.4595098882689896
19 22 2.7880558275751164
19 23 2.799741301743522
19 24 3.9038540135294495
19 25 3.426932443973589
19 26 4.5997277918700235
19 27 4.46221724471526
19 28 5.568977219137435
19 29 3.2163293280291554
20 0 4.427621978195489
20 1 3.457251068428203
20 2 4.681234221595407
20 3 4.253335407953906
20 4 3.6669898378689636
20 5 4.75072716373483
20 6 4.569360987673565
20 7 3.847608635020471
20 8 4.6983224326961865
20 9 4.003717557922572
20 10 3.1458168910031934
20 11 2.9098359393066775
20 12 3.1553756710351357
20 13 3.637565587125718
20 14 3.0421425860933784
20 15 3.0480160096004827
20 16 2.124472308911383
20 17 1.8351832068560001
20 18 1.2514719309198217
20 19 0
20 20 1.442338936427564
20 21 2.006199469329636
20 22 2.549244507689609
20 23 3.11811626644985
20 24 3.9919437962203856
20 25 3.8853549311280515
20 26 4.069141546508271
20 27 3.3769342718462685
20 28 4.706840808448004
20 29 4.2138844888217974
21 0 3.658420804655307
21 1 4.455964932575218
21 2 3.0935827138236953
21 3 4.393476496823774
21 4 3.5099932964037275
21 5 4.303942105756535
21 6 5.021641347483943
21 7 3.7279938355984457
21 8 4.399596225071875
21 9 4.5551821819305705
21 10 4.876242637581546
21 11 3.7737690558907135
21 12 4.022034101698428
21 13 3.854165980981667
21 14 2.4699107484036587
21 15 3.2433646620782834
21 16 2.7907626387900564
21 17 2.078153853770768
21 18 0
21 19 1.7747535477955403
21 20 1.969439388097165
21 21 2.35489740313896
21 22 2.5593243691534315
21 23 3.1264258933372866
21 24 2.8937258229111618
21 25 3.6545005442692275
21 26 3.809193372931894
21 27 4.539533539772311
21 28 4.876333400839391
21 29 4.423495493697393
22 0 3.7138214216777636
22 1 3.6207590066477873
22 2 3.68878942141828
22 3 4.153687863713302
22 4 4.481735523629113
22 5 3.791668108690736
22 6 3.53749786658765
22 7 5.002150091097348
22 8 3.8470154723152654
22 9 3.352991532993081
22 10 4.5665272182631265
22 11 3.617587451508075
22 12 3.268104798927379
22 13 3.630954627096449
22 14 2.994730757292823
22 15 3.3112095756520867
22 16 2.7571757076247154
22 17 2.1436220952237783
22 18 1.8847407356414427
22 19 2.0215135123580215
22 20 1.7854751650248502
22 21 3.0049614755631575
22 22 3.3661082518603003
22 23 2.8890860246336696
22 24 4.420615286074132
22 25 3.524513400717305
22 26 4.615090656660815
22 27 4.46046979890767
22 28 4.31069449610928
22 29 3.9311989977897515
23 0 3.4868753391870944
23 1 4.12544310178931
23 2 3.4052320752933123
23 3 4.4726146412429815
23 4 3.835438887203403
23 5 4.978323516288941
23 6 3.5796849897302714
23 7 4.023605574642721
23 8 5.100507675470439
23 9 3.853639725573699
23 10 3.135446351402198
23 11 4.597938105888324
23 12 3.9170999070981627
23 13 3.584054886339305
23 14 2.940138541990539
23 15 3.4467265770101405
23 16 2.7814329113535465
23 17 2.6224537897774742
23 18 3.103240524934673
23 19 2.45424236852304
23 20 3.1487798790519808
23 21 2.890640583575476
23 22 3.2465621985714757
23 23 3.9589232084797747
23 24 3.596014754974292
23 25 3.541970804671491
23 26 2.8768032139570154
23 27 3.6744445283130287
23 28 4.358814546184557
23 29 4.565021839328863
24 0 4.363711250573178
24 1 4.798335925051628
24 2 5.012579464637831
24 3 3.8318635523710927
24 4 3.572955984482622
24 5 5.442521238614592
24 6 4.496948864232172
24 7 4.206692668014513
24 8 3.26080686346091
24 9 5.190408523249014
24 10 3.5115240787795705
24 11 3.219464038858538
24 12 3.797359847379466
24 13 2.839447837484217
24 14 3.4748095760269253
24 15 3.345830287252104
24 16 3.218818144325272
24 17 4.199327415357431
24 18 2.927363321307261
24 19 3.026752433112788
24 20 3.1949607035763394
24 21 2.3122197726640388
24 22 3.10126364673047
24 23 4.609832049335349
24 24 3.389151999733603
24 25 3.500195383738704
24 26 3.387113614042954
24 27 4.43605394008704
24 28 4.389467312589305
24 29 4.590837697366059
25 0 4.131575007411519
25 1 3.68589930011869
25 2 3.7116078913235526
25 3 5.54922331562404
25 4 4.751829619885658
25 5 4.8754909990396955
25 6 4.0323471244538736
25 7 3.9664750620391525
25 8 3.9781181440219493
25 9 4.71403119379405
25 10 5.021524532314593
25 11 4.183091833471304
25 12 3.590586223588429
25 13 4.970751936920324
25 14 4.070297014102595
25 15 4.263766462314574
25 16 3.6554101158501373
25 17 2.7840519621801905
25 18 3.1318477859276435
25 19 2.9999463324834097
25 20 3.7232451593358986
25 21 5.423064448481783
25 22 2.894334624489559
25 23 3.77682528697057
25 24 4.113127560933196
25 25 3.6469280644060476
25 26 4.10052127955393
25 27 3.833072210445726
25 28 4.496211001140558
25 29 4.784076551089789
26 0 4.232884646079434
26 1 2.8765207676465043
26 2 3.660949347871644
26 3 5.142118029893959
26 4 4.545891909091177
26 5 3.1406738016548905
26 6 3.551018014021744
26 7 5.10578718739888
26 8 3.940541272603336
26 9 3.6485028834763407
26 10 3.6980705169818493
26 11 4.4950253562460425
26 12 4.07510835260363
26 13 4.054904020581199
26 14 5.162826727244496
26 15 3.7599470228539937
26 16 3.483093292308585
26 17 3.102673434028724
26 18 4.077759653674085
26 19 3.890373467145822
26 20 3.3337266256042466
26 21 4.011972368542229
26 22 4.258971085703209
26 23 3.421341172048551
26 24 4.674305500441822
26 25 6.035041752976535
26 26 3.6416726101764967
26 27 4.229037079153543
26 28 5.866880863538299
26 29 3.6755995893458886
27 0 4.535303625712315
27 1 3.5623642232856576
27 2 4.414289420478895
27 3 3.048466426254394
27 4 3.4133721987420444
27 5 3.763376133173225
27 6 3.917556454168669
27 7 2.7884533460755625
27 8 4.672346895577352
27 9 4.699035553137449
27 10 3.666680309456648
27 11 3.262968947876437
27 12 4.087153553103385
27 13 3.7716229985767042
27 14 3.5906099208036966
27 15 3.7211449467729865
27 16 3.7077416887464683
27 17 4.306042846103831
27 18 4.005299369021086
27 19 4.932117937397426
27 20 4.835507528240046
27 21 4.707287006799665
27 22 2.5821165293084967
27 23 3.457139680267439
27 24 4.861918078038418
27 25 3.4300183524152343
27 26 2.959828396420201
27 27 5.74003220717072
27 28 4.001289271816809
27 29 3.561195578948189
28 0 4.048332425039815
28 1 4.350846402656715
28 2 4.293068660261793
28 3 3.502969845539806
28 4 3.6791791794485618
28 5 4.750301009709063
28 6 4.110585728773838
28 7 4.58749938499083
28 8 3.704535915407205
28 9 4.558971235358622
28 10 5.634447342857754
28 11 4.091252283231475
28 12 2.816092543664097
28 13 4.451574202535419
28 14 3.695934634674706
28 15 3.558361690271583
28 16 3.201124734533874
28 17 3.129750798170209
28 18 3.9110108930495646
28 19 2.9822175859448254
28 20 3.3815437751780633
28 21 3.8557317543241205
28 22 4.919288249751258
28 23 4.4346685452124985
28 24 4.4908048697911145
28 25 3.0579119560982218
28 26 4.984604961029168
28 27 3.4292072827487585
28 28 4.86478688855619
28 29 5.213606710556457
29 0 3.570980314936373
29 1 4.561152184183354
29 2 4.6835559772067565
29 3 4.610123465386571
29 4 3.191808831828895
29 5 3.6186430869679107
29 6 4.836179461839582
29 7 5.114051402500267
29 8 4.751969213745732
29 9 4.012950899543344
29 10 3.4407643714888487
29 11 3.8349945945879513
29 12 4.050757209241526
29 13 4.756523428222666
29 14 4.8037319291533676
29 15 4.282619797503552
29 16 3.911636883832552
29 17 4.6420851897732005
29 18 4.876333400839391
29 19 5.625682169392906
29 20 3.968119146757711
29 21 4.24484549720665
29 22 4.6890837970720955
29 23 4.175659003059305
29 24 3.8661987865863057
29 25 4.371292624052339
29 26 4.583739381188729
29 27 4.390657515664121
29 28 4.214078050049333
29 29 4.281770302915729
