0 0 4.108891734501797
0 1 4.479292955417975
0 2 2.9655560118600737
0 3 3.7894381490052482
0 4 4.125854332450862
0 5 3.9472201455429263
0 6 2.662690427890384
0 7 4.313018572695543
0 8 4.6100550369241935
0 9 3.6969298679592804
0 10 3.3468036412337527
0 11 4.148499315327511
0 12 3.8771678205444755
0 13 3.1149647931097197
0 14 3.5304316665164053
0 15 4.1613150972988056
0 16 4.65692907739804
0 17 5.0908608727589675
0 18 5.78386339168864
0 19 4.463033234182664
0 20 4.426298087274256
0 21 4.435563345697141
0 22 5.266136765537945
0 23 4.116910230418186
0 24 4.0520596914489735
0 25 4.221424844680505
0 26 3.8768979946461712
0 27 5.203020866488359
0 28 5.717919540307799
0 29 3.6785535799148255
1 0 4.434487053720501
1 1 4.536183338456328
1 2 3.783861336297296
1 3 4.377654129636163
1 4 3.5767100225720037
1 5 4.241887666273736
1 6 4.2346468427051285
1 7 3.202112515851673
1 8 3.241868232514857
1 9 3.566603039474754
1 10 4.0278507212327055
1 11 4.876333400839391
1 12 3.9157045262652472
1 13 4.511785816403339
1 14 4.461192758379148
1 15 5.037965404962519
1 16 3.6893817026489124
1 17 3.708766748238727
1 18 3.420527541984227
1 19 4.050757209241526
1 20 4.345761438561959
1 21 4.804873544034169
1 22 4.145290236859134
1 23 4.529270205970716
1 24 4.351938286699601
1 25 3.2061796167729484
1 26 3.686724908571114
1 27 4.288301839550297
1 28 4.599661089535998
1 29 5.038745037183603
2 0 4.2725327460542415
2 1 3.8721245988951085
2 2 4.2409957902140665
2 3 4.1556098391224126
2 4 4.284551587038923
2 5 4.956161828407045
2 6 4.287040778524463
2 7 3.476991699391336
2 8 4.578787554157988
2 9 4.371212028924983
2 10 4.033173155874221
2 11 3.9110108930495646
2 12 3.8865175074366003
2 13 4.052992977509155
2 14 3.500818574120916
2 15 3.628131474352535
2 16 4.196326717383582
2 17 5.214805912082245
2 18 3.388134924426986
2 19 2.816092543664097
2 20 3.502051379027182
2 21 4.59855839035515
2 22 5.4684245663488635
2 23 3.4874825610207614
2 24 3.695303100575716
2 25 5.183513896681208
2 26 3.2763223825823613
2 27 3.908616787438526
2 28 4.1399297923506815
2 29 4.4735802705415635
3 0 3.914226224911346
3 1 4.741968714707109
3 2 4.725826766136812
3 3 4.82961954085289
3 4 4.299877247866595
3 5 3.01313252781277
3 6 4.31069449610928
3 7 4.297342599503688
3 8 4.480739263688479
3 9 4.112383037980182
3 10 5.261449379786123
3 11 4.005299369021086
3 12 4.069141546508271
3 13 4.400959774709341
3 14 4.61323317255218
3 15 3.566730216385872
3 16 2.5950394580191767
3 17 3.5454592795693145
3 18 3.7942512259478773
3 19 4.087153553103385
3 20 4.0150159984853575
3 21 3.2177112965354095
3 22 5.4171474833888675
3 23 4.874982835350022
3 24 3.417493724462631
3 25 3.079097974800294
3 26 4.3917406828224665
3 27 3.8469958266038238
3 28 5.266153129866034
3 29 4.865067158439094
4 0 4.452164440009927
4 1 4.502735413569746
4 2 4.149189066271785
4 3 5.159132938097965
4 4 4.273534567384523
4 5 4.0278507212327055
4 6 4.5311105021302645
4 7 3.8234072370666063
4 8 3.56089954813697
4 9 4.192097802728237
4 10 3.0371055974046453
4 11 4.077759653674085
4 12 3.592947424359184
4 13 3.8309373445046147
4 14 3.50481859617025
4 15 3.394273364008539
4 16 4.080667441034452
4 17 3.996105400898172
4 18 3.703919834416311
4 19 4.07510835260363
4 20 4.920996468205087
4 21 4.016178070110028
4 22 4.085660406083089
4 23 4.778744779439923
4 24 3.802578632388792
4 25 2.9803383728508277
4 26 3.6822524283124687
4 27 4.399544963651504
4 28 3.8983506024550416
4 29 4.3310656866408666
5 0 4.1855874028932085
5 1 3.45643182495211
5 2 4.462626895944159
5 3 4.114681895486459
5 4 4.43909245974908
5 5 5.057583983303961
5 6 4.630687847348003
5 7 3.809193372931894
5 8 4.261063729756169
5 9 3.400779762123967
5 10 3.7932663873594494
5 11 3.1318477859276435
5 12 3.6380570699173616
5 13 3.9038540135294495
5 14 2.908083373092213
5 15 3.569836972174594
5 16 3.9765705904078947
5 17 3.3007153487804417
5 18 4.32636095525311
5 19 3.590586223588429
5 20 3.3981555556602254
5 21 4.883135385062128
5 22 4.367309307928222
5 23 4.401420519717872
5 24 5.4174532345014
5 25 3.8190728136300556
5 26 3.896856112782017
5 27 4.510340689009662
5 28 4.384425500046567
5 29 3.943676833931746
6 0 4.261175196703898
6 1 3.282702400449312
6 2 5.118056810738452
6 3 4.032010873149589
6 4 4.043514017874643
6 5 3.854179775389296
6 6 4.801852952022573
6 7 3.131047068092989
6 8 3.4006594006664823
6 9 3.6579932440891176
6 10 2.9138110471553538
6 11 2.927363321307261
6 12 3.085235009020072
6 13 3.0475530320285653
6 14 2.5834672877069687
6 15 3.6826347548947194
6 16 2.902102501745917
6 17 4.064273015336411
6 18 3.363097796821817
6 19 3.797359847379466
6 20 3.3708596875752552
6 21 3.7235524931738655
6 22 4.674963985029731
6 23 4.044913125059087
6 24 3.6888885526105106
6 25 4.3415433901042935
6 26 3.784936542002885
6 27 4.270401219971654
6 28 4.175805195860145
6 29 3.307807190776684
7 0 3.8061269555824455
7 1 5.46023749150634
7 2 4.5385725695658055
7 3 3.23570814597899
7 4 3.8889178190757376
7 5 4.108813768589022
7 6 4.1943097477410225
7 7 3.229818322184352
7 8 3.9919437962203856
7 9 4.090565799303264
7 10 3.7293662607346985
7 11 3.103240524934673
7 12 2.4598343488014778
7 13 2.570471148489519
7 14 3.191052763280569
7 15 2.7517213766624358
7 16 2.964398520351613
7 17 3.309951247186498
7 18 3.7692149451061914
7 19 3.9170999070981627
7 20 4.106609833238135
7 21 3.452135496231498
7 22 4.155971388804399
7 23 3.859422324175363
7 24 3.359864155957645
7 25 3.6276112360413735
7 26 4.695686390934247
7 27 3.2680002865998334
7 28 4.101480641644184
7 29 4.291328853124911
8 0 3.738774399516263
8 1 4.222752441202928
8 2 3.962328216023507
8 3 4.916801074894237
8 4 3.500818574120916
8 5 5.0604206125128535
8 6 3.2212709510218116
8 7 4.012575621695393
8 8 3.4880511801127936
8 9 3.8721812570092324
8 10 3.045458840304979
8 11 1.8847407356414427
8 12 2.3284280193694387
8 13 2.8517426801178547
8 14 2.2656255556931537
8 15 3.3457394573984427
8 16 3.239517228467718
8 17 3.4355485964244794
8 18 3.714639050539861
8 19 3.268104798927379
8 20 3.8305180379214936
8 21 3.814302068940085
8 22 3.2785254829508568
8 23 4.569360987673565
8 24 4.738721855113946
8 25 4.460078750513695
8 26 3.644285934401562
8 27 4.3703210606875205
8 28 4.093545822751569
8 29 4.289510328529558
9 0 3.4457223893577145
9 1 4.100091647537195
9 2 3.9557938248324116
9 3 4.07474063146247
9 4 3.065338564538154
9 5 4.453375125524418
9 6 3.8050693693076543
9 7 4.10477817968039
9 8 3.0475530320285653
9 9 2.7880558275751164
9 10 1.793523129524888
9 11 0
9 12 1.4314076609491098
9 13 1.373419913531604
9 14 2.418737084217765
9 15 3.2797433796236977
9 16 3.037509219212596
9 17 2.7475958563671217
9 18 3.365217852522643
9 19 4.022034101698428
9 20 3.6678238547526325
9 21 3.7285829683052802
9 22 4.292565939737654
9 23 3.8901067086925094
9 24 3.6930951082897003
9 25 3.2193929940290142
9 26 4.794834003869878
9 27 4.3787667817818
9 28 3.396191319839572
9 29 4.879278190856323
10 0 4.26394136779211
10 1 4.227169957755563
10 2 4.108164403029118
10 3 4.2885889321966415
10 4 3.3253203525206043
10 5 3.791721116028369
10 6 3.9340069823845814
10 7 3.218818144325272
10 8 3.4334440678583316
10 9 3.3185089820668154
10 10 2.279928050393113
10 11 1.2514719309198217
10 12 0
10 13 0
10 14 1.5904678018105327
10 15 2.2760121456701237
10 16 2.623499313036393
10 17 3.350068257433249
10 18 2.9968561963663927
10 19 3.1553756710351357
10 20 3.496839770248433
10 21 3.1687330295206033
10 22 4.313010181024255
10 23 2.805887038518696
10 24 4.299530122740577
10 25 5.44390918492423
10 26 4.599363744798076
10 27 5.745363980165094
10 28 3.6224605889661055
10 29 3.896856112782017
11 0 4.142330238615368
11 1 4.252337348965674
11 2 3.7903858624969957
11 3 3.242730758137612
11 4 3.9005369609047085
11 5 4.022539452422158
11 6 3.349899462873227
11 7 2.894870538617585
11 8 2.3996574273291538
11 9 2.522825267131306
11 10 1.7434455824148503
11 11 1.495743752551673
11 12 1.4260614927812563
11 13 1.760389932295168
11 14 2.384998800273716
11 15 3.385955682215323
11 16 2.919801240164776
11 17 2.6874998725941013
11 18 3.5347512140349515
11 19 2.9602248462634453
11 20 3.761344111134694
11 21 2.7250293478767156
11 22 4.32519831527482
11 23 3.2087208673673757
11 24 4.778165251691739
11 25 4.405713945805033
11 26 3.4777493051244823
11 27 5.61279152094883
11 28 5.0822703370913835
11 29 3.0935827138236953
12 0 4.3435320111245
12 1 4.044633834155088
12 2 4.278114364439634
12 3 3.7942512259478773
12 4 3.344950716313542
12 5 4.256837968536144
12 6 4.057870526952709
12 7 3.3518126367136336
12 8 2.5350549151023265
12 9 2.3938330917628434
12 10 2.0340324584639884
12 11 3.0188849188933324
12 12 2.0005078851529743
12 13 1.9498472043487256
12 14 2.6823019146788276
12 15 2.1490937900855718
12 16 3.7257400826379583
12 17 3.2042912917220945
12 18 3.1022180016011163
12 19 3.095000147494537
12 20 4.107139584805254
12 21 4.465969432071677
12 22 4.819059194319289
12 23 4.401411508886266
12 24 4.100644938873945
12 25 3.6189192688553926
12 26 5.0409366251834715
12 27 3.4388933264055592
12 28 4.467429137549214
12 29 4.480759091237018
13 0 4.714187804573942
13 1 3.7037033927751457
13 2 3.492638234919256
13 3 3.7368276964883416
13 4 3.7302843517737
13 5 3.6327813393933197
13 6 3.1414566265363697
13 7 3.309951247186498
13 8 2.5675527952284307
13 9 3.168698741753475
13 10 2.532434934019886
13 11 2.621175269171288
13 12 2.5378330927009793
13 13 2.0907037216688336
13 14 3.7288436672968652
13 15 2.6560544417209786
13 16 2.4197879755457197
13 17 2.3914081501557174
13 18 2.985015896929403
13 19 4.459252841841072
13 20 4.280500787153604
13 21 3.7367576177860107
13 22 3.2341187349134946
13 23 3.7853053211950773
13 24 3.814302068940085
13 25 3.917323588942201
13 26 4.630898003429143
13 27 4.145071726005753
13 28 3.9400710807926553
13 29 4.672346895577352
14 0 3.861145503150902
14 1 5.447021726269112
14 2 3.3277776356562487
14 3 4.805095418901565
14 4 3.5501642949335674
14 5 3.937874176345528
14 6 3.619481282467371
14 7 4.035576064721711
14 8 3.1348522994623993
14 9 3.1220343789206617
14 10 3.0264718152585277
14 11 2.919801240164776
14 12 2.598166689608158
14 13 2.7834392547659506
14 14 2.7085017840191576
14 15 3.1777072788907907
14 16 2.4455647865887555
14 17 2.910962481718426
14 18 2.6059365262706344
14 19 2.9236209943729845
14 20 3.6058010185715457
14 21 3.326523817075033
14 22 3.698795306625619
14 23 4.21753787624781
14 24 3.535217380433556
14 25 3.1837594069458324
14 26 4.0598973292890825
14 27 4.129794504707342
14 28 4.085660406083089
14 29 5.008984325235061
15 0 4.12573960023548
15 1 4.867358641596341
15 2 4.371209983199069
15 3 4.459478288047467
15 4 3.9164074994745097
15 5 4.227126483465653
15 6 3.91780066979945
15 7 3.5752647931271984
15 8 3.2683870469095724
15 9 2.737611000208976
15 10 2.371571461731662
15 11 3.1152333665254295
15 12 3.226524603489038
15 13 3.8943383191763945
15 14 2.6699602126328754
15 15 2.840552426815438
15 16 2.6699602126328754
15 17 3.8943383191763945
15 18 3.226524603489038
15 19 3.1152333665254295
15 20 2.371571461731662
15 21 2.737611000208976
15 22 3.2683870469095724
15 23 3.5752647931271984
15 24 3.91780066979945
15 25 4.227126483465653
15 26 3.9164074994745097
15 27 4.459478288047467
15 28 4.371209983199069
15 29 4.867358641596341
16 0 3.8761348791777865
16 1 5.008984325235061
16 2 4.085660406083089
16 3 4.129794504707342
16 4 4.0598973292890825
16 5 3.1837594069458324
16 6 3.535217380433556
16 7 4.21753787624781
16 8 3.698795306625619
16 9 3.326523817075033
16 10 3.6058010185715457
16 11 2.9236209943729845
16 12 2.6059365262706344
16 13 2.910962481718426
16 14 2.4455647865887555
16 15 3.1777072788907907
16 16 2.7085017840191576
16 17 2.7834392547659506
16 18 2.598166689608158
16 19 2.919801240164776
16 20 3.0264718152585277
16 21 3.1220343789206617
16 22 3.1348522994623993
16 23 4.035576064721711
16 24 3.619481282467371
16 25 3.937874176345528
16 26 3.5501642949335674
16 27 4.805095418901565
16 28 3.3277776356562487
16 29 5.447021726269112
17 0 3.3269580340532596
17 1 4.672346895577352
17 2 3.9400710807926553
17 3 4.145071726005753
17 4 4.630898003429143
17 5 3.917323588942201
17 6 3.814302068940085
17 7 3.7853053211950773
17 8 3.2341187349134946
17 9 3.7367576177860107
17 10 4.280500787153604
17 11 4.459252841841072
17 12 2.985015896929403
17 13 2.3914081501557174
17 14 2.4197879755457197
17 15 2.6560544417209786
17 16 3.7288436672968652
17 17 2.0907037216688336
17 18 2.5378330927009793
17 19 2.621175269171288
17 20 2.532434934019886
17 21 3.168698741753475
17 22 2.5675527952284307
17 23 3.309951247186498
17 24 3.1414566265363697
17 25 3.6327813393933197
17 26 3.7302843517737
17 27 3.7368276964883416
17 28 3.492638234919256
17 29 3.7037033927751457
18 0 4.029651145965607
18 1 4.480759091237018
18 2 4.467429137549214
18 3 3.4388933264055592
18 4 5.0409366251834715
18 5 3.6189192688553926
18 6 4.100644938873945
18 7 4.401411508886266
18 8 4.819059194319289
18 9 4.465969432071677
18 10 4.107139584805254
18 11 3.095000147494537
18 12 3.1022180016011163
18 13 3.2042912917220945
18 14 3.7257400826379583
18 15 2.1490937900855718
18 16 2.6823019146788276
18 17 1.9498472043487256
18 18 2.0005078851529743
18 19 3.0188849188933324
18 20 2.0340324584639884
18 21 2.3938330917628434
18 22 2.5350549151023265
18 23 3.3518126367136336
18 24 4.057870526952709
18 25 4.256837968536144
18 26 3.344950716313542
18 27 3.7942512259478773
18 28 4.278114364439634
18 29 4.044633834155088
19 0 4.654426979210232
19 1 3.0935827138236953
19 2 5.0822703370913835
19 3 5.61279152094883
19 4 3.4777493051244823
19 5 4.405713945805033
19 6 4.778165251691739
19 7 3.2087208673673757
19 8 4.32519831527482
19 9 2.7250293478767156
19 10 3.761344111134694
19 11 2.9602248462634453
19 12 3.5347512140349515
19 13 2.6874998725941013
19 14 2.919801240164776
19 15 3.385955682215323
19 16 2.384998800273716
19 17 1.760389932295168
19 18 1.4260614927812563
19 19 1.495743752551673
19 20 1.7434455824148503
19 21 2.522825267131306
19 22 2.3996574273291538
19 23 2.894870538617585
19 24 3.349899462873227
19 25 4.022539452422158
19 26 3.9005369609047085
19 27 3.242730758137612
19 28 3.7903858624969957
19 29 4.252337348965674
20 0 3.856314111011457
20 1 3.896856112782017
20 2 3.6224605889661055
20 3 5.745363980165094
20 4 4.599363744798076
20 5 5.44390918492423
20 6 4.299530122740577
20 7 2.805887038518696
20 8 4.313010181024255
20 9 3.1687330295206033
20 10 3.496839770248433
20 11 3.1553756710351357
20 12 2.9968561963663927
20 13 3.350068257433249
20 14 2.623499313036393
20 15 2.2760121456701237
20 16 1.5904678018105327
20 17 0
20 18 0
20 19 1.2514719309198217
20 20 2.279928050393113
20 21 3.3185089820668154
20 22 3.4334440678583316
20 23 3.218818144325272
20 24 3.9340069823845814
20 25 3.791721116028369
20 26 3.3253203525206043
20 27 4.2885889321966415
20 28 4.108164403029118
20 29 4.227169957755563
21 0 4.848089518161712
21 1 4.879278190856323
21 2 3.396191319839572
21 3 4.3787667817818
21 4 4.794834003869878
21 5 3.2193929940290142
21 6 3.6930951082897003
21 7 3.8901067086925094
21 8 4.292565939737654
21 9 3.7285829683052802
21 10 3.6678238547526325
21 11 4.022034101698428
21 12 3.365217852522643
21 13 2.7475958563671217
21 14 3.037509219212596
21 15 3.2797433796236977
21 16 2.418737084217765
21 17 1.373419913531604
21 18 1.4314076609491098
21 19 0
21 20 1.793523129524888
21 21 2.7880558275751164
21 22 3.0475530320285653
21 23 4.10477817968039
21 24 3.8050693693076543
21 25 4.453375125524418
21 26 3.065338564538154
21 27 4.07474063146247
21 28 3.9557938248324116
21 29 4.100091647537195
22 0 4.2007187039187315
22 1 4.289510328529558
22 2 4.093545822751569
22 3 4.3703210606875205
22 4 3.644285934401562
22 5 4.460078750513695
22 6 4.738721855113946
22 7 4.569360987673565
22 8 3.2785254829508568
22 9 3.814302068940085
22 10 3.8305180379214936
22 11 3.268104798927379
22 12 3.714639050539861
22 13 3.4355485964244794
22 14 3.239517228467718
22 15 3.3457394573984427
22 16 2.2656255556931537
22 17 2.8517426801178547
22 18 2.3284280193694387
22 19 1.8847407356414427
22 20 3.045458840304979
22 21 3.8721812570092324
22 22 3.4880511801127936
22 23 4.012575621695393
22 24 3.2212709510218116
22 25 5.0604206125128535
22 26 3.500818574120916
22 27 4.916801074894237
22 28 3.962328216023507
22 29 4.222752441202928
23 0 3.527953856718695
23 1 4.291328853124911
23 2 4.101480641644184
23 3 3.2680002865998334
23 4 4.695686390934247
23 5 3.6276112360413735
23 6 3.359864155957645
23 7 3.859422324175363
23 8 4.155971388804399
23 9 3.452135496231498
23 10 4.106609833238135
23 11 3.9170999070981627
23 12 3.7692149451061914
23 13 3.309951247186498
23 14 2.964398520351613
23 15 2.7517213766624358
23 16 3.191052763280569
23 17 2.570471148489519
23 18 2.4598343488014778
23 19 3.103240524934673
23 20 3.7293662607346985
23 21 4.090565799303264
23 22 3.9919437962203856
23 23 3.229818322184352
23 24 4.1943097477410225
23 25 4.108813768589022
23 26 3.8889178190757376
23 27 3.23570814597899
23 28 4.5385725695658055
23 29 5.46023749150634
24 0 4.059499471890775
24 1 3.307807190776684
24 2 4.175805195860145
24 3 4.270401219971654
24 4 3.784936542002885
24 5 4.3415433901042935
24 6 3.6888885526105106
24 7 4.044913125059087
24 8 4.674963985029731
24 9 3.7235524931738655
24 10 3.3708596875752552
24 11 3.797359847379466
24 12 3.363097796821817
24 13 4.064273015336411
24 14 2.902102501745917
24 15 3.6826347548947194
24 16 2.5834672877069687
24 17 3.0475530320285653
24 18 3.085235009020072
24 19 2.927363321307261
24 20 2.9138110471553538
24 21 3.6579932440891176
24 22 3.4006594006664823
24 23 3.131047068092989
24 24 4.801852952022573
24 25 3.854179775389296
24 26 4.043514017874643
24 27 4.032010873149589
24 28 5.118056810738452
24 29 3.282702400449312
25 0 4.099068862423097
25 1 3.943676833931746
25 2 4.384425500046567
25 3 4.510340689009662
25 4 3.896856112782017
25 5 3.8190728136300556
25 6 5.4174532345014
25 7 4.401420519717872
25 8 4.367309307928222
25 9 4.883135385062128
25 10 3.3981555556602254
25 11 3.590586223588429
25 12 4.32636095525311
25 13 3.3007153487804417
25 14 3.9765705904078947
25 15 3.569836972174594
25 16 2.908083373092213
25 17 3.9038540135294495
25 18 3.6380570699173616
25 19 3.1318477859276435
25 20 3.7932663873594494
25 21 3.400779762123967
25 22 4.261063729756169
25 23 3.809193372931894
25 24 4.630687847348003
25 25 5.057583983303961
25 26 4.43909245974908
25 27 4.114681895486459
25 28 4.462626895944159
25 29 3.45643182495211
26 0 4.06818253529905
26 1 4.3310656866408666
26 2 3.8983506024550416
26 3 4.399544963651504
26 4 3.6822524283124687
26 5 2.9803383728508277
26 6 3.802578632388792
26 7 4.778744779439923
26 8 4.085660406083089
26 9 4.016178070110028
26 10 4.920996468205087
26 11 4.07510835260363
26 12 3.703919834416311
26 13 3.996105400898172
26 14 4.080667441034452
26 15 3.394273364008539
26 16 3.50481859617025
26 17 3.8309373445046147
26 18 3.592947424359184
26 19 4.077759653674085
26 20 3.0371055974046453
26 21 4.192097802728237
26 22 3.56089954813697
26 23 3.8234072370666063
26 24 4.5311105021302645
26 25 4.0278507212327055
26 26 4.273534567384523
26 27 5.159132938097965
26 28 4.149189066271785
26 29 4.502735413569746
27 0 4.362129871006543
27 1 4.865067158439094
27 2 5.266153129866034
27 3 3.8469958266038238
27 4 4.3917406828224665
27 5 3.079097974800294
27 6 3.417493724462631
27 7 4.874982835350022
27 8 5.4171474833888675
27 9 3.2177112965354095
27 10 4.0150159984853575
27 11 4.087153553103385
27 12 3.7942512259478773
27 13 3.5454592795693145
27 14 2.5950394580191767
27 15 3.566730216385872
27 16 4.61323317255218
27 17 4.400959774709341
27 18 4.069141546508271
27 19 4.005299369021086
27 20 5.261449379786123
27 21 4.112383037980182
27 22 4.480739263688479
27 23 4.297342599503688
27 24 4.31069449610928
27 25 3.01313252781277
27 26 4.299877247866595
27 27 4.82961954085289
27 28 4.725826766136812
27 29 4.741968714707109
28 0 4.916253171699614
28 1 4.4735802705415635
28 2 4.1399297923506815
28 3 3.908616787438526
28 4 3.2763223825823613
28 5 5.183513896681208
28 6 3.695303100575716
28 7 3.4874825610207614
28 8 5.4684245663488635
28 9 4.59855839035515
28 10 3.502051379027182
28 11 2.816092543664097
28 12 3.388134924426986
28 13 5.214805912082245
28 14 4.196326717383582
28 15 3.628131474352535
28 16 3.500818574120916
28 17 4.052992977509155
28 18 3.8865175074366003
28 19 3.9110108930495646
28 20 4.033173155874221
28 21 4.371212028924983
28 22 4.578787554157988
28 23 3.476991699391336
28 24 4.287040778524463
28 25 4.956161828407045
28 26 4.284551587038923
28 27 4.1556098391224126
28 28 4.2409957902140665
28 29 3.8721245988951085
29 0 2.734955336868746
29 1 5.038745037183603
29 2 4.599661089535998
29 3 4.288301839550297
29 4 3.686724908571114
29 5 3.2061796167729484
29 6 4.351938286699601
29 7 4.529270205970716
29 8 4.145290236859134
29 9 4.804873544034169
29 10 4.345761438561959
29 11 4.050757209241526
29 12 3.420527541984227
29 13 3.708766748238727
29 14 3.6893817026489124
29 15 5.037965404962519
29 16 4.461192758379148
29 17 4.511785816403339
29 18 3.9157045262652472
29 19 4.876333400839391
29 20 4.0278507212327055
29 21 3.566603039474754
29 22 3.241868232514857
29 23 3.202112515851673
29 24 4.2346468427051285
29 25 4.241887666273736
29 26 3.5767100225720037
29 27 4.377654129636163
29 28 3.783861336297296
29 29 4.536183338456328
