0 0 26.81416632433374
0 1 30.308385022247357
0 2 30.516795786541326
0 3 29.052225563823033
0 4 32.09860994931166
0 5 30.645614520557874
0 6 32.36312412336927
0 7 32.7062014432552
0 8 31.973323538695446
0 9 34.512112456964196
0 10 31.817257063851635
0 11 32.41871862930599
0 12 33.85336775656216
0 13 32.03099918124189
0 14 32.4709294263205
0 15 31.694650955649458
0 16 32.18541478007442
0 17 32.6795431447214
0 18 31.166953291058917
0 19 30.473246129723837
0 20 32.49372344958006
0 21 31.213373484458277
0 22 32.77722513227951
0 23 32.421035953625115
0 24 30.98870357448711
0 25 35.10436187188249
0 26 30.307244125069694
0 27 31.623927416525607
0 28 30.952878902622988
0 29 27.751254523517556
1 0 29.8120485610577
1 1 30.46470818974118
1 2 29.269688270103956
1 3 27.734255666942936
1 4 30.598622064226802
1 5 31.826436429155503
1 6 31.525875118263915
1 7 33.161712340338006
1 8 30.797964747933488
1 9 30.588452796039753
1 10 31.40097678944016
1 11 33.79929588995871
1 12 33.3551127258508
1 13 32.64664578149967
1 14 33.56618813004117
1 15 33.70940770290435
1 16 33.90421351022036
1 17 32.761701986521786
1 18 34.1512866258115
1 19 32.210743518125234
1 20 34.945827348196175
1 21 32.46068949711827
1 22 33.304055610522646
1 23 31.35714111498335
1 24 34.88054577292515
1 25 34.520744242550194
1 26 32.2216024582734
1 27 31.825508793433748
1 28 32.25064629199242
1 29 33.08623811008638
2 0 30.723782044970243
2 1 26.795912891831037
2 2 29.79035009853158
2 3 31.94036314434459
2 4 32.81606239613666
2 5 33.050586458960495
2 6 29.479378321515707
2 7 31.585743053882315
2 8 33.01940273602677
2 9 33.14925903829957
2 10 32.88217381347523
2 11 34.91771374476563
2 12 37.909979327365065
2 13 33.39991111271659
2 14 32.10183561712238
2 15 31.538756712359707
2 16 32.7754958266516
2 17 34.693243253991994
2 18 34.60444961005083
2 19 30.50180862623509
2 20 32.12619378958053
2 21 31.05466400621262
2 22 34.081399008030544
2 23 32.42981262481038
2 24 31.14953489560794
2 25 30.632417611263932
2 26 33.497304113111525
2 27 35.02672391371624
2 28 31.3977904681227
2 29 28.933949394307
3 0 29.017121106510828
3 1 30.968908733181234
3 2 31.388351044265352
3 3 31.649535613192956
3 4 33.05699414277869
3 5 30.962871030771215
3 6 31.442401025449936
3 7 33.31509620697337
3 8 35.38869760169241
3 9 32.323287255927454
3 10 32.457322522549326
3 11 32.10153032141288
3 12 32.28199139928949
3 13 32.18419926142336
3 14 34.846275868158266
3 15 33.99495188903266
3 16 35.99647056651403
3 17 33.145673871629754
3 18 36.61023126172919
3 19 32.22586904180932
3 20 33.262887372408144
3 21 35.98337667500255
3 22 31.613938840978268
3 23 33.37095396960718
3 24 32.05890536861023
3 25 34.928421374077004
3 26 33.65794556922282
3 27 33.664839463433225
3 28 35.24240884877859
3 29 29.650844542616017
4 0 28.593256891939483
4 1 30.556351780042323
4 2 32.59571310914817
4 3 31.08357495041155
4 4 32.015524237819044
4 5 31.745210093238764
4 6 35.05862731126225
4 7 32.51854659525012
4 8 32.19855722159813
4 9 34.216438003918164
4 10 33.49901706759284
4 11 31.271207438590192
4 12 33.55658151379224
4 13 35.25734088430906
4 14 33.643867935230105
4 15 34.58668689302796
4 16 34.95636100476269
4 17 34.10199354906044
4 18 34.86906835212787
4 19 34.83001145296761
4 20 33.34396653961108
4 21 34.9526635149467
4 22 29.58533571310205
4 23 32.692416999817226
4 24 31.984261499838748
4 25 34.06378194720175
4 26 33.5549073198998
4 27 30.404220628622696
4 28 30.693599485199332
4 29 31.960627803786597
5 0 29.647022646143537
5 1 27.978629420399688
5 2 32.37140689761241
5 3 33.36303998527571
5 4 31.330207542000892
5 5 33.27738823092964
5 6 33.44300682585032
5 7 33.65563645666561
5 8 32.05603514764267
5 9 31.110206340666068
5 10 32.33871688381222
5 11 35.014101694029954
5 12 30.860786676302382
5 13 34.094143969945165
5 14 31.81974402288377
5 15 33.59266901181228
5 16 33.47782984432123
5 17 31.206821061431434
5 18 35.32790012481988
5 19 31.02956667407481
5 20 35.94441157552933
5 21 32.552965191795096
5 22 32.06770147763149
5 23 33.243532312056125
5 24 32.727932750835365
5 25 33.55937519141747
5 26 32.53952682659572
5 27 30.592228890321696
5 28 31.968641199510778
5 29 32.25614095655357
6 0 31.48089587915813
6 1 31.305963793969536
6 2 32.03887376368447
6 3 32.71967312542647
6 4 31.735540047723905
6 5 33.55018064714602
6 6 34.02331300048039
6 7 33.8913773015277
6 8 31.917023079190177
6 9 33.22957793856359
6 10 34.94584603153291
6 11 31.459279215301322
6 12 34.22833628619829
6 13 34.000229601247405
6 14 32.23402862753744
6 15 33.14598671233619
6 16 33.476298553157186
6 17 36.99706872708238
6 18 33.9802163071185
6 19 35.10533857290372
6 20 32.958396111333464
6 21 35.22103567407596
6 22 34.12677216458464
6 23 32.22885771413294
6 24 33.18195725433487
6 25 31.117017395075298
6 26 34.15338164759393
6 27 31.093633345844815
6 28 32.28466918345907
6 29 31.965238717875728
7 0 31.195822949908145
7 1 32.77889654309308
7 2 32.57204263953553
7 3 33.33394033938661
7 4 30.806719606358048
7 5 32.338961746033654
7 6 30.115166388137556
7 7 36.01795540198874
7 8 31.44369029250486
7 9 29.188494733486536
7 10 35.178338197994194
7 11 34.799650234386455
7 12 33.92412106371798
7 13 33.16572681765314
7 14 32.838451421251676
7 15 34.36854678480201
7 16 36.788524601028044
7 17 33.754365628512296
7 18 36.211818312816156
7 19 34.019455792251435
7 20 30.406425756405696
7 21 32.03391503923593
7 22 34.919269498648795
7 23 33.57642774589375
7 24 34.846275868158266
7 25 29.115571720112303
7 26 32.093982677113516
7 27 33.41088395000413
7 28 30.428680335570412
7 29 34.659412589453126
8 0 31.269711746208593
8 1 33.19923233832107
8 2 32.37677952219116
8 3 31.702698326115286
8 4 32.019197943138515
8 5 32.228956364972476
8 6 33.73984855433852
8 7 32.94219355301968
8 8 33.353492291651285
8 9 36.338415526564084
8 10 34.7285467437144
8 11 35.512842481412434
8 12 34.178827173089005
8 13 36.277941421661865
8 14 31.74367760470971
8 15 34.35441022634712
8 16 34.42927887073771
8 17 37.916997498525035
8 18 36.73775267625137
8 19 36.02176747883839
8 20 37.23384853344263
8 21 34.02747453854749
8 22 30.057106180148445
8 23 34.09398927093171
8 24 31.926322654595882
8 25 32.84165906050104
8 26 33.614919709746204
8 27 31.560164965287345
8 28 28.712987361334655
8 29 28.79446981453157
9 0 30.085973779229917
9 1 34.05268503568703
9 2 33.74768106348854
9 3 32.525054511521624
9 4 33.627993424935546
9 5 33.37273016458624
9 6 32.72357528409757
9 7 33.574553911923765
9 8 32.86203927905498
9 9 33.43834444285984
9 10 32.96005736158998
9 11 32.9699264322924
9 12 30.46227228830874
9 13 34.54729928913421
9 14 35.404678836568934
9 15 33.40628463382261
9 16 32.56098655643571
9 17 33.62996224229636
9 18 31.13439339766035
9 19 35.09770953035075
9 20 32.36574355545349
9 21 35.207223240287775
9 22 31.960116606702353
9 23 32.899778314588346
9 24 33.56053835416925
9 25 32.055872902501704
9 26 32.01969134848482
9 27 35.335762557386765
9 28 35.138053403145214
9 29 30.588452796039753
10 0 33.02455220288189
10 1 34.55040877930944
10 2 34.06784534741149
10 3 34.69713403871668
10 4 32.500820836279175
10 5 32.067689743056484
10 6 31.970436105737864
10 7 33.10387159713278
10 8 35.81080000557683
10 9 33.29936523162951
10 10 35.65886832291561
10 11 31.855275764257243
10 12 31.987748522588443
10 13 32.393189831767174
10 14 35.717578446056216
10 15 34.34755974210515
10 16 34.07262595260567
10 17 12.756391071395896
10 18 35.125805493923316
10 19 34.598978501285146
10 20 33.99137898731047
10 21 34.245587224549396
10 22 34.10313846087438
10 23 34.67882145351172
10 24 33.22770203911002
10 25 33.00195224042361
10 26 32.68660528584425
10 27 34.849087305072615
10 28 35.37667047293492
10 29 29.553761754667946
11 0 35.40048251797282
11 1 30.633907769510486
11 2 32.20457434842047
11 3 30.753044845849516
11 4 33.123851726446475
11 5 33.11854928592557
11 6 33.22771974180157
11 7 31.77078887015078
11 8 33.9711116593604
11 9 33.84714791776937
11 10 32.763212157539265
11 11 31.662976709343074
11 12 33.143480493513955
11 13 32.62842093386558
11 14 34.78626449141223
11 15 34.819792923567825
11 16 32.465583244784945
11 17 35.48141920669426
11 18 31.524930047924336
11 19 36.7011756934052
11 20 35.33690624862124
11 21 37.1798727566661
11 22 35.671066210187846
11 23 33.50946461830863
11 24 32.651169760581084
11 25 32.21074765294357
11 26 33.49477093676679
11 27 34.086651138639354
11 28 34.15931762329166
11 29 31.48688136031347
12 0 31.356961689874964
12 1 30.8414499483055
12 2 33.021573992386294
12 3 33.85011669579287
12 4 33.67688299412433
12 5 35.589831794288486
12 6 32.85133737317406
12 7 34.25526439774554
12 8 33.070317825437115
12 9 33.99688343212906
12 10 34.95933369176119
12 11 32.577121872927314
12 12 31.610662479041423
12 13 32.29121407073366
12 14 35.60632466660005
12 15 36.649488961010135
12 16 33.4941002511509
12 17 34.26437635743621
12 18 34.4290935678618
12 19 37.07876826061687
12 20 32.30670340302233
12 21 33.219785468495324
12 22 34.178827173089005
12 23 34.09775848507237
12 24 36.258533059216305
12 25 34.47603136773798
12 26 33.75890310633659
12 27 33.957186896084764
12 28 33.64146418802609
12 29 30.568244983528018
13 0 32.52894403994239
13 1 33.758915783381156
13 2 32.912408965048556
13 3 30.819044965529095
13 4 34.07295664534217
13 5 34.39145276896214
13 6 33.14740445402856
13 7 35.69323667878856
13 8 31.326703267507717
13 9 33.45519606605281
13 10 35.25889999029688
13 11 31.897397168005067
13 12 29.82861967558
13 13 33.32041439655118
13 14 33.04409590042126
13 15 35.191094806697855
13 16 38.61181299199429
13 17 36.83121396360854
13 18 32.17299272098965
13 19 33.04495128768148
13 20 34.69982960089788
13 21 35.36575545634533
13 22 33.060779307353044
13 23 34.82959579122037
13 24 33.70998198879658
13 25 31.566051288458347
13 26 33.062971007629784
13 27 35.00344897040438
13 28 31.329288260546317
13 29 31.391739912638702
14 0 30.187263122605128
14 1 32.95592196229485
14 2 34.56124076223781
14 3 33.645011981602174
14 4 33.71730273187943
14 5 33.66003817012225
14 6 33.62832985143858
14 7 30.87419889014025
14 8 34.159254383067
14 9 31.976526192898238
14 10 33.65963281940148
14 11 32.572727634785096
14 12 33.773753870349914
14 13 33.25845197298384
14 14 33.13163433842893
14 15 35.26089442641693
14 16 32.97878729106601
14 17 35.21552471688349
14 18 34.07429609288611
14 19 33.67233048678537
14 20 29.737449444503962
14 21 30.547220592264654
14 22 30.85261832624319
14 23 31.993277659085795
14 24 36.096540601264834
14 25 33.27127731282792
14 26 32.55862026991816
14 27 33.8913773015277
14 28 33.18540266926243
14 29 34.28009657573522
15 0 31.885197057586087
15 1 31.64687258554381
15 2 33.61397056424537
15 3 30.966117681206054
15 4 32.56687850106184
15 5 31.226363316986845
15 6 34.27802246165612
15 7 34.375347952528
15 8 35.101400885866255
15 9 32.209329338823245
15 10 31.436491775561628
15 11 33.15155971690712
15 12 36.596825105346035
15 13 29.607171799177486
15 14 29.904241242967707
15 15 31.193774795793434
15 16 29.904241242967707
15 17 29.607171799177486
15 18 36.596825105346035
15 19 33.15155971690712
15 20 31.436491775561628
15 21 32.209329338823245
15 22 35.101400885866255
15 23 34.375347952528
15 24 34.27802246165612
15 25 31.226363316986845
15 26 32.56687850106184
15 27 30.966117681206054
15 28 33.61397056424537
15 29 31.64687258554381
16 0 32.15602338829885
16 1 34.28009657573522
16 2 33.18540266926243
16 3 33.8913773015277
16 4 32.55862026991816
16 5 33.27127731282792
16 6 36.096540601264834
16 7 31.993277659085795
16 8 30.85261832624319
16 9 30.547220592264654
16 10 29.737449444503962
16 11 33.67233048678537
16 12 34.07429609288611
16 13 35.21552471688349
16 14 32.97878729106601
16 15 35.26089442641693
16 16 33.13163433842893
16 17 33.25845197298384
16 18 33.773753870349914
16 19 32.572727634785096
16 20 33.65963281940148
16 21 31.976526192898238
16 22 34.159254383067
16 23 30.87419889014025
16 24 33.62832985143858
16 25 33.66003817012225
16 26 33.71730273187943
16 27 33.645011981602174
16 28 34.56124076223781
16 29 32.95592196229485
17 0 32.99078865998597
17 1 31.391739912638702
17 2 31.329288260546317
17 3 35.00344897040438
17 4 33.062971007629784
17 5 31.566051288458347
17 6 33.70998198879658
17 7 34.82959579122037
17 8 33.060779307353044
17 9 35.36575545634533
17 10 34.69982960089788
17 11 33.04495128768148
17 12 32.17299272098965
17 13 36.83121396360854
17 14 38.61181299199429
17 15 35.191094806697855
17 16 33.04409590042126
17 17 33.32041439655118
17 18 29.82861967558
17 19 31.897397168005067
17 20 35.25889999029688
17 21 33.45519606605281
17 22 31.326703267507717
17 23 35.69323667878856
17 24 33.14740445402856
17 25 34.39145276896214
17 26 34.07295664534217
17 27 30.819044965529095
17 28 32.912408965048556
17 29 33.758915783381156
18 0 27.19207735994437
18 1 30.568244983528018
18 2 33.64146418802609
18 3 33.957186896084764
18 4 33.75890310633659
18 5 34.47603136773798
18 6 36.258533059216305
18 7 34.09775848507237
18 8 34.178827173089005
18 9 33.219785468495324
18 10 32.30670340302233
18 11 37.07876826061687
18 12 34.4290935678618
18 13 34.26437635743621
18 14 33.4941002511509
18 15 36.649488961010135
18 16 35.60632466660005
18 17 32.29121407073366
18 18 31.610662479041423
18 19 32.577121872927314
18 20 34.95933369176119
18 21 33.99688343212906
18 22 33.070317825437115
18 23 34.25526439774554
18 24 32.85133737317406
18 25 35.589831794288486
18 26 33.67688299412433
18 27 33.85011669579287
18 28 33.021573992386294
18 29 30.8414499483055
19 0 32.40035234599345
19 1 31.48688136031347
19 2 34.15931762329166
19 3 34.086651138639354
19 4 33.49477093676679
19 5 32.21074765294357
19 6 32.651169760581084
19 7 33.50946461830863
19 8 35.671066210187846
19 9 37.1798727566661
19 10 35.33690624862124
19 11 36.7011756934052
19 12 31.524930047924336
19 13 35.48141920669426
19 14 32.465583244784945
19 15 34.819792923567825
19 16 34.78626449141223
19 17 32.62842093386558
19 18 33.143480493513955
19 19 31.662976709343074
19 20 32.763212157539265
19 21 33.84714791776937
19 22 33.9711116593604
19 23 31.77078887015078
19 24 33.22771974180157
19 25 33.11854928592557
19 26 33.123851726446475
19 27 30.753044845849516
19 28 32.20457434842047
19 29 30.633907769510486
20 0 32.241915976695715
20 1 29.553761754667946
20 2 35.37667047293492
20 3 34.849087305072615
20 4 32.68660528584425
20 5 33.00195224042361
20 6 33.22770203911002
20 7 34.67882145351172
20 8 34.10313846087438
20 9 34.245587224549396
20 10 33.99137898731047
20 11 34.598978501285146
20 12 35.125805493923316
20 13 12.756391071395896
20 14 34.07262595260567
20 15 34.34755974210515
20 16 35.717578446056216
20 17 32.393189831767174
20 18 31.987748522588443
20 19 31.855275764257243
20 20 35.65886832291561
20 21 33.29936523162951
20 22 35.81080000557683
20 23 33.10387159713278
20 24 31.970436105737864
20 25 32.067689743056484
20 26 32.500820836279175
20 27 34.69713403871668
20 28 34.06784534741149
20 29 34.55040877930944
21 0 33.46901055135748
21 1 30.588452796039753
21 2 35.138053403145214
21 3 35.335762557386765
21 4 32.01969134848482
21 5 32.055872902501704
21 6 33.56053835416925
21 7 32.899778314588346
21 8 31.960116606702353
21 9 35.207223240287775
21 10 32.36574355545349
21 11 35.09770953035075
21 12 31.13439339766035
21 13 33.62996224229636
21 14 32.56098655643571
21 15 33.40628463382261
21 16 35.404678836568934
21 17 34.54729928913421
21 18 30.46227228830874
21 19 32.9699264322924
21 20 32.96005736158998
21 21 33.43834444285984
21 22 32.86203927905498
21 23 33.574553911923765
21 24 32.72357528409757
21 25 33.37273016458624
21 26 33.627993424935546
21 27 32.525054511521624
21 28 33.74768106348854
21 29 34.05268503568703
22 0 34.303581939959734
22 1 28.79446981453157
22 2 28.712987361334655
22 3 31.560164965287345
22 4 33.614919709746204
22 5 32.84165906050104
22 6 31.926322654595882
22 7 34.09398927093171
22 8 30.057106180148445
22 9 34.02747453854749
22 10 37.23384853344263
22 11 36.02176747883839
22 12 36.73775267625137
22 13 37.916997498525035
22 14 34.42927887073771
22 15 34.35441022634712
22 16 31.74367760470971
22 17 36.277941421661865
22 18 34.178827173089005
22 19 35.512842481412434
22 20 34.7285467437144
22 21 36.338415526564084
22 22 33.353492291651285
22 23 32.94219355301968
22 24 33.73984855433852
22 25 32.228956364972476
22 26 32.019197943138515
22 27 31.702698326115286
22 28 32.37677952219116
22 29 33.19923233832107
23 0 33.26617022231099
23 1 34.659412589453126
23 2 30.428680335570412
23 3 33.41088395000413
23 4 32.093982677113516
23 5 29.115571720112303
23 6 34.846275868158266
23 7 33.57642774589375
23 8 34.919269498648795
23 9 32.03391503923593
23 10 30.406425756405696
23 11 34.019455792251435
23 12 36.211818312816156
23 13 33.754365628512296
23 14 36.788524601028044
23 15 34.36854678480201
23 16 32.838451421251676
23 17 33.16572681765314
23 18 33.92412106371798
23 19 34.799650234386455
23 20 35.178338197994194
23 21 29.188494733486536
23 22 31.44369029250486
23 23 36.01795540198874
23 24 30.115166388137556
23 25 32.338961746033654
23 26 30.806719606358048
23 27 33.33394033938661
23 28 32.57204263953553
23 29 32.77889654309308
24 0 30.825188900568172
24 1 31.965238717875728
24 2 32.28466918345907
24 3 31.093633345844815
24 4 34.15338164759393
24 5 31.117017395075298
24 6 33.18195725433487
24 7 32.22885771413294
24 8 34.12677216458464
24 9 35.22103567407596
24 10 32.958396111333464
24 11 35.10533857290372
24 12 33.9802163071185
24 13 36.99706872708238
24 14 33.476298553157186
24 15 33.14598671233619
24 16 32.23402862753744
24 17 34.000229601247405
24 18 34.22833628619829
24 19 31.459279215301322
24 20 34.94584603153291
24 21 33.22957793856359
24 22 31.917023079190177
24 23 33.8913773015277
24 24 34.02331300048039
24 25 33.55018064714602
24 26 31.735540047723905
24 27 32.71967312542647
24 28 32.03887376368447
24 29 31.305963793969536
25 0 28.887061869960664
25 1 32.25614095655357
25 2 31.968641199510778
25 3 30.592228890321696
25 4 32.53952682659572
25 5 33.55937519141747
25 6 32.727932750835365
25 7 33.243532312056125
25 8 32.06770147763149
25 9 32.552965191795096
25 10 35.94441157552933
25 11 31.02956667407481
25 12 35.32790012481988
25 13 31.206821061431434
25 14 33.47782984432123
25 15 33.59266901181228
25 16 31.81974402288377
25 17 34.094143969945165
25 18 30.860786676302382
25 19 35.014101694029954
25 20 32.33871688381222
25 21 31.110206340666068
25 22 32.05603514764267
25 23 33.65563645666561
25 24 33.44300682585032
25 25 33.27738823092964
25 26 31.330207542000892
25 27 33.36303998527571
25 28 32.37140689761241
25 29 27.978629420399688
26 0 31.78447042581321
26 1 31.960627803786597
26 2 30.693599485199332
26 3 30.404220628622696
26 4 33.5549073198998
26 5 34.06378194720175
26 6 31.984261499838748
26 7 32.692416999817226
26 8 29.58533571310205
26 9 34.9526635149467
26 10 33.34396653961108
26 11 34.83001145296761
26 12 34.86906835212787
26 13 34.10199354906044
26 14 34.95636100476269
26 15 34.58668689302796
26 16 33.643867935230105
26 17 35.25734088430906
26 18 33.55658151379224
26 19 31.271207438590192
26 20 33.49901706759284
26 21 34.216438003918164
26 22 32.19855722159813
26 23 32.51854659525012
26 24 35.05862731126225
26 25 31.745210093238764
26 26 32.015524237819044
26 27 31.08357495041155
26 28 32.59571310914817
26 29 30.556351780042323
27 0 29.42025615156887
27 1 29.650844542616017
27 2 35.24240884877859
27 3 33.664839463433225
27 4 33.65794556922282
27 5 34.928421374077004
27 6 32.05890536861023
27 7 33.37095396960718
27 8 31.613938840978268
27 9 35.98337667500255
27 10 33.262887372408144
27 11 32.22586904180932
27 12 36.61023126172919
27 13 33.145673871629754
27 14 35.99647056651403
27 15 33.99495188903266
27 16 34.846275868158266
27 17 32.18419926142336
27 18 32.28199139928949
27 19 32.10153032141288
27 20 32.457322522549326
27 21 32.323287255927454
27 22 35.38869760169241
27 23 33.31509620697337
27 24 31.442401025449936
27 25 30.962871030771215
27 26 33.05699414277869
27 27 31.649535613192956
27 28 31.388351044265352
27 29 30.968908733181234
28 0 29.778734608051167
28 1 28.933949394307
28 2 31.3977904681227
28 3 35.02672391371624
28 4 33.497304113111525
28 5 30.632417611263932
28 6 31.14953489560794
28 7 32.42981262481038
28 8 34.081399008030544
28 9 31.05466400621262
28 10 32.12619378958053
28 11 30.50180862623509
28 12 34.60444961005083
28 13 34.693243253991994
28 14 32.7754958266516
28 15 31.538756712359707
28 16 32.10183561712238
28 17 33.39991111271659
28 18 37.909979327365065
28 19 34.91771374476563
28 20 32.88217381347523
28 21 33.14925903829957
28 22 33.01940273602677
28 23 31.585743053882315
28 24 29.479378321515707
28 25 33.050586458960495
28 26 32.81606239613666
28 27 31.94036314434459
28 28 29.79035009853158
28 29 26.795912891831037
29 0 31.88951360392828
29 1 33.08623811008638
29 2 32.25064629199242
29 3 31.825508793433748
29 4 32.2216024582734
29 5 34.520744242550194
29 6 34.88054577292515
29 7 31.35714111498335
29 8 33.304055610522646
29 9 32.46068949711827
29 10 34.945827348196175
29 11 32.210743518125234
29 12 34.1512866258115
29 13 32.761701986521786
29 14 33.90421351022036
29 15 33.70940770290435
29 16 33.56618813004117
29 17 32.64664578149967
29 18 33.3551127258508
29 19 33.79929588995871
29 20 31.40097678944016
29 21 30.588452796039753
29 22 30.797964747933488
29 23 33.161712340338006
29 24 31.525875118263915
29 25 31.826436429155503
29 26 30.598622064226802
29 27 27.734255666942936
29 28 29.269688270103956
29 29 30.46470818974118
