0 0 29.74525027419119
0 1 28.554975590217634
0 2 30.412546365667403
0 3 31.402981923544594
0 4 31.290883010636506
0 5 33.404434011557704
0 6 32.266792862799356
0 7 33.88922316129884
0 8 31.802947119841694
0 9 31.64124375929759
0 10 30.019814478945175
0 11 34.554253807292824
0 12 32.921308904801755
0 13 31.166953291058917
0 14 32.702945963520385
0 15 33.4630105233562
0 16 34.279814039720385
0 17 33.85336775656216
0 18 35.65079486891773
0 19 33.10295507410913
0 20 35.478090978687725
0 21 32.92342175685552
0 22 33.12299398706192
0 23 30.781885311266638
0 24 31.137098356844188
0 25 30.18256744972349
0 26 29.91220236208957
0 27 32.6766097882765
0 28 30.147547248184914
0 29 29.038648127539552
1 0 28.846896211527582
1 1 33.877930194080804
1 2 31.743438164537185
1 3 33.69109966693062
1 4 29.867328690559823
1 5 32.60564984663649
1 6 33.13996901598791
1 7 30.77131004465807
1 8 32.20645581426917
1 9 31.420902874592223
1 10 31.45476489560709
1 11 33.67512752149175
1 12 32.39375460521278
1 13 34.1512866258115
1 14 31.984261499838748
1 15 35.14373099101882
1 16 34.15338164759393
1 17 33.3551127258508
1 18 31.65225738032478
1 19 30.04115235452309
1 20 31.76519297711007
1 21 34.350817040314894
1 22 31.609683923204717
1 23 30.659675240417158
1 24 32.00888198585964
1 25 30.054557340896906
1 26 29.146424179034447
1 27 31.228056006245353
1 28 30.34219888805225
1 29 31.113027608240504
2 0 30.82534801429221
2 1 29.72320577155101
2 2 34.63479895341487
2 3 30.296556135987256
2 4 33.84987694847276
2 5 32.55433852627851
2 6 34.4000972606562
2 7 30.409534412198568
2 8 33.26843729598538
2 9 34.987295474596344
2 10 34.35044300118066
2 11 32.156216402649875
2 12 32.1740684928237
2 13 34.60444961005083
2 14 31.47419453372639
2 15 35.09104074829426
2 16 33.798865819930526
2 17 37.909979327365065
2 18 31.90059344229716
2 19 33.79311052396917
2 20 31.554964479572938
2 21 32.14294109804417
2 22 33.1502010978664
2 23 31.649115347955966
2 24 31.20851436758946
2 25 32.730068408053135
2 26 28.520833017178603
2 27 29.516154270027577
2 28 31.21091630835268
2 29 29.6492364865536
3 0 30.14600655690912
3 1 30.677891490009497
3 2 32.645012826778554
3 3 33.02726584512638
3 4 32.35432110982138
3 5 32.86738814821056
3 6 33.717658973615904
3 7 33.218128574782476
3 8 30.957834912756763
3 9 34.23570017750782
3 10 34.7300437358478
3 11 35.06153255843023
3 12 35.39635786393264
3 13 36.61023126172919
3 14 34.933248669122044
3 15 35.06912713382655
3 16 32.161618193141
3 17 32.28199139928949
3 18 33.19476635803273
3 19 30.45005609301957
3 20 33.521922366664384
3 21 31.949272352506565
3 22 33.73327801958872
3 23 32.32436353892366
3 24 31.071962707899896
3 25 30.795177563919502
3 26 30.3414175691575
3 27 31.3406632479284
3 28 32.084296088470076
3 29 31.73798879373612
4 0 28.547462674607395
4 1 32.578366816081015
4 2 33.19351253017428
4 3 32.74741406094436
4 4 34.274785335986806
4 5 31.45476489560709
4 6 34.240928342628706
4 7 33.23542839425708
4 8 32.44922936250681
4 9 35.090749710768264
4 10 31.916888164342232
4 11 33.62667647217913
4 12 33.24448361584029
4 13 34.86906835212787
4 14 33.136466727427816
4 15 35.1375178642164
4 16 32.447597934216674
4 17 33.55658151379224
4 18 33.33085327696972
4 19 32.33738998768657
4 20 34.015461858168734
4 21 31.575468965002983
4 22 33.90603817273372
4 23 32.96864137379464
4 24 30.794096603362807
4 25 30.187263122605128
4 26 30.665865325536185
4 27 29.408143207270527
4 28 30.95456265608982
4 29 29.005765627103404
5 0 32.62697965489834
5 1 32.771466426155385
5 2 32.77722513227951
5 3 33.4350252136384
5 4 34.014899750426494
5 5 33.75827361377496
5 6 34.98346903485939
5 7 33.97728617082175
5 8 33.961381671365096
5 9 31.297263785210994
5 10 33.76932271673656
5 11 33.41258113367085
5 12 34.12310964553259
5 13 35.32790012481988
5 14 31.988917104014345
5 15 34.62328368379375
5 16 31.594046820184076
5 17 30.860786676302382
5 18 37.702102697301235
5 19 33.435397238643425
5 20 32.875179329177996
5 21 34.02948584130718
5 22 32.3786258393728
5 23 33.61397056424537
5 24 32.078148286181516
5 25 29.433564503714877
5 26 32.3375865099619
5 27 34.20655779742889
5 28 29.862392864514696
5 29 30.406679966818626
6 0 32.35117961220346
6 1 31.06121519543743
6 2 34.38372394328315
6 3 34.233072961708764
6 4 33.855120617697985
6 5 32.2156268122195
6 6 34.27204852031797
6 7 33.476546752692556
6 8 32.74572705702664
6 9 35.0272087311631
6 10 33.18205551999424
6 11 31.453685897883545
6 12 36.010328123856574
6 13 33.9802163071185
6 14 32.38071613257583
6 15 33.29083136701276
6 16 32.11229477289599
6 17 34.22833628619829
6 18 33.811304927833284
6 19 32.9848225520905
6 20 30.910230735116308
6 21 32.55862026991816
6 22 34.320758855678726
6 23 33.34355280464929
6 24 33.84946427822498
6 25 31.461817132016204
6 26 32.818298289294994
6 27 31.08498849633724
6 28 32.35308530125879
6 29 27.808851407886394
7 0 32.903216460932846
7 1 33.65794556922282
7 2 34.65348856534575
7 3 31.703842937721465
7 4 33.40153198173318
7 5 33.262887372408144
7 6 36.26631618089867
7 7 32.62850555024873
7 8 34.341909013279114
7 9 34.48982857231569
7 10 35.84053737177269
7 11 34.39995963602662
7 12 33.62799053729204
7 13 36.211818312816156
7 14 35.71273584582887
7 15 32.81154470548783
7 16 33.403253989577166
7 17 33.92412106371798
7 18 31.790531840992145
7 19 33.70998198879658
7 20 34.29441884571998
7 21 30.773826007274398
7 22 33.42266732879624
7 23 32.64563638796563
7 24 31.634413283785825
7 25 32.49449876057815
7 26 31.939166438245973
7 27 28.45778027349209
7 28 31.46916093333133
7 29 29.776567552295305
8 0 31.36922910813645
8 1 32.84030078956803
8 2 34.72495388008817
8 3 32.53392640134462
8 4 31.47419453372639
8 5 34.62062782200999
8 6 32.28550659385702
8 7 34.93301129475989
8 8 33.37956420264909
8 9 37.81411920810014
8 10 36.42665890940394
8 11 34.295686064431095
8 12 34.62750914535531
8 13 36.73775267625137
8 14 34.84281882478788
8 15 32.5097573866288
8 16 33.99954969950633
8 17 34.178827173089005
8 18 34.11421904860775
8 19 30.59579357777826
8 20 33.61548072531105
8 21 31.436409381665406
8 22 30.113212612840847
8 23 34.88061822651576
8 24 33.21865658434214
8 25 34.78689553387175
8 26 31.27087509050895
8 27 30.77452075712066
8 28 31.855535600095543
8 29 32.206899013037535
9 0 31.40663366477463
9 1 29.74710843861714
9 2 31.94097708287463
9 3 34.315450135068886
9 4 33.18195725433487
9 5 35.8789090921038
9 6 34.95636100476269
9 7 33.452894433152494
9 8 33.9802163071185
9 9 34.66099255352383
9 10 35.29207040728464
9 11 30.918925942270512
9 12 35.298897558299736
9 13 31.13439339766035
9 14 35.55264331135619
9 15 35.33690624862124
9 16 35.28477690494129
9 17 30.46227228830874
9 18 34.808468300699644
9 19 35.65036445145921
9 20 33.372474558264294
9 21 34.1942686555691
9 22 34.85280904980408
9 23 32.4000329025786
9 24 33.1096084105172
9 25 31.244511094866038
9 26 33.93662672980289
9 27 32.20457434842047
9 28 33.01934858816022
9 29 31.963051281237803
10 0 33.41398841433897
10 1 31.80789745764673
10 2 32.29268829582762
10 3 33.712038214832724
10 4 32.022590649256536
10 5 35.03793630212311
10 6 34.76947731113358
10 7 30.755002080949808
10 8 36.183769633713695
10 9 36.33619627248234
10 10 35.86299879830518
10 11 34.06861019408516
10 12 14.528850769882585
10 13 35.125805493923316
10 14 33.47812774109661
10 15 35.587656864909235
10 16 33.30453241265944
10 17 31.987748522588443
10 18 31.33749627558438
10 19 31.471561685635535
10 20 33.28774602996182
10 21 33.0479162287855
10 22 34.131352173290715
10 23 30.07030627005448
10 24 33.907112110673275
10 25 35.28138595962041
10 26 33.02592713289994
10 27 33.09671384261647
10 28 29.997706422913698
10 29 32.3375865099619
11 0 29.853712330894112
11 1 33.38299583450628
11 2 33.4300316939632
11 3 31.909523779670792
11 4 34.13636219543483
11 5 35.72988010818875
11 6 31.265728320150117
11 7 31.960116606702353
11 8 31.912822509227432
11 9 35.05502448852743
11 10 33.21428789322498
11 11 32.56098655643571
11 12 35.456449909150926
11 13 31.524930047924336
11 14 36.02643555173844
11 15 35.53411938580142
11 16 35.162167518965475
11 17 33.143480493513955
11 18 36.455453832355225
11 19 31.655159811126747
11 20 33.2849461993777
11 21 30.811717973021874
11 22 36.26032237094313
11 23 32.12701361896156
11 24 35.83843321930039
11 25 33.85260043733196
11 26 32.69516365364234
11 27 34.971678873077664
11 28 32.96239655815383
11 29 30.8005885496545
12 0 30.902464768666377
12 1 34.50390391854596
12 2 31.241293341533837
12 3 33.19476635803273
12 4 33.041369940455255
12 5 35.07958131621548
12 6 33.48484504534333
12 7 33.17946571318465
12 8 32.236817726375854
12 9 31.74367760470971
12 10 33.09981887313976
12 11 36.96801044498479
12 12 34.96651523009358
12 13 34.4290935678618
12 14 35.72428772290764
12 15 30.655548029424022
12 16 35.33612986885802
12 17 31.610662479041423
12 18 31.89525933382705
12 19 33.18502386971854
12 20 32.98475253679336
12 21 33.720781339326635
12 22 35.18137354141189
12 23 33.37959354415968
12 24 34.004487923221355
12 25 33.69202906013528
12 26 35.052295982342905
12 27 32.15946299737464
12 28 33.518531425895056
12 29 30.45390095690325
13 0 33.377639893160136
13 1 29.132082737381346
13 2 32.72210105771841
13 3 31.312340744813316
13 4 32.58578169212518
13 5 33.39829551974919
13 6 31.65062948007452
13 7 33.92412106371798
13 8 30.61402968239551
13 9 35.19612486707992
13 10 32.30670340302233
13 11 35.498763195967705
13 12 34.60142862577522
13 13 32.17299272098965
13 14 35.60632466660005
13 15 34.358355560473726
13 16 31.659979470344393
13 17 29.82861967558
13 18 31.945723951537758
13 19 35.85886223076344
13 20 34.95933369176119
13 21 33.98789156432997
13 22 34.407053988731015
13 23 34.5216267922339
13 24 31.436409381665406
13 25 31.14524912890894
13 26 33.736287994877976
13 27 32.469368517622975
13 28 33.594515794904204
13 29 33.63749648572157
14 0 31.602382765756253
14 1 33.64135430941049
14 2 32.75916166009658
14 3 32.3307419284494
14 4 31.805943969019737
14 5 34.94584603153291
14 6 33.757755602064755
14 7 35.31928859362331
14 8 31.431872095643673
14 9 35.01557416117779
14 10 33.99143246627617
14 11 35.162167518965475
14 12 31.601405217308116
14 13 34.07429609288611
14 14 34.76070134119286
14 15 36.458006864399735
14 16 33.58512569589974
14 17 33.773753870349914
14 18 30.812331254017565
14 19 31.86188230173361
14 20 32.84052619991316
14 21 34.370258487656024
14 22 34.29792011598301
14 23 36.3509454520569
14 24 35.022279622554876
14 25 30.751318321734782
14 26 33.73914677098858
14 27 32.04980680188627
14 28 33.90603817273372
14 29 35.05862731126225
15 0 31.27679327143076
15 1 34.23817158601394
15 2 33.710909337886314
15 3 32.05603514764267
15 4 32.66674836353612
15 5 32.00633721653993
15 6 33.136475499116585
15 7 29.545244631600283
15 8 35.51677817595424
15 9 30.22026085509875
15 10 30.483284239508006
15 11 32.60752204054735
15 12 35.633699873137
15 13 36.596825105346035
15 14 32.22921777096451
15 15 31.810393454220296
15 16 32.22921777096451
15 17 36.596825105346035
15 18 35.633699873137
15 19 32.60752204054735
15 20 30.483284239508006
15 21 30.22026085509875
15 22 35.51677817595424
15 23 29.545244631600283
15 24 33.136475499116585
15 25 32.00633721653993
15 26 32.66674836353612
15 27 32.05603514764267
15 28 33.710909337886314
15 29 34.23817158601394
16 0 33.123718902040835
16 1 35.05862731126225
16 2 33.90603817273372
16 3 32.04980680188627
16 4 33.73914677098858
16 5 30.751318321734782
16 6 35.022279622554876
16 7 36.3509454520569
16 8 34.29792011598301
16 9 34.370258487656024
16 10 32.84052619991316
16 11 31.86188230173361
16 12 30.812331254017565
16 13 33.773753870349914
16 14 33.58512569589974
16 15 36.458006864399735
16 16 34.76070134119286
16 17 34.07429609288611
16 18 31.601405217308116
16 19 35.162167518965475
16 20 33.99143246627617
16 21 35.01557416117779
16 22 31.431872095643673
16 23 35.31928859362331
16 24 33.757755602064755
16 25 34.94584603153291
16 26 31.805943969019737
16 27 32.3307419284494
16 28 32.75916166009658
16 29 33.64135430941049
17 0 28.87723625245467
17 1 33.63749648572157
17 2 33.594515794904204
17 3 32.469368517622975
17 4 33.736287994877976
17 5 31.14524912890894
17 6 31.436409381665406
17 7 34.5216267922339
17 8 34.407053988731015
17 9 33.98789156432997
17 10 34.95933369176119
17 11 35.85886223076344
17 12 31.945723951537758
17 13 29.82861967558
17 14 31.659979470344393
17 15 34.358355560473726
17 16 35.60632466660005
17 17 32.17299272098965
17 18 34.60142862577522
17 19 35.498763195967705
17 20 32.30670340302233
17 21 35.19612486707992
17 22 30.61402968239551
17 23 33.92412106371798
17 24 31.65062948007452
17 25 33.39829551974919
17 26 32.58578169212518
17 27 31.312340744813316
17 28 32.72210105771841
17 29 29.132082737381346
18 0 30.90731907673255
18 1 30.45390095690325
18 2 33.518531425895056
18 3 32.15946299737464
18 4 35.052295982342905
18 5 33.69202906013528
18 6 34.004487923221355
18 7 33.37959354415968
18 8 35.18137354141189
18 9 33.720781339326635
18 10 32.98475253679336
18 11 33.18502386971854
18 12 31.89525933382705
18 13 31.610662479041423
18 14 35.33612986885802
18 15 30.655548029424022
18 16 35.72428772290764
18 17 34.4290935678618
18 18 34.96651523009358
18 19 36.96801044498479
18 20 33.09981887313976
18 21 31.74367760470971
18 22 32.236817726375854
18 23 33.17946571318465
18 24 33.48484504534333
18 25 35.07958131621548
18 26 33.041369940455255
18 27 33.19476635803273
18 28 31.241293341533837
18 29 34.50390391854596
19 0 32.551610144954516
19 1 30.8005885496545
19 2 32.96239655815383
19 3 34.971678873077664
19 4 32.69516365364234
19 5 33.85260043733196
19 6 35.83843321930039
19 7 32.12701361896156
19 8 36.26032237094313
19 9 30.811717973021874
19 10 33.2849461993777
19 11 31.655159811126747
19 12 36.455453832355225
19 13 33.143480493513955
19 14 35.162167518965475
19 15 35.53411938580142
19 16 36.02643555173844
19 17 31.524930047924336
19 18 35.456449909150926
19 19 32.56098655643571
19 20 33.21428789322498
19 21 35.05502448852743
19 22 31.912822509227432
19 23 31.960116606702353
19 24 31.265728320150117
19 25 35.72988010818875
19 26 34.13636219543483
19 27 31.909523779670792
19 28 33.4300316939632
19 29 33.38299583450628
20 0 32.22313473118635
20 1 32.3375865099619
20 2 29.997706422913698
20 3 33.09671384261647
20 4 33.02592713289994
20 5 35.28138595962041
20 6 33.907112110673275
20 7 30.07030627005448
20 8 34.131352173290715
20 9 33.0479162287855
20 10 33.28774602996182
20 11 31.471561685635535
20 12 31.33749627558438
20 13 31.987748522588443
20 14 33.30453241265944
20 15 35.587656864909235
20 16 33.47812774109661
20 17 35.125805493923316
20 18 14.528850769882585
20 19 34.06861019408516
20 20 35.86299879830518
20 21 36.33619627248234
20 22 36.183769633713695
20 23 30.755002080949808
20 24 34.76947731113358
20 25 35.03793630212311
20 26 32.022590649256536
20 27 33.712038214832724
20 28 32.29268829582762
20 29 31.80789745764673
21 0 31.525098450283902
21 1 31.963051281237803
21 2 33.01934858816022
21 3 32.20457434842047
21 4 33.93662672980289
21 5 31.244511094866038
21 6 33.1096084105172
21 7 32.4000329025786
21 8 34.85280904980408
21 9 34.1942686555691
21 10 33.372474558264294
21 11 35.65036445145921
21 12 34.808468300699644
21 13 30.46227228830874
21 14 35.28477690494129
21 15 35.33690624862124
21 16 35.55264331135619
21 17 31.13439339766035
21 18 35.298897558299736
21 19 30.918925942270512
21 20 35.29207040728464
21 21 34.66099255352383
21 22 33.9802163071185
21 23 33.452894433152494
21 24 34.95636100476269
21 25 35.8789090921038
21 26 33.18195725433487
21 27 34.315450135068886
21 28 31.94097708287463
21 29 29.74710843861714
22 0 30.478085804273725
22 1 32.206899013037535
22 2 31.855535600095543
22 3 30.77452075712066
22 4 31.27087509050895
22 5 34.78689553387175
22 6 33.21865658434214
22 7 34.88061822651576
22 8 30.113212612840847
22 9 31.436409381665406
22 10 33.61548072531105
22 11 30.59579357777826
22 12 34.11421904860775
22 13 34.178827173089005
22 14 33.99954969950633
22 15 32.5097573866288
22 16 34.84281882478788
22 17 36.73775267625137
22 18 34.62750914535531
22 19 34.295686064431095
22 20 36.42665890940394
22 21 37.81411920810014
22 22 33.37956420264909
22 23 34.93301129475989
22 24 32.28550659385702
22 25 34.62062782200999
22 26 31.47419453372639
22 27 32.53392640134462
22 28 34.72495388008817
22 29 32.84030078956803
23 0 29.003014314458277
23 1 29.776567552295305
23 2 31.46916093333133
23 3 28.45778027349209
23 4 31.939166438245973
23 5 32.49449876057815
23 6 31.634413283785825
23 7 32.64563638796563
23 8 33.42266732879624
23 9 30.773826007274398
23 10 34.29441884571998
23 11 33.70998198879658
23 12 31.790531840992145
23 13 33.92412106371798
23 14 33.403253989577166
23 15 32.81154470548783
23 16 35.71273584582887
23 17 36.211818312816156
23 18 33.62799053729204
23 19 34.39995963602662
23 20 35.84053737177269
23 21 34.48982857231569
23 22 34.341909013279114
23 23 32.62850555024873
23 24 36.26631618089867
23 25 33.262887372408144
23 26 33.40153198173318
23 27 31.703842937721465
23 28 34.65348856534575
23 29 33.65794556922282
24 0 29.054860342326645
24 1 27.808851407886394
24 2 32.35308530125879
24 3 31.08498849633724
24 4 32.818298289294994
24 5 31.461817132016204
24 6 33.84946427822498
24 7 33.34355280464929
24 8 34.320758855678726
24 9 32.55862026991816
24 10 30.910230735116308
24 11 32.9848225520905
24 12 33.811304927833284
24 13 34.22833628619829
24 14 32.11229477289599
24 15 33.29083136701276
24 16 32.38071613257583
24 17 33.9802163071185
24 18 36.010328123856574
24 19 31.453685897883545
24 20 33.18205551999424
24 21 35.0272087311631
24 22 32.74572705702664
24 23 33.476546752692556
24 24 34.27204852031797
24 25 32.2156268122195
24 26 33.855120617697985
24 27 34.233072961708764
24 28 34.38372394328315
24 29 31.06121519543743
25 0 30.931396579128382
25 1 30.406679966818626
25 2 29.862392864514696
25 3 34.20655779742889
25 4 32.3375865099619
25 5 29.433564503714877
25 6 32.078148286181516
25 7 33.61397056424537
25 8 32.3786258393728
25 9 34.02948584130718
25 10 32.875179329177996
25 11 33.435397238643425
25 12 37.702102697301235
25 13 30.860786676302382
25 14 31.594046820184076
25 15 34.62328368379375
25 16 31.988917104014345
25 17 35.32790012481988
25 18 34.12310964553259
25 19 33.41258113367085
25 20 33.76932271673656
25 21 31.297263785210994
25 22 33.961381671365096
25 23 33.97728617082175
25 24 34.98346903485939
25 25 33.75827361377496
25 26 34.014899750426494
25 27 33.4350252136384
25 28 32.77722513227951
25 29 32.771466426155385
26 0 27.753087916049193
26 1 29.005765627103404
26 2 30.95456265608982
26 3 29.408143207270527
26 4 30.665865325536185
26 5 30.187263122605128
26 6 30.794096603362807
26 7 32.96864137379464
26 8 33.90603817273372
26 9 31.575468965002983
26 10 34.015461858168734
26 11 32.33738998768657
26 12 33.33085327696972
26 13 33.55658151379224
26 14 32.447597934216674
26 15 35.1375178642164
26 16 33.136466727427816
26 17 34.86906835212787
26 18 33.24448361584029
26 19 33.62667647217913
26 20 31.916888164342232
26 21 35.090749710768264
26 22 32.44922936250681
26 23 33.23542839425708
26 24 34.240928342628706
26 25 31.45476489560709
26 26 34.274785335986806
26 27 32.74741406094436
26 28 33.19351253017428
26 29 32.578366816081015
27 0 31.10317156384047
27 1 31.73798879373612
27 2 32.084296088470076
27 3 31.3406632479284
27 4 30.3414175691575
27 5 30.795177563919502
27 6 31.071962707899896
27 7 32.32436353892366
27 8 33.73327801958872
27 9 31.949272352506565
27 10 33.521922366664384
27 11 30.45005609301957
27 12 33.19476635803273
27 13 32.28199139928949
27 14 32.161618193141
27 15 35.06912713382655
27 16 34.933248669122044
27 17 36.61023126172919
27 18 35.39635786393264
27 19 35.06153255843023
27 20 34.7300437358478
27 21 34.23570017750782
27 22 30.957834912756763
27 23 33.218128574782476
27 24 33.717658973615904
27 25 32.86738814821056
27 26 32.35432110982138
27 27 33.02726584512638
27 28 32.645012826778554
27 29 30.677891490009497
28 0 31.998413352835268
28 1 29.6492364865536
28 2 31.21091630835268
28 3 29.516154270027577
28 4 28.520833017178603
28 5 32.730068408053135
28 6 31.20851436758946
28 7 31.649115347955966
28 8 33.1502010978664
28 9 32.14294109804417
28 10 31.554964479572938
28 11 33.79311052396917
28 12 31.90059344229716
28 13 37.909979327365065
28 14 33.798865819930526
28 15 35.09104074829426
28 16 31.47419453372639
28 17 34.60444961005083
28 18 32.1740684928237
28 19 32.156216402649875
28 20 34.35044300118066
28 21 34.987295474596344
28 22 33.26843729598538
28 23 30.409534412198568
28 24 34.4000972606562
28 25 32.55433852627851
28 26 33.84987694847276
28 27 30.296556135987256
28 28 34.63479895341487
28 29 29.72320577155101
29 0 25.174574050346735
29 1 31.113027608240504
29 2 30.34219888805225
29 3 31.228056006245353
29 4 29.146424179034447
29 5 30.054557340896906
29 6 32.00888198585964
29 7 30.659675240417158
29 8 31.609683923204717
29 9 34.350817040314894
29 10 31.76519297711007
29 11 30.04115235452309
29 12 31.65225738032478
29 13 33.3551127258508
29 14 34.15338164759393
29 15 35.14373099101882
29 16 31.984261499838748
29 17 34.1512866258115
29 18 32.39375460521278
29 19 33.67512752149175
29 20 31.45476489560709
29 21 31.420902874592223
29 22 32.20645581426917
29 23 30.77131004465807
29 24 33.13996901598791
29 25 32.60564984663649
29 26 29.867328690559823
29 27 33.69109966693062
29 28 31.743438164537185
29 29 33.877930194080804
