0 0 29.999178603792913
0 1 29.605317078802976
0 2 31.26078062470709
0 3 32.8645542447814
0 4 34.42943600463939
0 5 34.184268219639165
0 6 33.03553906708042
0 7 35.063160393989044
0 8 32.404599126841084
0 9 33.08284774214792
0 10 34.09617857069215
0 11 33.46926946736834
0 12 34.554253807292824
0 13 30.473246129723837
0 14 34.65348856534575
0 15 30.466461117300142
0 16 31.907242619278566
0 17 32.41871862930599
0 18 33.10295507410913
0 19 33.063561747506846
0 20 32.85178460064906
0 21 32.15299464637202
0 22 32.027495759760946
0 23 28.975468447949424
0 24 31.084230163024433
0 25 31.212930525448073
0 26 30.15896211482709
0 27 30.487677135599036
0 28 30.30943495727374
0 29 29.92239858300254
1 0 32.21547803748891
1 1 31.129514436417573
1 2 30.837383117368486
1 3 33.247175407630046
1 4 34.04820338858851
1 5 30.329321203512997
1 6 30.619605534745887
1 7 34.58224533932639
1 8 30.71588904328598
1 9 34.970375847557605
1 10 33.47554258167849
1 11 34.62900470677624
1 12 33.67512752149175
1 13 32.210743518125234
1 14 29.49844652262143
1 15 32.28135916293604
1 16 32.87810764111809
1 17 33.79929588995871
1 18 30.04115235452309
1 19 30.765226230735585
1 20 33.262136464207856
1 21 32.82978032072492
1 22 32.839426502773335
1 23 31.646067877450548
1 24 32.16350678235481
1 25 29.14799400103746
1 26 27.612857800938347
1 27 30.706788531693277
1 28 29.114880263194536
1 29 29.848896006395254
2 0 28.72530912020652
2 1 34.113204262464485
2 2 35.63562152104117
2 3 31.420910456589866
2 4 33.59675219860624
2 5 30.700053932127343
2 6 35.039581075040054
2 7 34.55017900116246
2 8 34.41303701434571
2 9 32.98228697001698
2 10 32.00958714932952
2 11 33.411471913854356
2 12 32.156216402649875
2 13 30.50180862623509
2 14 31.284219704322787
2 15 31.117017395075298
2 16 32.955599081541266
2 17 34.91771374476563
2 18 33.79311052396917
2 19 32.36921491488965
2 20 34.15696812243412
2 21 33.07272329546273
2 22 32.172193255082306
2 23 35.75810703021266
2 24 31.411987431688527
2 25 33.1063923130644
2 26 30.510670582724334
2 27 27.743356234010378
2 28 29.156749294932865
2 29 31.636577034904786
3 0 28.447963550095082
3 1 31.9873937411574
3 2 33.13408052321494
3 3 33.136030469496745
3 4 33.86614463223231
3 5 32.6701620961939
3 6 33.783083881004075
3 7 33.05405974530813
3 8 30.949782951297706
3 9 34.06071168798389
3 10 34.284062660762295
3 11 36.59748405689613
3 12 35.06153255843023
3 13 32.22586904180932
3 14 32.35685045341683
3 15 32.715898088980865
3 16 32.588975546557386
3 17 32.10153032141288
3 18 30.45005609301957
3 19 30.24088462567711
3 20 32.61947620752987
3 21 31.7601784246633
3 22 33.63749648572157
3 23 31.186704898640407
3 24 32.31616080926683
3 25 31.947904561323785
3 26 30.936807537866923
3 27 29.49059912354794
3 28 30.03860065028029
3 29 30.500564610653022
4 0 32.92869801231878
4 1 32.70030830498364
4 2 34.19064001057648
4 3 35.42196532079576
4 4 35.183221196103744
4 5 33.95810665669013
4 6 34.23384997094713
4 7 34.19549893948002
4 8 37.3038018571821
4 9 36.60300045410668
4 10 33.277939156613506
4 11 33.006458792941054
4 12 33.62667647217913
4 13 34.83001145296761
4 14 33.618635517451175
4 15 35.63189938503928
4 16 37.3435549804835
4 17 31.271207438590192
4 18 32.33738998768657
4 19 33.18732590857893
4 20 30.883652139478396
4 21 33.02583506316555
4 22 30.121728403926095
4 23 32.95592196229485
4 24 31.333506571344245
4 25 28.909334752582364
4 26 33.05494907953695
4 27 31.36858409822043
4 28 31.555769166956942
4 29 24.873565406707066
5 0 33.47659053981469
5 1 32.553912517139075
5 2 32.52431559445736
5 3 31.06462605947166
5 4 31.328246133667516
5 5 31.554917445889455
5 6 34.17957392696915
5 7 33.82583704462771
5 8 32.5228796443039
5 9 38.76127223876494
5 10 34.306878569970756
5 11 33.11828864951382
5 12 33.41258113367085
5 13 31.02956667407481
5 14 34.919269498648795
5 15 35.22044014761452
5 16 34.97841066382739
5 17 35.014101694029954
5 18 33.435397238643425
5 19 33.42960108806673
5 20 32.93631889424398
5 21 33.74709567200956
5 22 33.78604988047182
5 23 33.45858489832165
5 24 30.321210832563587
5 25 33.83269663805016
5 26 34.21653441586985
5 27 33.128194613153156
5 28 28.861595965678333
5 29 29.586422200391862
6 0 34.28424199950118
6 1 32.01155548452822
6 2 33.869025891221625
6 3 33.10853670471273
6 4 33.02601700224247
6 5 31.996667717759824
6 6 33.57392877915483
6 7 35.462368842368285
6 8 32.63899411224675
6 9 32.24137555518892
6 10 32.639509198114204
6 11 34.86971572784827
6 12 31.453685897883545
6 13 35.10533857290372
6 14 30.755002080949808
6 15 35.97171087603916
6 16 32.0274907545144
6 17 31.459279215301322
6 18 32.9848225520905
6 19 33.27369152248852
6 20 32.67186925515333
6 21 35.026548792797875
6 22 31.656639576304855
6 23 31.298824712786228
6 24 29.51843357034451
6 25 33.01173568757182
6 26 32.213585438359566
6 27 30.5038163183276
6 28 33.33928789635887
6 29 33.256286705461626
7 0 32.60564984663649
7 1 32.699496681337756
7 2 35.04443415685539
7 3 32.94905853515405
7 4 29.587431197415498
7 5 33.446679058006886
7 6 35.07546833022725
7 7 33.96425231712843
7 8 34.282179066873084
7 9 32.89249785918271
7 10 35.73999725966692
7 11 35.13441706517194
7 12 34.39995963602662
7 13 34.019455792251435
7 14 35.45792527812617
7 15 35.21970370759108
7 16 34.42517735304819
7 17 34.799650234386455
7 18 33.70998198879658
7 19 35.03869193567559
7 20 30.767532669917134
7 21 34.22732738077731
7 22 34.07295664534217
7 23 29.804485738094233
7 24 33.97696208477797
7 25 33.0352504799842
7 26 30.106817135593325
7 27 32.91439690746955
7 28 31.449675683693556
7 29 30.953324606152524
8 0 30.364917686393646
8 1 33.46913219193997
8 2 33.717658973615904
8 3 32.980978671527204
8 4 35.90012324579994
8 5 32.704575669325244
8 6 33.45980356697952
8 7 33.60301851345349
8 8 33.723820020071365
8 9 38.495190171300024
8 10 32.80810615733162
8 11 34.252853321071456
8 12 34.295686064431095
8 13 36.02176747883839
8 14 33.366417327679294
8 15 34.039234437703456
8 16 31.9685765867721
8 17 35.512842481412434
8 18 30.59579357777826
8 19 35.49533826182675
8 20 34.455313238673384
8 21 33.375805410489235
8 22 32.61219934485441
8 23 35.13663067461783
8 24 30.750347308581425
8 25 31.03637886593661
8 26 32.15602636155185
8 27 30.8414499483055
8 28 29.527149550109133
8 29 30.087231398972715
9 0 33.3976813134751
9 1 34.799894167425826
9 2 33.67512752149175
9 3 32.29490592392165
9 4 33.97728617082175
9 5 33.30822732165932
9 6 30.649301802795392
9 7 33.95764866796785
9 8 32.728033233074854
9 9 34.77690166057234
9 10 36.82307171487403
9 11 35.978595142307114
9 12 30.918925942270512
9 13 35.09770953035075
9 14 35.439500269937994
9 15 34.8440942357196
9 16 32.22110839962955
9 17 32.9699264322924
9 18 35.65036445145921
9 19 34.43873681058526
9 20 37.43955005908905
9 21 35.59151092587151
9 22 33.22771974180157
9 23 32.408227442017406
9 24 33.841873122422015
9 25 34.60386686029678
9 26 29.381212178677053
9 27 31.422075855308847
9 28 30.8005885496545
9 29 33.36303998527571
10 0 32.17925806112412
10 1 32.42981262481038
10 2 33.67908790565772
10 3 30.7227848133302
10 4 35.39635786393264
10 5 34.247837226941556
10 6 34.341909013279114
10 7 34.41865551082775
10 8 33.87837681647735
10 9 35.83451942147872
10 10 33.297424589527765
10 11 14.394565902299918
10 12 34.06861019408516
10 13 34.598978501285146
10 14 33.43948989247058
10 15 33.14477786540399
10 16 33.0879952882502
10 17 31.855275764257243
10 18 31.471561685635535
10 19 32.430992007315446
10 20 31.337089713942003
10 21 34.25526439774554
10 22 36.49045155629324
10 23 34.257544538162875
10 24 34.88061822651576
10 25 33.571227869892795
10 26 32.72546473490566
10 27 34.09504425461795
10 28 31.745813216258966
10 29 30.626185074466424
11 0 32.8524798744882
11 1 31.981481932004577
11 2 33.90421351022036
11 3 34.45638591746349
11 4 32.06770147763149
11 5 33.538245518354856
11 6 35.32790012481988
11 7 33.12074914103391
11 8 34.66099255352383
11 9 39.027436948045526
11 10 33.3211439886104
11 11 36.33284658915347
11 12 32.56098655643571
11 13 36.7011756934052
11 14 34.77875381753156
11 15 35.04507266189445
11 16 34.230300693774815
11 17 31.662976709343074
11 18 31.655159811126747
11 19 34.5254236145009
11 20 32.55352817046112
11 21 34.5476206827802
11 22 32.03517107174618
11 23 31.956389681952867
11 24 35.259180014156655
11 25 34.80050430959617
11 26 30.920693342908507
11 27 33.84251716830658
11 28 29.869655615214544
11 29 31.219192732785082
12 0 30.913549956828007
12 1 35.240199651245355
12 2 32.550600517986055
12 3 31.830099503304154
12 4 34.19656411716286
12 5 34.58668689302796
12 6 33.866856925629
12 7 34.02747453854749
12 8 35.71273584582887
12 9 33.82991699818974
12 10 33.21428789322498
12 11 34.60216599081441
12 12 36.96801044498479
12 13 37.07876826061687
12 14 34.17861358440312
12 15 32.54627643959562
12 16 32.73101660761883
12 17 32.577121872927314
12 18 33.18502386971854
12 19 31.710333098826414
12 20 33.2849461993777
12 21 35.75783843870049
12 22 35.2313534370133
12 23 35.3202688603577
12 24 31.705649087052446
12 25 32.91961786075591
12 26 32.650021177922966
12 27 32.05525571781864
12 28 33.799152283066995
12 29 33.07272329546273
13 0 31.333938283835447
13 1 33.03806908774533
13 2 32.093982677113516
13 3 34.20773026493415
13 4 34.07998735009911
13 5 33.11473501650292
13 6 33.26274516702551
13 7 35.43408837293312
13 8 32.838451421251676
13 9 32.977702872239014
13 10 35.33690624862124
13 11 36.39117853870225
13 12 35.498763195967705
13 13 33.04495128768148
13 14 30.985840215980833
13 15 33.93404178150234
13 16 31.02376874765327
13 17 31.897397168005067
13 18 35.85886223076344
13 19 34.68490703010649
13 20 32.763212157539265
13 21 32.1477850583451
13 22 31.51218859478117
13 23 31.865318197080814
13 24 32.835424971230154
13 25 30.517433692539402
13 26 33.96785307768192
13 27 35.488500577411116
13 28 31.949272352506565
13 29 31.900558893844913
14 0 32.997056503783604
14 1 30.856474645368117
14 2 32.22306987985122
14 3 32.75746239986713
14 4 34.5867333171114
14 5 33.56556976681469
14 6 32.0274907545144
14 7 34.67094582416478
14 8 31.780423516315082
14 9 32.95870827177065
14 10 35.10961771971817
14 11 32.393189831767174
14 12 35.162167518965475
14 13 33.67233048678537
14 14 35.633699873137
14 15 31.33156214893202
14 16 33.84924746580388
14 17 32.572727634785096
14 18 31.86188230173361
14 19 32.9565216433231
14 20 29.78199118357142
14 21 34.729703387795915
14 22 33.90377713088898
14 23 32.11287466190707
14 24 35.83219503754687
14 25 33.260068524305346
14 26 32.56274312024974
14 27 34.216438003918164
14 28 32.44590200928549
14 29 32.56334111362269
15 0 32.40569021218101
15 1 30.920110407891418
15 2 33.025955188718605
15 3 33.20725082785584
15 4 32.87458723357638
15 5 33.6715646174088
15 6 29.93853559219752
15 7 36.20222067773391
15 8 32.334326569698796
15 9 37.09814384321158
15 10 32.92626348817329
15 11 32.80710190229987
15 12 32.60752204054735
15 13 33.15155971690712
15 14 29.82861967558
15 15 34.161640558785464
15 16 29.82861967558
15 17 33.15155971690712
15 18 32.60752204054735
15 19 32.80710190229987
15 20 32.92626348817329
15 21 37.09814384321158
15 22 32.334326569698796
15 23 36.20222067773391
15 24 29.93853559219752
15 25 33.6715646174088
15 26 32.87458723357638
15 27 33.20725082785584
15 28 33.025955188718605
15 29 30.920110407891418
16 0 31.227532148111525
16 1 32.56334111362269
16 2 32.44590200928549
16 3 34.216438003918164
16 4 32.56274312024974
16 5 33.260068524305346
16 6 35.83219503754687
16 7 32.11287466190707
16 8 33.90377713088898
16 9 34.729703387795915
16 10 29.78199118357142
16 11 32.9565216433231
16 12 31.86188230173361
16 13 32.572727634785096
16 14 33.84924746580388
16 15 31.33156214893202
16 16 35.633699873137
16 17 33.67233048678537
16 18 35.162167518965475
16 19 32.393189831767174
16 20 35.10961771971817
16 21 32.95870827177065
16 22 31.780423516315082
16 23 34.67094582416478
16 24 32.0274907545144
16 25 33.56556976681469
16 26 34.5867333171114
16 27 32.75746239986713
16 28 32.22306987985122
16 29 30.856474645368117
17 0 32.40035234599345
17 1 31.900558893844913
17 2 31.949272352506565
17 3 35.488500577411116
17 4 33.96785307768192
17 5 30.517433692539402
17 6 32.835424971230154
17 7 31.865318197080814
17 8 31.51218859478117
17 9 32.1477850583451
17 10 32.763212157539265
17 11 34.68490703010649
17 12 35.85886223076344
17 13 31.897397168005067
17 14 31.02376874765327
17 15 33.93404178150234
17 16 30.985840215980833
17 17 33.04495128768148
17 18 35.498763195967705
17 19 36.39117853870225
17 20 35.33690624862124
17 21 32.977702872239014
17 22 32.838451421251676
17 23 35.43408837293312
17 24 33.26274516702551
17 25 33.11473501650292
17 26 34.07998735009911
17 27 34.20773026493415
17 28 32.093982677113516
17 29 33.03806908774533
18 0 32.209239420106805
18 1 33.07272329546273
18 2 33.799152283066995
18 3 32.05525571781864
18 4 32.650021177922966
18 5 32.91961786075591
18 6 31.705649087052446
18 7 35.3202688603577
18 8 35.2313534370133
18 9 35.75783843870049
18 10 33.2849461993777
18 11 31.710333098826414
18 12 33.18502386971854
18 13 32.577121872927314
18 14 32.73101660761883
18 15 32.54627643959562
18 16 34.17861358440312
18 17 37.07876826061687
18 18 36.96801044498479
18 19 34.60216599081441
18 20 33.21428789322498
18 21 33.82991699818974
18 22 35.71273584582887
18 23 34.02747453854749
18 24 33.866856925629
18 25 34.58668689302796
18 26 34.19656411716286
18 27 31.830099503304154
18 28 32.550600517986055
18 29 35.240199651245355
19 0 33.6289998242361
19 1 31.219192732785082
19 2 29.869655615214544
19 3 33.84251716830658
19 4 30.920693342908507
19 5 34.80050430959617
19 6 35.259180014156655
19 7 31.956389681952867
19 8 32.03517107174618
19 9 34.5476206827802
19 10 32.55352817046112
19 11 34.5254236145009
19 12 31.655159811126747
19 13 31.662976709343074
19 14 34.230300693774815
19 15 35.04507266189445
19 16 34.77875381753156
19 17 36.7011756934052
19 18 32.56098655643571
19 19 36.33284658915347
19 20 33.3211439886104
19 21 39.027436948045526
19 22 34.66099255352383
19 23 33.12074914103391
19 24 35.32790012481988
19 25 33.538245518354856
19 26 32.06770147763149
19 27 34.45638591746349
19 28 33.90421351022036
19 29 31.981481932004577
20 0 32.53904212547073
20 1 30.626185074466424
20 2 31.745813216258966
20 3 34.09504425461795
20 4 32.72546473490566
20 5 33.571227869892795
20 6 34.88061822651576
20 7 34.257544538162875
20 8 36.49045155629324
20 9 34.25526439774554
20 10 31.337089713942003
20 11 32.430992007315446
20 12 31.471561685635535
20 13 31.855275764257243
20 14 33.0879952882502
20 15 33.14477786540399
20 16 33.43948989247058
20 17 34.598978501285146
20 18 34.06861019408516
20 19 14.394565902299918
20 20 33.297424589527765
20 21 35.83451942147872
20 22 33.87837681647735
20 23 34.41865551082775
20 24 34.341909013279114
20 25 34.247837226941556
20 26 35.39635786393264
20 27 30.7227848133302
20 28 33.67908790565772
20 29 32.42981262481038
21 0 31.103881159488132
21 1 33.36303998527571
21 2 30.8005885496545
21 3 31.422075855308847
21 4 29.381212178677053
21 5 34.60386686029678
21 6 33.841873122422015
21 7 32.408227442017406
21 8 33.22771974180157
21 9 35.59151092587151
21 10 37.43955005908905
21 11 34.43873681058526
21 12 35.65036445145921
21 13 32.9699264322924
21 14 32.22110839962955
21 15 34.8440942357196
21 16 35.439500269937994
21 17 35.09770953035075
21 18 30.918925942270512
21 19 35.978595142307114
21 20 36.82307171487403
21 21 34.77690166057234
21 22 32.728033233074854
21 23 33.95764866796785
21 24 30.649301802795392
21 25 33.30822732165932
21 26 33.97728617082175
21 27 32.29490592392165
21 28 33.67512752149175
21 29 34.799894167425826
22 0 31.889790214361803
22 1 30.087231398972715
22 2 29.527149550109133
22 3 30.8414499483055
22 4 32.15602636155185
22 5 31.03637886593661
22 6 30.750347308581425
22 7 35.13663067461783
22 8 32.61219934485441
22 9 33.375805410489235
22 10 34.455313238673384
22 11 35.49533826182675
22 12 30.59579357777826
22 13 35.512842481412434
22 14 31.9685765867721
22 15 34.039234437703456
22 16 33.366417327679294
22 17 36.02176747883839
22 18 34.295686064431095
22 19 34.252853321071456
22 20 32.80810615733162
22 21 38.495190171300024
22 22 33.723820020071365
22 23 33.60301851345349
22 24 33.45980356697952
22 25 32.704575669325244
22 26 35.90012324579994
22 27 32.980978671527204
22 28 33.717658973615904
22 29 33.46913219193997
23 0 31.375662588621125
23 1 30.953324606152524
23 2 31.449675683693556
23 3 32.91439690746955
23 4 30.106817135593325
23 5 33.0352504799842
23 6 33.97696208477797
23 7 29.804485738094233
23 8 34.07295664534217
23 9 34.22732738077731
23 10 30.767532669917134
23 11 35.03869193567559
23 12 33.70998198879658
23 13 34.799650234386455
23 14 34.42517735304819
23 15 35.21970370759108
23 16 35.45792527812617
23 17 34.019455792251435
23 18 34.39995963602662
23 19 35.13441706517194
23 20 35.73999725966692
23 21 32.89249785918271
23 22 34.282179066873084
23 23 33.96425231712843
23 24 35.07546833022725
23 25 33.446679058006886
23 26 29.587431197415498
23 27 32.94905853515405
23 28 35.04443415685539
23 29 32.699496681337756
24 0 30.863865004054002
24 1 33.256286705461626
24 2 33.33928789635887
24 3 30.5038163183276
24 4 32.213585438359566
24 5 33.01173568757182
24 6 29.51843357034451
24 7 31.298824712786228
24 8 31.656639576304855
24 9 35.026548792797875
24 10 32.67186925515333
24 11 33.27369152248852
24 12 32.9848225520905
24 13 31.459279215301322
24 14 32.0274907545144
24 15 35.97171087603916
24 16 30.755002080949808
24 17 35.10533857290372
24 18 31.453685897883545
24 19 34.86971572784827
24 20 32.639509198114204
24 21 32.24137555518892
24 22 32.63899411224675
24 23 35.462368842368285
24 24 33.57392877915483
24 25 31.996667717759824
24 26 33.02601700224247
24 27 33.10853670471273
24 28 33.869025891221625
24 29 32.01155548452822
25 0 30.9302578952062
25 1 29.586422200391862
25 2 28.861595965678333
25 3 33.128194613153156
25 4 34.21653441586985
25 5 33.83269663805016
25 6 30.321210832563587
25 7 33.45858489832165
25 8 33.78604988047182
25 9 33.74709567200956
25 10 32.93631889424398
25 11 33.42960108806673
25 12 33.435397238643425
25 13 35.014101694029954
25 14 34.97841066382739
25 15 35.22044014761452
25 16 34.919269498648795
25 17 31.02956667407481
25 18 33.41258113367085
25 19 33.11828864951382
25 20 34.306878569970756
25 21 38.76127223876494
25 22 32.5228796443039
25 23 33.82583704462771
25 24 34.17957392696915
25 25 31.554917445889455
25 26 31.328246133667516
25 27 31.06462605947166
25 28 32.52431559445736
25 29 32.553912517139075
26 0 32.305965682178375
26 1 24.873565406707066
26 2 31.555769166956942
26 3 31.36858409822043
26 4 33.05494907953695
26 5 28.909334752582364
26 6 31.333506571344245
26 7 32.95592196229485
26 8 30.121728403926095
26 9 33.02583506316555
26 10 30.883652139478396
26 11 33.18732590857893
26 12 32.33738998768657
26 13 31.271207438590192
26 14 37.3435549804835
26 15 35.63189938503928
26 16 33.618635517451175
26 17 34.83001145296761
26 18 33.62667647217913
26 19 33.006458792941054
26 20 33.277939156613506
26 21 36.60300045410668
26 22 37.3038018571821
26 23 34.19549893948002
26 24 34.23384997094713
26 25 33.95810665669013
26 26 35.183221196103744
26 27 35.42196532079576
26 28 34.19064001057648
26 29 32.70030830498364
27 0 29.506007746758428
27 1 30.500564610653022
27 2 30.03860065028029
27 3 29.49059912354794
27 4 30.936807537866923
27 5 31.947904561323785
27 6 32.31616080926683
27 7 31.186704898640407
27 8 33.63749648572157
27 9 31.7601784246633
27 10 32.61947620752987
27 11 30.24088462567711
27 12 30.45005609301957
27 13 32.10153032141288
27 14 32.588975546557386
27 15 32.715898088980865
27 16 32.35685045341683
27 17 32.22586904180932
27 18 35.06153255843023
27 19 36.59748405689613
27 20 34.284062660762295
27 21 34.06071168798389
27 22 30.949782951297706
27 23 33.05405974530813
27 24 33.783083881004075
27 25 32.6701620961939
27 26 33.86614463223231
27 27 33.136030469496745
27 28 33.13408052321494
27 29 31.9873937411574
28 0 28.222427955576407
28 1 31.636577034904786
28 2 29.156749294932865
28 3 27.743356234010378
28 4 30.510670582724334
28 5 33.1063923130644
28 6 31.411987431688527
28 7 35.75810703021266
28 8 32.172193255082306
28 9 33.07272329546273
28 10 34.15696812243412
28 11 32.36921491488965
28 12 33.79311052396917
28 13 34.91771374476563
28 14 32.955599081541266
28 15 31.117017395075298
28 16 31.284219704322787
28 17 30.50180862623509
28 18 32.156216402649875
28 19 33.411471913854356
28 20 32.00958714932952
28 21 32.98228697001698
28 22 34.41303701434571
28 23 34.55017900116246
28 24 35.039581075040054
28 25 30.700053932127343
28 26 33.59675219860624
28 27 31.420910456589866
28 28 35.63562152104117
28 29 34.113204262464485
29 0 29.086373977587247
29 1 29.848896006395254
29 2 29.114880263194536
29 3 30.706788531693277
29 4 27.612857800938347
29 5 29.14799400103746
29 6 32.16350678235481
29 7 31.646067877450548
29 8 32.839426502773335
29 9 32.82978032072492
29 10 33.262136464207856
29 11 30.765226230735585
29 12 30.04115235452309
29 13 33.79929588995871
29 14 32.87810764111809
29 15 32.28135916293604
29 16 29.49844652262143
29 17 32.210743518125234
29 18 33.67512752149175
29 19 34.62900470677624
29 20 33.47554258167849
29 21 34.970375847557605
29 22 30.71588904328598
29 23 34.58224533932639
29 24 30.619605534745887
29 25 30.329321203512997
29 26 34.04820338858851
29 27 33.247175407630046
29 28 30.837383117368486
29 29 31.129514436417573
