0 0 28.615037834382175
0 1 31.871386020378687
0 2 30.060970316976636
0 3 30.887313239478676
0 4 31.822251890765237
0 5 31.201915903615223
0 6 33.9718720932441
0 7 31.25130431443759
0 8 34.16270035475863
0 9 31.6273460061223
0 10 33.479052777325805
0 11 31.907242619278566
0 12 34.279814039720385
0 13 32.4709294263205
0 14 34.72495388008817
0 15 32.435631638672184
0 16 33.48794689499609
0 17 32.18541478007442
0 18 32.702945963520385
0 19 34.65348856534575
0 20 34.31366019206467
0 21 33.696798474324225
0 22 30.631381010504064
0 23 35.635515986843345
0 24 31.421542785331425
0 25 34.05711975669196
0 26 32.30579018993085
0 27 28.165073167489766
0 28 30.275521554611007
0 29 32.11786966102317
1 0 31.92196055602091
1 1 29.185654774893035
1 2 31.183827153136384
1 3 30.34037116835505
1 4 31.254802592114682
1 5 30.65723508423062
1 6 31.973323538695446
1 7 33.74425936269189
1 8 31.63426798015106
1 9 31.585350677189215
1 10 31.993316189039
1 11 32.87810764111809
1 12 34.15338164759393
1 13 33.56618813004117
1 14 35.742098257696384
1 15 35.13859926191079
1 16 35.75257868595975
1 17 33.90421351022036
1 18 31.984261499838748
1 19 29.49844652262143
1 20 33.11127505532788
1 21 33.92196240238837
1 22 33.5549073198998
1 23 32.905777744497186
1 24 31.882438326193117
1 25 33.5516001454276
1 26 31.489659202296547
1 27 32.08857819381619
1 28 28.7334784592038
1 29 30.334379766614273
2 0 27.542385248028264
2 1 31.920303375465274
2 2 29.847533128895616
2 3 30.33369528288815
2 4 33.99191820786698
2 5 34.060214113841525
2 6 31.269615304065294
2 7 32.21330085345695
2 8 30.905476190333914
2 9 30.71863727319842
2 10 31.705234581896047
2 11 32.955599081541266
2 12 33.798865819930526
2 13 32.10183561712238
2 14 33.631447934092904
2 15 34.096110555263586
2 16 32.273193919122676
2 17 32.7754958266516
2 18 31.47419453372639
2 19 31.284219704322787
2 20 33.88575264799921
2 21 33.555119618616345
2 22 33.244653244412866
2 23 32.94412184716598
2 24 32.02583986031898
2 25 31.40663366477463
2 26 33.548221675825296
2 27 33.06434807625542
2 28 31.006348494459925
2 29 29.8390809476033
3 0 30.63219478120531
3 1 32.21068195423966
3 2 28.046415536610816
3 3 31.057628044826867
3 4 30.914909044417858
3 5 32.40035234599345
3 6 33.978532788646916
3 7 29.132082737381346
3 8 33.79311052396917
3 9 33.33700366011813
3 10 33.748945536194825
3 11 32.588975546557386
3 12 32.161618193141
3 13 34.846275868158266
3 14 34.19656411716286
3 15 35.8789090921038
3 16 33.228749117352606
3 17 35.99647056651403
3 18 34.933248669122044
3 19 32.35685045341683
3 20 34.096110555263586
3 21 34.039938168748385
3 22 32.550600517986055
3 23 32.012569556426236
3 24 32.841625565117695
3 25 31.333938283835447
3 26 30.548077702567785
3 27 32.3748995829143
3 28 33.17754543514445
3 29 29.25031933972183
4 0 29.568815085007866
4 1 30.905696485315055
4 2 34.06575025979911
4 3 31.697878017961884
4 4 32.5334506878343
4 5 32.41754403979506
4 6 32.770428778864456
4 7 32.44590200928549
4 8 32.55934305745919
4 9 33.01474533802887
4 10 30.775642708165403
4 11 37.3435549804835
4 12 32.447597934216674
4 13 33.643867935230105
4 14 33.60725045630686
4 15 31.965066944111914
4 16 37.573321654009646
4 17 34.95636100476269
4 18 33.136466727427816
4 19 33.618635517451175
4 20 34.567154727575684
4 21 33.60228909332654
4 22 33.78847186426612
4 23 31.221148207731588
4 24 32.29268829582762
4 25 31.993316189039
4 26 35.65079486891773
4 27 33.04257100652141
4 28 33.879581451837254
4 29 31.60612411450292
5 0 29.765692513428466
5 1 29.601281503852185
5 2 31.533967380604448
5 3 31.678379967130947
5 4 31.340342789622095
5 5 32.049536674487335
5 6 33.64146418802609
5 7 34.62802062227437
5 8 33.47180586670196
5 9 32.87458723357638
5 10 31.707237002196806
5 11 34.97841066382739
5 12 31.594046820184076
5 13 31.81974402288377
5 14 30.057106180148445
5 15 32.813753235354284
5 16 31.86896579861542
5 17 33.47782984432123
5 18 31.988917104014345
5 19 34.919269498648795
5 20 34.68813715322423
5 21 32.33249194267131
5 22 34.60060056617214
5 23 34.34263888412374
5 24 37.909979327365065
5 25 32.87438119619515
5 26 28.712987361334655
5 27 29.279240364761435
5 28 31.755674895123214
5 29 31.824268412343148
6 0 28.34834253444222
6 1 31.60312994027453
6 2 32.958417362856
6 3 31.29429216636559
6 4 32.94000166936174
6 5 33.98625100022531
6 6 30.50690236843847
6 7 34.864223958529266
6 8 31.805943969019737
6 9 35.1409841658294
6 10 31.653730754619467
6 11 32.0274907545144
6 12 32.11229477289599
6 13 32.23402862753744
6 14 34.34009199722918
6 15 34.053774522268704
6 16 36.183769633713695
6 17 33.476298553157186
6 18 32.38071613257583
6 19 30.755002080949808
6 20 32.66677658106394
6 21 33.286442950072974
6 22 32.447597934216674
6 23 34.13636219543483
6 24 34.369082073105716
6 25 32.26923819569535
6 26 34.797828065541104
6 27 32.820423213431894
6 28 31.72173167843461
6 29 32.015646426421455
7 0 31.889790214361803
7 1 33.69345240201102
7 2 32.039453042411516
7 3 32.256238995588504
7 4 32.34995585661073
7 5 32.18172348502136
7 6 34.010112706476725
7 7 33.062971007629784
7 8 32.263144433302514
7 9 31.869881278086332
7 10 33.3552413044161
7 11 34.42517735304819
7 12 33.403253989577166
7 13 32.838451421251676
7 14 33.366417327679294
7 15 32.36574355545349
7 16 35.3950333189069
7 17 36.788524601028044
7 18 35.71273584582887
7 19 35.45792527812617
7 20 33.29083136701276
7 21 33.26274516702551
7 22 35.395628255031596
7 23 34.542943899527884
7 24 34.27784160875149
7 25 32.23064627329181
7 26 32.570055123798156
7 27 29.132082737381346
7 28 30.72027809774149
7 29 32.971268404059614
8 0 29.388314482966177
8 1 31.151950953709846
8 2 31.13877710040248
8 3 32.429898925618794
8 4 31.897395784808428
8 5 30.36497088548264
8 6 35.2359881988035
8 7 32.52727870674864
8 8 32.127229354719304
8 9 32.78283634479711
8 10 33.9061452396807
8 11 31.9685765867721
8 12 33.99954969950633
8 13 31.74367760470971
8 14 34.2578999904929
8 15 33.21428789322498
8 16 34.574303828070306
8 17 34.42927887073771
8 18 34.84281882478788
8 19 33.366417327679294
8 20 32.88105740631188
8 21 37.249957315498456
8 22 33.48484504534333
8 23 35.740708479260675
8 24 33.440976012976215
8 25 33.49901706759284
8 26 31.2231392851868
8 27 33.16274677105193
8 28 32.801230667808724
8 29 32.76692198489814
9 0 34.674279924816105
9 1 30.89458713502409
9 2 33.08950240971197
9 3 32.2685424056087
9 4 30.91199006884018
9 5 36.254607733979036
9 6 34.71402229086172
9 7 33.061081721822475
9 8 36.096540601264834
9 9 29.545244631600283
9 10 33.46510115940107
9 11 32.22110839962955
9 12 35.28477690494129
9 13 35.404678836568934
9 14 34.46457505927554
9 15 33.306523248965895
9 16 35.125805493923316
9 17 32.56098655643571
9 18 35.55264331135619
9 19 35.439500269937994
9 20 34.33974905783976
9 21 35.657843168540296
9 22 35.53778885155874
9 23 32.651169760581084
9 24 35.1409841658294
9 25 33.72249448578691
9 26 35.1394975844492
9 27 32.449727021023406
9 28 30.976594376267958
9 29 31.054210001044154
10 0 33.08900053145229
10 1 32.06153585580753
10 2 32.608841312795654
10 3 34.66553546610392
10 4 30.13324566697424
10 5 32.24647105927077
10 6 31.441602199353397
10 7 33.64537853207906
10 8 35.96187387141861
10 9 33.99177688964742
10 10 31.307609702451565
10 11 33.0879952882502
10 12 33.30453241265944
10 13 35.717578446056216
10 14 34.96651523009358
10 15 37.17342638521228
10 16 12.447557017591109
10 17 34.07262595260567
10 18 33.47812774109661
10 19 33.43948989247058
10 20 33.66717943648182
10 21 30.61402968239551
10 22 31.803463645138578
10 23 32.851912899737805
10 24 32.9826309545629
10 25 32.92437482332535
10 26 32.621572616550544
10 27 31.279623514748128
10 28 33.15115684660828
10 29 31.340342789622095
11 0 31.421485103985905
11 1 30.874193920774715
11 2 34.058468627125855
11 3 33.627993424935546
11 4 34.535588427221136
11 5 33.061238018109655
11 6 31.66336935375718
11 7 34.1942686555691
11 8 33.12971147433386
11 9 35.101400885866255
11 10 29.78199118357142
11 11 34.230300693774815
11 12 35.162167518965475
11 13 34.78626449141223
11 14 31.124764375762318
11 15 34.61660374288841
11 16 35.68174821761233
11 17 32.465583244784945
11 18 36.02643555173844
11 19 34.77875381753156
11 20 35.10961771971817
11 21 32.22110839962955
11 22 32.7620946316389
11 23 32.76096721989412
11 24 32.58053127222415
11 25 32.444187690830255
11 26 34.52555245935472
11 27 30.362198831638484
11 28 35.48445284887905
11 29 30.337315282412696
12 0 30.59722436230849
12 1 29.453678088473605
12 2 31.27087509050895
12 3 33.95267683094751
12 4 32.4732195708186
12 5 32.8708055437384
12 6 35.35764001925904
12 7 32.82089954862133
12 8 34.02204271387206
12 9 32.134705917777694
12 10 32.84052619991316
12 11 32.73101660761883
12 12 35.33612986885802
12 13 35.60632466660005
12 14 34.11603332105975
12 15 34.66747512958079
12 16 35.451280354718136
12 17 33.4941002511509
12 18 35.72428772290764
12 19 34.17861358440312
12 20 33.99143246627617
12 21 32.49746862043502
12 22 33.249666135739886
12 23 30.59579357777826
12 24 33.5890972201599
12 25 30.751318321734782
12 26 35.2359881988035
12 27 32.97295058940837
12 28 34.989910164641536
12 29 33.07686198171306
13 0 30.300988261801447
13 1 30.106817135593325
13 2 31.473962088868902
13 3 33.441840872322416
13 4 32.68946039601387
13 5 34.636984946257336
13 6 33.515782418179484
13 7 33.56596938357267
13 8 33.720781339326635
13 9 32.28431764851679
13 10 33.65963281940148
13 11 31.02376874765327
13 12 31.659979470344393
13 13 33.04409590042126
13 14 33.87596233079092
13 15 34.75468104378885
13 16 31.100539788621283
13 17 38.61181299199429
13 18 35.60632466660005
13 19 30.985840215980833
13 20 29.737449444503962
13 21 36.46828694588423
13 22 34.13270312014672
13 23 31.51218859478117
13 24 33.087037329911624
13 25 30.767532669917134
13 26 34.84156282519886
13 27 30.115166388137556
13 28 32.23120610693173
13 29 31.73916514850293
14 0 31.529153062770312
14 1 30.29474144498396
14 2 33.51773666634591
14 3 33.11057412846137
14 4 35.42433875963551
14 5 33.521145843938044
14 6 34.131352173290715
14 7 32.95423041521567
14 8 35.04157328160326
14 9 32.67528124653239
14 10 31.999331188248114
14 11 33.84924746580388
14 12 33.58512569589974
14 13 33.13163433842893
14 14 35.71690955489727
14 15 35.678600626669244
14 16 36.00661365835555
14 17 32.97878729106601
14 18 34.76070134119286
14 19 35.633699873137
14 20 34.42305344847824
14 21 31.074107696189134
14 22 32.55368817465237
14 23 33.12971147433386
14 24 32.87228237043525
14 25 32.74305528981167
14 26 33.872140528451425
14 27 31.656639576304855
14 28 33.84946427822498
14 29 31.4945017034717
15 0 32.42999182762679
15 1 30.321210832563587
15 2 34.66553546610392
15 3 31.957203829650183
15 4 34.88061822651576
15 5 34.016321278620296
15 6 33.37959354415968
15 7 33.5689766375999
15 8 32.93751557555225
15 9 33.52911725829788
15 10 33.51884182123211
15 11 29.82861967558
15 12 32.22921777096451
15 13 29.904241242967707
15 14 33.171797436799096
15 15 34.347473289757325
15 16 33.171797436799096
15 17 29.904241242967707
15 18 32.22921777096451
15 19 29.82861967558
15 20 33.51884182123211
15 21 33.52911725829788
15 22 32.93751557555225
15 23 33.5689766375999
15 24 33.37959354415968
15 25 34.016321278620296
15 26 34.88061822651576
15 27 31.957203829650183
15 28 34.66553546610392
15 29 30.321210832563587
16 0 32.47832095051656
16 1 31.4945017034717
16 2 33.84946427822498
16 3 31.656639576304855
16 4 33.872140528451425
16 5 32.74305528981167
16 6 32.87228237043525
16 7 33.12971147433386
16 8 32.55368817465237
16 9 31.074107696189134
16 10 34.42305344847824
16 11 35.633699873137
16 12 34.76070134119286
16 13 32.97878729106601
16 14 36.00661365835555
16 15 35.678600626669244
16 16 35.71690955489727
16 17 33.13163433842893
16 18 33.58512569589974
16 19 33.84924746580388
16 20 31.999331188248114
16 21 32.67528124653239
16 22 35.04157328160326
16 23 32.95423041521567
16 24 34.131352173290715
16 25 33.521145843938044
16 26 35.42433875963551
16 27 33.11057412846137
16 28 33.51773666634591
16 29 30.29474144498396
17 0 30.187263122605128
17 1 31.73916514850293
17 2 32.23120610693173
17 3 30.115166388137556
17 4 34.84156282519886
17 5 30.767532669917134
17 6 33.087037329911624
17 7 31.51218859478117
17 8 34.13270312014672
17 9 36.46828694588423
17 10 29.737449444503962
17 11 30.985840215980833
17 12 35.60632466660005
17 13 38.61181299199429
17 14 31.100539788621283
17 15 34.75468104378885
17 16 33.87596233079092
17 17 33.04409590042126
17 18 31.659979470344393
17 19 31.02376874765327
17 20 33.65963281940148
17 21 32.28431764851679
17 22 33.720781339326635
17 23 33.56596938357267
17 24 33.515782418179484
17 25 34.636984946257336
17 26 32.68946039601387
17 27 33.441840872322416
17 28 31.473962088868902
17 29 30.106817135593325
18 0 31.917445838328916
18 1 33.07686198171306
18 2 34.989910164641536
18 3 32.97295058940837
18 4 35.2359881988035
18 5 30.751318321734782
18 6 33.5890972201599
18 7 30.59579357777826
18 8 33.249666135739886
18 9 32.49746862043502
18 10 33.99143246627617
18 11 34.17861358440312
18 12 35.72428772290764
18 13 33.4941002511509
18 14 35.451280354718136
18 15 34.66747512958079
18 16 34.11603332105975
18 17 35.60632466660005
18 18 35.33612986885802
18 19 32.73101660761883
18 20 32.84052619991316
18 21 32.134705917777694
18 22 34.02204271387206
18 23 32.82089954862133
18 24 35.35764001925904
18 25 32.8708055437384
18 26 32.4732195708186
18 27 33.95267683094751
18 28 31.27087509050895
18 29 29.453678088473605
19 0 30.73395134761237
19 1 30.337315282412696
19 2 35.48445284887905
19 3 30.362198831638484
19 4 34.52555245935472
19 5 32.444187690830255
19 6 32.58053127222415
19 7 32.76096721989412
19 8 32.7620946316389
19 9 32.22110839962955
19 10 35.10961771971817
19 11 34.77875381753156
19 12 36.02643555173844
19 13 32.465583244784945
19 14 35.68174821761233
19 15 34.61660374288841
19 16 31.124764375762318
19 17 34.78626449141223
19 18 35.162167518965475
19 19 34.230300693774815
19 20 29.78199118357142
19 21 35.101400885866255
19 22 33.12971147433386
19 23 34.1942686555691
19 24 31.66336935375718
19 25 33.061238018109655
19 26 34.535588427221136
19 27 33.627993424935546
19 28 34.058468627125855
19 29 30.874193920774715
20 0 31.24077693013114
20 1 31.340342789622095
20 2 33.15115684660828
20 3 31.279623514748128
20 4 32.621572616550544
20 5 32.92437482332535
20 6 32.9826309545629
20 7 32.851912899737805
20 8 31.803463645138578
20 9 30.61402968239551
20 10 33.66717943648182
20 11 33.43948989247058
20 12 33.47812774109661
20 13 34.07262595260567
20 14 12.447557017591109
20 15 37.17342638521228
20 16 34.96651523009358
20 17 35.717578446056216
20 18 33.30453241265944
20 19 33.0879952882502
20 20 31.307609702451565
20 21 33.99177688964742
20 22 35.96187387141861
20 23 33.64537853207906
20 24 31.441602199353397
20 25 32.24647105927077
20 26 30.13324566697424
20 27 34.66553546610392
20 28 32.608841312795654
20 29 32.06153585580753
21 0 30.43815627933439
21 1 31.054210001044154
21 2 30.976594376267958
21 3 32.449727021023406
21 4 35.1394975844492
21 5 33.72249448578691
21 6 35.1409841658294
21 7 32.651169760581084
21 8 35.53778885155874
21 9 35.657843168540296
21 10 34.33974905783976
21 11 35.439500269937994
21 12 35.55264331135619
21 13 32.56098655643571
21 14 35.125805493923316
21 15 33.306523248965895
21 16 34.46457505927554
21 17 35.404678836568934
21 18 35.28477690494129
21 19 32.22110839962955
21 20 33.46510115940107
21 21 29.545244631600283
21 22 36.096540601264834
21 23 33.061081721822475
21 24 34.71402229086172
21 25 36.254607733979036
21 26 30.91199006884018
21 27 32.2685424056087
21 28 33.08950240971197
21 29 30.89458713502409
22 0 32.76396383335106
22 1 32.76692198489814
22 2 32.801230667808724
22 3 33.16274677105193
22 4 31.2231392851868
22 5 33.49901706759284
22 6 33.440976012976215
22 7 35.740708479260675
22 8 33.48484504534333
22 9 37.249957315498456
22 10 32.88105740631188
22 11 33.366417327679294
22 12 34.84281882478788
22 13 34.42927887073771
22 14 34.574303828070306
22 15 33.21428789322498
22 16 34.2578999904929
22 17 31.74367760470971
22 18 33.99954969950633
22 19 31.9685765867721
22 20 33.9061452396807
22 21 32.78283634479711
22 22 32.127229354719304
22 23 32.52727870674864
22 24 35.2359881988035
22 25 30.36497088548264
22 26 31.897395784808428
22 27 32.429898925618794
22 28 31.13877710040248
22 29 31.151950953709846
23 0 32.286458198471706
23 1 32.971268404059614
23 2 30.72027809774149
23 3 29.132082737381346
23 4 32.570055123798156
23 5 32.23064627329181
23 6 34.27784160875149
23 7 34.542943899527884
23 8 35.395628255031596
23 9 33.26274516702551
23 10 33.29083136701276
23 11 35.45792527812617
23 12 35.71273584582887
23 13 36.788524601028044
23 14 35.3950333189069
23 15 32.36574355545349
23 16 33.366417327679294
23 17 32.838451421251676
23 18 33.403253989577166
23 19 34.42517735304819
23 20 33.3552413044161
23 21 31.869881278086332
23 22 32.263144433302514
23 23 33.062971007629784
23 24 34.010112706476725
23 25 32.18172348502136
23 26 32.34995585661073
23 27 32.256238995588504
23 28 32.039453042411516
23 29 33.69345240201102
24 0 28.85917689968013
24 1 32.015646426421455
24 2 31.72173167843461
24 3 32.820423213431894
24 4 34.797828065541104
24 5 32.26923819569535
24 6 34.369082073105716
24 7 34.13636219543483
24 8 32.447597934216674
24 9 33.286442950072974
24 10 32.66677658106394
24 11 30.755002080949808
24 12 32.38071613257583
24 13 33.476298553157186
24 14 36.183769633713695
24 15 34.053774522268704
24 16 34.34009199722918
24 17 32.23402862753744
24 18 32.11229477289599
24 19 32.0274907545144
24 20 31.653730754619467
24 21 35.1409841658294
24 22 31.805943969019737
24 23 34.864223958529266
24 24 30.50690236843847
24 25 33.98625100022531
24 26 32.94000166936174
24 27 31.29429216636559
24 28 32.958417362856
24 29 31.60312994027453
25 0 31.201915903615223
25 1 31.824268412343148
25 2 31.755674895123214
25 3 29.279240364761435
25 4 28.712987361334655
25 5 32.87438119619515
25 6 37.909979327365065
25 7 34.34263888412374
25 8 34.60060056617214
25 9 32.33249194267131
25 10 34.68813715322423
25 11 34.919269498648795
25 12 31.988917104014345
25 13 33.47782984432123
25 14 31.86896579861542
25 15 32.813753235354284
25 16 30.057106180148445
25 17 31.81974402288377
25 18 31.594046820184076
25 19 34.97841066382739
25 20 31.707237002196806
25 21 32.87458723357638
25 22 33.47180586670196
25 23 34.62802062227437
25 24 33.64146418802609
25 25 32.049536674487335
25 26 31.340342789622095
25 27 31.678379967130947
25 28 31.533967380604448
25 29 29.601281503852185
26 0 31.163131227093356
26 1 31.60612411450292
26 2 33.879581451837254
26 3 33.04257100652141
26 4 35.65079486891773
26 5 31.993316189039
26 6 32.29268829582762
26 7 31.221148207731588
26 8 33.78847186426612
26 9 33.60228909332654
26 10 34.567154727575684
26 11 33.618635517451175
26 12 33.136466727427816
26 13 34.95636100476269
26 14 37.573321654009646
26 15 31.965066944111914
26 16 33.60725045630686
26 17 33.643867935230105
26 18 32.447597934216674
26 19 37.3435549804835
26 20 30.775642708165403
26 21 33.01474533802887
26 22 32.55934305745919
26 23 32.44590200928549
26 24 32.770428778864456
26 25 32.41754403979506
26 26 32.5334506878343
26 27 31.697878017961884
26 28 34.06575025979911
26 29 30.905696485315055
27 0 28.768047456273738
27 1 29.25031933972183
27 2 33.17754543514445
27 3 32.3748995829143
27 4 30.548077702567785
27 5 31.333938283835447
27 6 32.841625565117695
27 7 32.012569556426236
27 8 32.550600517986055
27 9 34.039938168748385
27 10 34.096110555263586
27 11 32.35685045341683
27 12 34.933248669122044
27 13 35.99647056651403
27 14 33.228749117352606
27 15 35.8789090921038
27 16 34.19656411716286
27 17 34.846275868158266
27 18 32.161618193141
27 19 32.588975546557386
27 20 33.748945536194825
27 21 33.33700366011813
27 22 33.79311052396917
27 23 29.132082737381346
27 24 33.978532788646916
27 25 32.40035234599345
27 26 30.914909044417858
27 27 31.057628044826867
27 28 28.046415536610816
27 29 32.21068195423966
28 0 28.607397435657607
28 1 29.8390809476033
28 2 31.006348494459925
28 3 33.06434807625542
28 4 33.548221675825296
28 5 31.40663366477463
28 6 32.02583986031898
28 7 32.94412184716598
28 8 33.244653244412866
28 9 33.555119618616345
28 10 33.88575264799921
28 11 31.284219704322787
28 12 31.47419453372639
28 13 32.7754958266516
28 14 32.273193919122676
28 15 34.096110555263586
28 16 33.631447934092904
28 17 32.10183561712238
28 18 33.798865819930526
28 19 32.955599081541266
28 20 31.705234581896047
28 21 30.71863727319842
28 22 30.905476190333914
28 23 32.21330085345695
28 24 31.269615304065294
28 25 34.060214113841525
28 26 33.99191820786698
28 27 30.33369528288815
28 28 29.847533128895616
28 29 31.920303375465274
29 0 30.984823277304567
29 1 30.334379766614273
29 2 28.7334784592038
29 3 32.08857819381619
29 4 31.489659202296547
29 5 33.5516001454276
29 6 31.882438326193117
29 7 32.905777744497186
29 8 33.5549073198998
29 9 33.92196240238837
29 10 33.11127505532788
29 11 29.49844652262143
29 12 31.984261499838748
29 13 33.90421351022036
29 14 35.75257868595975
29 15 35.13859926191079
29 16 35.742098257696384
29 17 33.56618813004117
29 18 34.15338164759393
29 19 32.87810764111809
29 20 31.993316189039
29 21 31.585350677189215
29 22 31.63426798015106
29 23 33.74425936269189
29 24 31.973323538695446
29 25 30.65723508423062
29 26 31.254802592114682
29 27 30.34037116835505
29 28 31.183827153136384
29 29 29.185654774893035
