0 0 30.22325727843923
0 1 29.787512031518666
0 2 30.79649993168896
0 3 28.509713465000882
0 4 31.967874574341103
0 5 29.96401559019912
0 6 33.17881547348255
0 7 32.67484563546261
0 8 30.140266085061807
0 9 31.733187852973643
0 10 30.913549956828007
0 11 30.466461117300142
0 12 33.4630105233562
0 13 31.694650955649458
0 14 32.435631638672184
0 15 34.06378194720175
0 16 32.435631638672184
0 17 31.694650955649458
0 18 33.4630105233562
0 19 30.466461117300142
0 20 30.913549956828007
0 21 31.733187852973643
0 22 30.140266085061807
0 23 32.67484563546261
0 24 33.17881547348255
0 25 29.96401559019912
0 26 31.967874574341103
0 27 28.509713465000882
0 28 30.79649993168896
0 29 29.787512031518666
1 0 28.12110057721557
1 1 28.058942051963015
1 2 29.138906716670707
1 3 28.903440791517237
1 4 32.461448344275574
1 5 33.13626109695691
1 6 34.30921923692863
1 7 32.16047117462208
1 8 31.333938283835447
1 9 32.279206861968305
1 10 33.913821123569576
1 11 32.28135916293604
1 12 35.14373099101882
1 13 33.70940770290435
1 14 35.13859926191079
1 15 32.46168078599116
1 16 35.13859926191079
1 17 33.70940770290435
1 18 35.14373099101882
1 19 32.28135916293604
1 20 33.913821123569576
1 21 32.279206861968305
1 22 31.333938283835447
1 23 32.16047117462208
1 24 34.30921923692863
1 25 33.13626109695691
1 26 32.461448344275574
1 27 28.903440791517237
1 28 29.138906716670707
1 29 28.058942051963015
2 0 30.643112166181467
2 1 30.141116468850004
2 2 30.284517615829703
2 3 29.180519351341797
2 4 31.309901887597
2 5 32.38653807385103
2 6 29.853712330894112
2 7 33.06165393633621
2 8 31.63694556624827
2 9 32.72161805201255
2 10 33.23288213090237
2 11 31.117017395075298
2 12 35.09104074829426
2 13 31.538756712359707
2 14 34.096110555263586
2 15 33.218046174722495
2 16 34.096110555263586
2 17 31.538756712359707
2 18 35.09104074829426
2 19 31.117017395075298
2 20 33.23288213090237
2 21 32.72161805201255
2 22 31.63694556624827
2 23 33.06165393633621
2 24 29.853712330894112
2 25 32.38653807385103
2 26 31.309901887597
2 27 29.180519351341797
2 28 30.284517615829703
2 29 30.141116468850004
3 0 30.16417175981176
3 1 30.163367596727685
3 2 33.55277574550371
3 3 33.19779935274877
3 4 33.46901055135748
3 5 30.415409604003887
3 6 31.40097678944016
3 7 34.54394678020788
3 8 34.20622174748858
3 9 35.12205085320629
3 10 31.528648925118517
3 11 32.715898088980865
3 12 35.06912713382655
3 13 33.99495188903266
3 14 35.8789090921038
3 15 36.07856206864665
3 16 35.8789090921038
3 17 33.99495188903266
3 18 35.06912713382655
3 19 32.715898088980865
3 20 31.528648925118517
3 21 35.12205085320629
3 22 34.20622174748858
3 23 34.54394678020788
3 24 31.40097678944016
3 25 30.415409604003887
3 26 33.46901055135748
3 27 33.19779935274877
3 28 33.55277574550371
3 29 30.163367596727685
4 0 29.576233342976582
4 1 28.89810634195551
4 2 32.286458198471706
4 3 34.69908333275628
4 4 31.227532148111525
4 5 33.47815531348215
4 6 33.754658439182485
4 7 33.870057517675804
4 8 33.748945536194825
4 9 32.78126488367231
4 10 32.11567844715527
4 11 35.63189938503928
4 12 35.1375178642164
4 13 34.58668689302796
4 14 31.965066944111914
4 15 32.39498691825746
4 16 31.965066944111914
4 17 34.58668689302796
4 18 35.1375178642164
4 19 35.63189938503928
4 20 32.11567844715527
4 21 32.78126488367231
4 22 33.748945536194825
4 23 33.870057517675804
4 24 33.754658439182485
4 25 33.47815531348215
4 26 31.227532148111525
4 27 34.69908333275628
4 28 32.286458198471706
4 29 28.89810634195551
5 0 29.574230609916356
5 1 31.038676670509933
5 2 33.89242192048292
5 3 32.3256208792529
5 4 30.182422964229414
5 5 31.748041338011248
5 6 33.45548116198537
5 7 34.943618869678275
5 8 31.686686886579633
5 9 34.44254139933749
5 10 35.72988010818875
5 11 35.22044014761452
5 12 34.62328368379375
5 13 33.59266901181228
5 14 32.813753235354284
5 15 33.73927292424992
5 16 32.813753235354284
5 17 33.59266901181228
5 18 34.62328368379375
5 19 35.22044014761452
5 20 35.72988010818875
5 21 34.44254139933749
5 22 31.686686886579633
5 23 34.943618869678275
5 24 33.45548116198537
5 25 31.748041338011248
5 26 30.182422964229414
5 27 32.3256208792529
5 28 33.89242192048292
5 29 31.038676670509933
6 0 30.762010047736627
6 1 31.040532262634454
6 2 32.209239420106805
6 3 33.47382252205055
6 4 31.891779003178126
6 5 31.42063033112439
6 6 36.066910069489055
6 7 31.981354240860252
6 8 35.32525701138029
6 9 33.56556976681469
6 10 34.97402419178859
6 11 35.97171087603916
6 12 33.29083136701276
6 13 33.14598671233619
6 14 34.053774522268704
6 15 33.95021635030137
6 16 34.053774522268704
6 17 33.14598671233619
6 18 33.29083136701276
6 19 35.97171087603916
6 20 34.97402419178859
6 21 33.56556976681469
6 22 35.32525701138029
6 23 31.981354240860252
6 24 36.066910069489055
6 25 31.42063033112439
6 26 31.891779003178126
6 27 33.47382252205055
6 28 32.209239420106805
6 29 31.040532262634454
7 0 30.796325693529617
7 1 29.73836862886636
7 2 32.99078865998597
7 3 32.023334542011256
7 4 32.61947620752987
7 5 34.6315294889622
7 6 36.31714389302931
7 7 32.962974518966384
7 8 33.39829551974919
7 9 31.32156370119497
7 10 33.11044654748614
7 11 35.21970370759108
7 12 32.81154470548783
7 13 34.36854678480201
7 14 32.36574355545349
7 15 34.097195689626346
7 16 32.36574355545349
7 17 34.36854678480201
7 18 32.81154470548783
7 19 35.21970370759108
7 20 33.11044654748614
7 21 31.32156370119497
7 22 33.39829551974919
7 23 32.962974518966384
7 24 36.31714389302931
7 25 34.6315294889622
7 26 32.61947620752987
7 27 32.023334542011256
7 28 32.99078865998597
7 29 29.73836862886636
8 0 32.62704234262681
8 1 33.53923518215189
8 2 30.87790615771446
8 3 34.96359218879813
8 4 34.992021424818056
8 5 33.21147335267844
8 6 33.17968279117735
8 7 34.47603136773798
8 8 33.427597845112025
8 9 35.10463438529051
8 10 34.132146817584186
8 11 34.039234437703456
8 12 32.5097573866288
8 13 34.35441022634712
8 14 33.21428789322498
8 15 33.30263484926311
8 16 33.21428789322498
8 17 34.35441022634712
8 18 32.5097573866288
8 19 34.039234437703456
8 20 34.132146817584186
8 21 35.10463438529051
8 22 33.427597845112025
8 23 34.47603136773798
8 24 33.17968279117735
8 25 33.21147335267844
8 26 34.992021424818056
8 27 34.96359218879813
8 28 30.87790615771446
8 29 33.53923518215189
9 0 30.550433466368993
9 1 35.35382421511172
9 2 32.12693311186377
9 3 33.73384321718084
9 4 34.72753401149833
9 5 33.26134680836434
9 6 32.444187690830255
9 7 37.125250320544865
9 8 34.820847716864314
9 9 32.65903131943654
9 10 30.766867412667665
9 11 34.8440942357196
9 12 35.33690624862124
9 13 33.40628463382261
9 14 33.306523248965895
9 15 38.665252626392196
9 16 33.306523248965895
9 17 33.40628463382261
9 18 35.33690624862124
9 19 34.8440942357196
9 20 30.766867412667665
9 21 32.65903131943654
9 22 34.820847716864314
9 23 37.125250320544865
9 24 32.444187690830255
9 25 33.26134680836434
9 26 34.72753401149833
9 27 33.73384321718084
9 28 32.12693311186377
9 29 35.35382421511172
10 0 32.551610144954516
10 1 34.23612464939535
10 2 33.12888586328228
10 3 33.96016071567737
10 4 34.56260287210135
10 5 32.91961786075591
10 6 35.145247386914654
10 7 34.28429614694925
10 8 30.34289285040108
10 9 32.77289365281471
10 10 33.79296071716505
10 11 33.14477786540399
10 12 35.587656864909235
10 13 34.34755974210515
10 14 37.17342638521228
10 15 12.494556163429102
10 16 37.17342638521228
10 17 34.34755974210515
10 18 35.587656864909235
10 19 33.14477786540399
10 20 33.79296071716505
10 21 32.77289365281471
10 22 30.34289285040108
10 23 34.28429614694925
10 24 35.145247386914654
10 25 32.91961786075591
10 26 34.56260287210135
10 27 33.96016071567737
10 28 33.12888586328228
10 29 34.23612464939535
11 0 34.34635021801459
11 1 30.74702321485156
11 2 31.592997233015225
11 3 31.725262493294554
11 4 36.254607733979036
11 5 31.46613950997043
11 6 33.553719080098205
11 7 35.483938567195665
11 8 32.96005736158998
11 9 32.685935176748835
11 10 32.92626348817329
11 11 35.04507266189445
11 12 35.53411938580142
11 13 34.819792923567825
11 14 34.61660374288841
11 15 34.319624778079614
11 16 34.61660374288841
11 17 34.819792923567825
11 18 35.53411938580142
11 19 35.04507266189445
11 20 32.92626348817329
11 21 32.685935176748835
11 22 32.96005736158998
11 23 35.483938567195665
11 24 33.553719080098205
11 25 31.46613950997043
11 26 36.254607733979036
11 27 31.725262493294554
11 28 31.592997233015225
11 29 30.74702321485156
12 0 31.034648011456014
12 1 29.62885764310966
12 2 32.50229185037096
12 3 32.228956364972476
12 4 30.78163631796056
12 5 34.01356134408436
12 6 34.455313238673384
12 7 34.14190852901003
12 8 34.924249891272304
12 9 36.1179624877219
12 10 30.483284239508006
12 11 32.54627643959562
12 12 30.655548029424022
12 13 36.649488961010135
12 14 34.66747512958079
12 15 35.7661223132784
12 16 34.66747512958079
12 17 36.649488961010135
12 18 30.655548029424022
12 19 32.54627643959562
12 20 30.483284239508006
12 21 36.1179624877219
12 22 34.924249891272304
12 23 34.14190852901003
12 24 34.455313238673384
12 25 34.01356134408436
12 26 30.78163631796056
12 27 32.228956364972476
12 28 32.50229185037096
12 29 29.62885764310966
13 0 32.3048950345664
13 1 30.84061424975863
13 2 32.49449876057815
13 3 29.99419421358727
13 4 33.85260043733196
13 5 31.398921860703254
13 6 34.115744456653026
13 7 35.95772123083477
13 8 33.39684400149686
13 9 32.434653843285005
13 10 31.436491775561628
13 11 33.93404178150234
13 12 34.358355560473726
13 13 35.191094806697855
13 14 34.75468104378885
13 15 34.62859982654818
13 16 34.75468104378885
13 17 35.191094806697855
13 18 34.358355560473726
13 19 33.93404178150234
13 20 31.436491775561628
13 21 32.434653843285005
13 22 33.39684400149686
13 23 35.95772123083477
13 24 34.115744456653026
13 25 31.398921860703254
13 26 33.85260043733196
13 27 29.99419421358727
13 28 32.49449876057815
13 29 30.84061424975863
14 0 29.657229624824442
14 1 33.01173568757182
14 2 32.95499904496553
14 3 33.13313930125518
14 4 34.197832809061794
14 5 29.98487112214213
14 6 37.123299342367865
14 7 34.03256360922642
14 8 33.2849461993777
14 9 32.97381391062675
14 10 33.51884182123211
14 11 31.33156214893202
14 12 36.458006864399735
14 13 35.26089442641693
14 14 35.678600626669244
14 15 34.37836455706667
14 16 35.678600626669244
14 17 35.26089442641693
14 18 36.458006864399735
14 19 31.33156214893202
14 20 33.51884182123211
14 21 32.97381391062675
14 22 33.2849461993777
14 23 34.03256360922642
14 24 37.123299342367865
14 25 29.98487112214213
14 26 34.197832809061794
14 27 33.13313930125518
14 28 32.95499904496553
14 29 33.01173568757182
15 0 30.066192716781313
15 1 32.897966961604176
15 2 32.29235475872525
15 3 30.40968099496971
15 4 34.44631519907679
15 5 34.437663393653075
15 6 32.25760503126212
15 7 34.49670912816076
15 8 32.49597341844729
15 9 32.62430392002298
15 10 34.14987886729357
15 11 34.161640558785464
15 12 31.810393454220296
15 13 31.193774795793434
15 14 34.347473289757325
15 15 35.193447598323495
15 16 34.347473289757325
15 17 31.193774795793434
15 18 31.810393454220296
15 19 34.161640558785464
15 20 34.14987886729357
15 21 32.62430392002298
15 22 32.49597341844729
15 23 34.49670912816076
15 24 32.25760503126212
15 25 34.437663393653075
15 26 34.44631519907679
15 27 30.40968099496971
15 28 32.29235475872525
15 29 32.897966961604176
16 0 29.657229624824442
16 1 33.01173568757182
16 2 32.95499904496553
16 3 33.13313930125518
16 4 34.197832809061794
16 5 29.98487112214213
16 6 37.123299342367865
16 7 34.03256360922642
16 8 33.2849461993777
16 9 32.97381391062675
16 10 33.51884182123211
16 11 31.33156214893202
16 12 36.458006864399735
16 13 35.26089442641693
16 14 35.678600626669244
16 15 34.37836455706667
16 16 35.678600626669244
16 17 35.26089442641693
16 18 36.458006864399735
16 19 31.33156214893202
16 20 33.51884182123211
16 21 32.97381391062675
16 22 33.2849461993777
16 23 34.03256360922642
16 24 37.123299342367865
16 25 29.98487112214213
16 26 34.197832809061794
16 27 33.13313930125518
16 28 32.95499904496553
16 29 33.01173568757182
17 0 32.3048950345664
17 1 30.84061424975863
17 2 32.49449876057815
17 3 29.99419421358727
17 4 33.85260043733196
17 5 31.398921860703254
17 6 34.115744456653026
17 7 35.95772123083477
17 8 33.39684400149686
17 9 32.434653843285005
17 10 31.436491775561628
17 11 33.93404178150234
17 12 34.358355560473726
17 13 35.191094806697855
17 14 34.75468104378885
17 15 34.62859982654818
17 16 34.75468104378885
17 17 35.191094806697855
17 18 34.358355560473726
17 19 33.93404178150234
17 20 31.436491775561628
17 21 32.434653843285005
17 22 33.39684400149686
17 23 35.95772123083477
17 24 34.115744456653026
17 25 31.398921860703254
17 26 33.85260043733196
17 27 29.99419421358727
17 28 32.49449876057815
17 29 30.84061424975863
18 0 31.034648011456014
18 1 29.62885764310966
18 2 32.50229185037096
18 3 32.228956364972476
18 4 30.78163631796056
18 5 34.01356134408436
18 6 34.455313238673384
18 7 34.14190852901003
18 8 34.924249891272304
18 9 36.1179624877219
18 10 30.483284239508006
18 11 32.54627643959562
18 12 30.655548029424022
18 13 36.649488961010135
18 14 34.66747512958079
18 15 35.7661223132784
18 16 34.66747512958079
18 17 36.649488961010135
18 18 30.655548029424022
18 19 32.54627643959562
18 20 30.483284239508006
18 21 36.1179624877219
18 22 34.924249891272304
18 23 34.14190852901003
18 24 34.455313238673384
18 25 34.01356134408436
18 26 30.78163631796056
18 27 32.228956364972476
18 28 32.50229185037096
18 29 29.62885764310966
19 0 34.34635021801459
19 1 30.74702321485156
19 2 31.592997233015225
19 3 31.725262493294554
19 4 36.254607733979036
19 5 31.46613950997043
19 6 33.553719080098205
19 7 35.483938567195665
19 8 32.96005736158998
19 9 32.685935176748835
19 10 32.92626348817329
19 11 35.04507266189445
19 12 35.53411938580142
19 13 34.819792923567825
19 14 34.61660374288841
19 15 34.319624778079614
19 16 34.61660374288841
19 17 34.819792923567825
19 18 35.53411938580142
19 19 35.04507266189445
19 20 32.92626348817329
19 21 32.685935176748835
19 22 32.96005736158998
19 23 35.483938567195665
19 24 33.553719080098205
19 25 31.46613950997043
19 26 36.254607733979036
19 27 31.725262493294554
19 28 31.592997233015225
19 29 30.74702321485156
20 0 32.551610144954516
20 1 34.23612464939535
20 2 33.12888586328228
20 3 33.96016071567737
20 4 34.56260287210135
20 5 32.91961786075591
20 6 35.145247386914654
20 7 34.28429614694925
20 8 30.34289285040108
20 9 32.77289365281471
20 10 33.79296071716505
20 11 33.14477786540399
20 12 35.587656864909235
20 13 34.34755974210515
20 14 37.17342638521228
20 15 12.494556163429102
20 16 37.17342638521228
20 17 34.34755974210515
20 18 35.587656864909235
20 19 33.14477786540399
20 20 33.79296071716505
20 21 32.77289365281471
20 22 30.34289285040108
20 23 34.28429614694925
20 24 35.145247386914654
20 25 32.91961786075591
20 26 34.56260287210135
20 27 33.96016071567737
20 28 33.12888586328228
20 29 34.23612464939535
21 0 30.550433466368993
21 1 35.35382421511172
21 2 32.12693311186377
21 3 33.73384321718084
21 4 34.72753401149833
21 5 33.26134680836434
21 6 32.444187690830255
21 7 37.125250320544865
21 8 34.820847716864314
21 9 32.65903131943654
21 10 30.766867412667665
21 11 34.8440942357196
21 12 35.33690624862124
21 13 33.40628463382261
21 14 33.306523248965895
21 15 38.665252626392196
21 16 33.306523248965895
21 17 33.40628463382261
21 18 35.33690624862124
21 19 34.8440942357196
21 20 30.766867412667665
21 21 32.65903131943654
21 22 34.820847716864314
21 23 37.125250320544865
21 24 32.444187690830255
21 25 33.26134680836434
21 26 34.72753401149833
21 27 33.73384321718084
21 28 32.12693311186377
21 29 35.35382421511172
22 0 32.62704234262681
22 1 33.53923518215189
22 2 30.87790615771446
22 3 34.96359218879813
22 4 34.992021424818056
22 5 33.21147335267844
22 6 33.17968279117735
22 7 34.47603136773798
22 8 33.427597845112025
22 9 35.10463438529051
22 10 34.132146817584186
22 11 34.039234437703456
22 12 32.5097573866288
22 13 34.35441022634712
22 14 33.21428789322498
22 15 33.30263484926311
22 16 33.21428789322498
22 17 34.35441022634712
22 18 32.5097573866288
22 19 34.039234437703456
22 20 34.132146817584186
22 21 35.10463438529051
22 22 33.427597845112025
22 23 34.47603136773798
22 24 33.17968279117735
22 25 33.21147335267844
22 26 34.992021424818056
22 27 34.96359218879813
22 28 30.87790615771446
22 29 33.53923518215189
23 0 30.796325693529617
23 1 29.73836862886636
23 2 32.99078865998597
23 3 32.023334542011256
23 4 32.61947620752987
23 5 34.6315294889622
23 6 36.31714389302931
23 7 32.962974518966384
23 8 33.39829551974919
23 9 31.32156370119497
23 10 33.11044654748614
23 11 35.21970370759108
23 12 32.81154470548783
23 13 34.36854678480201
23 14 32.36574355545349
23 15 34.097195689626346
23 16 32.36574355545349
23 17 34.36854678480201
23 18 32.81154470548783
23 19 35.21970370759108
23 20 33.11044654748614
23 21 31.32156370119497
23 22 33.39829551974919
23 23 32.962974518966384
23 24 36.31714389302931
23 25 34.6315294889622
23 26 32.61947620752987
23 27 32.023334542011256
23 28 32.99078865998597
23 29 29.73836862886636
24 0 30.762010047736627
24 1 31.040532262634454
24 2 32.209239420106805
24 3 33.47382252205055
24 4 31.891779003178126
24 5 31.42063033112439
24 6 36.066910069489055
24 7 31.981354240860252
24 8 35.32525701138029
24 9 33.56556976681469
24 10 34.97402419178859
24 11 35.97171087603916
24 12 33.29083136701276
24 13 33.14598671233619
24 14 34.053774522268704
24 15 33.95021635030137
24 16 34.053774522268704
24 17 33.14598671233619
24 18 33.29083136701276
24 19 35.97171087603916
24 20 34.97402419178859
24 21 33.56556976681469
24 22 35.32525701138029
24 23 31.981354240860252
24 24 36.066910069489055
24 25 31.42063033112439
24 26 31.891779003178126
24 27 33.47382252205055
24 28 32.209239420106805
24 29 31.040532262634454
25 0 29.574230609916356
25 1 31.038676670509933
25 2 33.89242192048292
25 3 32.3256208792529
25 4 30.182422964229414
25 5 31.748041338011248
25 6 33.45548116198537
25 7 34.943618869678275
25 8 31.686686886579633
25 9 34.44254139933749
25 10 35.72988010818875
25 11 35.22044014761452
25 12 34.62328368379375
25 13 33.59266901181228
25 14 32.813753235354284
25 15 33.73927292424992
25 16 32.813753235354284
25 17 33.59266901181228
25 18 34.62328368379375
25 19 35.22044014761452
25 20 35.72988010818875
25 21 34.44254139933749
25 22 31.686686886579633
25 23 34.943618869678275
25 24 33.45548116198537
25 25 31.748041338011248
25 26 30.182422964229414
25 27 32.3256208792529
25 28 33.89242192048292
25 29 31.038676670509933
26 0 29.576233342976582
26 1 28.89810634195551
26 2 32.286458198471706
26 3 34.69908333275628
26 4 31.227532148111525
26 5 33.47815531348215
26 6 33.754658439182485
26 7 33.870057517675804
26 8 33.748945536194825
26 9 32.78126488367231
26 10 32.11567844715527
26 11 35.63189938503928
26 12 35.1375178642164
26 13 34.58668689302796
26 14 31.965066944111914
26 15 32.39498691825746
26 16 31.965066944111914
26 17 34.58668689302796
26 18 35.1375178642164
26 19 35.63189938503928
26 20 32.11567844715527
26 21 32.78126488367231
26 22 33.748945536194825
26 23 33.870057517675804
26 24 33.754658439182485
26 25 33.47815531348215
26 26 31.227532148111525
26 27 34.69908333275628
26 28 32.286458198471706
26 29 28.89810634195551
27 0 30.16417175981176
27 1 30.163367596727685
27 2 33.55277574550371
27 3 33.19779935274877
27 4 33.46901055135748
27 5 30.415409604003887
27 6 31.40097678944016
27 7 34.54394678020788
27 8 34.20622174748858
27 9 35.12205085320629
27 10 31.528648925118517
27 11 32.715898088980865
27 12 35.06912713382655
27 13 33.99495188903266
27 14 35.8789090921038
27 15 36.07856206864665
27 16 35.8789090921038
27 17 33.99495188903266
27 18 35.06912713382655
27 19 32.715898088980865
27 20 31.528648925118517
27 21 35.12205085320629
27 22 34.20622174748858
27 23 34.54394678020788
27 24 31.40097678944016
27 25 30.415409604003887
27 26 33.46901055135748
27 27 33.19779935274877
27 28 33.55277574550371
27 29 30.163367596727685
28 0 30.643112166181467
28 1 30.141116468850004
28 2 30.284517615829703
28 3 29.180519351341797
28 4 31.309901887597
28 5 32.38653807385103
28 6 29.853712330894112
28 7 33.06165393633621
28 8 31.63694556624827
28 9 32.72161805201255
28 10 33.23288213090237
28 11 31.117017395075298
28 12 35.09104074829426
28 13 31.538756712359707
28 14 34.096110555263586
28 15 33.218046174722495
28 16 34.096110555263586
28 17 31.538756712359707
28 18 35.09104074829426
28 19 31.117017395075298
28 20 33.23288213090237
28 21 32.72161805201255
28 22 31.63694556624827
28 23 33.06165393633621
28 24 29.853712330894112
28 25 32.38653807385103
28 26 31.309901887597
28 27 29.180519351341797
28 28 30.284517615829703
28 29 30.141116468850004
29 0 28.12110057721557
29 1 28.058942051963015
29 2 29.138906716670707
29 3 28.903440791517237
29 4 32.461448344275574
29 5 33.13626109695691
29 6 34.30921923692863
29 7 32.16047117462208
29 8 31.333938283835447
29 9 32.279206861968305
29 10 33.913821123569576
29 11 32.28135916293604
29 12 35.14373099101882
29 13 33.70940770290435
29 14 35.13859926191079
29 15 32.46168078599116
29 16 35.13859926191079
29 17 33.70940770290435
29 18 35.14373099101882
29 19 32.28135916293604
29 20 33.913821123569576
29 21 32.279206861968305
29 22 31.333938283835447
29 23 32.16047117462208
29 24 34.30921923692863
29 25 33.13626109695691
29 26 32.461448344275574
29 27 28.903440791517237
29 28 29.138906716670707
29 29 28.058942051963015
