0 0 1.0433337091523938
0 1 1.3410085135696206
0 2 0.9543321034785561
0 3 1.2444215378934438
0 4 1.2648960372817921
0 5 0
0 6 1.5631938244370718
0 7 1.179623650674877
0 8 1.2845013239762642
0 9 1.180373722253304
0 10 1.0967277748342157
0 11 0
0 12 1.1994777623467636
0 13 0
0 14 0
0 15 1.230912692256026
0 16 1.123628734797621
0 17 1.3116883391888796
0 18 0
0 19 1.1256499524064583
0 20 1.2375502296803937
0 21 1.2085583498256762
0 22 1.242775641758798
0 23 1.0869952964299086
0 24 1.124414313791713
0 25 1.1500401496784882
0 26 1.1393025136329755
0 27 1.2509053569264865
0 28 1.1774969435321412
0 29 0
1 0 1.194622008717112
1 1 1.0505046196739762
1 2 1.1109064951432046
1 3 1.2726432722492762
1 4 1.1729017378355016
1 5 1.1757833343055333
1 6 1.2958617635183483
1 7 1.0925440690206123
1 8 1.3362605214196102
1 9 1.0620818545397939
1 10 1.192720066443168
1 11 1.0742737127791226
1 12 1.2362555704499936
1 13 1.3752906983646846
1 14 1.2904528579722947
1 15 0
1 16 0
1 17 0
1 18 0
1 19 0
1 20 1.334070413244764
1 21 1.3270617055663487
1 22 1.2775985651488644
1 23 0
1 24 1.1057113779843228
1 25 1.3094209956439764
1 26 1.1760723095455936
1 27 1.2236914888762769
1 28 1.121019205631086
1 29 0.9673443755259153
2 0 1.3641008357380462
2 1 1.2353914563124178
2 2 1.151252317164499
2 3 1.2420749366660084
2 4 0
2 5 1.1788270023297331
2 6 1.2341132682274267
2 7 0
2 8 1.0922687629426968
2 9 1.3231530092940478
2 10 1.263735967325879
2 11 1.3106936605331454
2 12 1.2907973807540092
2 13 0
2 14 1.1960484306330181
2 15 0
2 16 1.3901241316343174
2 17 1.268740051468861
2 18 1.086963836992855
2 19 1.0162618179446712
2 20 1.0297266878300737
2 21 1.0761492366459886
2 22 1.033456112765179
2 23 1.2595281534644263
2 24 1.4904119331601549
2 25 0
2 26 1.029670656992601
2 27 1.1805579446199534
2 28 1.2288931795905884
2 29 1.4337372253054115
3 0 1.2659675685988299
3 1 0
3 2 1.0634573587068754
3 3 1.099701138061546
3 4 1.0502098693593118
3 5 0
3 6 1.3632403648496374
3 7 1.3071018292414853
3 8 1.3091796777827165
3 9 0
3 10 1.2451288604215784
3 11 1.3531997289525048
3 12 1.1362028427556548
3 13 1.4020746076877606
3 14 1.0484354323861298
3 15 1.2479017629450315
3 16 1.223459711414065
3 17 1.244429062225979
3 18 1.2090302957087644
3 19 1.2097245178467988
3 20 1.1829771184955444
3 21 1.1889919736998462
3 22 0
3 23 1.0906981900496373
3 24 1.2740616920371772
3 25 1.180912439626243
3 26 1.075441364186319
3 27 1.2607759088018642
3 28 1.1884507585361683
3 29 1.2539937113369264
4 0 0.9937855527735253
4 1 0.978311627725545
4 2 1.213369566425924
4 3 1.3474404111269516
4 4 1.0979868386647957
4 5 0
4 6 1.2201646207417993
4 7 1.1671139968583617
4 8 1.2909115590390665
4 9 0
4 10 1.0742082495898975
4 11 0
4 12 1.1284931712494213
4 13 1.2733332937501434
4 14 1.2957803798182823
4 15 1.1724686512578595
4 16 1.2494224367765754
4 17 0
4 18 1.3714312620269955
4 19 1.202313330706973
4 20 0
4 21 1.1618170618056478
4 22 0
4 23 1.226527810136315
4 24 1.056682544355439
4 25 1.2863670712141508
4 26 1.2308807622978537
4 27 0
4 28 0
4 29 1.150203582629434
5 0 0
5 1 0
5 2 1.0489179564664137
5 3 1.1690479405176124
5 4 1.1000235021537352
5 5 1.0601771171275174
5 6 1.2297194860967136
5 7 1.2335076731153052
5 8 1.2038876991917877
5 9 1.1837028800199083
5 10 0
5 11 1.143243282890286
5 12 0
5 13 0
5 14 1.1457354120343657
5 15 1.308594731913537
5 16 1.2120822481276134
5 17 1.2623666420495856
5 18 0
5 19 1.024966369742331
5 20 1.1438913949733795
5 21 1.1701420673114318
5 22 1.1920946838292739
5 23 1.373897678595925
5 24 0
5 25 1.0877918627277992
5 26 1.4001796071624117
5 27 1.1864374113595655
5 28 0.9803035321140684
5 29 1.30268233066511
6 0 0
6 1 0
6 2 1.3313375531610006
6 3 1.517470830485163
6 4 0
6 5 1.2022085118796717
6 6 1.2631767818411568
6 7 1.5452345777284493
6 8 0
6 9 0
6 10 0
6 11 0
6 12 1.4523494918261133
6 13 0
6 14 1.32538134211952
6 15 1.2838400640076053
6 16 0
6 17 0
6 18 0
6 19 1.2304273962431607
6 20 1.352389970528631
6 21 1.3470256873022186
6 22 1.402825822391724
6 23 1.1893234350177495
6 24 1.0842239301102454
6 25 0
6 26 1.3637028143835346
6 27 1.382996492930397
6 28 0
6 29 1.301986725606911
7 0 1.0348353407547424
7 1 1.0719733886422267
7 2 0
7 3 0
7 4 1.1321898456648936
7 5 1.307995002274742
7 6 1.223459711414065
7 7 1.282872946894997
7 8 1.286970709757539
7 9 0
7 10 1.3567514303393078
7 11 0
7 12 0
7 13 0
7 14 0
7 15 0
7 16 1.2383347705900494
7 17 0
7 18 0
7 19 0
7 20 0
7 21 1.4332048647304214
7 22 0
7 23 1.1277424262856215
7 24 1.0849680994002144
7 25 1.320264303890779
7 26 1.2658544165866548
7 27 1.1067579226446924
7 28 1.3147788249244627
7 29 0
8 0 1.1457716804552678
8 1 1.2649667409662053
8 2 1.2078161898110737
8 3 1.0826601071802822
8 4 1.4199632251022936
8 5 1.5419451366775987
8 6 1.2109287874124353
8 7 1.3792029999698792
8 8 1.3342241954196596
8 9 1.1985663054076103
8 10 0
8 11 0
8 12 0
8 13 0
8 14 1.3322060294175484
8 15 0
8 16 0
8 17 0
8 18 0
8 19 1.2076472672089387
8 20 0
8 21 1.2668397444393653
8 22 1.1611792740793716
8 23 1.2666702949471378
8 24 1.0690369325563212
8 25 1.1230127251304614
8 26 0
8 27 1.3517395153116545
8 28 1.1166952030354493
8 29 1.169975470781948
9 0 1.2586780848440848
9 1 1.3270617055663487
9 2 0
9 3 1.12704404912019
9 4 1.3974584162994095
9 5 1.4034445187139368
9 6 1.1602898262887462
9 7 0
9 8 1.1782262940991861
9 9 0
9 10 1.3371440663799643
9 11 1.4336470419786127
9 12 1.5593761880910089
9 13 0
9 14 0
9 15 0
9 16 0
9 17 0
9 18 1.1251334820685637
9 19 1.3837238677240036
9 20 1.2684807081345097
9 21 0
9 22 1.337408575310377
9 23 1.2060078358504343
9 24 1.2467682183241175
9 25 1.060207324990097
9 26 0
9 27 1.2177717933264287
9 28 1.0937532039759013
9 29 1.141882670094762
10 0 1.2042084961128154
10 1 1.3650698270054478
10 2 0
10 3 1.111869438636943
10 4 1.2138728550717186
10 5 1.5205297747038133
10 6 1.3408461284803908
10 7 0
10 8 1.290085829934393
10 9 1.2040958915894289
10 10 0
10 11 0
10 12 1.2810862649829275
10 13 1.0800970597951656
10 14 0
10 15 0
10 16 0
10 17 0
10 18 1.2333701508783
10 19 0
10 20 0
10 21 0
10 22 1.1146267627545479
10 23 1.2924295838442792
10 24 1.1857528185792503
10 25 1.180172628341766
10 26 0
10 27 0.9624436052816773
10 28 1.0927342024113675
10 29 0
11 0 1.3701167805662722
11 1 1.2294226995350162
11 2 1.184890558325581
11 3 1.087513017526495
11 4 0
11 5 1.4497508795676344
11 6 0
11 7 1.2323027663068478
11 8 0
11 9 0
11 10 0
11 11 0
11 12 0
11 13 0
11 14 1.338115681380912
11 15 1.1618031461107259
11 16 0
11 17 0
11 18 1.293197663977914
11 19 1.2216369378421936
11 20 0
11 21 1.3873079401089996
11 22 1.2792890296075692
11 23 1.5377611726304834
11 24 0
11 25 1.2550187097824423
11 26 0.9919003093971119
11 27 0
11 28 1.0074567887141315
11 29 1.4203876844315915
12 0 1.507966618848098
12 1 1.1655210726959704
12 2 1.0889959110557883
12 3 1.142204197875737
12 4 0
12 5 1.2381202540104663
12 6 1.126317870235166
12 7 0
12 8 0
12 9 1.2779573773711657
12 10 1.291638658986242
12 11 0
12 12 1.1660975463140912
12 13 0
12 14 1.27483995719127
12 15 0
12 16 0
12 17 0
12 18 1.4059885176654496
12 19 1.089343892355325
12 20 0
12 21 1.2285979964293838
12 22 0
12 23 1.2340530216053733
12 24 0
12 25 0
12 26 1.1781273112324004
12 27 0
12 28 0
12 29 1.1961435489286523
13 0 1.159501807700892
13 1 1.1074165996913734
13 2 1.3315808678633794
13 3 1.0987483516231626
13 4 1.139723827906473
13 5 1.1352098847231522
13 6 0
13 7 0
13 8 1.2554872522041909
13 9 0
13 10 1.0294950820123374
13 11 0
13 12 0
13 13 0
13 14 0
13 15 1.3347674386815078
13 16 0
13 17 1.2140152408948681
13 18 1.128786910345961
13 19 0
13 20 1.364074092787451
13 21 0
13 22 1.3139260263049573
13 23 0
13 24 1.2273127517200078
13 25 0
13 26 0
13 27 1.282689686240194
13 28 0
13 29 1.3419126591873165
14 0 1.2411616076362062
14 1 1.0094294607344918
14 2 1.0827404253482138
14 3 1.1893234350177495
14 4 0
14 5 1.2179980379429816
14 6 0
14 7 1.4501202338395827
14 8 1.3914420742762117
14 9 1.3177323551288846
14 10 1.4301377879620136
14 11 1.1945864274987876
14 12 1.342444580126756
14 13 0
14 14 1.1560918554172
14 15 0
14 16 0
14 17 0
14 18 1.4837201654999737
14 19 0
14 20 0
14 21 0
14 22 0
14 23 1.3406492613996221
14 24 1.259729322526802
14 25 0
14 26 1.2177388499582682
14 27 1.134611465206908
14 28 0
14 29 1.0660084406663357
15 0 1.1796424587083882
15 1 1.272134443612919
15 2 0
15 3 1.1198575014817802
15 4 0
15 5 0
15 6 0
15 7 0
15 8 1.0627291014957885
15 9 0
15 10 1.1728122116920034
15 11 1.2253094929418709
15 12 0
15 13 1.2570656088269578
15 14 1.3814459269849213
15 15 1.1859136391882357
15 16 1.3814459269849213
15 17 1.2570656088269578
15 18 0
15 19 1.2253094929418709
15 20 1.1728122116920034
15 21 0
15 22 1.0627291014957885
15 23 0
15 24 0
15 25 0
15 26 0
15 27 1.1198575014817802
15 28 0
15 29 1.272134443612919
16 0 0
16 1 1.0660084406663357
16 2 0
16 3 1.134611465206908
16 4 1.2177388499582682
16 5 0
16 6 1.259729322526802
16 7 1.3406492613996221
16 8 0
16 9 0
16 10 0
16 11 0
16 12 1.4837201654999737
16 13 0
16 14 0
16 15 0
16 16 1.1560918554172
16 17 0
16 18 1.342444580126756
16 19 1.1945864274987876
16 20 1.4301377879620136
16 21 1.3177323551288846
16 22 1.3914420742762117
16 23 1.4501202338395827
16 24 0
16 25 1.2179980379429816
16 26 0
16 27 1.1893234350177495
16 28 1.0827404253482138
16 29 1.0094294607344918
17 0 1.2918505417209125
17 1 1.3419126591873165
17 2 0
17 3 1.282689686240194
17 4 0
17 5 0
17 6 1.2273127517200078
17 7 0
17 8 1.3139260263049573
17 9 0
17 10 1.364074092787451
17 11 0
17 12 1.128786910345961
17 13 1.2140152408948681
17 14 0
17 15 1.3347674386815078
17 16 0
17 17 0
17 18 0
17 19 0
17 20 1.0294950820123374
17 21 0
17 22 1.2554872522041909
17 23 0
17 24 0
17 25 1.1352098847231522
17 26 1.139723827906473
17 27 1.0987483516231626
17 28 1.3315808678633794
17 29 1.1074165996913734
18 0 1.3503249253180072
18 1 1.1961435489286523
18 2 0
18 3 0
18 4 1.1781273112324004
18 5 0
18 6 0
18 7 1.2340530216053733
18 8 0
18 9 1.2285979964293838
18 10 0
18 11 1.089343892355325
18 12 1.4059885176654496
18 13 0
18 14 0
18 15 0
18 16 1.27483995719127
18 17 0
18 18 1.1660975463140912
18 19 0
18 20 1.291638658986242
18 21 1.2779573773711657
18 22 0
18 23 0
18 24 1.126317870235166
18 25 1.2381202540104663
18 26 0
18 27 1.142204197875737
18 28 1.0889959110557883
18 29 1.1655210726959704
19 0 1.0396794554671223
19 1 1.4203876844315915
19 2 1.0074567887141315
19 3 0
19 4 0.9919003093971119
19 5 1.2550187097824423
19 6 0
19 7 1.5377611726304834
19 8 1.2792890296075692
19 9 1.3873079401089996
19 10 0
19 11 1.2216369378421936
19 12 1.293197663977914
19 13 0
19 14 0
19 15 1.1618031461107259
19 16 1.338115681380912
19 17 0
19 18 0
19 19 0
19 20 0
19 21 0
19 22 0
19 23 1.2323027663068478
19 24 0
19 25 1.4497508795676344
19 26 0
19 27 1.087513017526495
19 28 1.184890558325581
19 29 1.2294226995350162
20 0 1.0900780345730783
20 1 0
20 2 1.0927342024113675
20 3 0.9624436052816773
20 4 0
20 5 1.180172628341766
20 6 1.1857528185792503
20 7 1.2924295838442792
20 8 1.1146267627545479
20 9 0
20 10 0
20 11 0
20 12 1.2333701508783
20 13 0
20 14 0
20 15 0
20 16 0
20 17 1.0800970597951656
20 18 1.2810862649829275
20 19 0
20 20 0
20 21 1.2040958915894289
20 22 1.290085829934393
20 23 0
20 24 1.3408461284803908
20 25 1.5205297747038133
20 26 1.2138728550717186
20 27 1.111869438636943
20 28 0
20 29 1.3650698270054478
21 0 1.0346227456335482
21 1 1.141882670094762
21 2 1.0937532039759013
21 3 1.2177717933264287
21 4 0
21 5 1.060207324990097
21 6 1.2467682183241175
21 7 1.2060078358504343
21 8 1.337408575310377
21 9 0
21 10 1.2684807081345097
21 11 1.3837238677240036
21 12 1.1251334820685637
21 13 0
21 14 0
21 15 0
21 16 0
21 17 0
21 18 1.5593761880910089
21 19 1.4336470419786127
21 20 1.3371440663799643
21 21 0
21 22 1.1782262940991861
21 23 0
21 24 1.1602898262887462
21 25 1.4034445187139368
21 26 1.3974584162994095
21 27 1.12704404912019
21 28 0
21 29 1.3270617055663487
22 0 1.0640734910975203
22 1 1.169975470781948
22 2 1.1166952030354493
22 3 1.3517395153116545
22 4 0
22 5 1.1230127251304614
22 6 1.0690369325563212
22 7 1.2666702949471378
22 8 1.1611792740793716
22 9 1.2668397444393653
22 10 0
22 11 1.2076472672089387
22 12 0
22 13 0
22 14 0
22 15 0
22 16 1.3322060294175484
22 17 0
22 18 0
22 19 0
22 20 0
22 21 1.1985663054076103
22 22 1.3342241954196596
22 23 1.3792029999698792
22 24 1.2109287874124353
22 25 1.5419451366775987
22 26 1.4199632251022936
22 27 1.0826601071802822
22 28 1.2078161898110737
22 29 1.2649667409662053
23 0 1.094717709291947
23 1 0
23 2 1.3147788249244627
23 3 1.1067579226446924
23 4 1.2658544165866548
23 5 1.320264303890779
23 6 1.0849680994002144
23 7 1.1277424262856215
23 8 0
23 9 1.4332048647304214
23 10 0
23 11 0
23 12 0
23 13 0
23 14 1.2383347705900494
23 15 0
23 16 0
23 17 0
23 18 0
23 19 0
23 20 1.3567514303393078
23 21 0
23 22 1.286970709757539
23 23 1.282872946894997
23 24 1.223459711414065
23 25 1.307995002274742
23 26 1.1321898456648936
23 27 0
23 28 0
23 29 1.0719733886422267
24 0 1.1782577683478284
24 1 1.301986725606911
24 2 0
24 3 1.382996492930397
24 4 1.3637028143835346
24 5 0
24 6 1.0842239301102454
24 7 1.1893234350177495
24 8 1.402825822391724
24 9 1.3470256873022186
24 10 1.352389970528631
24 11 1.2304273962431607
24 12 0
24 13 0
24 14 0
24 15 1.2838400640076053
24 16 1.32538134211952
24 17 0
24 18 1.4523494918261133
24 19 0
24 20 0
24 21 0
24 22 0
24 23 1.5452345777284493
24 24 1.2631767818411568
24 25 1.2022085118796717
24 26 0
24 27 1.517470830485163
24 28 1.3313375531610006
24 29 0
25 0 1.3322187416116251
25 1 1.30268233066511
25 2 0.9803035321140684
25 3 1.1864374113595655
25 4 1.4001796071624117
25 5 1.0877918627277992
25 6 0
25 7 1.373897678595925
25 8 1.1920946838292739
25 9 1.1701420673114318
25 10 1.1438913949733795
25 11 1.024966369742331
25 12 0
25 13 1.2623666420495856
25 14 1.2120822481276134
25 15 1.308594731913537
25 16 1.1457354120343657
25 17 0
25 18 0
25 19 1.143243282890286
25 20 0
25 21 1.1837028800199083
25 22 1.2038876991917877
25 23 1.2335076731153052
25 24 1.2297194860967136
25 25 1.0601771171275174
25 26 1.1000235021537352
25 27 1.1690479405176124
25 28 1.0489179564664137
25 29 0
26 0 1.2352319862029637
26 1 1.150203582629434
26 2 0
26 3 0
26 4 1.2308807622978537
26 5 1.2863670712141508
26 6 1.056682544355439
26 7 1.226527810136315
26 8 0
26 9 1.1618170618056478
26 10 0
26 11 1.202313330706973
26 12 1.3714312620269955
26 13 0
26 14 1.2494224367765754
26 15 1.1724686512578595
26 16 1.2957803798182823
26 17 1.2733332937501434
26 18 1.1284931712494213
26 19 0
26 20 1.0742082495898975
26 21 0
26 22 1.2909115590390665
26 23 1.1671139968583617
26 24 1.2201646207417993
26 25 0
26 26 1.0979868386647957
26 27 1.3474404111269516
26 28 1.213369566425924
26 29 0.978311627725545
27 0 1.27595048343847
27 1 1.2539937113369264
27 2 1.1884507585361683
27 3 1.2607759088018642
27 4 1.075441364186319
27 5 1.180912439626243
27 6 1.2740616920371772
27 7 1.0906981900496373
27 8 0
27 9 1.1889919736998462
27 10 1.1829771184955444
27 11 1.2097245178467988
27 12 1.2090302957087644
27 13 1.244429062225979
27 14 1.223459711414065
27 15 1.2479017629450315
27 16 1.0484354323861298
27 17 1.4020746076877606
27 18 1.1362028427556548
27 19 1.3531997289525048
27 20 1.2451288604215784
27 21 0
27 22 1.3091796777827165
27 23 1.3071018292414853
27 24 1.3632403648496374
27 25 0
27 26 1.0502098693593118
27 27 1.099701138061546
27 28 1.0634573587068754
27 29 0
28 0 1.1315314256068012
28 1 1.4337372253054115
28 2 1.2288931795905884
28 3 1.1805579446199534
28 4 1.029670656992601
28 5 0
28 6 1.4904119331601549
28 7 1.2595281534644263
28 8 1.033456112765179
28 9 1.0761492366459886
28 10 1.0297266878300737
28 11 1.0162618179446712
28 12 1.086963836992855
28 13 1.268740051468861
28 14 1.3901241316343174
28 15 0
28 16 1.1960484306330181
28 17 0
28 18 1.2907973807540092
28 19 1.3106936605331454
28 20 1.263735967325879
28 21 1.3231530092940478
28 22 1.0922687629426968
28 23 0
28 24 1.2341132682274267
28 25 1.1788270023297331
28 26 0
28 27 1.2420749366660084
28 28 1.151252317164499
28 29 1.2353914563124178
29 0 1.3468686696468035
29 1 0.9673443755259153
29 2 1.121019205631086
29 3 1.2236914888762769
29 4 1.1760723095455936
29 5 1.3094209956439764
29 6 1.1057113779843228
29 7 0
29 8 1.2775985651488644
29 9 1.3270617055663487
29 10 1.334070413244764
29 11 0
29 12 0
29 13 0
29 14 0
29 15 0
29 16 1.2904528579722947
29 17 1.3752906983646846
29 18 1.2362555704499936
29 19 1.0742737127791226
29 20 1.192720066443168
29 21 1.0620818545397939
29 22 1.3362605214196102
29 23 1.0925440690206123
29 24 1.2958617635183483
29 25 1.1757833343055333
29 26 1.1729017378355016
29 27 1.2726432722492762
29 28 1.1109064951432046
29 29 1.0505046196739762
