0 0 0
0 1 0
0 2 0
0 3 0
0 4 0
0 5 1.252331513570458
0 6 1.286205163600272
0 7 0
0 8 0
0 9 0
0 10 0
0 11 1.3335533298198365
0 12 1.6418878538528463
0 13 1.2309135040585957
0 14 0
0 15 0
0 16 0
0 17 0
0 18 1.0899204314883684
0 19 1.6150934611402428
0 20 1.3037651830564523
0 21 1.2564973838515807
0 22 0
0 23 0
0 24 0
0 25 1.1844409842163832
0 26 0.9688666852160562
0 27 1.4449190783980264
0 28 0
0 29 0
1 0 0
1 1 0
1 2 0
1 3 0
1 4 1.1993362443495874
1 5 1.2892639051418704
1 6 0
1 7 0
1 8 0
1 9 1.1070726336025543
1 10 1.3126057246080507
1 11 0
1 12 0
1 13 1.6970546084734202
1 14 1.3882031945748035
1 15 1.612568250690493
1 16 1.5239581349797218
1 17 1.2206118063486213
1 18 1.2845513401633308
1 19 1.2502741521022807
1 20 0
1 21 1.2425012736692032
1 22 1.2646045224109819
1 23 1.164989336625634
1 24 0
1 25 0
1 26 0
1 27 1.3473198276255296
1 28 1.2034490059745575
1 29 0
2 0 0.9416981381594062
2 1 0
2 2 0
2 3 1.0794463450033482
2 4 1.6060413537861375
2 5 0
2 6 0
2 7 0
2 8 1.3350885938214456
2 9 0
2 10 1.2327067444646977
2 11 1.2537637505740296
2 12 1.6256065263871502
2 13 1.0840346897601536
2 14 1.3094278948289109
2 15 1.3593040891198955
2 16 0
2 17 0
2 18 1.2123168613600879
2 19 1.318481416006307
2 20 1.3134329437677923
2 21 1.2632793771124482
2 22 0
2 23 1.331889360931856
2 24 0
2 25 0
2 26 0
2 27 1.075271410867536
2 28 0
2 29 1.1265801760607463
3 0 0
3 1 0
3 2 1.1683864462659719
3 3 1.093027586682212
3 4 0
3 5 1.2949523573324957
3 6 0
3 7 1.6586109120192596
3 8 1.0488480340990545
3 9 0
3 10 1.2795295019990065
3 11 0
3 12 1.4507982879779844
3 13 1.2288417878762632
3 14 0
3 15 1.4432331535331233
3 16 0
3 17 1.4104772486075832
3 18 1.3235745696681545
3 19 1.1926753964655645
3 20 1.474600185466541
3 21 0
3 22 1.0407009412816968
3 23 0
3 24 1.1734694766501907
3 25 1.1609924974884631
3 26 0
3 27 0
3 28 0
3 29 1.1932785659691472
4 0 0
4 1 0
4 2 1.61913887188165
4 3 0
4 4 0
4 5 1.3482366015202176
4 6 1.3769944527674454
4 7 0
4 8 1.3054505855752772
4 9 0
4 10 1.8590833562016178
4 11 0
4 12 1.0426080200705887
4 13 1.141734430004458
4 14 1.5555088182149512
4 15 1.6653024974308221
4 16 1.804664575139417
4 17 1.7074793006987232
4 18 1.5308179910518398
4 19 1.484663276133538
4 20 1.225279859056067
4 21 0
4 22 1.359114708156174
4 23 0
4 24 1.3015729274370982
4 25 0
4 26 1.2321649535358794
4 27 0
4 28 0
4 29 0
5 0 1.233643076956258
5 1 1.1791869859564361
5 2 1.1421470467435895
5 3 0
5 4 0
5 5 1.228603619150815
5 6 0
5 7 0
5 8 1.2374858567259328
5 9 1.1894811023688348
5 10 1.861495051339496
5 11 1.4345281083973802
5 12 1.5483081361012145
5 13 1.939731654373935
5 14 1.5163088299489176
5 15 1.6150790557424652
5 16 1.396355088795263
5 17 1.5436790543211236
5 18 1.3806131523095742
5 19 1.9316645790481954
5 20 1.1824380911947265
5 21 1.4403092610149695
5 22 1.1546928242394685
5 23 1.4654637291344115
5 24 1.2682400188147962
5 25 0
5 26 0
5 27 1.1599313819917592
5 28 1.0381256193895592
5 29 0
6 0 0
6 1 1.2678804474869338
6 2 1.1736810683355283
6 3 0
6 4 0
6 5 0
6 6 1.1445321107921318
6 7 1.287796137849092
6 8 1.2957790867902967
6 9 1.456683327021065
6 10 1.5585760275472402
6 11 1.3178101707560617
6 12 2.028135096894632
6 13 1.857848048422053
6 14 1.8699089136225309
6 15 2.537664427153435
6 16 1.6233668095123188
6 17 1.8649346344603261
6 18 2.094688899213195
6 19 1.4930571902509244
6 20 1.663316275781425
6 21 1.5635446697821476
6 22 1.1456248368874788
6 23 1.1788293280372952
6 24 1.37888951537567
6 25 0.9764951198844046
6 26 0
6 27 1.2697210601406945
6 28 0
6 29 1.2699761403787158
7 0 0
7 1 1.1960463646266992
7 2 0
7 3 0
7 4 1.3118337866074472
7 5 0
7 6 1.3781067120260675
7 7 0
7 8 1.2755054794844347
7 9 1.951927548060276
7 10 1.3711667685487643
7 11 1.5013710899659045
7 12 1.9271558283164532
7 13 1.7481472949039512
7 14 2.196736932796192
7 15 2.1027591188432666
7 16 2.5812271498693615
7 17 1.8725835426930844
7 18 1.9164627225786264
7 19 1.6777969769419043
7 20 1.5713205802677235
7 21 1.3780317217763076
7 22 2.18034248640595
7 23 1.3693995447254816
7 24 0
7 25 1.2813250668461047
7 26 1.363448253991689
7 27 0
7 28 1.1732575957587312
7 29 1.2590533496583287
8 0 0
8 1 0
8 2 0
8 3 1.2182930343380365
8 4 0
8 5 1.1979487216263913
8 6 1.1914329246356319
8 7 1.2425705413000678
8 8 1.6229511079528742
8 9 1.7737349100460904
8 10 1.6539146690833613
8 11 1.1725232030772692
8 12 1.8275862663159108
8 13 2.2487471294916714
8 14 2.245923486799602
8 15 3.4159840686282923
8 16 2.664655002074046
8 17 2.5052158636037247
8 18 1.894066021923244
8 19 1.6875348260088656
8 20 1.8326538384839701
8 21 1.266627530288915
8 22 0
8 23 1.8176914671345734
8 24 1.5797773721479405
8 25 1.2306211472850357
8 26 1.3864340286113481
8 27 0
8 28 0
8 29 1.1233819982361408
9 0 1.1877477222624895
9 1 0
9 2 1.179449123750311
9 3 1.3962836419611475
9 4 1.5440000733477846
9 5 1.0831137184910777
9 6 1.1866331505235397
9 7 1.2472607380242544
9 8 1.464819923388712
9 9 1.3225258992183822
9 10 1.4474543835735023
9 11 2.6419465401409608
9 12 2.0149098479335725
9 13 2.6298566149295786
9 14 3.3476563805337403
9 15 4.440239417560881
9 16 4.968347183289387
9 17 2.7567802399806203
9 18 1.9095071100905778
9 19 2.5345505973726046
9 20 1.2757227438764136
9 21 1.1652466905827128
9 22 1.5044103112291631
9 23 1.545398305339306
9 24 1.6944031013732173
9 25 1.1218950106039602
9 26 0
9 27 0.9254950260709122
9 28 0
9 29 1.2113868208956005
10 0 1.0933087699592687
10 1 0
10 2 0
10 3 1.2423410349999542
10 4 1.104481560001203
10 5 1.5275045423355256
10 6 1.3998351186430595
10 7 1.67592792601623
10 8 1.6729884013585998
10 9 2.0540634552687926
10 10 2.067522138894744
10 11 2.108690710634882
10 12 2.1786099228072198
10 13 3.1404805493295305
10 14 5.798043373408215
10 15 29.943965876229285
10 16 7.325869033837476
10 17 2.6102195633720378
10 18 2.4227327170038704
10 19 1.8882368956215876
10 20 2.6488667870555855
10 21 1.8571779580469854
10 22 1.6162777407333453
10 23 1.9636470414569387
10 24 1.477297696169692
10 25 1.1902504250924104
10 26 1.3305849455026102
10 27 1.5282109585285126
10 28 0.9196573391115763
10 29 0
11 0 0
11 1 1.0905462627409535
11 2 1.2199603760096018
11 3 0
11 4 0
11 5 1.2833033818960178
11 6 1.4431477197260327
11 7 0
11 8 1.3332112787627763
11 9 1.6695550272031978
11 10 1.9043704859367556
11 11 2.5647409593877977
11 12 2.796667175738581
11 13 2.8660777337478707
11 14 4.632735118003659
11 15 4.944026743227516
11 16 3.9496525621824845
11 17 3.557188755932438
11 18 1.9421983145040451
11 19 1.6340655990784532
11 20 2.3520446370802053
11 21 1.598118537196837
11 22 1.2980080033511252
11 23 1.6728420930222176
11 24 1.4265231172559967
11 25 1.854759768421349
11 26 1.4870767885001577
11 27 1.1701090501233475
11 28 1.4803926166692625
11 29 1.3319520202034068
12 0 0
12 1 0
12 2 1.2214016423757987
12 3 1.1952227698918636
12 4 1.2963446096703852
12 5 1.5614448889243355
12 6 0
12 7 1.4977481643418824
12 8 1.6717130420785724
12 9 1.624249897790186
12 10 1.3465013227274218
12 11 1.8045582388768684
12 12 1.4642980636530694
12 13 2.8188093834370584
12 14 3.4865839472081728
12 15 3.010504043315442
12 16 2.6346469857978705
12 17 2.3253935525611604
12 18 1.9244715244887736
12 19 1.7986107957920576
12 20 2.0933894544351506
12 21 1.6979233182579072
12 22 1.9874320237047185
12 23 1.7355945247318287
12 24 1.7451799899257663
12 25 1.6756460669633664
12 26 1.1962934738081694
12 27 1.4226308569738146
12 28 0
12 29 1.524272325653439
13 0 0
13 1 1.0120381977406046
13 2 1.352869208054529
13 3 0
13 4 0
13 5 0
13 6 1.1132910334485022
13 7 1.7121665411165117
13 8 1.755877618709843
13 9 2.113355786508702
13 10 1.1070093422644647
13 11 2.0027234662571853
13 12 2.209780247392959
13 13 2.357764845778215
13 14 2.2375055603529024
13 15 2.8914984783684132
13 16 2.8452688641791712
13 17 1.3140642880095286
13 18 1.6075493907945089
13 19 2.227218131767452
13 20 2.2885578982506414
13 21 1.71688719625215
13 22 1.4585034057234576
13 23 1.4226931857008622
13 24 1.6305354745496365
13 25 0
13 26 1.3278131522291936
13 27 0
13 28 1.3635680072565806
13 29 1.35044967709004
14 0 0
14 1 0
14 2 0
14 3 1.2722773848017976
14 4 1.5842424273890248
14 5 1.17719282391283
14 6 1.4132174372253066
14 7 1.8129171689865093
14 8 1.6787672515623588
14 9 1.3368078707348239
14 10 1.561906197371017
14 11 1.9958362572170145
14 12 1.874277027709749
14 13 1.9310343874763005
14 14 2.5035072453970924
14 15 2.165643331596863
14 16 1.982952167269143
14 17 2.126901851863466
14 18 1.3545697968914039
14 19 1.8418589740645572
14 20 1.7755805938517284
14 21 1.4859807684776891
14 22 1.8160198702601305
14 23 1.7388773860318858
14 24 1.1756482061362215
14 25 1.4728684982832676
14 26 1.258686927091175
14 27 1.1244422491706767
14 28 1.3363956004289652
14 29 1.2269084076081236
15 0 1.2776881770153607
15 1 0
15 2 1.3515801633234246
15 3 1.3976636809511285
15 4 1.0715478625497055
15 5 0
15 6 1.3211239100310201
15 7 1.4975655319666437
15 8 1.6306963899055174
15 9 1.4013962010335679
15 10 1.7840535590637874
15 11 1.7162946322092172
15 12 2.0047478508107774
15 13 2.258200391297544
15 14 1.9108676167825633
15 15 2.6602512358277406
15 16 2.4643936771637804
15 17 1.6374347628176271
15 18 2.035572465476185
15 19 1.9169013805681203
15 20 1.9963318166110242
15 21 1.7500268356697128
15 22 2.069558526224525
15 23 1.6288159554586015
15 24 1.5875729514925783
15 25 2.1479650089517066
15 26 1.3862655573402332
15 27 0
15 28 1.3804800898419123
15 29 1.2801750157019134
16 0 0
16 1 0
16 2 1.4369677732178743
16 3 0
16 4 0
16 5 1.2563319129716737
16 6 1.528672841101903
16 7 1.6322986600079241
16 8 1.5403824709289773
16 9 1.4917170191936928
16 10 1.9788017107896432
16 11 1.5480073524629345
16 12 2.0621805371991013
16 13 1.5945754564931933
16 14 1.982952167269143
16 15 2.2833942561941813
16 16 1.5882988072193474
16 17 2.021157800610648
16 18 2.1133195076622195
16 19 1.7137402918162536
16 20 1.9160948589651525
16 21 1.721214148711526
16 22 1.3951943058461789
16 23 1.1386853491381528
16 24 1.5286776476342996
16 25 1.2761216122442012
16 26 1.8205262012046695
16 27 1.3942247895110431
16 28 1.598542143885407
16 29 1.5920124934936313
17 0 0
17 1 1.208293130767578
17 2 0
17 3 0
17 4 1.5269817579172331
17 5 1.3537060254575726
17 6 1.4595990849900544
17 7 1.438399579958074
17 8 1.3824558356224852
17 9 2.0110783135253634
17 10 1.391768853814744
17 11 2.5970422314125363
17 12 1.8978678840192904
17 13 1.3140642880095286
17 14 2.057519037579326
17 15 2.151899428153984
17 16 1.9280766864724295
17 17 2.424747399437929
17 18 1.8102930641145418
17 19 1.315063605475041
17 20 1.928679161014823
17 21 1.943279335657721
17 22 1.6015186312043832
17 23 1.0748761117230992
17 24 1.5750415749810283
17 25 1.5295198240080605
17 26 1.6173261112448647
17 27 1.3418104608683452
17 28 1.5592869019600115
17 29 1.3377254222866597
18 0 0
18 1 1.2497303470528436
18 2 1.259871216162806
18 3 0
18 4 0
18 5 1.2078689786709658
18 6 1.1882299486904364
18 7 1.3530221688240465
18 8 1.5808593303797012
18 9 2.2320489237144048
18 10 2.2242989326045377
18 11 2.098379112800757
18 12 1.9244715244887736
18 13 1.8680206457239046
18 14 2.8635257153743856
18 15 3.2470254719418694
18 16 3.224645440596599
18 17 2.110378909178889
18 18 1.8079110847555189
18 19 2.355325106903036
18 20 1.7906621823121456
18 21 2.4127817737488932
18 22 1.9987936689113825
18 23 1.4192208212836557
18 24 1.2980736262844241
18 25 1.62184994389995
18 26 1.7737883412822537
18 27 1.1952337861696143
18 28 1.2406483884019408
18 29 1.4988430229934973
19 0 0
19 1 0
19 2 1.3896664911215608
19 3 0
19 4 0
19 5 1.4555076909800428
19 6 1.352258550474215
19 7 2.0114456741568514
19 8 1.8635435914940883
19 9 2.0325021705976107
19 10 1.9782018048526875
19 11 1.6340655990784532
19 12 1.9090508823653596
19 13 2.611992996479814
19 14 4.366944370114153
19 15 8.024768406652479
19 16 4.247338558358448
19 17 2.454460613644949
19 18 2.1361734061844446
19 19 2.1580209394606498
19 20 1.7778060358752907
19 21 2.0094630631645685
19 22 1.3286744655592528
19 23 1.588759933479368
19 24 1.736890205707029
19 25 1.6178562701421253
19 26 1.3925871869357505
19 27 1.240092233559446
19 28 1.3533945853231342
19 29 1.1424413812294645
20 0 0
20 1 1.1322546502745758
20 2 1.8062766005974435
20 3 0
20 4 1.3338367570931906
20 5 1.4180064395975953
20 6 1.2404866663597154
20 7 1.829303279915774
20 8 1.8646736719262444
20 9 1.4380750434823548
20 10 2.6488667870555855
20 11 1.4736875043587312
20 12 2.628634351150229
20 13 3.1122343977726166
20 14 6.528981666210648
20 15 27.876086623826666
20 16 5.550733639960216
20 17 4.38588854248034
20 18 2.6089082385190365
20 19 2.1829765132023127
20 20 1.8096716933498407
20 21 1.6626000397102605
20 22 2.626890890465596
20 23 1.8405143820892833
20 24 2.0892658120428167
20 25 1.6742585125468306
20 26 1.9834388243430885
20 27 1.646454678516333
20 28 1.7956520914224037
20 29 1.1365025137285685
21 0 0
21 1 1.113250137854222
21 2 1.39321815231778
21 3 1.374835868976344
21 4 1.2129115137048034
21 5 1.2923086261547823
21 6 1.5166832910079604
21 7 1.5934124364358002
21 8 1.7125390647039709
21 9 1.1652466905827128
21 10 1.4778291120268108
21 11 2.4820460521300087
21 12 2.2502281312372334
21 13 4.234171087465488
21 14 5.489093966387702
21 15 7.275838059781398
21 16 4.78768035802549
21 17 2.2947789349937553
21 18 2.806658497993895
21 19 1.9689331625001512
21 20 1.6904538684364039
21 21 1.945913845452005
21 22 1.9987329443418862
21 23 1.6213496382309056
21 24 1.6624235457589254
21 25 1.9303187123029666
21 26 2.718036951798852
21 27 1.7866928336687555
21 28 1.6165996582107809
21 29 1.3253779186591557
22 0 0
22 1 0
22 2 1.284812834186324
22 3 0
22 4 1.2796184484480804
22 5 1.38635399541324
22 6 1.3685532774708649
22 7 1.2525828248719715
22 8 0
22 9 1.4961967724141274
22 10 1.7049834724436101
22 11 2.0695069904726164
22 12 2.51414040449748
22 13 2.631592133621579
22 14 2.5504558232123196
22 15 2.664005960808191
22 16 2.7103353773703267
22 17 3.070191715257714
22 18 1.5447470626243076
22 19 2.1499258339036387
22 20 2.122822225654052
22 21 1.5898627732852124
22 22 1.7187064546818065
22 23 2.026871578592909
22 24 1.517124748019169
22 25 1.7872086050434266
22 26 2.80321941791636
22 27 1.472929170134366
22 28 1.9182728178724506
22 29 1.4140074256391657
23 0 0
23 1 0
23 2 1.4419736582430958
23 3 1.4683067852272704
23 4 0
23 5 1.0800666678208604
23 6 1.4098761900576375
23 7 1.3693995447254816
23 8 1.2172740349892321
23 9 1.9439891621107381
23 10 1.6667965523857122
23 11 1.4114062052567666
23 12 1.5956665615246641
23 13 1.81580248053776
23 14 2.442860350917389
23 15 1.9402514504842772
23 16 2.1551052856718047
23 17 1.896747436742812
23 18 2.032903011553069
23 19 2.2234376809079404
23 20 2.2822228827041973
23 21 1.992778846038055
23 22 2.0090461175311334
23 23 2.3558613062747638
23 24 2.072802061798473
23 25 2.278659704177053
23 26 2.518567310678908
23 27 2.4249757770033837
23 28 1.093970981217456
23 29 1.3861677976737277
24 0 0
24 1 0
24 2 1.2696431611317132
24 3 1.1156539748237317
24 4 0
24 5 1.2681472442367983
24 6 1.37888951537567
24 7 1.561866502551682
24 8 1.2423914901088415
24 9 1.627661754249137
24 10 1.3217733806759866
24 11 1.3535520136481491
24 12 1.3088892299557198
24 13 1.9606035010320784
24 14 1.42803947934253
24 15 1.8447063846874128
24 16 2.041418281685824
24 17 2.6999659543374777
24 18 1.7315666311622535
24 19 2.048782253205168
24 20 1.3730143138722166
24 21 2.7784241834268646
24 22 2.5382463207005896
24 23 3.2956781323622235
24 24 4.086322733090376
24 25 5.784132121179537
24 26 3.653380982390629
24 27 2.2146045950461977
24 28 1.511242763140847
24 29 1.6281199183347441
25 0 1.2481573255515757
25 1 0
25 2 1.1337419372451165
25 3 1.291164111157525
25 4 1.3809459542793312
25 5 0
25 6 0
25 7 1.328760357894407
25 8 1.313656738770373
25 9 1.4770979981059669
25 10 1.8130726695931012
25 11 1.3639971483544426
25 12 1.3955457905158817
25 13 1.6525368075506475
25 14 2.3548226077453793
25 15 1.8251345557136107
25 16 1.4592454625180575
25 17 1.747499110683961
25 18 2.0605887751471315
25 19 2.168299079796105
25 20 1.7488983854522813
25 21 1.5819155850293987
25 22 1.8601637987954793
25 23 2.767165152364727
25 24 4.784744292207109
25 25 18.685006188932277
25 26 3.1840560919630163
25 27 2.1646762765432457
25 28 2.064876966739777
25 29 1.9337673017985688
26 0 0
26 1 0
26 2 0
26 3 0
26 4 1.2321649535358794
26 5 0
26 6 1.8295293220318916
26 7 0
26 8 1.2758818822190279
26 9 1.3496886692378651
26 10 1.6240538621635285
26 11 1.6497519112140036
26 12 1.7073217648458043
26 13 1.3215902899896705
26 14 1.368072223478915
26 15 1.958307055596499
26 16 1.5235101430861502
26 17 1.4160733306894617
26 18 1.4957498688546336
26 19 2.1899485472436964
26 20 1.6775376791693062
26 21 1.8257592745280435
26 22 2.2189159204876034
26 23 2.47879206350548
26 24 4.53515882956264
26 25 4.762877152997237
26 26 4.274246545729909
26 27 1.862331183937152
26 28 1.9584170464070172
26 29 1.8166339982045214
27 0 1.081118182289373
27 1 0
27 2 1.1037665294730694
27 3 0
27 4 1.091841732715175
27 5 0
27 6 0
27 7 1.4990060884281438
27 8 1.501304408895268
27 9 0
27 10 1.1527900808595428
27 11 1.5388301431197855
27 12 1.4731200660973425
27 13 1.271449358081139
27 14 1.469841664318865
27 15 1.5850828710909317
27 16 1.6587746793487959
27 17 1.5551181464634594
27 18 1.2130966312252929
27 19 1.475599992340744
27 20 2.0620397981638474
27 21 1.7749603852457554
27 22 2.200974184938478
27 23 2.032955129414785
27 24 2.7819640992309833
27 25 2.3670320392100295
27 26 2.1111380458210323
27 27 2.0929153754694996
27 28 1.7626068584375156
27 29 2.262370312812892
28 0 0
28 1 1.1926066864599585
28 2 0
28 3 0
28 4 0
28 5 1.3635349167216737
28 6 1.4095011383638312
28 7 1.2719337804875583
28 8 1.1271220807018156
28 9 1.2350871628168056
28 10 0
28 11 0
28 12 1.7170839215224545
28 13 1.600613131558002
28 14 0
28 15 2.163795420445047
28 16 1.1641859021068819
28 17 1.487788434488314
28 18 1.9077565501245408
28 19 1.24938631352444
28 20 1.459629714525327
28 21 1.7859734816982342
28 22 1.9191781067631268
28 23 1.432594539161067
28 24 1.8372572931522688
28 25 1.5856333700352017
28 26 2.239607167062387
28 27 1.8134703823977691
28 28 1.4009865933920689
28 29 1.3773337181062355
29 0 0
29 1 0
29 2 0
29 3 1.2652552039630034
29 4 0
29 5 0
29 6 1.3369038907758508
29 7 0
29 8 1.1181551991252907
29 9 1.288720308473895
29 10 1.1656820351405643
29 11 1.4792761668134433
29 12 1.4240130742967059
29 13 1.3878066536072535
29 14 1.7056985094055805
29 15 1.5085005618066587
29 16 0
29 17 1.406387267868744
29 18 1.6310305571294712
29 19 1.3067209690190427
29 20 1.4930391143406816
29 21 1.196303365660618
29 22 1.546851739683076
29 23 1.744351907386975
29 24 1.8749142251948097
29 25 1.7306639028291264
29 26 1.8387996351641074
29 27 1.2746651050664433
29 28 1.3822162536141378
29 29 1.384917397399424
