0 0 0
0 1 0
0 2 0
0 3 0
0 4 0
0 5 1.1540463267958707
0 6 1.0454090659523305
0 7 1.152160583359704
0 8 0
0 9 0
0 10 1.15926766824722
0 11 0
0 12 1.3039831510638438
0 13 1.2088174859260836
0 14 0
0 15 0
0 16 0
0 17 0
0 18 0
0 19 1.537640814113211
0 20 1.3960865873087598
0 21 0
0 22 1.230877252979963
0 23 0
0 24 0
0 25 0
0 26 0
0 27 0
0 28 1.2019827981778917
0 29 1.111440871096851
1 0 0
1 1 0
1 2 0
1 3 0.9652154883935057
1 4 0
1 5 1.3164528291535929
1 6 1.003901754744037
1 7 0
1 8 0
1 9 1.2090598415854523
1 10 1.2896714084892142
1 11 1.0841906292678618
1 12 1.1899830404619818
1 13 0
1 14 1.2688532389173701
1 15 2.192878076487528
1 16 1.5817011010313375
1 17 1.2849802077011525
1 18 0
1 19 1.5245800882813747
1 20 0
1 21 0
1 22 1.2875170976040857
1 23 1.4703808554388338
1 24 0
1 25 0
1 26 0
1 27 0
1 28 0
1 29 0
2 0 1.1690785312173624
2 1 0
2 2 0
2 3 0
2 4 1.319048782950885
2 5 0
2 6 0
2 7 0
2 8 1.4224322696049754
2 9 1.630849012197357
2 10 0
2 11 0
2 12 0
2 13 0
2 14 1.2313092679119408
2 15 0
2 16 0
2 17 0
2 18 0
2 19 1.273399936995341
2 20 1.2387066759099434
2 21 0
2 22 0
2 23 1.225932931484246
2 24 0
2 25 1.4042062446007502
2 26 0
2 27 0
2 28 1.107518448539568
2 29 1.2374272077072415
3 0 1.2739461842431892
3 1 0
3 2 0
3 3 1.3320262421440927
3 4 1.0302166461463054
3 5 0
3 6 1.5346999161922803
3 7 1.2588731367523665
3 8 0
3 9 0
3 10 1.3700652617244926
3 11 0
3 12 1.4074037847618535
3 13 0
3 14 1.3321589175274628
3 15 1.2415470100342194
3 16 0
3 17 1.683118337275881
3 18 1.3673820453606185
3 19 1.337419467410482
3 20 1.4191929561760617
3 21 0
3 22 1.179543869383138
3 23 1.407277085049397
3 24 1.194299683773235
3 25 1.3896738633991284
3 26 1.1016156582758088
3 27 0
3 28 0
3 29 1.0835762708555072
4 0 0
4 1 0
4 2 0.9211891112909317
4 3 0
4 4 0
4 5 0
4 6 1.3690052395300218
4 7 0
4 8 0
4 9 1.4198357948557745
4 10 1.4337646838014522
4 11 1.2695292896258459
4 12 1.4684560483972928
4 13 1.5142456764627796
4 14 1.7179316097655257
4 15 1.6858006974399742
4 16 1.3858824525650417
4 17 1.5791609273243072
4 18 1.6022027934609475
4 19 1.6386370794170957
4 20 1.2726997948151255
4 21 1.711722342601316
4 22 0
4 23 1.2939538491830525
4 24 1.1344086620765896
4 25 0
4 26 1.4854498073863422
4 27 1.1967341615158646
4 28 0
4 29 0
5 0 0
5 1 1.109632085441711
5 2 1.0822531392290187
5 3 1.154853138338693
5 4 1.208581078416552
5 5 1.32648997190822
5 6 0
5 7 1.2042923707194242
5 8 1.4151038426641187
5 9 1.5628249929689606
5 10 1.32782982147895
5 11 1.3939527759998298
5 12 1.4590622538763054
5 13 1.9726495038450549
5 14 1.8218182858646865
5 15 1.4732182691962457
5 16 1.7946129733710663
5 17 1.5718931002905117
5 18 1.4019462485813943
5 19 1.6830500160395705
5 20 1.5029404017902435
5 21 1.7946243373220703
5 22 1.18817073489548
5 23 1.3868464335927346
5 24 1.3397334425851035
5 25 0
5 26 0
5 27 1.411829673043295
5 28 1.1528323679279393
5 29 0
6 0 1.1580273164351995
6 1 1.1341984476712597
6 2 0
6 3 0
6 4 0
6 5 1.52169230362994
6 6 0
6 7 1.6077737463288289
6 8 1.0198453387818227
6 9 1.303085435888894
6 10 1.5887668711609986
6 11 2.115646362526258
6 12 1.3806902642995642
6 13 1.497247275489464
6 14 1.7682690502353193
6 15 1.9544713240274507
6 16 2.1025962319644345
6 17 2.3494855286405434
6 18 1.9446849330430624
6 19 1.2207700470556546
6 20 1.5358639025471603
6 21 1.3410578338963677
6 22 1.6347387576319554
6 23 0
6 24 0
6 25 1.4000306795569808
6 26 1.272802141636411
6 27 0
6 28 1.3330417964273922
6 29 0
7 0 0
7 1 1.2643417898097236
7 2 1.1287583724257166
7 3 0
7 4 0
7 5 0
7 6 1.5316734585132932
7 7 1.7051937526398213
7 8 1.5328542987060105
7 9 1.7383979520598372
7 10 1.4647420155318163
7 11 1.1155028411089578
7 12 1.4845371176273927
7 13 2.0143737430141493
7 14 1.9222903406474803
7 15 2.196736683129488
7 16 2.2983628019456215
7 17 2.2821422373165854
7 18 2.058120332454657
7 19 1.846766946283951
7 20 1.3789447245690156
7 21 1.3342332549598759
7 22 0
7 23 1.358417827387822
7 24 1.541309616777268
7 25 1.1837286476738602
7 26 1.2661803919227175
7 27 0
7 28 0
7 29 1.4300486492131204
8 0 1.2769823215998926
8 1 1.2563640718169797
8 2 0
8 3 1.0938487413689024
8 4 0
8 5 1.2136028453234495
8 6 1.1874230970963662
8 7 0
8 8 1.3579596596561556
8 9 1.400175525908318
8 10 1.85152621900547
8 11 0
8 12 1.9451301442936564
8 13 1.6478760146466234
8 14 1.6132735037513841
8 15 2.684956953991056
8 16 2.307177787880933
8 17 2.608586284233042
8 18 1.7552714140451793
8 19 1.5912359396753655
8 20 2.630579141091648
8 21 1.4921780157976523
8 22 1.7016140713369952
8 23 1.8302048913680733
8 24 1.7592919397525204
8 25 1.2443620894105503
8 26 1.190197593446367
8 27 0
8 28 1.3411319899780634
8 29 1.1725128213990226
9 0 1.0522239706196481
9 1 0
9 2 0
9 3 1.1216224115968736
9 4 1.188922704145483
9 5 1.2611337451128635
9 6 1.5765147919959324
9 7 0
9 8 1.601056244339316
9 9 1.4294257841806792
9 10 1.9524375332259718
9 11 0
9 12 2.7819954774357405
9 13 1.9210225694666778
9 14 2.795042513663341
9 15 4.498081036698073
9 16 3.5417055137747537
9 17 4.21358719764724
9 18 3.040553021286592
9 19 2.1488137299931283
9 20 2.1033096361737913
9 21 1.6218718009703639
9 22 1.1770288117934513
9 23 1.3307428614536032
9 24 1.3799340735219285
9 25 1.4638028169771726
9 26 0
9 27 0
9 28 0
9 29 1.1473700297747431
10 0 1.192669999700203
10 1 0
10 2 0
10 3 1.5282908898779703
10 4 1.2872286809100624
10 5 0
10 6 1.15464754197758
10 7 1.2263767205233098
10 8 1.7005958681065425
10 9 1.8140017522142697
10 10 2.1424760989581637
10 11 1.222960101602906
10 12 2.115106397256824
10 13 2.264415542329665
10 14 3.628649092866278
10 15 6.671871620088617
10 16 25.217380883566623
10 17 5.704417055589319
10 18 2.456945419598923
10 19 1.7190480719593415
10 20 1.9677489750089998
10 21 1.7062406537253443
10 22 1.456892781627747
10 23 0
10 24 1.3259124957072637
10 25 1.6695975439324282
10 26 1.1279663833805225
10 27 1.5391389677208225
10 28 0
10 29 1.1947869379021903
11 0 0
11 1 0
11 2 0
11 3 1.1539227922233066
11 4 0
11 5 0
11 6 1.45748518644097
11 7 1.7763111913578304
11 8 1.2621807623385275
11 9 1.2068955746947692
11 10 1.7735628737426032
11 11 2.208671644895268
11 12 1.5868485034975164
11 13 2.158173262636005
11 14 2.8232865160241905
11 15 4.853341404737724
11 16 4.548158757725699
11 17 6.224164701033093
11 18 3.8962600248402435
11 19 2.3920206718570802
11 20 1.6472564989075569
11 21 2.138952076227333
11 22 1.8281598271324044
11 23 1.3548534480659518
11 24 2.1826096757691573
11 25 1.554212611756875
11 26 1.1422611540976537
11 27 1.1807522064515885
11 28 1.3585231734443306
11 29 0
12 0 0
12 1 0
12 2 1.5938416965452629
12 3 0
12 4 1.1389925445954288
12 5 0
12 6 1.5446869083711492
12 7 1.5959564278000362
12 8 1.5702481334078882
12 9 1.2267332748013742
12 10 1.9404294659221117
12 11 2.0515501163125522
12 12 1.622115248036274
12 13 2.2655034579393813
12 14 2.49032124021117
12 15 3.77903961919718
12 16 3.506057601617763
12 17 2.4505398205767195
12 18 2.4873383077160094
12 19 2.4053053900592003
12 20 2.327416179682656
12 21 1.7782249521866482
12 22 1.6434455037214866
12 23 1.6611923919525264
12 24 2.1004352703230826
12 25 1.490317367646173
12 26 1.4255631738936705
12 27 1.433371416979012
12 28 1.1566824235371487
12 29 1.0825445101878013
13 0 0
13 1 1.3495062883502502
13 2 1.2031396536096874
13 3 0
13 4 1.098704944162728
13 5 1.1789120784595666
13 6 1.3983362008629208
13 7 1.358697129641194
13 8 1.5086207549407689
13 9 1.5024730290187802
13 10 1.281886433754598
13 11 2.5229045586429257
13 12 2.201639531709784
13 13 2.5340859405760074
13 14 2.1330934874727303
13 15 2.1376495828805644
13 16 2.5950131973031616
13 17 2.541287697428831
13 18 2.3214118078011965
13 19 1.6973790712787697
13 20 2.029265483385685
13 21 2.0369653084224337
13 22 1.8646315470171657
13 23 1.4751587087639488
13 24 1.9865161363125765
13 25 1.5390386233532507
13 26 1.6260998169218093
13 27 1.7350836391839561
13 28 0
13 29 1.5531525399032178
14 0 0
14 1 0
14 2 0
14 3 1.351914420641878
14 4 1.0917715111499113
14 5 1.509506250854743
14 6 1.5896459955105169
14 7 1.3435841439648502
14 8 1.7314686477947696
14 9 1.4732723923588034
14 10 1.4953391230142095
14 11 1.556260346448714
14 12 2.599299525816067
14 13 1.8056167559187557
14 14 2.025210424993386
14 15 2.752888777793445
14 16 2.199515481694347
14 17 1.7763749659778818
14 18 1.9153318801341783
14 19 1.932603092179127
14 20 1.844259020870301
14 21 1.7437667525860991
14 22 1.3271643093516003
14 23 1.8364111092219801
14 24 1.4843751177648807
14 25 0
14 26 1.7328917863353086
14 27 1.231451978460156
14 28 1.4500483545843978
14 29 0
15 0 0
15 1 0
15 2 1.656808695973661
15 3 0
15 4 1.2219116671141066
15 5 1.3876352694621628
15 6 1.1992734974795012
15 7 1.581407902581585
15 8 2.048375566083519
15 9 1.3331268946980641
15 10 1.2924913770664628
15 11 2.255225858703389
15 12 1.898137795520418
15 13 2.0566336057974084
15 14 1.7777469717194903
15 15 1.8085850805528598
15 16 1.981947638857957
15 17 1.8032888531187685
15 18 2.243145983343344
15 19 2.549896193307948
15 20 2.06357339880343
15 21 1.9761510841833687
15 22 1.3182727635232117
15 23 1.6813690868866342
15 24 1.3826656780514381
15 25 1.483372243122376
15 26 1.2698725622325842
15 27 1.7758803974324546
15 28 0
15 29 1.178048794447033
16 0 0
16 1 0
16 2 0
16 3 0
16 4 1.3138549462283713
16 5 0
16 6 1.5155547631969395
16 7 1.4276942089637064
16 8 0
16 9 1.6584236593620325
16 10 1.9236824532615815
16 11 2.4884925916752985
16 12 1.9368659021030223
16 13 2.444929129570579
16 14 2.199515481694347
16 15 1.7856248680010272
16 16 2.90175810421036
16 17 1.8115877154833369
16 18 2.280004325278268
16 19 2.684256585070267
16 20 1.9953286944194786
16 21 1.6152194052941422
16 22 1.5231035814711409
16 23 1.2561783684638794
16 24 1.484261277774189
16 25 1.5501553162212027
16 26 1.8025660087179334
16 27 1.6335183885155178
16 28 1.538512147448314
16 29 1.812760022336162
17 0 1.0989075085749702
17 1 0.9392267116630559
17 2 0
17 3 1.2039576327278692
17 4 1.3508968648294761
17 5 1.340452971841719
17 6 1.4723196323700056
17 7 0
17 8 1.9012153533219656
17 9 1.4758433841376468
17 10 2.2952828782065477
17 11 1.440200422140664
17 12 2.114794001807244
17 13 2.541287697428831
17 14 2.5083476812102603
17 15 1.9317744517725957
17 16 1.9734162069957828
17 17 1.9017665895096014
17 18 1.9301395675108757
17 19 2.230359986074341
17 20 1.8320919963113693
17 21 1.757265066318913
17 22 1.4351673475866682
17 23 1.4011914098196727
17 24 1.2610490923835351
17 25 1.1745254924670865
17 26 1.098705013323548
17 27 1.3553427553578892
17 28 0
17 29 1.8350318682231084
18 0 0
18 1 1.1511003185383424
18 2 0
18 3 0
18 4 1.2442271485284442
18 5 1.3545328788974065
18 6 1.5845388725741543
18 7 1.1477945990098952
18 8 1.3750810535477553
18 9 1.5649777877596134
18 10 1.8396201292481844
18 11 2.2937690502746038
18 12 2.4873383077160094
18 13 3.1318102278067506
18 14 4.310600146678037
18 15 2.2900573213676534
18 16 2.3659916763580164
18 17 2.03214688536832
18 18 1.4326102426736556
18 19 1.6048983651256863
18 20 1.8144576013246798
18 21 2.4420551386687515
18 22 2.098176460281888
18 23 1.510020385699603
18 24 1.6573894899752017
18 25 1.3878591131682976
18 26 1.2496376436843046
18 27 1.7509808548353942
18 28 1.2151177203006118
18 29 1.3994309504022087
19 0 0
19 1 0
19 2 1.4163782353562084
19 3 0
19 4 1.3399181820379917
19 5 1.3411706709624744
19 6 1.4409244940190071
19 7 1.2077097927319689
19 8 1.662694696266865
19 9 1.424408761460519
19 10 2.4010047577327724
19 11 2.3920206718570802
19 12 3.7819629583660506
19 13 3.643607944722306
19 14 6.6504798762198565
19 15 4.616787526446585
19 16 2.8029568238515985
19 17 3.016774929439578
19 18 2.1281734420106466
19 19 1.9186440799269628
19 20 2.0150447676963315
19 21 1.979582326464019
19 22 1.8645597199511095
19 23 1.6638301586998168
19 24 1.7309016258055485
19 25 1.421965411886672
19 26 1.6518717076177885
19 27 1.867745049025677
19 28 1.402420263175387
19 29 1.3896348171318047
20 0 0
20 1 0
20 2 1.5721542463503972
20 3 0
20 4 1.4846830103547362
20 5 1.3299436083104268
20 6 1.7098467446954708
20 7 1.436705566553229
20 8 1.885458241497793
20 9 1.4300590379694214
20 10 1.9677489750089998
20 11 1.6635949088686002
20 12 2.972980978840421
20 13 5.025712329430666
20 14 32.73694067849966
20 15 4.624695197384379
20 16 3.1458564363305603
20 17 2.565350950912735
20 18 1.6438837273414848
20 19 1.5140293248183763
20 20 1.8540437197708606
20 21 1.8344733292924036
20 22 1.8926712284260374
20 23 1.940652490764301
20 24 1.9101171965499752
20 25 1.7572151012357342
20 26 1.439493420698141
20 27 1.3215916802388101
20 28 1.7362766334690725
20 29 1.5577268865350768
21 0 0
21 1 1.2607297470774812
21 2 1.383646874015614
21 3 0
21 4 1.0964760291321198
21 5 1.2480845001919154
21 6 1.4556689486823642
21 7 1.7032154144675224
21 8 1.4646960274048864
21 9 1.6218718009703639
21 10 1.7086409921512127
21 11 2.358304693810148
21 12 3.4948593593945563
21 13 4.949503752602312
21 14 4.35775403104048
21 15 5.366877554231247
21 16 2.7848879594676146
21 17 2.5155956172557397
21 18 2.0823176674515986
21 19 1.805654491276039
21 20 1.9121930149482065
21 21 1.6175977193830258
21 22 1.9011145350937397
21 23 1.9910180457858069
21 24 1.7782389222932637
21 25 1.4142950910645051
21 26 2.339076912895915
21 27 1.5040426966166007
21 28 1.3547025893416416
21 29 1.5278934514081104
22 0 0
22 1 1.0445830965931002
22 2 0
22 3 1.292865271918391
22 4 1.167392705876413
22 5 0
22 6 1.7970306900422248
22 7 1.4805772969490771
22 8 1.7016140713369952
22 9 1.37739509248781
22 10 1.7962624882540923
22 11 1.748305548561888
22 12 1.8618016500843915
22 13 2.250793809612364
22 14 3.205411635100447
22 15 2.8143830500373275
22 16 2.646660688268727
22 17 2.754117086810426
22 18 1.7215111934320626
22 19 2.0294006185731077
22 20 1.7554619462137513
22 21 1.6856264503618472
22 22 1.5463795938799736
22 23 1.8906596211003985
22 24 2.0864572720234373
22 25 1.8003770030169155
22 26 1.925954515963023
22 27 2.1088817669149105
22 28 2.245341857287538
22 29 1.4064564764004666
23 0 0
23 1 0
23 2 1.5915094439415953
23 3 0
23 4 1.1763573336465918
23 5 1.820952836570197
23 6 1.3877310942109136
23 7 1.358417827387822
23 8 1.2131566227155803
23 9 1.700831369829036
23 10 2.0094529004992294
23 11 1.5676735524589893
23 12 1.7742833184393905
23 13 2.032379893808795
23 14 2.263893520912511
23 15 1.9861242548785822
23 16 2.147020714554132
23 17 1.6114990127950146
23 18 2.023412444251636
23 19 1.6208751907572057
23 20 1.3228097409538977
23 21 1.4972655236003716
23 22 1.7923973563997655
23 23 1.985184654269741
23 24 1.9080665192649902
23 25 2.60344445568194
23 26 2.5482039668652954
23 27 1.556335145620694
23 28 1.329005739871479
23 29 1.3888926102496617
24 0 1.2118599852035576
24 1 0
24 2 0
24 3 1.2403812446687323
24 4 0
24 5 1.5740826657235525
24 6 0
24 7 1.404948548757142
24 8 2.444805184457535
24 9 1.4616279227515874
24 10 1.9978904838087355
24 11 1.2942963543019073
24 12 1.8502254407050576
24 13 2.211350554487253
24 14 2.035695452693024
24 15 1.512601217687812
24 16 2.1108195225987596
24 17 2.581058139363534
24 18 1.3887645162389073
24 19 1.7020871427621318
24 20 2.1100987849002113
24 21 2.5126164495063903
24 22 2.166483022926296
24 23 3.3509877598801574
24 24 3.0944399839299113
24 25 5.45535678814069
24 26 3.942753615484767
24 27 2.1833259049832816
24 28 1.733217537185329
24 29 1.911547987569211
25 0 1.1061778654375882
25 1 0
25 2 0
25 3 1.1884052302248258
25 4 0
25 5 0
25 6 1.5056987933900097
25 7 1.7407237865158602
25 8 1.125811262075698
25 9 1.306306497446208
25 10 1.6200378833607452
25 11 1.5739847088579746
25 12 1.9692077472134548
25 13 1.2714868714559437
25 14 2.5157253584027286
25 15 1.885486484700207
25 16 1.8716200858712433
25 17 2.5298627312482793
25 18 1.7071711883485066
25 19 1.8413249636273148
25 20 1.667040313880348
25 21 1.6799819555842206
25 22 1.9167436649615504
25 23 2.5671329717658806
25 24 4.351698415139051
25 25 22.177976157733
25 26 3.435832020848712
25 27 2.8091646503241656
25 28 1.7008346660467741
25 29 1.722166667731887
26 0 1.3845440916580722
26 1 0
26 2 0
26 3 1.3397068250484827
26 4 1.4854498073863422
26 5 0
26 6 0
26 7 1.9961671875038465
26 8 1.6483796231617105
26 9 1.8820042238345984
26 10 1.1930157759467832
26 11 2.3081147700079008
26 12 2.3395802337033396
26 13 1.3312029648068804
26 14 1.9352000447897668
26 15 1.3372114208747052
26 16 1.744116157297798
26 17 1.554987760283815
26 18 1.7077683996243052
26 19 1.4679281825455117
26 20 1.3696489339271494
26 21 1.8649739256753337
26 22 1.929459540311191
26 23 2.8621148710993713
26 24 2.615900343604485
26 25 4.105398785849328
26 26 3.9209292801192586
26 27 1.9559369612140558
26 28 1.652615834688319
26 29 1.6093272477152474
27 0 1.1191018653748697
27 1 1.2905164573061934
27 2 1.3555313617830786
27 3 0
27 4 1.1143511008415075
27 5 0
27 6 0
27 7 1.5049293185784267
27 8 1.249507553713443
27 9 1.0466796611034168
27 10 1.4191929672130643
27 11 1.7255946076730018
27 12 1.7428517235230674
27 13 1.5414530855881683
27 14 1.5882712036441384
27 15 1.7262451976925046
27 16 1.3164601102979672
27 17 1.4679284565649693
27 18 1.6871087307831962
27 19 1.511893931149352
27 20 1.7062845417429375
27 21 1.513736940743767
27 22 1.9371441806330334
27 23 1.827190260185117
27 24 2.6838645395785687
27 25 2.7233104444639635
27 26 2.253865369535925
27 27 2.018413788157884
27 28 1.7394024772574028
27 29 1.4990364080463536
28 0 0
28 1 1.2281076706387661
28 2 1.107518448539568
28 3 0
28 4 0
28 5 1.1684015695205172
28 6 0
28 7 0
28 8 1.3400559415575322
28 9 1.4780646749256354
28 10 1.9523332843750447
28 11 1.4992191468984402
28 12 1.4540671234365663
28 13 1.4798189887169295
28 14 1.8517588688211302
28 15 2.142094418226998
28 16 1.4912892602312249
28 17 1.144289388950334
28 18 1.437549259381586
28 19 1.182131597343605
28 20 1.4519992387061338
28 21 1.5628972874450513
28 22 1.7997472028372665
28 23 1.5115971147391303
28 24 1.5054653658743629
28 25 1.905681616756807
28 26 1.7134050728169838
28 27 2.054972120446448
28 28 1.7165650802968115
28 29 1.2165507934019952
29 0 0
29 1 0
29 2 1.1270673957907027
29 3 0
29 4 0
29 5 0
29 6 0
29 7 0
29 8 1.2928862379385277
29 9 1.2435750200605045
29 10 0
29 11 0
29 12 1.1742855838240862
29 13 1.3692591741543165
29 14 1.8566367232436598
29 15 1.4725017963620264
29 16 1.7387989473351215
29 17 1.2750792942778413
29 18 1.3170159880353285
29 19 1.203094994714254
29 20 1.6166608621534597
29 21 1.5161399164507607
29 22 1.5014788727480646
29 23 1.6148318649556788
29 24 1.7836627462427823
29 25 1.6942275681406747
29 26 1.9138790130189833
29 27 1.5650472632506116
29 28 1.7616070005094446
29 29 1.1573484991514968
