0 0 1.284381132403936
0 1 0
0 2 0
0 3 0
0 4 0
0 5 0
0 6 0
0 7 0
0 8 1.1867926431807136
0 9 0
0 10 0
0 11 1.3675266755887976
0 12 0
0 13 1.5774310018259623
0 14 1.5559588771259505
0 15 1.2046029526136355
0 16 0
0 17 0
0 18 1.2103321080323028
0 19 1.029003897832233
0 20 0
0 21 1.2176939843571726
0 22 1.0964029260486523
0 23 0
0 24 0
0 25 0
0 26 1.3647053488277323
0 27 0
0 28 0
0 29 0
1 0 0
1 1 0
1 2 1.3503965821233563
1 3 1.2319643559127706
1 4 0
1 5 0
1 6 0
1 7 1.543695698799656
1 8 1.1407641304278342
1 9 0
1 10 0
1 11 1.4162632988656771
1 12 1.198309732583164
1 13 0
1 14 0
1 15 0
1 16 0
1 17 0
1 18 1.3249039312092195
1 19 1.2321438997624083
1 20 0
1 21 0
1 22 0
1 23 1.1771099507804794
1 24 1.1362108374207445
1 25 1.5214043201943066
1 26 1.1257930375837548
1 27 1.2284768005501734
1 28 1.017120413462613
1 29 0
2 0 0
2 1 0.9316013602467104
2 2 1.3610827664289549
2 3 0
2 4 1.0472174579272595
2 5 1.3713093870923099
2 6 1.141177423349816
2 7 0
2 8 1.200148071655308
2 9 1.094149408818806
2 10 0
2 11 1.5254508231228134
2 12 1.4173538910261028
2 13 1.4808849115638265
2 14 0
2 15 0
2 16 0
2 17 0
2 18 1.087348616361405
2 19 0
2 20 0
2 21 1.2374653982280748
2 22 0
2 23 0
2 24 0
2 25 0
2 26 1.166316372765106
2 27 1.082436238322324
2 28 1.4364952496106154
2 29 1.089754251558276
3 0 0
3 1 1.1934018399206276
3 2 0
3 3 0
3 4 1.1307452529788402
3 5 0
3 6 0
3 7 1.1932993330163344
3 8 1.2053587074316585
3 9 0
3 10 1.3435706850752103
3 11 1.3847696670178544
3 12 0
3 13 1.29494940949446
3 14 1.289455292476405
3 15 1.1344277603088964
3 16 1.2229687967359013
3 17 1.5253048268506624
3 18 0
3 19 0
3 20 0
3 21 1.1533802005999252
3 22 1.3817222393660573
3 23 1.3530023817204069
3 24 1.2112251838982
3 25 0
3 26 0
3 27 1.1524942705242671
3 28 0
3 29 1.2510317652308245
4 0 1.5682840116541108
4 1 0
4 2 0
4 3 1.1566135627615526
4 4 0
4 5 1.2569338053303845
4 6 1.3283816913650432
4 7 1.3770450397971832
4 8 1.5042947687448218
4 9 1.5845700606220106
4 10 1.5527727369773432
4 11 1.1771694098591567
4 12 1.289996754941818
4 13 1.5354139061360854
4 14 1.657861937183454
4 15 1.3386669209207391
4 16 1.5225434605823058
4 17 0
4 18 0
4 19 1.2850715070357954
4 20 1.1908306699886984
4 21 0
4 22 0
4 23 1.1212750796645303
4 24 0
4 25 1.1740738408469087
4 26 0
4 27 0
4 28 0
4 29 1.0810117416002998
5 0 1.1635569259923053
5 1 0
5 2 1.0637587330286613
5 3 0
5 4 0
5 5 1.5571028832508604
5 6 1.2341626614912735
5 7 2.1016388158429806
5 8 1.2993568741771293
5 9 1.760299905165892
5 10 1.618600019299166
5 11 1.2144304889075097
5 12 1.4495848221642413
5 13 1.8375205801922387
5 14 1.7657100371162375
5 15 1.2707116164370313
5 16 1.7466667696179474
5 17 1.2962809970273181
5 18 1.2507282468113066
5 19 1.2889632053797064
5 20 1.9408279496647591
5 21 0
5 22 1.7568229857661215
5 23 1.4767426012232632
5 24 0
5 25 0
5 26 0
5 27 0
5 28 0
5 29 0
6 0 1.4674437079819456
6 1 1.1434229278922865
6 2 1.1904373875367569
6 3 1.379157795475991
6 4 1.1802907335677046
6 5 1.3346874271967388
6 6 1.8783252046718124
6 7 1.284085386311218
6 8 1.4597608374731512
6 9 1.601221035837804
6 10 1.2251710814161534
6 11 1.8463667247735434
6 12 1.604099901269267
6 13 1.707820902198594
6 14 1.7179479000896292
6 15 1.4446331322975001
6 16 1.6770228511188072
6 17 1.9200075853468175
6 18 1.5004256741264763
6 19 1.4958567460771919
6 20 0
6 21 1.2257550329657256
6 22 1.4076825385371128
6 23 1.2138822050201012
6 24 0
6 25 1.1770195112377617
6 26 0
6 27 1.1678160278729814
6 28 1.1884529579989567
6 29 0
7 0 1.2271859848187847
7 1 1.2757106271076994
7 2 0
7 3 1.3061759723628126
7 4 1.466234455410937
7 5 1.241608631338126
7 6 1.8873920654694543
7 7 1.5402285113627423
7 8 1.8343432144595753
7 9 2.6758934951463456
7 10 1.8276134962330224
7 11 1.4528622742986432
7 12 1.6874482191975768
7 13 2.1177642482826418
7 14 1.8503298359902254
7 15 1.851885296461553
7 16 0
7 17 1.6761195172325207
7 18 1.6135844711974117
7 19 1.4799752373749033
7 20 1.3327301873663155
7 21 1.5447402422689023
7 22 1.1414179580661319
7 23 1.3530804576032816
7 24 1.344527965268145
7 25 1.3938879254056749
7 26 0
7 27 1.4733070849345873
7 28 1.087578736663798
7 29 0
8 0 0
8 1 1.2794736584466346
8 2 1.181296087876298
8 3 1.2862493355762814
8 4 0
8 5 1.5316067260371957
8 6 1.4912640478650767
8 7 1.676849113073184
8 8 1.9243522085008529
8 9 2.0037201931370965
8 10 3.1550157745610057
8 11 3.022008778626625
8 12 2.195481974021127
8 13 1.8748953507619277
8 14 2.155478292025742
8 15 1.79751376963985
8 16 1.262712309223307
8 17 1.1527021782745024
8 18 1.535670005863088
8 19 1.5177749332445094
8 20 1.6963605725769124
8 21 1.210863652755678
8 22 1.3464554153109387
8 23 0
8 24 0
8 25 1.0422264657162534
8 26 0
8 27 1.0336585624157
8 28 1.3467343010323487
8 29 1.3407894415155197
9 0 0
9 1 0
9 2 0
9 3 0
9 4 1.5789286209737234
9 5 1.5476273385476365
9 6 1.4689612999746993
9 7 1.7404722534066488
9 8 2.381933339742773
9 9 2.4588831796911763
9 10 4.188544726944368
9 11 5.052278288538714
9 12 4.7254956401460175
9 13 2.8774437975288136
9 14 1.6293741481961952
9 15 2.190882089615958
9 16 1.5086102582580903
9 17 1.2962338394820974
9 18 1.5471985337514789
9 19 1.142032078631517
9 20 1.419820877777526
9 21 1.2361852519967018
9 22 0
9 23 1.6915662895727746
9 24 1.18385845238681
9 25 1.1944624112330247
9 26 0
9 27 1.2248995460660974
9 28 1.1093790469664533
9 29 1.3544285492524928
10 0 1.2893978536209396
10 1 0
10 2 1.5007159879961194
10 3 1.1552086379725282
10 4 1.1910505521704733
10 5 1.5379053509028016
10 6 1.7558023823330384
10 7 1.9255442334547663
10 8 1.9574556041188629
10 9 3.3376796797927004
10 10 6.467173059715233
10 11 33.059161615170154
10 12 5.203705460290124
10 13 2.7822917429817315
10 14 2.3006901396390464
10 15 2.1662000571376145
10 16 1.7405468577071816
10 17 1.624656040501785
10 18 1.461244883837144
10 19 1.4526570248679556
10 20 1.6031782445246185
10 21 1.2284892117699502
10 22 1.7126998519949375
10 23 1.462881434821745
10 24 0
10 25 0
10 26 1.2527985809737958
10 27 1.2903137048751179
10 28 1.1140743274432898
10 29 1.1910651546731268
11 0 1.3249386282195865
11 1 1.232637652969701
11 2 0
11 3 0
11 4 1.6231688493306817
11 5 1.630077532516934
11 6 1.315251948505848
11 7 2.0879023143105444
11 8 2.2005813775154643
11 9 2.841311062260255
11 10 5.615505292723447
11 11 5.602138097042062
11 12 3.8389870736006855
11 13 2.5185090127185115
11 14 3.0740532261123863
11 15 1.7010545236625538
11 16 2.0665933459471564
11 17 1.5342833579537412
11 18 1.3151463326281825
11 19 1.4900445980999402
11 20 1.2985340876864317
11 21 1.9890850814322658
11 22 1.473021990216682
11 23 1.2001311354443727
11 24 1.8265483178987003
11 25 1.43369194744029
11 26 1.3856378937933762
11 27 0
11 28 1.2371100945097984
11 29 1.2835168378833186
12 0 0
12 1 1.1104468900907183
12 2 0
12 3 1.055544873684549
12 4 1.505967523916449
12 5 1.4650166545330432
12 6 2.1259419213436925
12 7 1.5091307766611104
12 8 1.7138924568869556
12 9 1.7378212341996795
12 10 2.710334617203926
12 11 3.1034138488794767
12 12 2.5809053995417526
12 13 2.498549226341186
12 14 2.016140550186798
12 15 2.5313770564132585
12 16 1.3000966123873448
12 17 1.3253007652606494
12 18 1.4716196838016251
12 19 1.7318755512288981
12 20 1.4053996844684924
12 21 1.372700681365204
12 22 1.9702332882935136
12 23 1.340516246400286
12 24 2.059940382988787
12 25 1.4782292480060548
12 26 0
12 27 1.577530917492393
12 28 0
12 29 1.1599246479537326
13 0 0
13 1 1.3611149085094203
13 2 1.4365067694999687
13 3 0
13 4 1.618441979231161
13 5 1.7673721745339084
13 6 1.1394420893141681
13 7 1.7520811102124274
13 8 1.9026621571159312
13 9 1.654929443991846
13 10 1.7795916992577783
13 11 2.6331828373533623
13 12 2.164678452630328
13 13 2.0507564822178934
13 14 1.5945076053083076
13 15 3.005856625771353
13 16 2.1765317543242655
13 17 2.3885871422433076
13 18 1.3458625805041866
13 19 1.7045903077168343
13 20 1.3216873692814277
13 21 1.6921681261275288
13 22 1.3769652609474115
13 23 1.6264216121410298
13 24 1.722215373086131
13 25 0
13 26 1.731827300829099
13 27 1.3706934914042357
13 28 1.2789166475890295
13 29 1.6024913107456398
14 0 1.2525395866351636
14 1 1.6744073867099099
14 2 0
14 3 0
14 4 0
14 5 1.6906518552121361
14 6 1.5927159958315655
14 7 0
14 8 1.765189159530476
14 9 1.8278823840380047
14 10 2.163293334594937
14 11 1.8410673278941945
14 12 1.5832556355611829
14 13 2.28317266352484
14 14 2.1715172917912917
14 15 1.770158035575449
14 16 1.8874044580459082
14 17 1.9622968439011659
14 18 2.339362340243299
14 19 1.615333736884467
14 20 2.1779583093207173
14 21 1.9167948066883052
14 22 1.4897874095647234
14 23 1.7019281123613528
14 24 2.1712070680578828
14 25 1.7448668552820241
14 26 1.7890167993999275
14 27 1.5363860114429375
14 28 1.2626964259882905
14 29 0
15 0 0
15 1 1.4246870316417644
15 2 1.4085873276031706
15 3 0
15 4 1.2389864271398099
15 5 1.2197899602646298
15 6 1.4070389011724536
15 7 1.3562133629274102
15 8 1.5941081378185462
15 9 1.3455526569640341
15 10 1.8223355539619641
15 11 2.2645464415495793
15 12 1.6211928744165012
15 13 1.9626118461806872
15 14 2.3021852638468965
15 15 2.6325110375662297
15 16 1.6001420268349988
15 17 1.8050384564934487
15 18 2.253422775332971
15 19 2.0904410527969652
15 20 2.225476023777753
15 21 1.9496545851343534
15 22 1.5998755333972903
15 23 1.8653641708959279
15 24 1.8282471757620398
15 25 2.4172394450682715
15 26 1.3307222642976198
15 27 1.5710863267283983
15 28 1.3327403176568569
15 29 1.7049005322155426
16 0 1.2512663268975974
16 1 1.3386152646278189
16 2 0
16 3 0
16 4 1.0895639782577968
16 5 0
16 6 1.4691199965397068
16 7 1.306393690497299
16 8 1.298292164876582
16 9 1.706624974678341
16 10 1.3056195700434923
16 11 1.336827920180083
16 12 1.994859229441141
16 13 1.7464675239714214
16 14 1.8874044580459082
16 15 1.8524362975212523
16 16 2.2507611145310964
16 17 2.0068575576628507
16 18 1.709005894059036
16 19 1.9909913773972376
16 20 2.086843432102705
16 21 1.7130478042121873
16 22 2.0049928558225645
16 23 1.9568211631590775
16 24 1.4981556040914457
16 25 1.481429469937605
16 26 1.9560620385022143
16 27 1.1681824520634667
16 28 1.5517791819189133
16 29 1.2264630311675093
17 0 1.116195523936603
17 1 0
17 2 0
17 3 1.0743419736966582
17 4 1.2827541016858288
17 5 0
17 6 1.2755504827754789
17 7 1.5569738573520833
17 8 1.5067611666920389
17 9 1.122808669317431
17 10 1.492043267224925
17 11 1.8114863957933145
17 12 1.1413838880155183
17 13 2.3885871422433076
17 14 1.8477116344506141
17 15 2.0180829861705187
17 16 1.6818287269794885
17 17 1.9185669750851464
17 18 2.462873953758191
17 19 2.729338390403056
17 20 2.1534040052316388
17 21 2.62080864468595
17 22 2.096374793974766
17 23 2.5229967987071547
17 24 2.1823505069179636
17 25 1.2839205931604076
17 26 1.4408489670191595
17 27 1.5212996657450273
17 28 1.8728034344992859
17 29 1.5316590445506597
18 0 0
18 1 0
18 2 1.3408794899536747
18 3 1.343543078054848
18 4 1.146358238242778
18 5 1.539548387181878
18 6 1.5722630132607893
18 7 1.2904969834745108
18 8 1.0847477592931687
18 9 1.4504645130679235
18 10 1.5347100670586569
18 11 1.83119867117404
18 12 1.4716196838016251
18 13 2.863948285384021
18 14 1.4888392224815539
18 15 1.6344511633045633
18 16 2.5459381571813764
18 17 2.3385130544456145
18 18 3.988787390733227
18 19 2.990469093420014
18 20 2.814383043520054
18 21 2.52312320318271
18 22 1.9663262296073634
18 23 1.653194904011507
18 24 1.9395167310749977
18 25 2.145731463712567
18 26 1.4330800413761575
18 27 1.5401661050016746
18 28 1.563250898066411
18 29 1.2315472325376358
19 0 0
19 1 0
19 2 0
19 3 0
19 4 1.1748739395886751
19 5 1.3030594237550086
19 6 0
19 7 1.3094347071174584
19 8 1.2762484866177004
19 9 1.235762481655023
19 10 1.5690620226210221
19 11 1.4900445980999402
19 12 1.275050407852991
19 13 1.650078328365476
19 14 2.1147355773018175
19 15 1.8087162023755556
19 16 1.8547360246936628
19 17 3.1887573790066805
19 18 4.213587196353535
19 19 4.514130894281639
19 20 4.284678352489742
19 21 4.09199530663073
19 22 1.832185941124435
19 23 2.420014484034243
19 24 1.9239924521084004
19 25 1.8528281413781358
19 26 1.8299992290275209
19 27 1.681367004533156
19 28 1.897917943791645
19 29 1.4609840487390413
20 0 0
20 1 0
20 2 0
20 3 1.0035179848754985
20 4 1.1742970389895626
20 5 1.4507690062458978
20 6 1.2175515799697514
20 7 1.603353170498256
20 8 1.0999952920391989
20 9 1.5701071356950194
20 10 1.6031782445246185
20 11 1.2876080555055909
20 12 1.632484518661958
20 13 1.3103555831644689
20 14 1.627874910074292
20 15 2.4968810393115795
20 16 2.4214548068511776
20 17 3.246862596745462
20 18 5.972996658221182
20 19 34.02596081756344
20 20 6.192441833729196
20 21 2.5064666004288507
20 22 2.4126778376358535
20 23 2.368431344809389
20 24 2.063592441390554
20 25 2.0318645416806334
20 26 2.1436660551875155
20 27 1.7150746285504426
20 28 1.5598251516427268
20 29 1.5182537077143234
21 0 1.1572129698701024
21 1 0
21 2 1.1146618043324497
21 3 1.155786290428235
21 4 1.1996044162409187
21 5 1.2127724752462057
21 6 1.3280463408182874
21 7 0
21 8 0
21 9 1.2361852519967018
21 10 1.4521655796279964
21 11 1.4818288153279415
21 12 1.607449468570827
21 13 1.8073597939495767
21 14 1.8571109225691862
21 15 1.8460210199544718
21 16 1.598746814583681
21 17 2.9941655036016503
21 18 6.01909675130484
21 19 4.439631166002596
21 20 3.9999672535058073
21 21 3.2210228346658414
21 22 2.6571952819335136
21 23 2.337681461345667
21 24 1.9481474089181887
21 25 2.1753522915064436
21 26 1.8394630733762862
21 27 2.0560765325369292
21 28 1.7165568249681504
21 29 1.871229398736161
22 0 1.233088523547586
22 1 0
22 2 0
22 3 1.4110259740908258
22 4 0
22 5 0
22 6 1.1680213992427273
22 7 1.4274798979591892
22 8 1.3464554153109387
22 9 0
22 10 1.6175890875195622
22 11 1.4942695692343186
22 12 1.7188648077410458
22 13 1.9848913377640656
22 14 2.128140708829444
22 15 1.9216841287272133
22 16 1.8232156629301768
22 17 2.3566220954428503
22 18 2.0141105573344733
22 19 3.612044448477792
22 20 3.220956618724572
22 21 2.6534750426733074
22 22 2.5577596752517455
22 23 2.0518406868879335
22 24 3.146682742874393
22 25 2.795068654361109
22 26 2.1698983470763777
22 27 1.8327672936261292
22 28 1.498708056097942
22 29 1.9504960999041887
23 0 1.143645387541463
23 1 0
23 2 0
23 3 0
23 4 1.3261840928396524
23 5 0
23 6 1.194301376969955
23 7 1.3530804576032816
23 8 0
23 9 1.3695748001974632
23 10 1.364724537891067
23 11 1.9662528153699343
23 12 1.1011927449678685
23 13 1.7772548643744983
23 14 1.6980048353319686
23 15 1.6485868475129342
23 16 1.8051998399909635
23 17 1.925789039915459
23 18 1.8355129287868481
23 19 2.8811206150792383
23 20 3.1414400658158814
23 21 2.457527073768609
23 22 3.1493313365323976
23 23 2.8707436096953916
23 24 2.8465585250022514
23 25 2.6344677687243387
23 26 2.502729731075254
23 27 2.014237694784376
23 28 1.633740215209094
23 29 2.301872463772081
24 0 1.1095055805034972
24 1 0
24 2 0
24 3 1.2444113288922791
24 4 1.2462082154980154
24 5 1.2322088841721897
24 6 0
24 7 0
24 8 1.3136208020912403
24 9 0
24 10 0
24 11 1.0751815857800961
24 12 1.3431319789210772
24 13 1.4816959945610007
24 14 1.6736050056348142
24 15 1.6902092353942242
24 16 1.9326913876016214
24 17 1.5130797488732255
24 18 2.027734593296897
24 19 2.1781637186257057
24 20 1.8781991626777794
24 21 2.312219772668567
24 22 1.9746964242036282
24 23 2.7957884149883068
24 24 3.8042890921999852
24 25 4.514647405133417
24 26 3.9579008855950546
24 27 2.4433295124291354
24 28 1.6579546161223062
24 29 1.8089015016896481
25 0 0.9737684250923436
25 1 1.3984917983913463
25 2 1.1211715886731466
25 3 0
25 4 1.2058135286542797
25 5 0
25 6 1.2768391052677681
25 7 1.007647086073591
25 8 1.1687066006904003
25 9 1.123315973177506
25 10 1.2215991755052364
25 11 1.476708271921889
25 12 1.8683444961223963
25 13 1.479390457417692
25 14 1.6182022459177814
25 15 2.0021955639483706
25 16 1.2433445840038846
25 17 2.100188824339475
25 18 1.6194398655330926
25 19 1.5768948670764251
25 20 2.1267381000740544
25 21 1.228626920024196
25 22 2.2950721507874334
25 23 2.6766689721929335
25 24 3.978491634554778
25 25 19.071458456852902
25 26 4.403612836905546
25 27 1.8991426976435204
25 28 2.0252329725349894
25 29 1.9620688620794127
26 0 1.2672019136504282
26 1 0
26 2 0
26 3 0
26 4 0
26 5 0
26 6 1.4827613909749229
26 7 0
26 8 0
26 9 0
26 10 0
26 11 1.3406598419462934
26 12 1.4886441072560574
26 13 1.4744099998468958
26 14 1.7811306369047948
26 15 1.4127877403686198
26 16 1.3513949624390937
26 17 1.6264013968715174
26 18 1.816269767358155
26 19 1.8640420461001794
26 20 2.0901393491175098
26 21 2.270649140641906
26 22 2.329230609686551
26 23 2.908587815816513
26 24 4.354694868152302
26 25 5.186089087173069
26 26 3.1905497915432104
26 27 2.082120400631451
26 28 1.517038354706297
26 29 1.4555883989190266
27 0 0
27 1 0.9972363866285624
27 2 0
27 3 1.1524942705242671
27 4 0
27 5 0
27 6 1.2154308268980578
27 7 0
27 8 1.1383265525857573
27 9 1.394959371439704
27 10 1.3741986614337756
27 11 1.5827995924227398
27 12 0
27 13 1.640360147842572
27 14 1.6387120215967756
27 15 2.021444869715855
27 16 1.5147753349347632
27 17 0
27 18 1.2894233526761794
27 19 1.6635220025895232
27 20 2.0754070147960073
27 21 1.9542847910919543
27 22 2.262690906949486
27 23 2.6498101964272767
27 24 2.3453154956961604
27 25 2.2924900297752915
27 26 1.631256775142662
27 27 1.5604908186891469
27 28 1.7867459275235171
27 29 1.359210768137848
28 0 0
28 1 0
28 2 1.4364952496106154
28 3 1.2947999193646786
28 4 0
28 5 0
28 6 1.2091188555893517
28 7 0
28 8 1.3038782999475498
28 9 1.2236567714672433
28 10 0
28 11 1.3583816635937889
28 12 0
28 13 1.3050712662079869
28 14 1.6067382700079176
28 15 1.3491938591365642
28 16 1.5785312266321043
28 17 1.3051679705665638
28 18 1.467182738759919
28 19 1.790216797510389
28 20 1.2315635542489944
28 21 1.498592937148101
28 22 1.6298714196670194
28 23 1.750469512070199
28 24 1.725894998386242
28 25 1.9889384969049417
28 26 1.4842283274936958
28 27 1.6155613192585196
28 28 2.2674137150432854
28 29 1.4052791657529018
29 0 1.1940402130780252
29 1 0
29 2 0.9864688691091954
29 3 0
29 4 1.2752802083253942
29 5 0
29 6 1.0758626427595053
29 7 0
29 8 0
29 9 0
29 10 1.2696038695055276
29 11 0
29 12 1.4491471454546085
29 13 0
29 14 0
29 15 1.4271781636402439
29 16 1.451618030667133
29 17 1.5611904565820385
29 18 1.1884695979199769
29 19 1.4162632988689883
29 20 1.4006411746034817
29 21 1.438930677025407
29 22 1.683985144926848
29 23 1.6042752076647033
29 24 1.9201833617315551
29 25 1.6836540885689726
29 26 1.4183204724233731
29 27 1.4921044688521545
29 28 1.2999537526097118
29 29 1.1351912973929712
