0 0 0
0 1 0
0 2 0
0 3 0
0 4 0
0 5 0
0 6 1.2711553811509086
0 7 0
0 8 0
0 9 1.3618716678417373
0 10 1.3670811180572997
0 11 0
0 12 0
0 13 0
0 14 0
0 15 0
0 16 0
0 17 1.4119400923787324
0 18 1.5372357258235567
0 19 1.6015868212755124
0 20 0
0 21 1.2758335697655363
0 22 0
0 23 0
0 24 0
0 25 1.1214604216149588
0 26 1.5351588673500192
0 27 0
0 28 1.1509185171378795
0 29 0
1 0 0
1 1 0
1 2 1.0813938667366267
1 3 0
1 4 0
1 5 1.041845000059698
1 6 0
1 7 0
1 8 1.1399337986574742
1 9 0
1 10 0
1 11 0
1 12 0
1 13 1.6539589976839622
1 14 1.428491714023262
1 15 2.205396157856366
1 16 1.2963064331053251
1 17 1.444595619215291
1 18 1.255241044448242
1 19 0
1 20 1.211723515036226
1 21 0
1 22 1.4407400397471435
1 23 0
1 24 0
1 25 0
1 26 1.1437992885904766
1 27 1.3671322712448106
1 28 0
1 29 1.0106525656829313
2 0 0
2 1 0.9192939750869544
2 2 1.2008218316824257
2 3 1.20361136524517
2 4 0.9950222607289207
2 5 1.1283841356783693
2 6 0
2 7 0
2 8 1.2212826348089176
2 9 1.2580039617601397
2 10 0
2 11 0
2 12 1.3531092516526833
2 13 1.4143079384137356
2 14 1.5283199257985929
2 15 0
2 16 1.2811833278177733
2 17 1.2429040032817997
2 18 1.1463228291178857
2 19 0
2 20 0
2 21 1.1927179969884338
2 22 1.2612659021544361
2 23 1.2914543976365007
2 24 0
2 25 0
2 26 0
2 27 0
2 28 0
2 29 0
3 0 0
3 1 0
3 2 1.272582355567953
3 3 0
3 4 0
3 5 0
3 6 1.1517072804006023
3 7 0
3 8 0
3 9 1.1573085418343847
3 10 0
3 11 1.4639090614114287
3 12 1.6653489385597413
3 13 1.363467477296582
3 14 1.4521538361748472
3 15 1.2467035011238132
3 16 1.75155360079791
3 17 1.4304182082071284
3 18 0
3 19 0
3 20 1.4100304961960208
3 21 1.483808569862682
3 22 0
3 23 0
3 24 1.2784910776887901
3 25 0
3 26 0
3 27 0
3 28 0
3 29 0
4 0 1.0217707566618146
4 1 1.119160258975451
4 2 0
4 3 0
4 4 1.1463327872876128
4 5 1.2273386803766273
4 6 1.3251719974657163
4 7 1.2093662407913162
4 8 0
4 9 1.1690287675299593
4 10 0
4 11 1.3708282160820142
4 12 1.935032557981656
4 13 1.5153330497127706
4 14 1.452269502413708
4 15 1.6914763573901432
4 16 1.646644226032085
4 17 1.4434400718816602
4 18 1.4204674579320193
4 19 1.448530549113964
4 20 0
4 21 1.2632937109969677
4 22 1.097233662601765
4 23 1.252188713453591
4 24 0
4 25 0
4 26 0
4 27 1.0618260623175362
4 28 0
4 29 0
5 0 1.1641725610737725
5 1 0
5 2 0
5 3 0
5 4 1.224309158072272
5 5 0
5 6 1.127335891822096
5 7 1.3967630893124612
5 8 0
5 9 1.6555475777298592
5 10 1.2648400584257347
5 11 2.211652854249364
5 12 1.5854132520132573
5 13 1.5079657516574327
5 14 1.9077074296931738
5 15 1.4770392116730084
5 16 1.6460278098923466
5 17 1.298261119594516
5 18 2.200385406245842
5 19 1.657381449547342
5 20 1.2162192936653933
5 21 0
5 22 1.1002730768755973
5 23 0
5 24 1.3452998641146738
5 25 1.3240631882959109
5 26 1.3897259397572983
5 27 1.38756005807907
5 28 0
5 29 0
6 0 1.3455535964728986
6 1 1.091804098785431
6 2 0
6 3 1.3307124951919644
6 4 1.1745345717920863
6 5 1.2898214491139641
6 6 1.0661996397398563
6 7 1.166852856667745
6 8 1.170665356109858
6 9 1.8942632525617464
6 10 1.1021486837095402
6 11 1.6890522388368536
6 12 2.187349108441894
6 13 2.144739671324826
6 14 2.4555526750247814
6 15 1.9581016337541446
6 16 1.4786598546730463
6 17 1.4910285861777601
6 18 1.5699415630321318
6 19 1.5282450105740957
6 20 1.5859108243442381
6 21 1.4665016287134398
6 22 1.301525935337145
6 23 1.5574423869562017
6 24 0
6 25 0
6 26 1.6581159515460866
6 27 1.56911802239725
6 28 1.195708790422527
6 29 0
7 0 1.0345325973444346
7 1 0
7 2 1.3419874423901919
7 3 1.2674254847883726
7 4 1.3436567365330332
7 5 0
7 6 1.0591456833306079
7 7 0
7 8 1.6538829892928226
7 9 1.8059494800748164
7 10 1.5622760550633892
7 11 2.0046412032509036
7 12 2.738149540771225
7 13 1.942659240962182
7 14 2.2280125776381863
7 15 2.199355736602867
7 16 2.17589296750892
7 17 1.972534964016136
7 18 1.69337625453413
7 19 1.7482449683144203
7 20 2.088714746821418
7 21 1.7872232054697617
7 22 1.2410668866339303
7 23 1.7900452785340977
7 24 0
7 25 1.659597685145142
7 26 0
7 27 1.1402751903882227
7 28 1.3651067128097576
7 29 0
8 0 1.061249175052351
8 1 0
8 2 1.0857635895544393
8 3 1.5668720779835343
8 4 1.330717836869419
8 5 1.2422467399135446
8 6 1.176509272702381
8 7 1.3634534505283522
8 8 1.3433270255406253
8 9 1.293773729420225
8 10 1.59252383896244
8 11 2.6084515466170792
8 12 2.6928824845834574
8 13 2.0984910033678883
8 14 2.803857939997472
8 15 2.6866884941123508
8 16 1.8184513902216355
8 17 1.8628398512043847
8 18 2.153563824638716
8 19 2.161417380787349
8 20 1.1845560251726752
8 21 1.3342473556073213
8 22 1.3624539677818455
8 23 1.5891996168110047
8 24 0
8 25 0
8 26 1.350597860981871
8 27 0
8 28 0
8 29 1.5382719864201175
9 0 1.0113565719563662
9 1 0
9 2 1.0882008461756953
9 3 0
9 4 1.0374060461983339
9 5 1.5469130760950287
9 6 1.3091533452236201
9 7 1.4730725079981033
9 8 1.508447620421157
9 9 1.857436854593026
9 10 2.0436743306864527
9 11 1.9181700816339742
9 12 2.8366439461389397
9 13 6.11199584490946
9 14 6.490743896734683
9 15 4.499317871068128
9 16 3.0105102000749993
9 17 1.9129290015317058
9 18 1.5467354480259403
9 19 1.4301860626036418
9 20 1.4130992513898468
9 21 1.1592005696352234
9 22 1.5529224171563627
9 23 1.6869223225576355
9 24 1.1669014937547904
9 25 0
9 26 0
9 27 1.1627633738108465
9 28 0
9 29 0
10 0 0
10 1 0
10 2 1.3779786426215836
10 3 1.1777323429629059
10 4 1.2117317688004425
10 5 1.337184924738592
10 6 1.3579619155453853
10 7 1.4458257754658912
10 8 1.7762639868808099
10 9 1.988483725721332
10 10 1.8644495641188163
10 11 2.536283711813651
10 12 2.1319674124857064
10 13 5.985466016959922
10 14 25.808232884663614
10 15 6.672850568279796
10 16 2.9654355858910626
10 17 2.1381486392391267
10 18 1.9994440483059155
10 19 1.758528082580714
10 20 1.7548864309000274
10 21 1.503997633615774
10 22 1.5202975444432383
10 23 1.512480414885827
10 24 1.5687547276659088
10 25 1.286297235166982
10 26 0
10 27 1.2604432489836297
10 28 1.3631065920649696
10 29 1.3685965256950552
11 0 0
11 1 0
11 2 0
11 3 0
11 4 1.390120777342211
11 5 0
11 6 1.6051099457512519
11 7 1.833291852648259
11 8 1.3386021662379175
11 9 0
11 10 2.184207283926374
11 11 2.2549831190767984
11 12 2.464129908437784
11 13 3.5648989209368986
11 14 5.552060435627002
11 15 4.854932437812833
11 16 3.4616304189473968
11 17 1.6021919965225238
11 18 1.7575701440039881
11 19 2.0031745948367434
11 20 1.7956660614309992
11 21 1.7116144757300782
11 22 1.8815028153256201
11 23 1.5009542023068332
11 24 1.3003005011065905
11 25 1.321382017651115
11 26 1.36159486983955
11 27 0
11 28 1.2823286812477162
11 29 1.4251210676449075
12 0 0
12 1 0
12 2 1.4931038201435987
12 3 1.1353325548169095
12 4 1.2864378175880964
12 5 1.259189734868022
12 6 1.3985252998296491
12 7 1.192646809155853
12 8 1.674887861357052
12 9 1.8244797445197438
12 10 1.727295194607576
12 11 2.0656596483978173
12 12 2.401895639601115
12 13 3.602333114112631
12 14 2.6248676815361858
12 15 3.782409888242184
12 16 2.342135281777404
12 17 2.120034268846771
12 18 1.6821303686227407
12 19 1.6160048800704536
12 20 2.065362574378372
12 21 0
12 22 1.4806937365912227
12 23 1.861720440069943
12 24 1.3692736633239015
12 25 1.6058024024146766
12 26 1.2206972756641965
12 27 1.3800364806471792
12 28 1.554220854627834
12 29 0
13 0 0
13 1 0
13 2 1.174792914333459
13 3 1.2696205865028798
13 4 1.7636467478241646
13 5 0
13 6 1.3222838148278095
13 7 1.576411204282444
13 8 1.6932931977201118
13 9 1.789306217795874
13 10 2.1094636019660133
13 11 1.5526314709242575
13 12 2.2697064450605975
13 13 2.37386790456079
13 14 2.0075200535863678
13 15 2.141508532889474
13 16 1.8902321347488613
13 17 1.7683127237229261
13 18 2.061931773778562
13 19 1.6557535527659002
13 20 1.5000982565189644
13 21 1.9343313716804382
13 22 2.026992531631451
13 23 1.3979149270552618
13 24 1.279860503933494
13 25 0
13 26 1.2114874653997894
13 27 1.2476153348193637
13 28 1.531338636369075
13 29 1.5194192706418819
14 0 0
14 1 1.0273806282960816
14 2 1.2071874087110048
14 3 1.4241124368948193
14 4 1.4870516433131258
14 5 0
14 6 1.4472291974691567
14 7 0
14 8 1.895304642682439
14 9 1.2540886381467589
14 10 1.6573557751958818
14 11 2.156785393501243
14 12 1.894098685717536
14 13 2.6179905549606777
14 14 2.2682409829911894
14 15 2.760629074405143
14 16 2.1432370178793034
14 17 1.6730661976008152
14 18 2.1666603138207705
14 19 1.8869519164751014
14 20 2.1600826946393723
14 21 1.3889645246056812
14 22 1.4240701110414633
14 23 1.7116220781781766
14 24 1.1720249969878636
14 25 1.5443436714801546
14 26 1.8061705747303718
14 27 1.3426379461762732
14 28 1.2652291891781522
14 29 0
15 0 0
15 1 0
15 2 1.6713371966197652
15 3 0
15 4 1.231175708380381
15 5 1.3973160023853228
15 6 1.2069136463994103
15 7 1.5905361755300245
15 8 2.059011063500332
15 9 1.3393194667018193
15 10 1.2978560028769557
15 11 2.263645020136711
15 12 1.9046340484869206
15 13 2.0633201622031456
15 14 1.783531234286673
15 15 1.814857422175336
15 16 1.9897715354253154
15 17 1.8118915686958856
15 18 2.256681333839826
15 19 2.5698636272200175
15 20 2.084665526310928
15 21 2.002257761398715
15 22 1.340332052940555
15 23 1.7160866780497133
15 24 1.4168958063522359
15 25 1.5261425765598027
15 26 1.311355262353766
15 27 1.8399781677006386
15 28 0
15 29 1.226813929253442
16 0 0
16 1 0
16 2 1.4057810071279564
16 3 1.3874828731711613
16 4 0
16 5 1.422226526681105
16 6 1.3447622635299388
16 7 1.7771193420066929
16 8 1.8051256498691945
16 9 2.177029132820868
16 10 1.4104610800357418
16 11 2.32192632549811
16 12 1.7913749985247163
16 13 1.8360185749021751
16 14 2.1432370178793034
16 15 1.7917210896004803
16 16 1.5593885413257413
16 17 2.268004478728604
16 18 2.0829412929011326
16 19 1.4829664665390823
16 20 1.8641183656234501
16 21 1.883554252705377
16 22 1.389173903786445
16 23 1.4393961842998817
16 24 1.6469334366308235
16 25 1.5851083548029439
16 26 1.583060217012591
16 27 1.8094347421848918
16 28 1.3768222579543343
16 29 1.142565730435127
17 0 0
17 1 1.2646876996275136
17 2 1.4487990088503493
17 3 1.2143339034636556
17 4 0
17 5 1.2490459439645871
17 6 0
17 7 1.262059249711152
17 8 1.5031714650448424
17 9 1.4821815820116522
17 10 2.1852083116946304
17 11 1.5362844755675105
17 12 2.0638982996103707
17 13 1.7683127237229261
17 14 1.9645450879439506
17 15 1.9369212917401706
17 16 2.6021941051155753
17 17 1.9854789962611281
17 18 2.0422904978632426
17 19 1.936660255026061
17 20 1.70539269049045
17 21 1.831037602399934
17 22 1.506008679333073
17 23 1.4387936400190504
17 24 2.1116020058583196
17 25 1.7827508168619566
17 26 1.6272679558172443
17 27 1.5761212017044346
17 28 1.3388739505772749
17 29 0
18 0 1.0656037534036278
18 1 0
18 2 1.663805800806016
18 3 1.1357640854706696
18 4 1.3024784630422899
18 5 1.1953715286161783
18 6 1.360826908846028
18 7 1.6109151575009055
18 8 1.690829804094214
18 9 1.6163811949458977
18 10 2.076243899547243
18 11 2.0609802854057
18 12 1.6821303686227407
18 13 2.3283242128824773
18 14 2.1157271267765942
18 15 2.2937194754613537
18 16 3.789251894612742
18 17 2.613664882668209
18 18 2.6277281773465435
18 19 2.2484420307453883
18 20 1.9877172927895639
18 21 1.691593216407498
18 22 1.7657859689930009
18 23 2.047345967919173
18 24 1.592142537222103
18 25 1.40435001444628
18 26 1.5594433862365642
18 27 1.6797012243541618
18 28 1.4404183096846481
18 29 1.4684411259197274
19 0 1.008705134259377
19 1 1.152915301875771
19 2 0
19 3 1.2111023334948092
19 4 1.0922731542408892
19 5 0
19 6 1.5809002859040633
19 7 1.5656626554154522
19 8 1.1027732753445822
19 9 1.8144743682739062
19 10 1.4198285624217255
19 11 2.0031745948367434
19 12 2.0639193485592173
19 13 2.243849997169172
19 14 3.280671309255592
19 15 4.620068937136135
19 16 4.714958763747458
19 17 3.7881191389723745
19 18 3.1202574656046806
19 19 2.9531518841376654
19 20 2.4493582313355233
19 21 1.8412924629731924
19 22 1.910842396156636
19 23 1.4597958434090397
19 24 2.4470873047877313
19 25 1.6662717215057548
19 26 1.591076332630164
19 27 2.0885425456024924
19 28 1.7108577439945245
19 29 1.4556697584251075
20 0 0
20 1 0
20 2 0
20 3 1.3595018843772655
20 4 1.364639558544984
20 5 1.2010341231585473
20 6 1.197207972715953
20 7 1.4012834860784475
20 8 1.822275956587407
20 9 0
20 10 1.7548864309000274
20 11 2.514692895887687
20 12 1.9149514120669702
20 13 1.8201359402657193
20 14 3.047218420263744
20 15 4.626455205819791
20 16 28.762423329279247
20 17 5.855923573574927
20 18 4.762069332746144
20 19 3.3725968435225164
20 20 2.128676704388229
20 21 1.513202523841224
20 22 1.523694378755035
20 23 1.7916497763918686
20 24 1.5202405271054342
20 25 1.8305680907308373
20 26 2.409170303265618
20 27 1.2143667227338437
20 28 1.4702981450125905
20 29 1.17383153248594
21 0 0
21 1 0
21 2 0
21 3 0
21 4 0
21 5 1.6120446073538275
21 6 0
21 7 1.4715378697146329
21 8 1.3671254672880253
21 9 1.1592005696352234
21 10 1.4016205660550736
21 11 2.1507463738895494
21 12 2.1716500857127032
21 13 1.5026265411924096
21 14 3.3290559648246183
21 15 5.3713809249642095
21 16 6.674539768589472
21 17 4.8650707459419085
21 18 3.0111597138244446
21 19 2.9838501934998325
21 20 2.548168304668348
21 21 2.4355795378255927
21 22 1.6730661976008152
21 23 1.4911796816399123
21 24 2.718159505415639
21 25 2.477351043625916
21 26 1.9981848451505204
21 27 2.037335951633692
21 28 1.8303965423373492
21 29 1.6182273523621915
22 0 1.1893729074416728
22 1 0
22 2 0
22 3 1.217970180673421
22 4 0
22 5 1.2805583832345049
22 6 0
22 7 0
22 8 1.3624539677818455
22 9 2.040953660717032
22 10 1.586465493444931
22 11 1.4461707018895555
22 12 1.8329022857474597
22 13 1.8416112785509087
22 14 1.739959661007601
22 15 2.8207602522267843
22 16 3.204708585694511
22 17 3.59756384897178
22 18 2.5399407087151396
22 19 2.0048722999260113
22 20 3.005411037136729
22 21 1.992917971681731
22 22 2.3647618710854
22 23 2.3635829602708185
22 24 2.6022407656005764
22 25 2.606245029574753
22 26 2.5756771649996817
22 27 2.174903204393148
22 28 1.8518187869795353
22 29 2.083955365338327
23 0 0
23 1 0
23 2 1.206588159401932
23 3 1.2922979047820526
23 4 1.2193518937664662
23 5 1.7601072229309518
23 6 1.0907578267058045
23 7 1.7900452785340977
23 8 1.4228236720849385
23 9 1.4569477418420738
23 10 1.4772867003404926
23 11 2.4221458851470796
23 12 1.9982173522366273
23 13 1.862332630335899
23 14 1.936867343154361
23 15 1.9954672515584968
23 16 2.7544544236122896
23 17 2.350029059677178
23 18 1.723524161596608
23 19 2.3035523701290996
23 20 2.3155431022735193
23 21 1.9757481743031622
23 22 2.1853983989510333
23 23 2.778336595500256
23 24 2.885281004084096
23 25 4.032879291528114
23 26 3.611083088969054
23 27 2.114509304519221
23 28 1.685519005144098
23 29 1.5852398626471549
24 0 1.2738045013840078
24 1 0
24 2 0
24 3 1.2114876559449168
24 4 0
24 5 0
24 6 0
24 7 1.2255314812351825
24 8 1.0597126288343963
24 9 1.3945909650982415
24 10 1.2805119636292905
24 11 1.7121719574999221
24 12 1.7556068591031084
24 13 1.9202315363425568
24 14 1.6475114410956828
24 15 1.5247248114573841
24 16 2.171398706496987
24 17 1.743858592902577
24 18 1.6567146663226002
24 19 1.9847492673075684
24 20 1.9152266552625643
24 21 2.5348745705861737
24 22 2.3849824905142873
24 23 3.6703202286589525
24 24 4.509423908963541
24 25 5.37303318925341
24 26 4.270995894737687
24 27 2.5384945019240956
24 28 2.043003925398684
24 29 1.7775259726949248
25 0 1.3127380650202705
25 1 1.3563959848335736
25 2 0
25 3 0
25 4 1.5956918606707682
25 5 1.3240631882959109
25 6 1.1242386147590093
25 7 1.3089546918859611
25 8 1.4749448969093917
25 9 1.4127836502546647
25 10 1.304895452365298
25 11 1.6933329922554885
25 12 1.648686146224385
25 13 1.682671092002247
25 14 1.2201183549869057
25 15 1.9079731512817513
25 16 1.5581657228197272
25 17 2.208868328966073
25 18 1.6079219720744649
25 19 2.300263530085041
25 20 1.9018204295590408
25 21 1.8900956150633375
25 22 2.3000420874873257
25 23 3.744043787822455
25 24 5.4007348208986565
25 25 28.198379384107632
25 26 4.89967321226864
25 27 3.2558859696350857
25 28 2.211024329055931
25 29 1.5739896252001135
26 0 0
26 1 0
26 2 0
26 3 0
26 4 0
26 5 1.2670452657988946
26 6 0
26 7 1.2138592924163796
26 8 1.320029775827015
26 9 1.0441542059319884
26 10 1.5718301127909682
26 11 1.2864748972169664
26 12 1.6919275699835175
26 13 1.5258476985112233
26 14 1.601985146146559
26 15 1.358750885807301
26 16 1.4645276976764319
26 17 1.8571824493067057
26 18 1.5366192621156345
26 19 1.9372738507235712
26 20 1.8343862594716545
26 21 1.8419218439570229
26 22 1.857753029844081
26 23 2.9215544246226184
26 24 4.016340013297121
26 25 4.800857541395298
26 26 4.684822207561991
26 27 1.8153356415072952
26 28 2.3103703152939246
26 29 2.576765599435171
27 0 0
27 1 1.2468706268184764
27 2 0
27 3 0
27 4 1.184534152402656
27 5 1.3445667352663704
27 6 0
27 7 0
27 8 1.1743167540802055
27 9 1.1914194318965956
27 10 1.331141983036664
27 11 1.3641230633923433
27 12 1.6317930742616673
27 13 1.3506771601588485
27 14 1.4727143716614175
27 15 1.7612005129384138
27 16 1.3607877161075994
27 17 1.5210480139751876
27 18 1.758726174722015
27 19 1.7199025761904114
27 20 2.5079783980399397
27 21 2.6116844041857985
27 22 2.0117607995070963
27 23 2.1859238757418775
27 24 2.9369718788618955
27 25 3.2666397307545942
27 26 2.094774315248927
27 27 2.258613407465879
27 28 2.341166293650061
27 29 2.070087321735937
28 0 0
28 1 0
28 2 0
28 3 0
28 4 0
28 5 0
28 6 1.4793415422011857
28 7 1.2794104053690671
28 8 0.9969480462339649
28 9 1.1793913599108645
28 10 0
28 11 0
28 12 1.2877126778070678
28 13 1.3906378758038602
28 14 1.5346871197839034
28 15 2.1937447377214343
28 16 1.2784346836429399
28 17 1.8222890378317051
28 18 1.9841892934623213
28 19 1.5701669391026358
28 20 1.8793993397100006
28 21 1.7401572400411662
28 22 2.0212106639099257
28 23 1.9034894581471025
28 24 2.131511050515478
28 25 1.877746014767727
28 26 2.285164839991522
28 27 2.738149540771225
28 28 1.9695303834794042
28 29 2.328289597026382
29 0 0
29 1 1.0106525656829313
29 2 0
29 3 1.2236286996594263
29 4 0
29 5 0
29 6 0
29 7 1.3352479102013772
29 8 1.2627712256060628
29 9 0
29 10 0
29 11 1.762124146195357
29 12 1.4601827866629535
29 13 1.216986882433645
29 14 1.6865137524250653
29 15 1.5130657767586906
29 16 1.7772919355009371
29 17 1.6172402063981839
29 18 1.6879089022189664
29 19 1.493522382476936
29 20 1.7362745767575158
29 21 1.6006606956772766
29 22 1.8286049628414258
29 23 2.0223100925014443
29 24 2.084146313673803
29 25 2.3320599129868103
29 26 2.0038811610825364
29 27 1.5678236664065914
29 28 1.7052601516704062
29 29 1.9087818375612062
