0 0 0
0 1 0
0 2 0
0 3 0
0 4 0
0 5 0
0 6 0
0 7 1.1697242255419644
0 8 0
0 9 0
0 10 0
0 11 0
0 12 1.1516572891871162
0 13 1.0219342347535365
0 14 1.3155729908381995
0 15 1.1260851846629178
0 16 0
0 17 0
0 18 1.1583775324379486
0 19 0
0 20 1.0886517234734245
0 21 1.753391511056767
0 22 1.1049703568983902
0 23 1.1923878380585933
0 24 0
0 25 1.1012224843451244
0 26 0
0 27 0
0 28 0
0 29 1.1638553151570865
1 0 0
1 1 1.1634691063615776
1 2 0
1 3 0
1 4 0
1 5 1.3782281498740934
1 6 0
1 7 0
1 8 0
1 9 1.2077752601224812
1 10 1.1959523688561409
1 11 1.605595691156064
1 12 0
1 13 0
1 14 1.4832331832790624
1 15 1.2348168667106252
1 16 0
1 17 1.2909774947231583
1 18 1.4408394568875917
1 19 1.32209905099167
1 20 0
1 21 0
1 22 0
1 23 1.736699899602285
1 24 1.1689419693963827
1 25 0
1 26 0
1 27 1.1176217049305492
1 28 1.1109064951437786
1 29 0
2 0 0
2 1 0
2 2 0
2 3 0
2 4 0.9207631836571275
2 5 1.372915660237534
2 6 1.1636596705864677
2 7 0
2 8 0
2 9 1.2499639687865072
2 10 1.0140757056777405
2 11 1.345244009010368
2 12 1.397602924511423
2 13 1.1480121919002335
2 14 1.198306844636611
2 15 1.6879960277451278
2 16 1.3423676084307963
2 17 0
2 18 0
2 19 1.21565179307482
2 20 1.3584060833453502
2 21 1.1248991229679663
2 22 1.4930214097655312
2 23 0
2 24 1.12876213557424
2 25 1.4553815255217624
2 26 0
2 27 0
2 28 0
2 29 0
3 0 0
3 1 0
3 2 1.0585286590623961
3 3 0
3 4 1.3047711195487353
3 5 0
3 6 0
3 7 1.0661641476331376
3 8 0
3 9 0
3 10 1.1742707551581861
3 11 1.0952170793370466
3 12 1.266393046965237
3 13 0
3 14 1.2279248928427677
3 15 0
3 16 1.2041547968747492
3 17 0
3 18 1.480098065192308
3 19 1.5749990222744485
3 20 0
3 21 1.26185548130654
3 22 1.277275299080753
3 23 1.0870675614120766
3 24 0.9427814923843867
3 25 0
3 26 1.1121124836106213
3 27 0
3 28 0
3 29 0.9965792592189915
4 0 0
4 1 1.1460698770318702
4 2 0
4 3 1.1365664010733192
4 4 0
4 5 0
4 6 1.231996995738979
4 7 1.2748163065986766
4 8 0
4 9 1.4841205766086392
4 10 0
4 11 1.304073060629033
4 12 0
4 13 1.4742998228015
4 14 1.639866948269462
4 15 0
4 16 1.359769534377365
4 17 1.6806168989390624
4 18 1.3363734922692152
4 19 1.89140246363287
4 20 1.4251200449585186
4 21 1.2055349486195641
4 22 1.1196795348429125
4 23 1.2354436170713485
4 24 0
4 25 1.1467937780423232
4 26 1.2971815169756584
4 27 1.408155117399726
4 28 0
4 29 0
5 0 0
5 1 0
5 2 1.0387356745288572
5 3 0
5 4 0
5 5 0
5 6 0
5 7 0
5 8 1.4944690653118278
5 9 1.2107186900769122
5 10 1.3087268087560338
5 11 1.2002601824326502
5 12 1.606393228146434
5 13 1.0859312682736215
5 14 1.5751324760029666
5 15 1.7335985076767673
5 16 1.315732739429824
5 17 1.4173253435123547
5 18 2.0881079607252517
5 19 1.6419658081189188
5 20 1.6476051781941663
5 21 1.2166466262010782
5 22 1.5501037695478999
5 23 1.1634346493047052
5 24 1.244031351199363
5 25 1.2035326861791078
5 26 0
5 27 0
5 28 0
5 29 0
6 0 0
6 1 1.0600107754045323
6 2 1.1792550947280276
6 3 0
6 4 0
6 5 1.5080053801329993
6 6 0
6 7 1.3238819258412142
6 8 1.2846470479627234
6 9 0
6 10 1.4460426972596148
6 11 1.5391610103190378
6 12 1.3027100551121888
6 13 1.4051397819735154
6 14 1.673600109538586
6 15 1.7184795704978808
6 16 2.088696203124693
6 17 2.0125277894220575
6 18 1.920196500258753
6 19 1.404496802775648
6 20 1.428865912952568
6 21 1.5082229580624298
6 22 1.260208788310172
6 23 1.5923659156115941
6 24 1.466127924139139
6 25 1.2877671468496519
6 26 1.3691319385056444
6 27 0
6 28 1.5242695764782037
6 29 1.2874887816930172
7 0 0
7 1 0
7 2 0
7 3 0
7 4 1.1582354804966846
7 5 1.2462006965996555
7 6 0
7 7 1.266256244601434
7 8 1.2389975948126832
7 9 1.4720902680373114
7 10 1.493462391577478
7 11 1.496575867250939
7 12 1.4568852914722885
7 13 1.7104292983019802
7 14 1.4356126707033359
7 15 1.9668164428311457
7 16 2.1670556624009
7 17 2.8284543543729646
7 18 2.4603080992686475
7 19 1.8183312188789635
7 20 1.9739961755507076
7 21 1.495756085384082
7 22 1.28697070975775
7 23 1.478584604578595
7 24 1.3417870192701797
7 25 1.2043259211505182
7 26 0
7 27 1.3690861184276848
7 28 1.1370109391426444
7 29 0
8 0 1.2696035786204474
8 1 0
8 2 0
8 3 1.464295987129061
8 4 1.1326941014762353
8 5 1.1100797570870033
8 6 1.308049254876118
8 7 1.537316975615225
8 8 1.3724033134597786
8 9 0
8 10 1.588636671058999
8 11 1.1704448632429258
8 12 1.2889118381038933
8 13 2.3383746166887067
8 14 1.3710134980096977
8 15 1.7791738706374818
8 16 2.9942916470718877
8 17 3.2538408790018014
8 18 2.6183260194677014
8 19 1.8055465134814517
8 20 1.5638892660486334
8 21 1.7311312351997474
8 22 1.3133769423664323
8 23 1.7516219768407362
8 24 1.5184306296288146
8 25 1.2284606009885581
8 26 1.20866569044998
8 27 0
8 28 1.3966045107770697
8 29 0
9 0 0
9 1 0
9 2 0
9 3 0
9 4 0
9 5 0
9 6 1.1955012837126293
9 7 0
9 8 1.743963009333616
9 9 1.5096191351924575
9 10 1.353651749414991
9 11 1.5460408938049504
9 12 1.5949630120224556
9 13 2.208170505586744
9 14 2.689676778650814
9 15 3.315243748614992
9 16 3.897435319703952
9 17 5.440140950959731
9 18 6.301261189355896
9 19 2.5412345354718937
9 20 2.1146957899618415
9 21 1.6464666526151397
9 22 1.3215713328473646
9 23 1.385699483130752
9 24 1.661580091045062
9 25 1.4578932767643653
9 26 1.4797910017065974
9 27 1.043981554171174
9 28 1.1383748945776884
9 29 0
10 0 1.1329697806555004
10 1 0
10 2 0
10 3 0
10 4 0
10 5 1.5981730532838003
10 6 1.1901323303748166
10 7 1.1698144694797987
10 8 1.4196296838287088
10 9 1.431043375885768
10 10 1.4181468092619287
10 11 1.7529183594886755
10 12 1.4389318426914806
10 13 1.8446655050822411
10 14 1.874679531699159
10 15 4.103424078041647
10 16 7.056330923088047
10 17 28.654882680377728
10 18 6.66027475886034
10 19 2.0892854970361125
10 20 2.6503423036484186
10 21 1.6273828286528162
10 22 1.5506738191333578
10 23 1.6685742465235396
10 24 1.5101448820768975
10 25 1.419235331440838
10 26 1.296337043596293
10 27 0
10 28 1.1614966966992692
10 29 0
11 0 0
11 1 0
11 2 0
11 3 1.1748932358846977
11 4 1.2025980875373252
11 5 0
11 6 0
11 7 1.344848091132764
11 8 1.675499280247483
11 9 1.3409512770737868
11 10 1.9859610384440836
11 11 1.6882906686010715
11 12 2.68279733563444
11 13 1.82839932230767
11 14 2.212219715714564
11 15 3.30056268299152
11 16 6.325154561443111
11 17 5.130406572095613
11 18 3.977816948899471
11 19 3.2801548835003547
11 20 2.376465774697611
11 21 2.068464430186959
11 22 1.829075940817255
11 23 1.5131531642097633
11 24 1.3984651318229828
11 25 1.6924895061012837
11 26 1.2529737288820335
11 27 1.1250509856160056
11 28 1.4854218908475718
11 29 1.360689185684564
12 0 0
12 1 0
12 2 1.3630998566628503
12 3 1.1158670328456064
12 4 1.322277203039455
12 5 0
12 6 1.280222968926665
12 7 1.6947364760192514
12 8 1.4771558403688014
12 9 1.6040974764094424
12 10 1.9201496567978857
12 11 1.3357362043570955
12 12 2.466646522220348
12 13 2.104081767907028
12 14 1.6164804685479632
12 15 1.907791832445506
12 16 3.9503515323535283
12 17 4.25221527231242
12 18 3.2010520879211493
12 19 2.0779890536849925
12 20 2.456171358091244
12 21 1.9506911960432418
12 22 1.7770479715609993
12 23 1.692082972033406
12 24 1.817659554467375
12 25 1.5696205556242282
12 26 1.34358323332374
12 27 1.5033582871100708
12 28 0
12 29 0
13 0 0
13 1 1.299480638343847
13 2 1.5032109863848604
13 3 1.195380556336769
13 4 1.2892587602535035
13 5 1.2633594894723672
13 6 0
13 7 1.6376528846743252
13 8 2.0943868075954764
13 9 1.5465739466811987
13 10 1.5147433222608178
13 11 1.2198523829548968
13 12 2.117869564497502
13 13 1.3938913377121958
13 14 1.9426389324463555
13 15 2.218929081457926
13 16 2.3073513248406243
13 17 3.2835561320942057
13 18 2.3205459297537128
13 19 1.4686375517244057
13 20 1.352778010431257
13 21 2.0695724729633564
13 22 1.275122287427663
13 23 1.65654621718905
13 24 1.2214250140614087
13 25 1.697541235934381
13 26 1.5141417713722003
13 27 0
13 28 1.1798000252060636
13 29 0
14 0 0
14 1 0.9390014529700861
14 2 0
14 3 0
14 4 0
14 5 1.1960140393217549
14 6 1.474127699288721
14 7 1.8264242657397418
14 8 1.4040378244634808
14 9 1.8211144463383766
14 10 1.5280918470897995
14 11 2.5339528804714284
14 12 1.741400352847124
14 13 1.9529617227435319
14 14 1.7172466183198511
14 15 1.8517256785412421
14 16 1.8270595710875013
14 17 1.7832326524562152
14 18 2.7209440728803846
14 19 2.448723524364844
14 20 2.2999911421221664
14 21 2.021917370304225
14 22 1.5669496071410685
14 23 1.4954364911479021
14 24 1.4387113732214027
14 25 1.1277554560418195
14 26 0
14 27 1.6092761442823265
14 28 0.9279096197385968
14 29 0
15 0 1.039183687886692
15 1 1.076257675726407
15 2 0
15 3 1.298558166612195
15 4 1.7829141660595043
15 5 1.1287102832164209
15 6 1.5914477502860842
15 7 1.3673038125139023
15 8 1.5248595579641753
15 9 1.7653367396638626
15 10 1.5163867920786351
15 11 2.203675613985929
15 12 1.6911810047064328
15 13 1.92194012041527
15 14 1.7590730142924238
15 15 1.5393553743171489
15 16 1.9096458402441343
15 17 1.6979322204537566
15 18 1.8642100353212752
15 19 1.9743710543665363
15 20 2.1091985256950654
15 21 1.6673905106360096
15 22 1.9761632836404863
15 23 1.2883992231692125
15 24 1.737544215099851
15 25 1.3732181832004602
15 26 1.3336329139147132
15 27 1.590977436827059
15 28 0
15 29 1.1135168435326328
16 0 1.2845071152286962
16 1 1.580764403663901
16 2 0
16 3 1.3314779696780699
16 4 1.3368846502864073
16 5 1.295507003994181
16 6 1.7219751688820137
16 7 1.641581420963997
16 8 1.172917989239604
16 9 1.848776170203111
16 10 1.8691842035258701
16 11 2.0687902538041882
16 12 1.5239209736802901
16 13 2.4919378433781674
16 14 1.8270595710875013
16 15 1.472007758736583
16 16 2.2295545454821513
16 17 2.584976657912141
16 18 1.4248890724987684
16 19 1.9996294830243921
16 20 1.944213681396258
16 21 1.645985275823848
16 22 1.7927262617454074
16 23 1.5448318267356331
16 24 1.4863472958932054
16 25 1.2334238620803362
16 26 1.5894926080950207
16 27 1.4793172341630412
16 28 1.280403109838774
16 29 1.4943248929014639
17 0 0
17 1 1.3090560383639114
17 2 0
17 3 1.2476390778078392
17 4 1.4658297786661925
17 5 0
17 6 1.764155724080689
17 7 1.424288190861135
17 8 1.5985228675720704
17 9 1.7434153598770952
17 10 1.7428647912168758
17 11 1.640847735328699
17 12 1.9641061418148218
17 13 3.2835561320942057
17 14 2.247020367040661
17 15 2.2359790304922598
17 16 1.6324898949643198
17 17 2.019598948423122
17 18 1.424044224909088
17 19 2.1364843164330956
17 20 1.8655380931724779
17 21 1.7310695132230556
17 22 1.203398343406728
17 23 1.668931384519916
17 24 1.5526778996086332
17 25 1.4640494083754325
17 26 1.45666672743939
17 27 1.2277172711186426
17 28 1.5171098077419236
17 29 1.5975655847760248
18 0 0
18 1 1.4387567820463987
18 2 0
18 3 1.3119031072747702
18 4 1.1159877101661002
18 5 1.3938586507416424
18 6 1.308309201944244
18 7 1.257629235970545
18 8 1.8990820049250074
18 9 1.5420764646315337
18 10 2.1184326646917433
18 11 1.7368266717366925
18 12 3.2010520879211493
18 13 3.4454505620368505
18 14 2.928445923598025
18 15 1.8891489155161392
18 16 1.4998021790889806
18 17 2.538257370808862
18 18 1.8241438328615207
18 19 2.815249569601007
18 20 1.9098324347625364
18 21 1.6630883312717988
18 22 1.8017931315242972
18 23 1.8393955317559758
18 24 1.712477408050967
18 25 1.9281469067964834
18 26 1.5802296410138725
18 27 1.1782179845881584
18 28 1.4910904535373404
18 29 1.3623334048465428
19 0 0.9490306966551156
19 1 1.2582372940557776
19 2 0
19 3 0
19 4 1.3013765770561248
19 5 1.1513382561238559
19 6 1.504563374269315
19 7 1.6461272301552645
19 8 1.3843548601206812
19 9 2.0756217465543165
19 10 2.4598075347179233
19 11 3.2801548835003547
19 12 5.883023864304242
19 13 4.152139437834221
19 14 4.905981227068941
19 15 2.74411678031636
19 16 1.9665540060295983
19 17 2.301674376247473
19 18 1.5906331266934925
19 19 1.8318764319124197
19 20 2.171180202653097
19 21 2.052130327058947
19 22 1.7885423178624917
19 23 1.342630699394582
19 24 1.6899547937518715
19 25 1.773585468345253
19 26 1.2112420989531563
19 27 1.3003152327867902
19 28 1.450014364333445
19 29 1.9938230098283434
20 0 1.1101131878129153
20 1 1.3032151004697001
20 2 1.1841022857911534
20 3 0
20 4 1.4370759253434242
20 5 1.3869546846862206
20 6 1.4063083132044523
20 7 1.519492011438835
20 8 1.2854116059130525
20 9 1.7302152483913227
20 10 2.6503423036484186
20 11 2.302320750419412
20 12 5.50901439418936
20 13 29.917094007442167
20 14 4.489892806980503
20 15 2.8169312976294285
20 16 2.3963831119025003
20 17 1.8338709735184178
20 18 1.7184957435579278
20 19 1.7945169494316175
20 20 2.1978995564791157
20 21 1.7364077497982224
20 22 1.8645882414513921
20 23 1.9264933284042056
20 24 1.968590551999974
20 25 1.5200015452513833
20 26 1.410925082708251
20 27 1.6095947468782974
20 28 1.6592585364878145
20 29 1.641144417027147
21 0 1.135133339939509
21 1 1.203515029928167
21 2 0
21 3 1.6015317653687589
21 4 1.4238048436298651
21 5 0
21 6 2.0795097275043335
21 7 1.2346570952089206
21 8 1.6956669217750233
21 9 1.6464666526151397
21 10 2.0240834631192577
21 11 3.2047720602107197
21 12 5.267875606447227
21 13 6.308365466365454
21 14 4.675859688261109
21 15 2.939549970058452
21 16 1.9430891951513471
21 17 2.074414368958993
21 18 1.1122614401526796
21 19 2.5003729123956235
21 20 1.7363536282370793
21 21 2.0405112176851348
21 22 2.000558840650775
21 23 1.7440897991187272
21 24 1.6209077624186439
21 25 1.9484014207407714
21 26 1.8613042836905136
21 27 1.9262741927880456
21 28 1.4893660650022535
21 29 1.3288698966712258
22 0 0
22 1 0
22 2 1.157401126826457
22 3 1.2673459984005262
22 4 1.6454932361830021
22 5 1.280523403735458
22 6 0
22 7 1.7379552253958996
22 8 1.3133769423664323
22 9 2.071217044024833
22 10 1.8573449352763347
22 11 2.630302328281682
22 12 3.1257535426204233
22 13 2.840695467709053
22 14 3.2353575000142443
22 15 2.0604221078484564
22 16 2.5776020967876536
22 17 1.8271510162796774
22 18 2.0896875427523183
22 19 1.9883254058242783
22 20 1.7705502585735728
22 21 1.8432853424448299
22 22 1.44539172498169
22 23 2.065461510379332
22 24 1.7284936582540606
22 25 1.8019935474598943
22 26 1.8685709115357705
22 27 1.5184505160470687
22 28 2.1279423227158643
22 29 1.0830390660714084
23 0 0
23 1 0
23 2 1.2183024079804257
23 3 0
23 4 0
23 5 1.3774753438799392
23 6 1.515929094982403
23 7 1.478584604578595
23 8 1.2628615349987125
23 9 1.4094175905959732
23 10 1.988240285055671
23 11 1.8750786075160448
23 12 2.575367284010693
23 13 2.089954522944119
23 14 2.180523239964039
23 15 2.0393035353190907
23 16 2.197390586201319
23 17 1.9407468456477655
23 18 1.973993193348356
23 19 2.4181575136786932
23 20 1.9471156293250016
23 21 1.7154017915927866
23 22 2.0268504171093085
23 23 2.0133583355501337
23 24 2.323540855020134
23 25 2.232642074972851
23 26 2.710718548761068
23 27 1.4231256271510375
23 28 1.5407400138909257
23 29 1.3887593145687307
24 0 0
24 1 1.2272368436332273
24 2 1.393161074445232
24 3 0
24 4 1.653598685443253
24 5 1.9086157031672206
24 6 1.466127924139139
24 7 1.444238853694277
24 8 1.8783815392937935
24 9 1.3838809126650051
24 10 2.112388708863097
24 11 2.4360347906967896
24 12 1.990433074043982
24 13 1.868007989707104
24 14 1.8803029103389002
24 15 2.3834307720038406
24 16 2.043824278920939
24 17 2.015418061666154
24 18 2.0606297284737525
24 19 1.8411340343090616
24 20 1.5408103374090985
24 21 1.8858359622353356
24 22 1.6763878002588666
24 23 3.083993797829746
24 24 4.995828238472407
24 25 4.012085186475741
24 26 3.6337108458837166
24 27 2.386512240966618
24 28 1.7447948382505427
24 29 1.5788280278025855
25 0 0
25 1 0
25 2 1.1858718192039133
25 3 1.2471985812303565
25 4 0
25 5 1.2035326861791078
25 6 1.3981591292241076
25 7 1.5460556047166694
25 8 1.908684699559498
25 9 1.6369633878206613
25 10 1.7749618458681542
25 11 1.7426360162279209
25 12 1.503810192451197
25 13 1.566640276820958
25 14 2.0970218262953364
25 15 1.462615173812006
25 16 1.7107018648940449
25 17 1.714268857464899
25 18 2.367316336219158
25 19 2.0610979504892097
25 20 1.753450542592389
25 21 1.5627483092143708
25 22 1.689163361328799
25 23 1.9772038863244323
25 24 5.288143315067652
25 25 21.02177766163112
25 26 3.6837932918621745
25 27 2.2636805832381635
25 28 1.9042617841044347
25 29 1.747627171349465
26 0 0
26 1 0
26 2 0
26 3 1.2920515562827555
26 4 1.2971815169756584
26 5 1.1955243918401977
26 6 1.3556170943071884
26 7 0
26 8 1.2141907170294004
26 9 1.7505488881817743
26 10 1.8059808341348853
26 11 1.6707577986032607
26 12 1.593368394629047
26 13 1.353417148703526
26 14 1.3780521499661476
26 15 2.0694640854253743
26 16 1.9884377005600917
26 17 1.4169909120081865
26 18 1.240978044421849
26 19 1.2542992796924048
26 20 1.4682155672383088
26 21 1.6648718720857925
26 22 2.3971670219739702
26 23 2.2019554387497173
26 24 4.361013587436281
26 25 3.5764180802898906
26 26 3.7999498410121832
26 27 2.0274169749812105
26 28 2.0819264464175355
26 29 2.0234488902369936
27 0 0
27 1 1.3047458016398557
27 2 0
27 3 0
27 4 0
27 5 1.1969006462242768
27 6 1.3946664145963583
27 7 1.337677310627797
27 8 1.2530719773068166
27 9 1.4158483802546682
27 10 1.961886118480634
27 11 1.4036086592534862
27 12 1.6284450238909092
27 13 1.3064274635042976
27 14 1.4042850992505225
27 15 1.6504145508145267
27 16 1.2759255932005193
27 17 1.2122359821166557
27 18 1.4583376377101862
27 19 1.426685980291208
27 20 1.4528743819680634
27 21 1.8105105054210544
27 22 2.228972579554839
27 23 1.52004393238115
27 24 1.9831692395242702
27 25 2.8948683178361203
27 26 1.8754775884746322
27 27 2.177987779779734
27 28 1.6222145807263086
27 29 1.305471285717718
28 0 0
28 1 1.1178836831115737
28 2 0
28 3 0
28 4 1.5049605666327455
28 5 1.0506936325117908
28 6 0
28 7 0
28 8 1.4342153148516543
28 9 0
28 10 1.8834949826617184
28 11 1.1255830465882928
28 12 1.5600366627491016
28 13 1.538348094415566
28 14 1.2814012843492704
28 15 1.166995943166809
28 16 1.7274579811845505
28 17 1.518975978577725
28 18 1.1737680811351285
28 19 1.4863914837295167
28 20 1.615828984999001
28 21 1.4742064318667307
28 22 1.9101340536461644
28 23 1.4842924367680175
28 24 1.830866710016152
28 25 2.03631689154275
28 26 2.1844025274500787
28 27 1.8314713680384076
28 28 1.4546713728495206
28 29 1.5619326138584122
29 0 1.0937839752515233
29 1 0
29 2 1.0723839643843818
29 3 0
29 4 1.2182160008432812
29 5 0
29 6 0
29 7 0
29 8 0
29 9 1.1877976658941503
29 10 0
29 11 1.1517873648198098
29 12 2.1257031622885125
29 13 0
29 14 1.4721451178747789
29 15 1.8478542669111848
29 16 1.4854128058867369
29 17 1.4442535553976399
29 18 1.4802628799857815
29 19 1.3053536014600082
29 20 1.4133009193348116
29 21 1.534747927554913
29 22 1.6600306398062576
29 23 1.4425007687622002
29 24 1.3163729770335675
29 25 1.800453869043744
29 26 1.595061033611511
29 27 1.4506831647472826
29 28 1.1692682007631148
29 29 2.214575085709989
