0 0 0
0 1 1.034071392204281
0 2 0
0 3 1.2107529648593223
0 4 0
0 5 0
0 6 0
0 7 1.1674586548465018
0 8 1.3011478977027793
0 9 1.4159076308203555
0 10 1.156891344378425
0 11 1.3155456633018003
0 12 0
0 13 1.2264830000357865
0 14 1.3413170249092086
0 15 0
0 16 1.0904794681710441
0 17 1.2959753478202165
0 18 0
0 19 0
0 20 0
0 21 0.9851100578766523
0 22 1.1443457330119338
0 23 1.3064391979203096
0 24 0
0 25 1.092389019413094
0 26 0.9431804324105336
0 27 0
0 28 0
0 29 0
1 0 1.034071392204281
1 1 0
1 2 1.100577444218974
1 3 0
1 4 0
1 5 1.1387130534900658
1 6 1.4233774152331862
1 7 1.641262274996106
1 8 0
1 9 0
1 10 1.249077247652597
1 11 0
1 12 0
1 13 0
1 14 1.1486124306734735
1 15 0
1 16 1.0627150482375909
1 17 0
1 18 0
1 19 1.0892925430087315
1 20 1.1180150614688888
1 21 0
1 22 0
1 23 1.0853504112162458
1 24 1.2797848022853633
1 25 1.2288938693749873
1 26 0
1 27 1.3005231411474016
1 28 1.1176795374253992
1 29 0
2 0 0
2 1 1.100577444218974
2 2 0
2 3 0
2 4 0
2 5 1.64172024404487
2 6 0
2 7 1.2946848148288432
2 8 1.7819028623419289
2 9 0.9995502189424939
2 10 1.5564503222574628
2 11 1.4882776104761655
2 12 1.483174027475337
2 13 1.1789731890298345
2 14 0
2 15 0
2 16 1.2121695998078637
2 17 1.2391260352507873
2 18 0
2 19 0
2 20 0
2 21 0
2 22 0
2 23 0
2 24 0
2 25 1.2515447197365572
2 26 1.3503678525918312
2 27 0
2 28 0
2 29 0
3 0 1.2107529648593223
3 1 0
3 2 0
3 3 1.2904002951487137
3 4 0
3 5 0
3 6 0
3 7 1.4068253526348142
3 8 1.30228293859176
3 9 1.506408436973814
3 10 1.5107706813366268
3 11 1.562448114974689
3 12 0
3 13 0
3 14 0
3 15 1.1627070964767383
3 16 0
3 17 1.5627922190984749
3 18 0
3 19 1.243015377634402
3 20 1.072450587362052
3 21 1.1560505923136477
3 22 1.261227404352593
3 23 0
3 24 0
3 25 0
3 26 0
3 27 1.09430968930346
3 28 0
3 29 1.2421532048913162
4 0 0
4 1 0
4 2 0
4 3 0
4 4 0
4 5 0
4 6 1.4341296673211947
4 7 0
4 8 1.6016995896904704
4 9 1.5107736020774272
4 10 1.209591682252433
4 11 2.1916799615969795
4 12 1.6765459416812623
4 13 1.5494366230278092
4 14 1.384930809540086
4 15 1.258695777098078
4 16 1.2159916299924187
4 17 1.351899535747
4 18 0
4 19 1.2330510301064699
4 20 0
4 21 0
4 22 1.3257775424156915
4 23 0
4 24 0
4 25 0
4 26 0
4 27 0
4 28 0
4 29 0
5 0 0
5 1 1.1387130534900658
5 2 1.64172024404487
5 3 0
5 4 0
5 5 1.5402963266103726
5 6 1.3724967291038042
5 7 2.1298693316759403
5 8 1.4566571702283382
5 9 1.420189674162473
5 10 1.6786112329471614
5 11 1.5918559097848888
5 12 1.663023495433947
5 13 1.694646830217767
5 14 1.784883827037522
5 15 1.4391952464155415
5 16 1.36130451656417
5 17 0
5 18 1.2402828739977718
5 19 1.6498672183000678
5 20 0
5 21 1.299883213364137
5 22 1.307504364260984
5 23 0
5 24 0
5 25 1.150234110382063
5 26 0
5 27 0
5 28 1.1197485510746141
5 29 0
6 0 0
6 1 1.4233774152331862
6 2 0
6 3 0
6 4 1.4341296673211947
6 5 1.3724967291038042
6 6 2.557281152320713
6 7 1.6848470335313517
6 8 1.7112653030189855
6 9 1.4707944879666237
6 10 1.9136449603405015
6 11 1.3036771895457355
6 12 1.2929299221386505
6 13 1.3833754879687374
6 14 1.186751547633304
6 15 1.410573436641668
6 16 1.6799717660038616
6 17 1.4348935631250852
6 18 1.4223922681673773
6 19 0
6 20 1.3809623102415356
6 21 1.1114591651429617
6 22 0
6 23 0
6 24 1.3494739018019668
6 25 1.070335879295782
6 26 1.4302709065764145
6 27 0
6 28 1.2050543254233859
6 29 0
7 0 1.1674586548465018
7 1 1.641262274996106
7 2 1.2946848148288432
7 3 1.4068253526348142
7 4 0
7 5 2.1298693316759403
7 6 1.6848470335313517
7 7 1.5087467939712476
7 8 1.8548487246567638
7 9 1.538470742352407
7 10 2.4265256748624044
7 11 1.859419353597188
7 12 2.1084798891598058
7 13 1.8457991900067856
7 14 1.6007901867346586
7 15 1.54486276102277
7 16 1.3035068429151688
7 17 0
7 18 1.3803637061348448
7 19 0
7 20 1.209307812359084
7 21 1.2200606060398969
7 22 1.1630655015692537
7 23 0
7 24 1.2828910342511954
7 25 0
7 26 0
7 27 1.3318589529569707
7 28 0
7 29 0
8 0 1.3011478977027793
8 1 0
8 2 1.7819028623419289
8 3 1.30228293859176
8 4 1.6016995896904704
8 5 1.4566571702283382
8 6 1.7112653030189855
8 7 1.8548487246567638
8 8 2.1702348938727023
8 9 2.8501837840991766
8 10 2.0686749275629395
8 11 2.3637256446068013
8 12 2.0860155064691206
8 13 2.121817328530809
8 14 1.6899048336339009
8 15 1.733998481551844
8 16 1.6605411119813875
8 17 1.6665996371352596
8 18 1.6210340645296955
8 19 1.2059803416553847
8 20 1.3725194684441824
8 21 1.6549233478340903
8 22 1.3720548708226834
8 23 1.6261278594034425
8 24 1.2728139395233509
8 25 1.17696792200275
8 26 1.2215029042484788
8 27 1.3723254559109352
8 28 0
8 29 1.224054055179485
9 0 1.4159076308203555
9 1 0
9 2 0.9995502189424939
9 3 1.506408436973814
9 4 1.5107736020774272
9 5 1.420189674162473
9 6 1.4707944879666237
9 7 1.538470742352407
9 8 2.8501837840991766
9 9 3.1285392393218894
9 10 6.104234825775472
9 11 4.403682407909808
9 12 2.089061240684262
9 13 2.208981589514243
9 14 2.2607001463079457
9 15 1.7488608944702542
9 16 1.7052207606995469
9 17 1.2446328165762868
9 18 1.820419013134906
9 19 1.466664928733247
9 20 1.3746222796431895
9 21 1.1085774011455172
9 22 1.4984061264451152
9 23 0
9 24 1.450199884412714
9 25 0
9 26 1.0896109261085836
9 27 0
9 28 0
9 29 0
10 0 1.156891344378425
10 1 1.249077247652597
10 2 1.5564503222574628
10 3 1.5107706813366268
10 4 1.209591682252433
10 5 1.6786112329471614
10 6 1.9136449603405015
10 7 2.4265256748624044
10 8 2.0686749275629395
10 9 6.104234825775472
10 10 35.79841051026269
10 11 5.110000803343388
10 12 2.9047592043275703
10 13 2.2266816380094103
10 14 2.0287922761959902
10 15 1.8577220705019681
10 16 1.3867831243496798
10 17 1.439806607795783
10 18 1.2808192181727347
10 19 1.391289651367149
10 20 1.4983955908465194
10 21 1.3912373756905339
10 22 1.5818121642745528
10 23 0
10 24 1.0634934510656202
10 25 1.3229461787680206
10 26 0
10 27 0
10 28 1.6372727531656086
10 29 1.2784855896502643
11 0 1.3155456633018003
11 1 0
11 2 1.4882776104761655
11 3 1.562448114974689
11 4 2.1916799615969795
11 5 1.5918559097848888
11 6 1.3036771895457355
11 7 1.859419353597188
11 8 2.3637256446068013
11 9 4.403682407909808
11 10 5.110000803343388
11 11 4.212957140141623
11 12 3.2178879163057896
11 13 2.8434247536350274
11 14 2.154931626509825
11 15 1.9196049115046503
11 16 1.7100150120923896
11 17 1.660112508820414
11 18 1.724138434537492
11 19 1.4822676434962063
11 20 1.6155103848671866
11 21 1.4108982014051545
11 22 1.7862266329949619
11 23 1.4618108429311167
11 24 1.2776157251033036
11 25 1.0396125008314916
11 26 0
11 27 1.10430518411005
11 28 0
11 29 1.226117020174247
12 0 0
12 1 0
12 2 1.483174027475337
12 3 0
12 4 1.6765459416812623
12 5 1.663023495433947
12 6 1.2929299221386505
12 7 2.1084798891598058
12 8 2.0860155064691206
12 9 2.089061240684262
12 10 2.9047592043275703
12 11 3.2178879163057896
12 12 2.3228377983922353
12 13 2.333907530014653
12 14 2.237215439907021
12 15 2.2196225755687933
12 16 2.2120202402395104
12 17 1.5040217013248205
12 18 1.3082675481014938
12 19 1.685572180080824
12 20 2.141475518214968
12 21 1.3256788242658544
12 22 1.8671537982751483
12 23 1.2813690487250746
12 24 1.9827286162340532
12 25 1.7671286965816944
12 26 1.3577417181994123
12 27 1.3552842257830675
12 28 1.4332429770098125
12 29 1.1242712892810014
13 0 1.2264830000357865
13 1 0
13 2 1.1789731890298345
13 3 0
13 4 1.5494366230278092
13 5 1.694646830217767
13 6 1.3833754879687374
13 7 1.8457991900067856
13 8 2.121817328530809
13 9 2.208981589514243
13 10 2.2266816380094103
13 11 2.8434247536350274
13 12 2.333907530014653
13 13 1.9874146079173964
13 14 1.6996863916192717
13 15 1.5373506647802486
13 16 1.7500234920530484
13 17 1.7056676893796827
13 18 1.478801825235606
13 19 0
13 20 1.2927479756458171
13 21 1.8147109862128834
13 22 1.3445786902993189
13 23 1.2890938537831849
13 24 1.4917541472122557
13 25 1.4403738841938507
13 26 1.3497048936443299
13 27 0
13 28 1.4247790649236398
13 29 1.2526985421333956
14 0 1.3413170249092086
14 1 1.1486124306734735
14 2 0
14 3 0
14 4 1.384930809540086
14 5 1.784883827037522
14 6 1.186751547633304
14 7 1.6007901867346586
14 8 1.6899048336339009
14 9 2.2607001463079457
14 10 2.0287922761959902
14 11 2.154931626509825
14 12 2.237215439907021
14 13 1.6996863916192717
14 14 2.055665515381774
14 15 1.8197070791948873
14 16 1.8633869796401719
14 17 1.3963199328931175
14 18 1.2863001710484847
14 19 1.2952208301052877
14 20 1.8644272287433303
14 21 1.9121929366446384
14 22 1.629663281387169
14 23 1.478367516965311
14 24 1.2104354212164772
14 25 1.5989748952766873
14 26 1.3541724970379296
14 27 1.476297331997563
14 28 1.4292098146359875
14 29 0
15 0 0
15 1 0
15 2 0
15 3 1.1627070964767383
15 4 1.258695777098078
15 5 1.4391952464155415
15 6 1.410573436641668
15 7 1.54486276102277
15 8 1.733998481551844
15 9 1.7488608944702542
15 10 1.8577220705019681
15 11 1.9196049115046503
15 12 2.2196225755687933
15 13 1.5373506647802486
15 14 1.8197070791948873
15 15 2.1494471990865924
15 16 2.201764277060408
15 17 2.3060259971705666
15 18 1.8993610770403961
15 19 1.7449888359162689
15 20 2.33358021600637
15 21 1.7231595319600654
15 22 1.7177494997975142
15 23 1.5264578435428144
15 24 1.3707267293925782
15 25 1.670052073893249
15 26 1.2252790750521565
15 27 1.4514552095367226
15 28 1.2959776776379124
15 29 1.2758735584541083
16 0 1.0904794681710441
16 1 1.0627150482375909
16 2 1.2121695998078637
16 3 0
16 4 1.2159916299924187
16 5 1.36130451656417
16 6 1.6799717660038616
16 7 1.3035068429151688
16 8 1.6605411119813875
16 9 1.7052207606995469
16 10 1.3867831243496798
16 11 1.7100150120923896
16 12 2.2120202402395104
16 13 1.7500234920530484
16 14 1.8633869796401719
16 15 2.201764277060408
16 16 1.8068832683499223
16 17 2.4153438196697508
16 18 2.1493884146801703
16 19 2.527624901161546
16 20 2.4153998898903715
16 21 2.155773135298317
16 22 1.5480946378049114
16 23 1.7677580909680495
16 24 1.5865600787300052
16 25 1.654143928879849
16 26 1.545421170776609
16 27 1.7274239153604531
16 28 1.324210313109471
16 29 1.4566444706294022
17 0 1.2959753478202165
17 1 0
17 2 1.2391260352507873
17 3 1.5627922190984749
17 4 1.351899535747
17 5 0
17 6 1.4348935631250852
17 7 0
17 8 1.6665996371352596
17 9 1.2446328165762868
17 10 1.439806607795783
17 11 1.660112508820414
17 12 1.5040217013248205
17 13 1.7056676893796827
17 14 1.3963199328931175
17 15 2.3060259971705666
17 16 2.4153438196697508
17 17 1.8693149403402887
17 18 2.8520156331510123
17 19 2.4830942029591436
17 20 2.5863005751218693
17 21 2.343675588875246
17 22 1.9587864011825844
17 23 2.3597741413085815
17 24 2.4961412683429303
17 25 1.791024848999289
17 26 2.024099921112739
17 27 1.5851148070921286
17 28 1.4949071808634806
17 29 1.1655138605500932
18 0 0
18 1 0
18 2 0
18 3 0
18 4 0
18 5 1.2402828739977718
18 6 1.4223922681673773
18 7 1.3803637061348448
18 8 1.6210340645296955
18 9 1.820419013134906
18 10 1.2808192181727347
18 11 1.724138434537492
18 12 1.3082675481014938
18 13 1.478801825235606
18 14 1.2863001710484847
18 15 1.8993610770403961
18 16 2.1493884146801703
18 17 2.8520156331510123
18 18 2.724438356919212
18 19 3.012328830169754
18 20 3.6668735892088242
18 21 2.856445606570402
18 22 3.067742685478632
18 23 2.0650309618510168
18 24 1.5725142209962144
18 25 2.1637809179135505
18 26 2.122109337710295
18 27 2.2377951723850167
18 28 1.5461233346754104
18 29 1.975741510337947
19 0 0
19 1 1.0892925430087315
19 2 0
19 3 1.243015377634402
19 4 1.2330510301064699
19 5 1.6498672183000678
19 6 0
19 7 0
19 8 1.2059803416553847
19 9 1.466664928733247
19 10 1.391289651367149
19 11 1.4822676434962063
19 12 1.685572180080824
19 13 0
19 14 1.2952208301052877
19 15 1.7449888359162689
19 16 2.527624901161546
19 17 2.4830942029591436
19 18 3.012328830169754
19 19 4.045607644663253
19 20 4.505592106173837
19 21 3.9468468384525455
19 22 3.530371349027042
19 23 2.676585227415917
19 24 2.638281027750456
19 25 1.6186000193009957
19 26 1.628072517024344
19 27 1.5298971125823428
19 28 1.9629773092866578
19 29 1.6300753763704874
20 0 0
20 1 1.1180150614688888
20 2 0
20 3 1.072450587362052
20 4 0
20 5 0
20 6 1.3809623102415356
20 7 1.209307812359084
20 8 1.3725194684441824
20 9 1.3746222796431895
20 10 1.4983955908465194
20 11 1.6155103848671866
20 12 2.141475518214968
20 13 1.2927479756458171
20 14 1.8644272287433303
20 15 2.33358021600637
20 16 2.4153998898903715
20 17 2.5863005751218693
20 18 3.6668735892088242
20 19 4.505592106173837
20 20 31.984926419897132
20 21 6.318514896167445
20 22 4.2707300116465
20 23 2.7598193686740364
20 24 2.8704674405135653
20 25 1.7147229249841667
20 26 1.8355182562643715
20 27 2.0577932254395037
20 28 1.4944579907921667
20 29 1.9200601261000199
21 0 0.9851100578766523
21 1 0
21 2 0
21 3 1.1560505923136477
21 4 0
21 5 1.299883213364137
21 6 1.1114591651429617
21 7 1.2200606060398969
21 8 1.6549233478340903
21 9 1.1085774011455172
21 10 1.3912373756905339
21 11 1.4108982014051545
21 12 1.3256788242658544
21 13 1.8147109862128834
21 14 1.9121929366446384
21 15 1.7231595319600654
21 16 2.155773135298317
21 17 2.343675588875246
21 18 2.856445606570402
21 19 3.9468468384525455
21 20 6.318514896167445
21 21 3.9385600101144203
21 22 4.691138790556146
21 23 3.436488701123785
21 24 1.7466427670383873
21 25 2.621888629229999
21 26 1.7798623342273543
21 27 2.0739755770482975
21 28 1.8067091346889752
21 29 1.5523655242068164
22 0 1.1443457330119338
22 1 0
22 2 0
22 3 1.261227404352593
22 4 1.3257775424156915
22 5 1.307504364260984
22 6 0
22 7 1.1630655015692537
22 8 1.3720548708226834
22 9 1.4984061264451152
22 10 1.5818121642745528
22 11 1.7862266329949619
22 12 1.8671537982751483
22 13 1.3445786902993189
22 14 1.629663281387169
22 15 1.7177494997975142
22 16 1.5480946378049114
22 17 1.9587864011825844
22 18 3.067742685478632
22 19 3.530371349027042
22 20 4.2707300116465
22 21 4.691138790556146
22 22 2.73939569842507
22 23 3.53120745500902
22 24 2.7719669371308298
22 25 3.056554220812687
22 26 2.5132267126847485
22 27 2.239032382847004
22 28 1.8304200194961242
22 29 2.193636688172638
23 0 1.3064391979203096
23 1 1.0853504112162458
23 2 0
23 3 0
23 4 0
23 5 0
23 6 0
23 7 0
23 8 1.6261278594034425
23 9 0
23 10 0
23 11 1.4618108429311167
23 12 1.2813690487250746
23 13 1.2890938537831849
23 14 1.478367516965311
23 15 1.5264578435428144
23 16 1.7677580909680495
23 17 2.3597741413085815
23 18 2.0650309618510168
23 19 2.676585227415917
23 20 2.7598193686740364
23 21 3.436488701123785
23 22 3.53120745500902
23 23 2.770974080375441
23 24 2.322923173409224
23 25 3.8475058895339083
23 26 2.314040930478393
23 27 1.9506495403565918
23 28 1.6065512163799893
23 29 1.9256608967356048
24 0 0
24 1 1.2797848022853633
24 2 0
24 3 0
24 4 0
24 5 0
24 6 1.3494739018019668
24 7 1.2828910342511954
24 8 1.2728139395233509
24 9 1.450199884412714
24 10 1.0634934510656202
24 11 1.2776157251033036
24 12 1.9827286162340532
24 13 1.4917541472122557
24 14 1.2104354212164772
24 15 1.3707267293925782
24 16 1.5865600787300052
24 17 2.4961412683429303
24 18 1.5725142209962144
24 19 2.638281027750456
24 20 2.8704674405135653
24 21 1.7466427670383873
24 22 2.7719669371308298
24 23 2.322923173409224
24 24 3.4786376143016544
24 25 4.603700837328059
24 26 3.275453717706256
24 27 2.8111120788834065
24 28 2.3901395765131284
24 29 1.5692817061030424
25 0 1.092389019413094
25 1 1.2288938693749873
25 2 1.2515447197365572
25 3 0
25 4 0
25 5 1.150234110382063
25 6 1.070335879295782
25 7 0
25 8 1.17696792200275
25 9 0
25 10 1.3229461787680206
25 11 1.0396125008314916
25 12 1.7671286965816944
25 13 1.4403738841938507
25 14 1.5989748952766873
25 15 1.670052073893249
25 16 1.654143928879849
25 17 1.791024848999289
25 18 2.1637809179135505
25 19 1.6186000193009957
25 20 1.7147229249841667
25 21 2.621888629229999
25 22 3.056554220812687
25 23 3.8475058895339083
25 24 4.603700837328059
25 25 16.142843733455212
25 26 3.537019769151647
25 27 2.6985761900981258
25 28 1.832819955021701
25 29 1.6666716080534307
26 0 0.9431804324105336
26 1 0
26 2 1.3503678525918312
26 3 0
26 4 0
26 5 0
26 6 1.4302709065764145
26 7 0
26 8 1.2215029042484788
26 9 1.0896109261085836
26 10 0
26 11 0
26 12 1.3577417181994123
26 13 1.3497048936443299
26 14 1.3541724970379296
26 15 1.2252790750521565
26 16 1.545421170776609
26 17 2.024099921112739
26 18 2.122109337710295
26 19 1.628072517024344
26 20 1.8355182562643715
26 21 1.7798623342273543
26 22 2.5132267126847485
26 23 2.314040930478393
26 24 3.275453717706256
26 25 3.537019769151647
26 26 3.5309128713845754
26 27 2.4882871136665825
26 28 2.217717036437906
26 29 1.6252108844007114
27 0 0
27 1 1.3005231411474016
27 2 0
27 3 1.09430968930346
27 4 0
27 5 0
27 6 0
27 7 1.3318589529569707
27 8 1.3723254559109352
27 9 0
27 10 0
27 11 1.10430518411005
27 12 1.3552842257830675
27 13 0
27 14 1.476297331997563
27 15 1.4514552095367226
27 16 1.7274239153604531
27 17 1.5851148070921286
27 18 2.2377951723850167
27 19 1.5298971125823428
27 20 2.0577932254395037
27 21 2.0739755770482975
27 22 2.239032382847004
27 23 1.9506495403565918
27 24 2.8111120788834065
27 25 2.6985761900981258
27 26 2.4882871136665825
27 27 2.020367324076915
27 28 1.5179296180521027
27 29 1.3529583494303472
28 0 0
28 1 1.1176795374253992
28 2 0
28 3 0
28 4 0
28 5 1.1197485510746141
28 6 1.2050543254233859
28 7 0
28 8 0
28 9 0
28 10 1.6372727531656086
28 11 0
28 12 1.4332429770098125
28 13 1.4247790649236398
28 14 1.4292098146359875
28 15 1.2959776776379124
28 16 1.324210313109471
28 17 1.4949071808634806
28 18 1.5461233346754104
28 19 1.9629773092866578
28 20 1.4944579907921667
28 21 1.8067091346889752
28 22 1.8304200194961242
28 23 1.6065512163799893
28 24 2.3901395765131284
28 25 1.832819955021701
28 26 2.217717036437906
28 27 1.5179296180521027
28 28 2.1103845617232384
28 29 1.5251764198339253
29 0 0
29 1 0
29 2 0
29 3 1.2421532048913162
29 4 0
29 5 0
29 6 0
29 7 0
29 8 1.224054055179485
29 9 0
29 10 1.2784855896502643
29 11 1.226117020174247
29 12 1.1242712892810014
29 13 1.2526985421333956
29 14 0
29 15 1.2758735584541083
29 16 1.4566444706294022
29 17 1.1655138605500932
29 18 1.975741510337947
29 19 1.6300753763704874
29 20 1.9200601261000199
29 21 1.5523655242068164
29 22 2.193636688172638
29 23 1.9256608967356048
29 24 1.5692817061030424
29 25 1.6666716080534307
29 26 1.6252108844007114
29 27 1.3529583494303472
29 28 1.5251764198339253
29 29 1.3560322370027469
