0 0 0
0 1 0
0 2 0
0 3 1.0892687137002166
0 4 0
0 5 0
0 6 0
0 7 1.1434664786233122
0 8 1.0974972872668547
0 9 1.4132384582641933
0 10 0
0 11 1.1390829249505081
0 12 1.7716473818631329
0 13 1.1278584562358536
0 14 1.1859685699329594
0 15 1.1260930616530294
0 16 1.3597950135678152
0 17 1.3923361168205708
0 18 1.546983877881301
0 19 1.1960811939460474
0 20 0
0 21 0
0 22 0
0 23 0
0 24 1.2473996112025891
0 25 0
0 26 0
0 27 0
0 28 0
0 29 0
1 0 0
1 1 0
1 2 0
1 3 1.2799858090476433
1 4 1.2688090976810389
1 5 0
1 6 0
1 7 0
1 8 1.2381246122267955
1 9 0
1 10 1.1339610234499988
1 11 0
1 12 1.3040926927766123
1 13 0
1 14 0
1 15 1.2348245035427734
1 16 1.1497585943180544
1 17 1.1456380514542281
1 18 0
1 19 0
1 20 0
1 21 1.203528275220367
1 22 0
1 23 0
1 24 0
1 25 0
1 26 0
1 27 1.3052271410894283
1 28 0
1 29 0
2 0 0
2 1 1.109574344562028
2 2 0
2 3 0
2 4 0
2 5 0
2 6 1.2577713727288349
2 7 0
2 8 0
2 9 1.445836837611611
2 10 0
2 11 0
2 12 1.3007753131611466
2 13 1.629303645469329
2 14 1.033661482917649
2 15 1.6880050824934194
2 16 1.4628910059605662
2 17 1.3466731939839052
2 18 1.1737766917001236
2 19 1.18564860235104
2 20 1.1473896256015506
2 21 1.1448288487834541
2 22 1.2286434735023974
2 23 1.0273559808232329
2 24 0
2 25 0
2 26 0
2 27 1.2479536793446677
2 28 1.1340694553302093
2 29 1.1066075238344062
3 0 1.0055194716277782
3 1 0
3 2 1.0676733869604453
3 3 0
3 4 0
3 5 1.120555493162098
3 6 1.099918036750759
3 7 1.3322243827365818
3 8 1.0335968214046243
3 9 1.9066399638267377
3 10 1.4324057536937158
3 11 1.3431232672538804
3 12 0
3 13 1.3491927044951344
3 14 1.2412627831182275
3 15 0
3 16 1.4478424305117052
3 17 0
3 18 1.4064998808762121
3 19 1.4354630986359356
3 20 1.2907297512125542
3 21 1.3727591560043075
3 22 0
3 23 1.5019296062897483
3 24 1.2497010268804862
3 25 0.9744529166439936
3 26 0
3 27 1.020301084118084
3 28 0
3 29 1.2879985754809922
4 0 0
4 1 1.5862942796607031
4 2 0
4 3 0
4 4 0
4 5 0
4 6 1.121858227266615
4 7 1.4856251871569603
4 8 0
4 9 1.6406551797288935
4 10 1.4884136233338823
4 11 1.719669108494439
4 12 1.8103919417188934
4 13 1.7698587656444875
4 14 1.5734528755153545
4 15 0
4 16 1.4848272449814621
4 17 1.7282656794594522
4 18 1.1573611071948162
4 19 0
4 20 1.4759091231611923
4 21 1.3338704386627769
4 22 1.3390998047402163
4 23 0
4 24 1.298091884182839
4 25 1.178395025986509
4 26 1.3266400272621501
4 27 0
4 28 0
4 29 1.2732114719561776
5 0 1.0051806562112557
5 1 0
5 2 0
5 3 0
5 4 1.530429848735587
5 5 0
5 6 1.2539456117294425
5 7 0
5 8 0
5 9 1.7471601172791704
5 10 1.9000291095230735
5 11 1.6489127163628319
5 12 1.8134224464656048
5 13 1.4453253120671725
5 14 1.8105926013905036
5 15 1.7336036145932858
5 16 1.3729321512983088
5 17 1.7336273771277764
5 18 1.4350523090860283
5 19 1.3443002186219435
5 20 1.17598277324839
5 21 1.4333553140417428
5 22 1.4379257714449083
5 23 1.4030557134219654
5 24 0
5 25 0
5 26 1.4551570657445547
5 27 0
5 28 0
5 29 0
6 0 1.2081832589000856
6 1 1.2948983796900793
6 2 0
6 3 0
6 4 1.2127908754807666
6 5 0
6 6 1.5925636136869388
6 7 1.5239190687349815
6 8 1.5727092437928747
6 9 1.5162861949903914
6 10 1.1926682524172403
6 11 1.4930182799186125
6 12 2.1928132781752354
6 13 2.351735130185009
6 14 2.0648835691972507
6 15 1.7184833732251696
6 16 1.574333128033338
6 17 1.2886264137084538
6 18 2.3387348187034585
6 19 1.9019909728814093
6 20 1.7783004075230942
6 21 1.6252788073694384
6 22 0
6 23 0
6 24 1.244668902949766
6 25 1.3017588917315341
6 26 0
6 27 0
6 28 0
6 29 0
7 0 1.356655437719788
7 1 0
7 2 1.0728410799671977
7 3 1.3874502192996163
7 4 0
7 5 1.3686591669252886
7 6 1.369700140263411
7 7 1.4208942119565766
7 8 1.3822632483274775
7 9 1.4992596093554085
7 10 1.5668546947462145
7 11 2.1708922642620805
7 12 1.621846585025344
7 13 2.525671917188166
7 14 1.6185598219652735
7 15 1.966819519375847
7 16 1.924058048371178
7 17 1.6005366773614844
7 18 1.4246442546384641
7 19 1.7181744879968732
7 20 1.932532171107742
7 21 1.4665486764912303
7 22 1.1036664331181203
7 23 1.2880864222384998
7 24 1.17585087305924
7 25 1.260176882626926
7 26 0
7 27 0
7 28 1.4577481525748888
7 29 0
8 0 0
8 1 0
8 2 1.454538456574151
8 3 0
8 4 1.8699388054383979
8 5 1.4012714901692365
8 6 1.5958736277390955
8 7 1.5978762352842035
8 8 1.2890584251365131
8 9 2.044061253679182
8 10 2.377839358120716
8 11 3.222246912501675
8 12 2.0893339838589093
8 13 3.6464590231212464
8 14 1.943753234197347
8 15 1.7791757272961641
8 16 1.5922645220810825
8 17 1.9975644477590355
8 18 1.8990897467071406
8 19 1.5911271247905183
8 20 1.4135128640401333
8 21 1.2523285119414658
8 22 1.1844163277217838
8 23 1.4102308365542287
8 24 1.150536762399608
8 25 0
8 26 1.1369962076674052
8 27 0
8 28 0
8 29 1.638221566990359
9 0 0
9 1 1.207784718259781
9 2 0
9 3 0
9 4 1.2547555481074495
9 5 0
9 6 1.6931286394760212
9 7 1.3284906614831076
9 8 1.6572124795418126
9 9 2.2207084164070476
9 10 2.1808206161087296
9 11 2.1618902013001575
9 12 6.1418715193800395
9 13 4.456520039830242
9 14 4.806041125414106
9 15 3.3152460861669573
9 16 1.9210254149586725
9 17 1.6564307232978142
9 18 1.5118858485929578
9 19 1.8960116774169922
9 20 1.6307537653287694
9 21 1.1695451227730564
9 22 1.5673636251594227
9 23 1.5471452133673655
9 24 1.4016833389965146
9 25 0
9 26 0
9 27 1.297710406585289
9 28 1.2884218560104101
9 29 0
10 0 0
10 1 1.2243067381689379
10 2 1.1615050577896084
10 3 0
10 4 1.1413107986597644
10 5 0
10 6 1.4277585592858557
10 7 1.8463320709945574
10 8 1.845154404113712
10 9 2.29221022956845
10 10 2.7587234131369853
10 11 2.918327693225206
10 12 6.237139248712334
10 13 32.36095001574176
10 14 5.580767166852883
10 15 4.103426588163346
10 16 2.2039849895022185
10 17 1.8974437739004464
10 18 1.7055817600558743
10 19 1.4374708321280927
10 20 1.6621176035696414
10 21 1.6643089273763831
10 22 1.4252233925571152
10 23 1.929836379976549
10 24 1.5744626417189729
10 25 1.1058241208114685
10 26 0
10 27 1.157528434182177
10 28 1.4831921055232256
10 29 1.2630271563747175
11 0 1.0410864030494076
11 1 0
11 2 1.2969261732680184
11 3 1.239305190399963
11 4 1.2199789104079477
11 5 1.3072320302000984
11 6 1.2370655846851943
11 7 1.1772830354031918
11 8 1.4357174902844347
11 9 2.0410318676762267
11 10 1.9352470001259852
11 11 2.566748223587056
11 12 5.356901215832948
11 13 5.47939589777215
11 14 4.092748328903958
11 15 3.3005654295873668
11 16 1.9174241925769255
11 17 2.169882745492086
11 18 1.6553005276247785
11 19 1.3860746093028815
11 20 1.1776379459810593
11 21 1.8655930962281215
11 22 1.7605848746809334
11 23 1.9225097795237893
11 24 1.4867053861346298
11 25 0
11 26 1.225320253787404
11 27 0
11 28 0
11 29 0
12 0 0
12 1 1.1964836453702279
12 2 1.1310133533836413
12 3 1.5207738419616061
12 4 1.0692657401772392
12 5 1.7075694394678456
12 6 1.662157531126368
12 7 1.6097715078693524
12 8 1.2889157158174889
12 9 1.5965620644083696
12 10 1.6753803184034446
12 11 2.813662258329542
12 12 2.3398183548653675
12 13 3.4197595654176554
12 14 2.857270822305554
12 15 1.9077945391447158
12 16 2.131814617032178
12 17 2.124366918338565
12 18 1.433011606597259
12 19 2.0882619741858197
12 20 1.946533699670318
12 21 2.1066786299765234
12 22 1.2693613296706763
12 23 1.205142356346453
12 24 1.541592811107328
12 25 1.188178732528483
12 26 1.160818896273335
12 27 1.5437731169883482
12 28 1.476210928385595
12 29 0.9908266622417292
13 0 0
13 1 1.6504706524884811
13 2 1.1938036309161089
13 3 0
13 4 1.322000487981313
13 5 1.2545668697722159
13 6 1.494483415409219
13 7 2.090331221825687
13 8 1.8376148586963
13 9 1.3832386614536436
13 10 1.4148133979336974
13 11 1.815486704327903
13 12 1.9296941939734502
13 13 2.7618505994264466
13 14 2.7678413893395337
13 15 2.2189342471546967
13 16 2.5196685677532304
13 17 1.9554933821299303
13 18 2.005178839381179
13 19 1.7194242373605428
13 20 1.3100301446287663
13 21 1.3267902619850487
13 22 1.6568132449354944
13 23 1.5527838181722327
13 24 1.2948503590945113
13 25 1.2162360056150905
13 26 0
13 27 0
13 28 0
13 29 1.2846854215982133
14 0 0
14 1 1.3132297364015215
14 2 0
14 3 1.352106356680084
14 4 1.4300383844242384
14 5 0
14 6 2.271721286696187
14 7 1.0604056640725568
14 8 1.2916491985307434
14 9 1.126002940431314
14 10 2.471850859959127
14 11 2.2117179363291677
14 12 1.8796675296149965
14 13 2.454516702499832
14 14 2.257885091337356
14 15 1.851731839387455
14 16 1.4939390291987427
14 17 1.721745557416569
14 18 2.08734062823848
14 19 1.7044822461265041
14 20 2.3418656622774927
14 21 1.9997041506249051
14 22 1.4697883221848322
14 23 1.5325232884937936
14 24 1.2453199143525169
14 25 1.5228464767750847
14 26 1.641880195666315
14 27 1.230833305645275
14 28 1.272960391503014
14 29 0
15 0 1.0391944722177484
15 1 1.076268133890226
15 2 0
15 3 1.2985690285473421
15 4 1.7829278597305682
15 5 1.128718183257819
15 6 1.5914578234564294
15 7 1.3673115840205152
15 8 1.524867301569073
15 9 1.7653447440222345
15 10 1.5163929765603044
15 11 2.2036838601723163
15 12 1.6911870177176278
15 13 1.9219469236431306
15 14 1.7590795171829336
15 15 1.5393615574015918
15 16 1.9096544598202
15 17 1.6979411624555105
15 18 1.8642220013944353
15 19 1.9743871337760712
15 20 2.1092208901963887
15 21 1.6674137108975475
15 22 1.9761990941548675
15 23 1.2884290741483546
15 24 1.737594403896086
15 25 1.3732662289739903
15 26 1.333687764571535
15 27 1.5910521422897979
15 28 0
15 29 1.113579875534149
16 0 1.00611246618221
16 1 1.0915273397845209
16 2 0
16 3 1.2588897551827334
16 4 1.1763215618867031
16 5 0
16 6 1.1853092613659426
16 7 1.21500632399104
16 8 1.7292771598530092
16 9 1.2591054281230372
16 10 1.5315671588420419
16 11 1.7663086770790555
16 12 2.814491820233739
16 13 1.830835208149558
16 14 1.4939390291987427
16 15 1.4720137385085343
16 16 2.402701994653299
16 17 1.713215201736469
16 18 2.636830811659416
16 19 1.9997263611729281
16 20 2.1728900755948892
16 21 1.8639090112852454
16 22 2.9848333246271834
16 23 1.735657574131417
16 24 1.3581438009976712
16 25 1.5956427012742862
16 26 1.6755703696437487
16 27 1.350000472563901
16 28 1.4548539027583822
16 29 1.351680364615419
17 0 0
17 1 1.1764405998962058
17 2 1.1856885773943378
17 3 1.4368419344303394
17 4 1.177301770215755
17 5 0
17 6 1.208508634303021
17 7 1.5940980416932977
17 8 1.6883781598360053
17 9 1.4008084296488477
17 10 1.632067730332334
17 11 1.870450306699143
17 12 1.7680305994433676
17 13 1.9554933821299303
17 14 1.6829859102647673
17 15 2.2359867750150126
17 16 2.0389465799330075
17 17 2.732184892632117
17 18 2.962149998305278
17 19 1.85794103304851
17 20 2.1043413213243616
17 21 1.7633857026990318
17 22 1.746400118287747
17 23 2.1586972652226075
17 24 1.4383489803797822
17 25 1.756470136977694
17 26 1.4494454653081021
17 27 1.2477234279632399
17 28 1.240173925999272
17 29 1.4489312491742616
18 0 0
18 1 0
18 2 1.3065850471820957
18 3 0
18 4 1.1293659069237647
18 5 0
18 6 1.3849905563334797
18 7 1.2919271587048362
18 8 1.2165565884867597
18 9 1.7708725510941878
18 10 1.5510324269318594
18 11 1.6047480619156385
18 12 1.433011606597259
18 13 2.104090997003454
18 14 1.7757038872620556
18 15 1.889153754303777
18 16 2.920825243864772
18 17 4.036399885069014
18 18 2.718360607568322
18 19 3.1163777914452337
18 20 1.7577090037215501
18 21 2.2077368069466936
18 22 2.089737178246517
18 23 1.8270565214515084
18 24 2.1321627038123876
18 25 1.7632909271842077
18 26 1.8318965697158411
18 27 1.5143656242177532
18 28 1.2776148392357094
18 29 1.9523296167508999
19 0 0
19 1 0
19 2 1.3127943986779191
19 3 0
19 4 0
19 5 0
19 6 1.3207705343304146
19 7 1.753972651751953
19 8 1.1942370000104938
19 9 1.5987520381148992
19 10 1.631540949630393
19 11 1.3860746093028815
19 12 1.8633903843535533
19 13 1.5192793904466928
19 14 2.920974234184489
19 15 2.744121750335836
19 16 4.456845817390833
19 17 4.481894544035494
19 18 4.870639188998584
19 19 2.9171138266243277
19 20 2.1987698234561033
19 21 2.5003298222018984
19 22 1.9516920192088165
19 23 2.274415994248533
19 24 1.8071710985942577
19 25 1.6391790227904732
19 26 1.7613805427794993
19 27 1.4004870816318358
19 28 1.4058785346372893
19 29 1.5946003956304273
20 0 1.2522467577868803
20 1 0
20 2 0
20 3 1.2312586356899002
20 4 0
20 5 1.488532188585873
20 6 0
20 7 1.3344191464257362
20 8 1.4441771715640144
20 9 1.677828329716955
20 10 1.6621176035696414
20 11 1.784129682523087
20 12 1.785460527518849
20 13 1.5292322005294163
20 14 2.1065541957347627
20 15 2.816935777792903
20 16 5.044949149664383
20 17 32.81749464924407
20 18 7.676905820927961
20 19 3.814113587781414
20 20 2.3929656723957
20 21 1.8318880328619478
20 22 1.8954672611688062
20 23 1.6526196432495752
20 24 1.8342358176835336
20 25 2.10183489729326
20 26 1.5846403152211253
20 27 1.5758939437424264
20 28 1.7732067357758554
20 29 1.519942493097187
21 0 0
21 1 0
21 2 1.2143573924183437
21 3 1.1495999896014524
21 4 1.4888473079092464
21 5 0
21 6 1.3776782865442394
21 7 1.3149589888539364
21 8 1.6817752306136302
21 9 1.1695451227730564
21 10 1.605772070891856
21 11 1.7072199688774752
21 12 1.6265686947201632
21 13 1.8296023264187316
21 14 1.8462479488960382
21 15 2.9395563308710146
21 16 4.245472358517467
21 17 6.039109579773563
21 18 5.6902706184967204
21 19 3.478831258432765
21 20 2.415950666553996
21 21 1.8597713341688453
21 22 1.9265183570692568
21 23 1.7771995373205784
21 24 1.909682449191781
21 25 1.9905442274998666
21 26 1.4384016471018617
21 27 1.469408812501202
21 28 1.324635733347764
21 29 1.5350599224991706
22 0 1.3705682996654867
22 1 0
22 2 0
22 3 1.1330134546877246
22 4 0
22 5 0
22 6 1.4808084967388984
22 7 1.6753997093366713
22 8 1.1844163277217838
22 9 1.6824347730625342
22 10 1.429335145491913
22 11 0
22 12 1.7770617271478073
22 13 2.179814639142419
22 14 2.006961070855751
22 15 2.060429781147124
22 16 3.093264214912848
22 17 2.7354920770040163
22 18 3.4860423309882633
22 19 2.401225360261815
22 20 2.6689291158937882
22 21 1.63791086497383
22 22 1.8080676391402222
22 23 2.1801817137146204
22 24 2.3483987347902637
22 25 2.148650552864281
22 26 1.6910619631623371
22 27 2.4489505458070666
22 28 1.3734448319766321
22 29 1.4715836718503408
23 0 0
23 1 0
23 2 1.3610428935788452
23 3 1.0739732910705173
23 4 1.1859565958187575
23 5 0
23 6 1.232099256617921
23 7 1.2880864222384998
23 8 1.2874293982083398
23 9 1.4998835653774543
23 10 1.5136917274640307
23 11 1.5522732875412941
23 12 1.6123783615985614
23 13 1.4567414082102712
23 14 1.9311982842869255
23 15 2.0393165398513426
23 16 2.66414776835655
23 17 3.1386456101301716
23 18 2.3697526100719792
23 19 2.254237265464639
23 20 1.7235924026304903
23 21 1.6090326203984537
23 22 2.31249158247008
23 23 2.331095646802654
23 24 2.5399053513300447
23 25 2.9936033752496822
23 26 2.3580223798068882
23 27 1.7092126772551839
23 28 1.5720077508719905
23 29 1.5729909497574857
24 0 1.2289675384113379
24 1 0
24 2 0
24 3 1.1068365594852787
24 4 0
24 5 0
24 6 1.244668902949766
24 7 1.3629670969044478
24 8 0
24 9 1.2001940827611894
24 10 2.137316751538352
24 11 1.7363662787749938
24 12 1.4759659675012464
24 13 1.7916304268815557
24 14 1.9340616711326766
24 15 2.3834548434608407
24 16 2.5436160864838437
24 17 1.9050579128020149
24 18 2.4809422342423204
24 19 2.5021986531769986
24 20 1.8850299793088965
24 21 2.3500608986336085
24 22 2.122000863971408
24 23 2.4116849139016048
24 24 4.365389775928894
24 25 4.457106985799743
24 26 2.9295493584154384
24 27 2.756181944629719
24 28 1.427116469019288
24 29 2.296913006134661
25 0 1.1301377497536087
25 1 1.2135073987916354
25 2 0
25 3 0
25 4 1.1803977530244751
25 5 0
25 6 1.4441923639858036
25 7 1.178570536521286
25 8 1.4890540413027393
25 9 1.1613865589843522
25 10 1.485753515103045
25 11 1.4046040290483686
25 12 1.3865907411265028
25 13 1.4650032864594773
25 14 1.6521315877340876
25 15 1.4626367147992423
25 16 1.4985627195560403
25 17 2.2584337634112033
25 18 1.4922116168621784
25 19 2.40692786003459
25 20 1.7509896154434381
25 21 2.0541407495514417
25 22 2.2903902643597416
25 23 2.6469891029721704
25 24 3.447082632121658
25 25 20.112243027377595
25 26 5.405087298315714
25 27 2.3951486146595733
25 28 2.128116579495318
25 29 1.6734536035866867
26 0 0
26 1 1.338312287211865
26 2 0
26 3 0
26 4 1.3266400272621501
26 5 0
26 6 0
26 7 1.6600804641677862
26 8 1.254805912404716
26 9 0
26 10 1.2356047498745917
26 11 1.2266682109119869
26 12 1.5732706162629375
26 13 1.2551995774263003
26 14 1.933018785148057
26 15 2.069505429610336
26 16 1.6157632458410232
26 17 1.3225651214118697
26 18 2.060606163702253
26 19 1.7959650434089114
26 20 2.463946270302451
26 21 2.078328501925234
26 22 2.344596986690163
26 23 2.0634878500133826
26 24 3.1218503350086797
26 25 5.322508666302118
26 26 3.6051194808532405
26 27 2.6535554700515105
26 28 1.4808106720725263
26 29 1.9638855643403466
27 0 1.075260681664965
27 1 0
27 2 0
27 3 1.020301084118084
27 4 0
27 5 1.1156204883543799
27 6 1.2910459247244852
27 7 1.195791027926838
27 8 1.3958191049964213
27 9 1.1749630902493906
27 10 1.3353646581724956
27 11 1.4102775974385595
27 12 1.2906883211773648
27 13 1.3776712886713243
27 14 1.3384688500251662
27 15 1.650456638256936
27 16 1.6899144529919348
27 17 1.753219969618108
27 18 1.4745495890028475
27 19 2.0332971322080318
27 20 1.5696680379973291
27 21 1.6155284636166483
27 22 1.7277294142942385
27 23 2.0824132785648213
27 24 2.6835403057358715
27 25 2.4896787603427613
27 26 2.1810433891360432
27 27 2.148329561765385
27 28 1.3735576935611735
27 29 1.4861363554925353
28 0 0
28 1 0
28 2 1.1340694553302093
28 3 0
28 4 0
28 5 1.184295548068847
28 6 0
28 7 0
28 8 0
28 9 0
28 10 1.588879697619282
28 11 1.198695129674712
28 12 1.714288166386697
28 13 1.4795024938899481
28 14 1.8090853012855959
28 15 1.1670320596718533
28 16 1.4022760941304904
28 17 1.6382409974895047
28 18 1.9767489985484346
28 19 1.8236165785320566
28 20 1.5005732997216743
28 21 1.5972403335870289
28 22 1.3343555562776936
28 23 1.4257305192110596
28 24 1.2584590990775366
28 25 1.863488498921342
28 26 1.7479885157404564
28 27 1.5221654516243488
28 28 1.692114395225888
28 29 0
29 0 0
29 1 0
29 2 0
29 3 1.1215701584803597
29 4 0
29 5 0
29 6 0
29 7 1.1632998274371487
29 8 0
29 9 0
29 10 0
29 11 1.2827877399443157
29 12 0
29 13 1.2314520903881363
29 14 1.4582141611431065
29 15 1.84792084943184
29 16 1.5477326242101417
29 17 1.8002324069400173
29 18 1.1892871286489792
29 19 1.0257749786041903
29 20 1.4834447813595593
29 21 1.5651809719569465
29 22 1.4077367131717766
29 23 1.6309715695587776
29 24 1.9471852216760388
29 25 1.6186043447767295
29 26 2.0094995615954807
29 27 1.3884597121657343
29 28 1.4696220769490407
29 29 1.2610203456229507
