0 0 12.63467208385485
0 1 16.0937631560168
0 2 11.034682864179148
0 3 15.249398294996046
0 4 14.854867260935546
0 5 11.970497447325416
0 6 15.674397181108947
0 7 14.281722818460056
0 8 13.481351140124838
0 9 14.331411574947989
0 10 14.040409395889673
0 11 14.215902868254938
0 12 15.329738650304144
0 13 14.10106524647029
0 14 15.610851499097274
0 15 15.372687562550011
0 16 13.919724533044251
0 17 14.102023199573432
0 18 13.788538631629478
0 19 15.067659696854989
0 20 15.729541789870355
0 21 14.1778345601508
0 22 11.969086734598621
0 23 13.044035919032629
0 24 13.448697323807997
0 25 16.525452534503025
0 26 13.10506597781618
0 27 14.886710881464541
0 28 14.611661174098296
0 29 14.090140093100574
1 0 12.841800808734419
1 1 11.443560674326637
1 2 13.888694922884337
1 3 13.164603025015161
1 4 14.201042205811655
1 5 14.772936857989349
1 6 14.28171564475504
1 7 12.296019190653496
1 8 16.42369074842996
1 9 16.375106137678625
1 10 12.173040524161252
1 11 13.60393100948444
1 12 14.066486542336149
1 13 13.09961936688615
1 14 12.961056662009058
1 15 14.886148803903179
1 16 14.240679322799128
1 17 14.145410102809713
1 18 13.453384852692656
1 19 13.960699595950055
1 20 15.230616070822395
1 21 13.090126868589588
1 22 14.570827625860664
1 23 14.967148810252082
1 24 13.7660697532339
1 25 12.86486059979067
1 26 14.802853950954866
1 27 13.20860102064217
1 28 14.284589673243753
1 29 16.47916464168247
2 0 13.838428216643162
2 1 17.43315665483079
2 2 14.89313235864398
2 3 12.917423466863003
2 4 15.086918722505175
2 5 15.701117641477214
2 6 14.386409062066173
2 7 14.579558885133197
2 8 14.276260166401478
2 9 15.192479900559736
2 10 13.493832021735015
2 11 15.168375765636599
2 12 15.695178577462322
2 13 16.428244651558604
2 14 14.456056015868821
2 15 15.03749606855763
2 16 16.32619032323343
2 17 16.329607636337506
2 18 17.775734352101626
2 19 15.372585991648922
2 20 14.753901614538025
2 21 14.643442853536829
2 22 14.541908667586597
2 23 14.49358663435926
2 24 17.61077514943736
2 25 15.341092205481019
2 26 13.341209948722073
2 27 14.176432932228083
2 28 12.826020860285222
2 29 16.214876629866158
3 0 14.147832969721549
3 1 15.648683624636883
3 2 13.759928620734748
3 3 15.664511966945339
3 4 14.980125288626938
3 5 12.713949792189917
3 6 15.350318672357227
3 7 11.914731716629463
3 8 13.572494045325294
3 9 20.07476690539491
3 10 18.74450581501166
3 11 17.01584273983353
3 12 15.780306428622847
3 13 16.975621571639564
3 14 14.68200983625184
3 15 16.198111431268096
3 16 16.787880942953088
3 17 16.10146048955977
3 18 14.37722809449417
3 19 16.062780154343507
3 20 15.675831995268439
3 21 15.151736290630314
3 22 13.623122667000388
3 23 14.039382304119345
3 24 15.600609507851747
3 25 11.6236858374985
3 26 15.405607778572382
3 27 13.674512780321443
3 28 15.7323702571167
3 29 13.254321768440578
4 0 15.4945021655383
4 1 13.73735000857167
4 2 14.377134102083497
4 3 14.150031990612325
4 4 16.966154992357996
4 5 15.567936136276375
4 6 13.367331688016314
4 7 17.23017065971046
4 8 15.110590566697283
4 9 15.423132879458352
4 10 15.645703623051215
4 11 16.676896906905036
4 12 13.133105927446
4 13 15.891510893508208
4 14 16.439920375149644
4 15 15.825338123378968
4 16 15.549989332300218
4 17 15.884660192612664
4 18 14.624717420616465
4 19 16.79936667795947
4 20 15.414003235645415
4 21 17.436326845746425
4 22 16.703859339818365
4 23 14.284549992498455
4 24 13.955369513194876
4 25 14.436249812353287
4 26 15.636164256220038
4 27 16.81855685647706
4 28 13.076109910729336
4 29 14.932481648410764
5 0 14.864457587740866
5 1 13.557939870362226
5 2 14.842069757461445
5 3 15.317675071397307
5 4 15.304944113608931
5 5 15.480910969418222
5 6 15.973701945272776
5 7 14.77179425778825
5 8 12.810530286911764
5 9 13.67803019199458
5 10 15.839584068004152
5 11 16.514288673270627
5 12 16.722279747442908
5 13 15.397123990607472
5 14 15.383303565496396
5 15 18.92478382829733
5 16 15.751684616895004
5 17 16.012655798338045
5 18 14.548834000362119
5 19 14.00221101599805
5 20 17.932215772159743
5 21 16.270016118860084
5 22 17.206480422701453
5 23 14.248753952786918
5 24 15.995331933784842
5 25 12.204785395225155
5 26 14.496242050677678
5 27 17.18645817111064
5 28 13.559002453114488
5 29 14.552860786454696
6 0 14.49576049783949
6 1 16.51910201502151
6 2 16.22772954830756
6 3 13.761094776471793
6 4 15.747222513777555
6 5 15.464729435687019
6 6 14.046669515785576
6 7 15.599684844781784
6 8 17.729151635883397
6 9 12.853603178828623
6 10 18.706490027908675
6 11 16.132554347671665
6 12 20.461000637972415
6 13 17.11020347357247
6 14 19.012583284987198
6 15 18.576310928875394
6 16 19.377665733617633
6 17 17.512851076614194
6 18 16.44965319141632
6 19 18.41678331843899
6 20 14.653816016940759
6 21 16.435589791426523
6 22 14.924164058532595
6 23 13.92536722454957
6 24 16.396008457386827
6 25 14.355763810181529
6 26 13.611270369871793
6 27 14.257664993634272
6 28 14.018802434533045
6 29 14.86748153387922
7 0 14.660804808081132
7 1 14.202637818960563
7 2 14.480183735926092
7 3 15.839579823522149
7 4 13.257993860637125
7 5 15.50050761735529
7 6 17.115083704638
7 7 16.975026700165397
7 8 14.322285680473929
7 9 17.66534373362271
7 10 15.634462992993917
7 11 19.89175128685763
7 12 19.196073105618765
7 13 19.394725444154933
7 14 21.76748571427042
7 15 20.674434304387262
7 16 19.55641287816693
7 17 18.16256831601331
7 18 18.481724218461142
7 19 17.898698485123827
7 20 13.914106328743662
7 21 13.863971667209176
7 22 16.76839155033617
7 23 13.645627244175614
7 24 15.235580720439637
7 25 16.261212914962023
7 26 16.255283727433106
7 27 14.90680135150177
7 28 15.220402404241076
7 29 14.524740441713666
8 0 14.804584703222824
8 1 14.246676778237
8 2 15.714038419743378
8 3 14.683334745996355
8 4 15.610259813785104
8 5 16.380887739108623
8 6 15.157454061204511
8 7 14.39301192147148
8 8 14.179308773849598
8 9 17.185220858713933
8 10 17.30582039425652
8 11 19.348032065630953
8 12 20.947947725378498
8 13 19.53005783170695
8 14 20.7773062733146
8 15 21.3919318283577
8 16 24.1732474028917
8 17 18.14875964268303
8 18 16.801357441809486
8 19 18.131177424154643
8 20 17.683236352480634
8 21 17.320212691188736
8 22 16.380949439226814
8 23 15.773782021175334
8 24 12.570878354180154
8 25 14.26766812997814
8 26 15.259462979048203
8 27 14.526092474294227
8 28 13.123560939281765
8 29 14.951187876384786
9 0 17.555623513204846
9 1 14.062708964004447
9 2 17.075388945332573
9 3 14.72783326235715
9 4 14.854515297201063
9 5 16.102059430139384
9 6 14.99372207350129
9 7 15.202108282540427
9 8 19.315487822466036
9 9 16.74032510260415
9 10 17.324051719623792
9 11 17.55297327899325
9 12 21.921137460225
9 13 21.450448026134417
9 14 21.42330204019627
9 15 21.28206586622184
9 16 22.478476160559996
9 17 20.096804811983926
9 18 20.43797799434896
9 19 18.035843942193708
9 20 16.670408189882185
9 21 17.89851362297854
9 22 16.772466281368573
9 23 14.20330348607624
9 24 14.331773012820738
9 25 15.996148139633263
9 26 15.445392633029464
9 27 14.524189546533236
9 28 14.727653151035206
9 29 16.16492644778429
10 0 14.244764785568842
10 1 14.590751702668365
10 2 13.792725192813222
10 3 13.432456048271296
10 4 14.85688516529238
10 5 16.046219096863105
10 6 12.980815139845895
10 7 16.17325926365616
10 8 18.110746114128023
10 9 16.630528198127198
10 10 21.121635705155672
10 11 20.803447721802247
10 12 25.234274530433225
10 13 23.37024931507217
10 14 9.735155484589553
10 15 20.72211420297762
10 16 23.785157524270083
10 17 21.89780420359979
10 18 20.46815121969928
10 19 18.349038330842195
10 20 17.595289875955302
10 21 16.956656247290038
10 22 16.60074154499512
10 23 16.00417937892572
10 24 14.826182660899429
10 25 15.182960646622153
10 26 15.278733767777815
10 27 14.687665081906463
10 28 14.716764547051005
10 29 11.952770289232387
11 0 15.375686302078
11 1 13.991604668889531
11 2 18.27486975753625
11 3 16.070965810188735
11 4 13.951757619870918
11 5 15.860124039004974
11 6 16.18130418038465
11 7 13.984391168620073
11 8 18.64127461131322
11 9 18.751709021801744
11 10 19.197087580372077
11 11 24.249665960268143
11 12 22.40718852273079
11 13 21.756251132697674
11 14 21.52660263952014
11 15 21.557388940737376
11 16 20.876607258427796
11 17 23.52834944202047
11 18 20.85537778531048
11 19 21.027434616236818
11 20 19.147568675777183
11 21 16.727611719828136
11 22 17.547034120423326
11 23 14.797377068155788
11 24 16.423433719403135
11 25 16.114631878560065
11 26 19.663551886514018
11 27 14.668046925528687
11 28 15.309300507979549
11 29 13.729824919993622
12 0 15.90750944088758
12 1 16.309561955487656
12 2 14.088331269661742
12 3 15.94259687339829
12 4 14.830319045836106
12 5 13.71561869937373
12 6 15.031340943273403
12 7 17.53758736511083
12 8 18.243039743495917
12 9 15.44671640203263
12 10 16.08335470461049
12 11 20.226706116234006
12 12 22.99454541928686
12 13 20.86096859867484
12 14 25.371577472486955
12 15 21.625406736544814
12 16 18.78688842714379
12 17 19.21189675354936
12 18 20.443985589633993
12 19 18.218068144689227
12 20 19.708262491024282
12 21 15.170730972481975
12 22 16.950917965232442
12 23 16.68753795916708
12 24 16.710085165555398
12 25 16.187560240196905
12 26 14.710511896549626
12 27 12.540571312547668
12 28 15.733058531250283
12 29 13.786639496017829
13 0 15.072136054544117
13 1 15.698895027810108
13 2 16.12503245800847
13 3 16.591162067742353
13 4 13.67815806915998
13 5 17.041641813192193
13 6 15.181029446572715
13 7 12.84718426051189
13 8 17.330138381547666
13 9 16.37133751418956
13 10 18.584999971658036
13 11 21.887907438759264
13 12 18.401182294933342
13 13 18.546999108880147
13 14 18.86746456786298
13 15 20.86674058344899
13 16 22.247800070786855
13 17 17.37916079358794
13 18 18.792048332253376
13 19 15.469401613892508
13 20 18.22963227036255
13 21 17.90440214121404
13 22 16.43581740902519
13 23 16.77497912466314
13 24 16.51403782500431
13 25 16.156391183726416
13 26 15.112943910599029
13 27 14.067250702368241
13 28 12.118507194287645
13 29 16.09905234416229
14 0 13.797103169497813
14 1 15.13402445356399
14 2 15.502145201925382
14 3 14.234586744907359
14 4 15.228815646523778
14 5 15.30741324629043
14 6 15.350486781824552
14 7 16.643300865419594
14 8 16.654875096808485
14 9 17.323329664520326
14 10 19.76637043345357
14 11 17.121411880643528
14 12 17.283200673729105
14 13 17.721037730621074
14 14 18.83599796480739
14 15 20.90017156770402
14 16 17.89977432745195
14 17 18.095500207455984
14 18 21.443039944465497
14 19 18.640869151136915
14 20 15.888115006541625
14 21 19.94363073862503
14 22 15.318810686005344
14 23 16.20335567342007
14 24 15.714656245879826
14 25 14.688724636105919
14 26 14.288119363645098
14 27 16.574787514653693
14 28 16.48008063734412
14 29 17.019692931078215
15 0 14.093409859027227
15 1 12.8662605488098
15 2 13.232409815254611
15 3 13.1557947027681
15 4 15.885571316693872
15 5 13.013544117377661
15 6 18.075740987779863
15 7 14.676311074208861
15 8 17.732148493648094
15 9 16.787060189013673
15 10 20.224631189486
15 11 17.32672377724633
15 12 19.929062823393437
15 13 20.084101892636316
15 14 20.573273805231135
15 15 22.179175735539967
15 16 22.96075759666546
15 17 16.108904761844933
15 18 19.103069895760388
15 19 19.82060565524389
15 20 16.799330521537698
15 21 20.04817300663722
15 22 19.191800213681123
15 23 15.691245457010337
15 24 20.355917886758167
15 25 16.21243449283114
15 26 16.380121697658375
15 27 17.683488473035332
15 28 16.575751275344945
15 29 16.133322222030838
16 0 14.939090010017063
16 1 14.351672256305296
16 2 13.302013830888189
16 3 14.37323434419192
16 4 13.342404767884162
16 5 14.556516170357893
16 6 15.33297039347093
16 7 14.496602957384546
16 8 15.443220070805223
16 9 14.746725880672434
16 10 21.004591055041747
16 11 17.127731842338285
16 12 18.633149090022496
16 13 19.846258224791136
16 14 17.89977432745195
16 15 19.96038030123057
16 16 22.03092454016523
16 17 18.299195943819882
16 18 18.55033100598721
16 19 18.52039149851381
16 20 19.474665332061072
16 21 17.773264724906888
16 22 22.672432234228896
16 23 16.650437206376854
16 24 15.896687135212677
16 25 16.37034318149937
16 26 17.80093462906862
16 27 13.817911111445547
16 28 14.121942769391774
16 29 16.00259539102129
17 0 11.126926842563844
17 1 14.4437829742387
17 2 12.979858283311543
17 3 13.271788982528475
17 4 15.326217719024626
17 5 15.280363831297745
17 6 14.614703504423352
17 7 15.986834385279536
17 8 18.556549402066437
17 9 15.920238759963917
17 10 16.812511795239068
17 11 19.93525991249042
17 12 17.38721243408783
17 13 17.37916079358794
17 14 19.061099571388972
17 15 20.16276969423463
17 16 23.47933917745504
17 17 24.88829427547241
17 18 18.62490760252316
17 19 18.57844087833339
17 20 22.56402331590993
17 21 18.14316873169015
17 22 18.100122918124
17 23 19.959928530675242
17 24 17.178666100061353
17 25 15.54604570845539
17 26 16.0560145885822
17 27 17.915622292755444
17 28 16.8508782062554
17 29 16.732215054267193
18 0 14.16838649590307
18 1 13.864705413285744
18 2 13.569069069785849
18 3 14.662866357739889
18 4 16.654212011471834
18 5 15.364332112961405
18 6 13.505817308088895
18 7 13.642753908884151
18 8 18.141502317131742
18 9 17.137314260051394
18 10 16.81443856421248
18 11 19.57813500833392
18 12 20.443985589633993
18 13 21.4547152600689
18 14 21.531074647055096
18 15 23.37275947455123
18 16 21.767604633726457
18 17 24.31268775846529
18 18 24.412442421800147
18 19 20.018702119557204
18 20 20.549347857824475
18 21 18.653756729774624
18 22 16.57935568491632
18 23 16.67758220617397
18 24 17.512406609270105
18 25 18.234589158769143
18 26 15.557632838501652
18 27 18.057074019741947
18 28 19.320689756401023
18 29 15.888939003039262
19 0 15.842135974985773
19 1 14.728252568170184
19 2 14.44635325186668
19 3 14.771762033601863
19 4 15.115880209564763
19 5 16.829020695666646
19 6 15.555525176068674
19 7 13.117896140857209
19 8 17.499225897293154
19 9 16.332563213792938
19 10 18.15335634965388
19 11 21.027434616236818
19 12 18.39616873054762
19 13 18.867059251718835
19 14 21.7455823632892
19 15 23.044488929964
19 16 21.290169484816513
19 17 23.00537522038841
19 18 23.41339316231692
19 19 17.827555688523365
19 20 18.637367470023904
19 21 20.549968731835527
19 22 20.319254786853733
19 23 15.997762667496326
19 24 19.023525446031826
19 25 18.0756035381283
19 26 19.822788845390853
19 27 14.314833642204693
19 28 16.5948614417485
19 29 14.856929471926252
20 0 13.514794194406022
20 1 14.024000517772663
20 2 13.882076371523695
20 3 14.339714143495232
20 4 14.948857322382464
20 5 15.978593169640453
20 6 15.986443439195044
20 7 14.991829078876053
20 8 13.464468807182481
20 9 16.36156579522714
20 10 17.595289875955302
20 11 19.55138341568213
20 12 19.046003233530946
20 13 19.48732501262754
20 14 21.55939175990821
20 15 23.310956711438994
20 16 7.298028515155588
20 17 21.53220348743607
20 18 20.263248533717647
20 19 21.0049004294147
20 20 19.650817102311404
20 21 20.128109580785875
20 22 20.646058832130723
20 23 19.68083942575985
20 24 21.00351030896369
20 25 16.91648443767812
20 26 18.51939225786578
20 27 17.923023306630526
20 28 17.61574875317924
20 29 16.39346140234643
21 0 13.832323720998492
21 1 16.147657281990462
21 2 14.13988393226334
21 3 13.628785033896113
21 4 17.320825006637506
21 5 12.808566818947497
21 6 13.920566802209743
21 7 14.579063116200857
21 8 15.922326664434607
21 9 17.89851362297854
21 10 18.046298815797446
21 11 17.507004928631826
21 12 18.783394225623294
21 13 21.03185299554417
21 14 23.865440163418043
21 15 19.985791600015347
21 16 21.738987022242814
21 17 23.131030730842447
21 18 21.806706556968905
21 19 23.218161571955616
21 20 21.006614138294495
21 21 18.41711674209678
21 22 18.095500207455984
21 23 19.821514930162767
21 24 18.843978131516224
21 25 21.24545408619268
21 26 22.62530547354107
21 27 17.411258471137877
21 28 17.359396219240484
21 29 16.481558582338366
22 0 14.576683945555136
22 1 17.0861412493296
22 2 13.254259839911954
22 3 14.615642168081052
22 4 12.500819605698908
22 5 14.429813439798044
22 6 14.163543900598253
22 7 17.046815742192017
22 8 16.380949439226814
22 9 15.381100051780532
22 10 16.212594352764754
22 11 18.424939581066607
22 12 18.602590362810037
22 13 18.015498598349033
22 14 19.58697446962842
22 15 22.138771177080187
22 16 23.90928652697927
22 17 24.116153416461927
22 18 21.666180537375684
22 19 21.03279951277691
22 20 18.342202626003548
22 21 20.640505550629904
22 22 18.89873151426285
22 23 21.526185307590428
22 24 19.911084645883196
22 25 19.97956341457685
22 26 20.762710581982166
22 27 21.841168411564635
22 28 17.428321565030835
22 29 18.069546578015164
23 0 14.007901428552755
23 1 16.50620464035772
23 2 13.035423230069723
23 3 13.142304149796848
23 4 15.975025876414662
23 5 13.164248938275884
23 6 15.823964275679566
23 7 13.645627244175614
23 8 14.725664839279082
23 9 14.22759846112757
23 10 17.91983123017677
23 11 14.978327427691136
23 12 16.560020365532285
23 13 18.87673741865502
23 14 18.44820606721069
23 15 24.467233476569287
23 16 20.946722588907836
23 17 20.713792341330844
23 18 22.88586016419139
23 19 19.600168143526215
23 20 20.713322576506066
23 21 21.64858954267063
23 22 23.22612556960158
23 23 21.090440308801945
23 24 22.715863143265263
23 25 20.675896125590917
23 26 21.285314534275017
23 27 20.96640211804974
23 28 18.87975023578073
23 29 19.58209600136934
24 0 15.188882741523594
24 1 12.53863627094977
24 2 15.890231782706666
24 3 14.392044507437667
24 4 13.861956852346147
24 5 14.790345898417936
24 6 16.396008457386827
24 7 14.693116839046878
24 8 15.706713850624906
24 9 16.92869097262111
24 10 15.457121322956766
24 11 14.488493394559448
24 12 16.58577295120869
24 13 15.634993747779985
24 14 17.65598966353408
24 15 21.956037284986333
24 16 17.448352071307273
24 17 19.35960223661852
24 18 20.221770314388692
24 19 18.716089709103255
24 20 21.402507776426297
24 21 19.474428345344638
24 22 20.008176090194393
24 23 20.036588654648593
24 24 23.05762036470037
24 25 23.8777045259507
24 26 18.91251200183782
24 27 20.683841144241956
24 28 17.84501387899259
24 29 19.10034624789711
25 0 14.900783791596995
25 1 13.097401851996093
25 2 12.336763925355275
25 3 16.237912800631307
25 4 15.606146154530562
25 5 12.204785395225155
25 6 15.359500763969686
25 7 15.707456302631535
25 8 14.727269346584002
25 9 15.168128501546517
25 10 14.710551501059312
25 11 16.044501030253887
25 12 19.052507035223876
25 13 18.7195707405633
25 14 19.671773861593106
25 15 18.214720831507567
25 16 16.506855098542776
25 17 20.02201678444784
25 18 20.926701300272978
25 19 17.23296603324041
25 20 18.638079282014182
25 21 20.55494116676183
25 22 21.99717149907103
25 23 21.147675900447712
25 24 27.4846555770924
25 25 8.822064407313674
25 26 23.456876354416778
25 27 20.71647318849832
25 28 20.64608671145204
25 29 17.293537722350752
26 0 12.434351625627388
26 1 14.475914579545535
26 2 12.58778469159562
26 3 13.542827392519973
26 4 15.636164256220038
26 5 14.574258321421016
26 6 15.031451941122938
26 7 14.614471841608205
26 8 15.253677409556618
26 9 16.501970888428062
26 10 14.958713945819676
26 11 15.180177891655864
26 12 16.60502804888265
26 13 17.612642005672406
26 14 16.410241497080253
26 15 17.745054303534666
26 16 18.199321899151073
26 17 18.5811805759351
26 18 18.56142229291435
26 19 17.42132397147036
26 20 17.231825328611965
26 21 18.166240292264163
26 22 20.347874140001966
26 23 23.18936149047718
26 24 24.773189228278735
26 25 25.06229008444483
26 26 20.471849283640147
26 27 22.342592510859017
26 28 20.532267120320334
26 29 15.60374724102409
27 0 16.19168288305037
27 1 14.450264974778436
27 2 13.763794686981035
27 3 13.674512780321443
27 4 15.782395523806713
27 5 12.768547414040352
27 6 14.105985951527446
27 7 13.764650720551652
27 8 15.008447927030675
27 9 15.935648972318507
27 10 14.501329539513867
27 11 16.54867190860859
27 12 15.300738377043748
27 13 18.178525543784975
27 14 16.30260560257755
27 15 16.97177719047884
27 16 17.136016015200862
27 17 15.56442743425865
27 18 13.84677411009671
27 19 19.442376948239435
27 20 19.290690986427506
27 21 19.45155806700721
27 22 22.663894610872212
27 23 20.905381066185956
27 24 20.619778346750124
27 25 21.61323897329455
27 26 21.73487047094644
27 27 21.024195055225746
27 28 19.261413597757322
27 29 16.759426956774146
28 0 14.646616134891994
28 1 16.75798210486302
28 2 12.826020860285222
28 3 12.965243385356342
28 4 12.460784210468733
28 5 14.409166955360442
28 6 13.488494061642253
28 7 13.857932180763004
28 8 15.706973701628177
28 9 15.930011670610002
28 10 16.80014629689826
28 11 16.94138955186877
28 12 15.479379481139128
28 13 15.513987620123906
28 14 14.61004056300906
28 15 15.279000616345558
28 16 17.15223696876879
28 17 17.006503855264086
28 18 18.87511856889911
28 19 14.395512822215316
28 20 18.66792188859772
28 21 16.790452773061613
28 22 16.81991511681873
28 23 18.845758049323923
28 24 17.474218399159707
28 25 21.77840157902635
28 26 21.67473946944748
28 27 19.196073105618765
28 28 20.646767788165736
28 29 15.033898071005106
29 0 14.270944647754115
29 1 16.47916464168247
29 2 13.595477238861681
29 3 14.797370321462829
29 4 13.139755591369443
29 5 13.971174305023192
29 6 15.138710968607459
29 7 14.389209117844059
29 8 13.388626762820676
29 9 14.40835270917201
29 10 16.05288292488075
29 11 14.520432263517185
29 12 16.40016991671861
29 13 16.253238730231022
29 14 15.902055301750282
29 15 14.62442758205426
29 16 13.639839952553917
29 17 14.844562736623331
29 18 16.915584349805208
29 19 19.418085169408272
29 20 15.793976056838826
29 21 17.97772624140592
29 22 22.239599393734434
29 23 18.447645585588294
29 24 17.52403758240404
29 25 15.427288998084292
29 26 17.90245230270283
29 27 17.266175803928288
29 28 15.56956319549825
29 29 15.93538376185399
