0 0 13.694084103022371
0 1 12.829309663272504
0 2 14.117822031376873
0 3 14.079266739222685
0 4 14.441712218867192
0 5 12.31357346035189
0 6 14.165159156562652
0 7 13.496095516997753
0 8 15.807380597128837
0 9 14.284761090670418
0 10 16.03160215288096
0 11 16.34233094981127
0 12 13.948207958795459
0 13 15.439321516073145
0 14 14.344160002765793
0 15 14.516009600886267
0 16 16.321853549058247
0 17 16.557510578406788
0 18 13.095797038241706
0 19 15.313253608843597
0 20 12.891903001779022
0 21 13.906511117628948
0 22 14.294730866356906
0 23 12.608481574348769
0 24 14.989637433198029
0 25 14.758917026449973
0 26 12.994883240517048
0 27 15.545208995702987
0 28 13.762277152661573
0 29 13.738365321878664
1 0 14.487890377044675
1 1 12.817308785707837
1 2 15.300865141542777
1 3 15.368209321069576
1 4 15.09081916843229
1 5 14.885588010228389
1 6 14.462555396373764
1 7 14.769016286206275
1 8 13.31307509871739
1 9 14.886572474899811
1 10 14.547784032130119
1 11 14.192718636319126
1 12 15.299020315258511
1 13 12.82443863626889
1 14 16.855886242973735
1 15 16.2166333031635
1 16 13.897366440515478
1 17 14.94216074692908
1 18 15.674260934216257
1 19 13.301165983811385
1 20 13.696306405072397
1 21 14.885408119008716
1 22 15.500870879692252
1 23 13.318813354873534
1 24 13.122001629326006
1 25 13.21952846040816
1 26 13.150670681448767
1 27 14.692833588231984
1 28 15.267529219181766
1 29 14.595271932920317
2 0 13.178164421692696
2 1 14.991212512845546
2 2 13.187181193150314
2 3 15.490764423622167
2 4 15.060320139171589
2 5 14.479168004741346
2 6 14.972854426809583
2 7 14.89910083382867
2 8 12.815442243115783
2 9 13.731068633559968
2 10 14.91832169374506
2 11 15.348229059902799
2 12 15.954995323271303
2 13 14.862266064866583
2 14 18.196876036006568
2 15 14.91992958890645
2 16 15.495400135479818
2 17 15.005473437773391
2 18 15.950260383586423
2 19 15.122448473942569
2 20 15.154609918575513
2 21 14.368835935246503
2 22 14.82051189912267
2 23 14.868565815340574
2 24 14.335148234115662
2 25 13.515577773434243
2 26 14.198868348102723
2 27 16.285588214172275
2 28 14.342885693230793
2 29 14.628961742329906
3 0 16.071708541352972
3 1 12.811480375416064
3 2 15.44181804983186
3 3 13.145657240219295
3 4 16.607090072847278
3 5 15.803918932351433
3 6 16.974498647944717
3 7 13.63673614066757
3 8 16.599157893936106
3 9 14.127526332782429
3 10 13.340880980705363
3 11 15.458799906675187
3 12 14.124483622965965
3 13 14.952520981927726
3 14 17.26074841162231
3 15 13.158527952137305
3 16 14.98522497084744
3 17 13.658825767690763
3 18 16.467631546447134
3 19 15.533683119284749
3 20 15.323334651832008
3 21 15.48731747025962
3 22 15.564334477555448
3 23 15.778794556987185
3 24 15.57727420783344
3 25 15.759800684317993
3 26 13.018623478573135
3 27 14.359176073629198
3 28 13.90558445517336
3 29 12.429031817111541
4 0 15.467357498826857
4 1 14.71308927113869
4 2 14.163132907360275
4 3 12.449797830954623
4 4 15.720910021984096
4 5 13.514702226875547
4 6 14.768766536168098
4 7 14.785717738054732
4 8 14.650406912083067
4 9 16.51645214425642
4 10 17.530958333451164
4 11 17.587938554072753
4 12 14.638475157772453
4 13 13.86599110511389
4 14 15.942494204204957
4 15 15.699755300309468
4 16 14.305042969943354
4 17 14.814990063714836
4 18 14.771406501076036
4 19 14.379194100557116
4 20 13.404985760994146
4 21 14.364423532113758
4 22 13.349927996893584
4 23 14.130469069392188
4 24 14.835335819232446
4 25 15.999915213574235
4 26 11.71567275463228
4 27 12.263033459161464
4 28 13.745380333637994
4 29 14.245086793379832
5 0 14.995643611746491
5 1 14.02159122918252
5 2 15.08414645827594
5 3 15.775830321817459
5 4 14.265291067113361
5 5 14.55584780514539
5 6 15.536154936545998
5 7 15.749812868181326
5 8 14.783930198632486
5 9 15.640377434785188
5 10 15.824397028105212
5 11 16.135044854009355
5 12 14.702921915117793
5 13 18.62708198796498
5 14 16.636493304609335
5 15 16.03670197387296
5 16 15.128678299829398
5 17 16.263997350230905
5 18 16.91851143343528
5 19 16.06014480453325
5 20 17.249222389923705
5 21 14.52876143873375
5 22 12.695514072847933
5 23 15.653784667286299
5 24 12.736298873227213
5 25 13.855879179763633
5 26 14.532548996455422
5 27 15.211910103535313
5 28 13.030661365669458
5 29 12.91097681282535
6 0 13.97800909255238
6 1 13.936277745170615
6 2 13.47336122449677
6 3 16.407289931077074
6 4 14.32330996360096
6 5 15.49716165648603
6 6 15.295708467945865
6 7 14.417755666500032
6 8 16.227086706186597
6 9 16.956615854076297
6 10 18.093564725179686
6 11 17.486607774920287
6 12 18.552009840978755
6 13 16.386899942172843
6 14 16.157058977432698
6 15 17.905297551954344
6 16 15.91150929994525
6 17 19.95352054744979
6 18 18.080745206584634
6 19 13.935914900827767
6 20 15.635664523576096
6 21 15.360651337040508
6 22 14.111576753135449
6 23 13.898769732975072
6 24 15.05661759416049
6 25 15.492854593218652
6 26 13.06632704046234
6 27 12.489398636304914
6 28 14.025713967650633
6 29 11.715057181180924
7 0 14.025082881729528
7 1 13.410905376091195
7 2 14.256057740581067
7 3 15.694923258941028
7 4 14.328063351062125
7 5 17.478251794868633
7 6 16.387284481717092
7 7 19.313300944683657
7 8 16.770848448146005
7 9 17.155730191410058
7 10 19.84682613345205
7 11 18.246120076489746
7 12 20.681298038179786
7 13 19.063161137139527
7 14 19.88306468132832
7 15 19.204277076166136
7 16 21.84798218731052
7 17 18.752818338114107
7 18 17.41359832670459
7 19 15.899932166701223
7 20 15.307541287937674
7 21 15.634297708776208
7 22 16.241392375696364
7 23 14.449253955813417
7 24 15.516471870433984
7 25 15.937910011281598
7 26 12.667320424140218
7 27 13.103627662116443
7 28 12.830706161956916
7 29 14.293117729065726
8 0 15.70995980752826
8 1 14.55892383433747
8 2 13.464134739615593
8 3 14.540991374701195
8 4 14.574136638170932
8 5 15.66765530193967
8 6 14.445910925638282
8 7 15.334145140318258
8 8 17.975010564347425
8 9 18.411902407490352
8 10 19.03237596951878
8 11 22.964391523993488
8 12 21.96147536646353
8 13 20.55976755330572
8 14 21.82281698968301
8 15 24.62101674988118
8 16 22.67133205623725
8 17 17.864474468821328
8 18 18.326099832361194
8 19 15.778486538210435
8 20 15.22209856462724
8 21 15.345213595029415
8 22 15.65950999116756
8 23 15.603486489924022
8 24 15.453479611305026
8 25 16.75281276821041
8 26 14.461137090934448
8 27 13.3286971931894
8 28 12.789074792369652
8 29 12.075075590962186
9 0 13.228904382975745
9 1 14.89388139342573
9 2 14.46466579503613
9 3 15.869922814188325
9 4 15.43030969746134
9 5 15.09460079400939
9 6 14.923864415022175
9 7 16.395016535512458
9 8 16.325057955992765
9 9 16.621954842119703
9 10 19.03350682582487
9 11 18.350692412914015
9 12 18.414988482847072
9 13 25.870895619631042
9 14 22.125323655306065
9 15 22.64318153798565
9 16 21.850897891654995
9 17 20.311877247187613
9 18 19.808981149366556
9 19 15.333864932115565
9 20 18.306233075974763
9 21 16.71035296338317
9 22 16.191277250406625
9 23 14.305041090878914
9 24 13.936113882505424
9 25 15.518275117140764
9 26 13.30207269905741
9 27 13.842244336909749
9 28 12.769974257600715
9 29 13.118916436421033
10 0 13.727461757375742
10 1 13.616679819635017
10 2 16.49143418474217
10 3 15.041053183851842
10 4 16.818391113968936
10 5 16.581201248954947
10 6 15.196317187529456
10 7 17.825705410894038
10 8 14.527523465447542
10 9 17.53415274198839
10 10 18.246984861177488
10 11 20.913398455935774
10 12 24.135256017924732
10 13 8.71462927809809
10 14 19.850055151819415
10 15 21.200181421699995
10 16 23.344727409791826
10 17 21.685071701719387
10 18 17.262554783595817
10 19 19.50523122694711
10 20 16.461576265806325
10 21 15.784454607101136
10 22 15.443265680853623
10 23 15.588924438597058
10 24 16.30083436016138
10 25 16.060236028515703
10 26 14.811834592848756
10 27 14.450401135866143
10 28 12.782187759187282
10 29 14.69704327417853
11 0 14.355142598144676
11 1 16.153379957214334
11 2 12.857234887148728
11 3 14.197062444546722
11 4 16.457064472229845
11 5 18.492767936595598
11 6 14.628074797007407
11 7 18.30463048619101
11 8 17.097877884297887
11 9 19.677885265451216
11 10 17.81554806449102
11 11 22.84939071442483
11 12 17.781935980334367
11 13 22.11543539883163
11 14 21.579945734220868
11 15 22.705044402457823
11 16 21.71688643482386
11 17 18.183401736934236
11 18 19.205248167101125
11 19 19.564842605498317
11 20 17.022013339578653
11 21 18.778042510397967
11 22 15.257656078608063
11 23 14.244755275271999
11 24 15.99004935626839
11 25 12.358726145831973
11 26 14.790285391395049
11 27 15.54849290751233
11 28 13.975059332988184
11 29 14.920408620601087
12 0 12.9781557499413
12 1 14.52430815896348
12 2 14.046108693450174
12 3 14.420155972133799
12 4 14.75971547160849
12 5 14.586091524626964
12 6 12.684234013802303
12 7 16.70137939414453
12 8 17.749612995459593
12 9 17.197389595852766
12 10 19.271715801288178
12 11 20.30600698603966
12 12 24.815793366259403
12 13 22.938853042861627
12 14 22.87850302557828
12 15 19.816205949266024
12 16 18.376874007711823
12 17 17.958713263618996
12 18 14.41468724275538
12 19 19.70224734334561
12 20 18.22267355121282
12 21 14.611750540709544
12 22 19.9682893771911
12 23 14.99139226657379
12 24 15.446804075816488
12 25 18.53864885343429
12 26 13.977516793969121
12 27 15.128116505752114
12 28 14.97543456252439
12 29 16.496840496127252
13 0 12.636150649071048
13 1 14.825429985119543
13 2 13.53766858647519
13 3 17.00627115028797
13 4 13.711912038131757
13 5 17.053227539558616
13 6 15.758372494510441
13 7 16.34010549871583
13 8 15.218361645620647
13 9 19.147120402818885
13 10 19.869419861706294
13 11 21.227975465969013
13 12 23.087500471081075
13 13 19.800268218627558
13 14 17.769344720172665
13 15 20.031301041273572
13 16 17.964659864744405
13 17 18.303513041235583
13 18 19.6103672909972
13 19 18.4582515426921
13 20 16.63588763117689
13 21 18.495342364495443
13 22 17.170404929134083
13 23 16.425995152809
13 24 18.663552526299007
13 25 15.0817651480782
13 26 16.567389507078886
13 27 15.332463749651627
13 28 16.867426877373813
13 29 15.31014038357177
14 0 12.212982034728816
14 1 12.25396838447394
14 2 14.8208750265559
14 3 13.985511015162858
14 4 14.824183344437621
14 5 14.74894279751478
14 6 15.665807907073953
14 7 17.95438991904047
14 8 19.455035885507467
14 9 16.12891724787063
14 10 15.584431136123259
14 11 17.331674426204657
14 12 18.575537939724672
14 13 18.399820239103512
14 14 19.182972427524643
14 15 16.67880462731854
14 16 19.24088380371714
14 17 19.864105769863887
14 18 20.67102601854206
14 19 15.24117458138032
14 20 16.561821919601144
14 21 16.867567466289984
14 22 15.420878556893753
14 23 16.263146112742337
14 24 16.787934474304404
14 25 13.855262164416088
14 26 15.742861902670375
14 27 16.24397388100068
14 28 16.758502123827558
14 29 15.398894674219434
15 0 14.895120768454396
15 1 14.759032055642033
15 2 14.428201669585068
15 3 13.577031978206406
15 4 14.088518857270119
15 5 16.12549165870926
15 6 15.461787851716844
15 7 13.706932284987193
15 8 17.806073781550968
15 9 17.09111830505077
15 10 16.743214616767233
15 11 15.700953522423035
15 12 17.65376441199845
15 13 16.48132042643012
15 14 20.86038862224544
15 15 19.12779333796912
15 16 21.79730747629565
15 17 21.14264420113023
15 18 17.3504196442559
15 19 17.77066013437998
15 20 15.914077439891471
15 21 16.81472071141466
15 22 16.85809515613541
15 23 15.88048013700964
15 24 16.666630790643843
15 25 17.56544391915927
15 26 12.934584942959347
15 27 14.660641115067872
15 28 13.8705659163532
15 29 15.364421380218774
16 0 15.878437411781295
16 1 14.786103555094696
16 2 13.517758430826937
16 3 14.194657359725653
16 4 15.602886185099623
16 5 12.393749714473016
16 6 17.28529719480231
16 7 15.903905492979671
16 8 17.687128382035237
16 9 16.80333425895108
16 10 15.276370997174661
16 11 18.433076022357383
16 12 16.623386470009308
16 13 20.281480181470233
16 14 19.24088380371714
16 15 20.64904823063727
16 16 19.598131789638156
16 17 22.582083955799096
16 18 18.17177842857355
16 19 19.8376666299561
16 20 17.157121203613816
16 21 16.97505164392448
16 22 15.004465751776925
16 23 19.268971292968107
16 24 14.770513621402538
16 25 15.715032072508446
16 26 14.912466703801265
16 27 15.106114612612139
16 28 15.681884196473206
16 29 12.774871837185474
17 0 16.028817294817966
17 1 14.859855656759287
17 2 14.754285273256862
17 3 13.926479964621144
17 4 14.862483658716346
17 5 15.809674088107908
17 6 14.413568180551781
17 7 14.352467862421506
17 8 16.890548645092863
17 9 16.609260274795766
17 10 16.847447578511648
17 11 18.40244276901517
17 12 16.943039582447994
17 13 18.303513041235583
17 14 17.118370972978777
17 15 22.642410741328494
17 16 20.744065204535815
17 17 18.554131614761452
17 18 17.78764928442904
17 19 21.654957628011875
17 20 20.09860690571023
17 21 19.95453362042923
17 22 16.04100849390227
17 23 17.451746667369264
17 24 14.32955171703358
17 25 12.834889243654958
17 26 19.835441579792086
17 27 17.21597482485864
17 28 14.606492906213646
17 29 15.722717885001414
18 0 16.21670604972235
18 1 15.742701543181804
18 2 15.009195741997102
18 3 14.826780821116012
18 4 15.9281778964987
18 5 17.20045402644361
18 6 15.693619106479364
18 7 14.97344689709929
18 8 15.34905745621707
18 9 18.45972975746613
18 10 16.45263665286478
18 11 17.16987666246154
18 12 14.41468724275538
18 13 20.363402211362224
18 14 22.946809987342647
18 15 20.50228969144415
18 16 21.556656281961068
18 17 21.931705549935778
18 18 26.868581108077173
18 19 19.18458048045744
18 20 23.76538785197071
18 21 19.348491672897634
18 22 18.7355747015205
18 23 16.308594632030236
18 24 14.57804267257772
18 25 18.102378528164937
18 26 14.848698245763936
18 27 17.580566442068168
18 28 15.65886113248758
18 29 16.984947436708758
19 0 13.94226471578261
19 1 15.274899746150933
19 2 15.77906525218063
19 3 14.853561330774706
19 4 15.179045915768562
19 5 14.746618985438051
19 6 16.754666478760534
19 7 15.397706818919799
19 8 18.266117938304834
19 9 15.322692800942797
19 10 16.610390270658968
19 11 19.564842605498317
19 12 17.437101691313504
19 13 20.129253753552398
19 14 22.67992777963936
19 15 22.095261797148545
19 16 22.898141659296016
19 17 25.94057908994179
19 18 18.026413670576318
19 19 22.89007681535678
19 20 19.051102639800263
19 21 20.365281834270423
19 22 20.058538073016926
19 23 16.920554473340903
19 24 14.71021471385407
19 25 16.088898451954318
19 26 17.382768629554086
19 27 17.019128171501098
19 28 14.401367242169565
19 29 15.839270328752034
20 0 12.620806086834524
20 1 13.769781985195555
20 2 15.353638980532816
20 3 13.116324632974354
20 4 14.570392939290539
20 5 14.913550796802008
20 6 15.424802029759363
20 7 15.244192235658247
20 8 16.513803518548205
20 9 16.0007805788991
20 10 16.461576265806325
20 11 16.593330466989332
20 12 16.858506244046396
20 13 21.85782558623379
20 14 23.246096885953634
20 15 21.32345916024819
20 16 25.78529565384018
20 17 8.842193218709992
20 18 20.761166923024934
20 19 19.784110050214764
20 20 20.828530855149804
20 21 20.050325414509885
20 22 17.22047198556321
20 23 19.836023143403644
20 24 18.024047714935794
20 25 16.59202717651417
20 26 17.058251609791878
20 27 17.636091229625386
20 28 12.557791964838845
20 29 15.564211129315195
21 0 12.44695650627803
21 1 14.75748918169581
21 2 13.345237685322147
21 3 15.819518670623138
21 4 15.088131045401852
21 5 16.175928210369175
21 6 16.449238765706358
21 7 14.9124052024674
21 8 14.689429094870968
21 9 16.71035296338317
21 10 15.181019125659356
21 11 18.87957349264369
21 12 18.386077216865612
21 13 23.25457996085218
21 14 19.928689679451526
21 15 20.71397207245896
21 16 22.38038745190935
21 17 22.13424330057135
21 18 19.243847040331577
21 19 18.56391647461277
21 20 20.63047989361466
21 21 22.627019332821725
21 22 19.113672750112407
21 23 19.481677349224423
21 24 15.818254623393868
21 25 19.009641801874775
21 26 20.02782140697554
21 27 14.570279843692626
21 28 18.992179865141967
21 29 15.356990869360196
22 0 14.927434844648246
22 1 13.289944600832595
22 2 14.771379455603272
22 3 15.664680865560744
22 4 14.572268378023285
22 5 13.364240691353423
22 6 15.470809239590546
22 7 13.227877888235641
22 8 15.65950999116756
22 9 16.864565294921658
22 10 16.822088257773597
22 11 16.89576508110337
22 12 18.54001875177359
22 13 17.116633518217128
22 14 19.595677732789163
22 15 19.714707563206876
22 16 20.696196010524353
22 17 26.31820519864277
22 18 21.71799297908263
22 19 21.696476695093864
22 20 19.216289634435274
22 21 19.05503224024349
22 22 19.866736801110243
22 23 18.024658013490154
22 24 20.78085916751308
22 25 16.630710416393566
22 26 19.959788352765823
22 27 17.381047236612986
22 28 16.137976775725427
22 29 16.842402718287136
23 0 13.365109754841077
23 1 12.664013087268886
23 2 14.655121318967891
23 3 15.38056725024733
23 4 13.502643290400085
23 5 14.95032578746066
23 6 14.590478290836277
23 7 14.449253955813417
23 8 15.845284901025721
23 9 15.909876041633442
23 10 16.31373398857377
23 11 17.600006352444776
23 12 17.100424223582458
23 13 18.21978981183697
23 14 19.423695235929546
23 15 18.43116891704507
23 16 19.20733005054116
23 17 16.778830179331177
23 18 20.87732464741099
23 19 21.15384943274798
23 20 20.41721027909396
23 21 22.0854020586671
23 22 18.18761999321056
23 23 19.22814428663626
23 24 19.49718021671823
23 25 17.73202235251139
23 26 17.72010151343769
23 27 17.632333054870166
23 28 18.98822704661171
23 29 18.17584148013774
24 0 14.035885152495819
24 1 14.187832910268249
24 2 14.23507744966643
24 3 13.610927291498971
24 4 14.025664419481982
24 5 13.004741643647044
24 6 15.05661759416049
24 7 14.975275427771798
24 8 15.022046773741948
24 9 13.965091774391468
24 10 15.27005228433452
24 11 17.48760846631272
24 12 15.217835983070765
24 13 17.674036149275874
24 14 17.742913591695423
24 15 18.632994851555114
24 16 17.357559960949676
24 17 18.594320743888257
24 18 15.990410791911156
24 19 18.761768769293194
24 20 21.03394838298145
24 21 20.39406106643727
24 22 18.10349746188355
24 23 21.485103590512622
24 24 14.63571900448832
24 25 17.608215147457877
24 26 18.75259827051071
24 27 20.757495270492573
24 28 16.084391892982705
24 29 14.382144053145208
25 0 14.568053036969875
25 1 14.462518947650054
25 2 15.1842741129504
25 3 16.060228243916995
25 4 13.847745886869044
25 5 13.855879179763633
25 6 14.184797402946618
25 7 15.118512889734593
25 8 15.027589944951531
25 9 17.424088431674587
25 10 15.877538681130975
25 11 13.41631320591828
25 12 16.630070417152982
25 13 15.207804123619749
25 14 18.823730134516893
25 15 17.713769746293913
25 16 19.375356374057894
25 17 18.207455671137428
25 18 18.288322093711816
25 19 19.033244923965835
25 20 19.93787389118295
25 21 17.205701057083534
25 22 17.315665228836533
25 23 20.926574909956607
25 24 20.576431711741588
25 25 7.833448201127753
25 26 15.889654226373906
25 27 19.092572305218297
25 28 16.625445949047794
25 29 15.031575693677896
26 0 13.976267610017697
26 1 15.07177327930335
26 2 15.391781675594945
26 3 16.462216945653516
26 4 11.71567275463228
26 5 15.830540122916059
26 6 14.392027318547985
26 7 14.791563747956538
26 8 16.099559751232256
26 9 14.695552507555954
26 10 15.670014057024128
26 11 16.92780008998832
26 12 14.709132508675175
26 13 16.118695379232634
26 14 15.346448903166074
26 15 14.425067548967096
26 16 19.197187079299287
26 17 19.00100478928056
26 18 16.978298235737412
26 19 16.515144034387202
26 20 18.46377351911048
26 21 19.076206778599236
26 22 17.528865517190212
26 23 16.084397009404157
26 24 15.99017871451851
26 25 14.779427171514305
26 26 17.116779948519447
26 27 18.15680398800519
26 28 17.668186761642485
26 29 16.332474281740133
27 0 14.131997530453827
27 1 13.433854542102514
27 2 13.532869951325731
27 3 14.359176073629198
27 4 15.079510908399355
27 5 14.664246645791284
27 6 13.830514963715176
27 7 14.32815797244718
27 8 14.937411837469394
27 9 15.089682373396037
27 10 14.217770085057444
27 11 13.403664003005797
27 12 16.026598230824575
27 13 12.895269693155603
27 14 15.923202399298559
27 15 17.12348762191571
27 16 15.444221507849113
27 17 16.015293072917146
27 18 18.117179401467915
27 19 17.04608769348618
27 20 16.847175703278154
27 21 19.466120746788253
27 22 16.788687862721595
27 23 18.30251166973656
27 24 18.448526079206022
27 25 20.727221790258422
27 26 17.918537750628698
27 27 18.255499375791146
27 28 17.93519011362636
27 29 17.507564154156785
28 0 13.974554493881715
28 1 14.308956805888874
28 2 14.342885693230793
28 3 14.519404113100217
28 4 13.165052159017385
28 5 13.507257542930354
28 6 15.91211544930745
28 7 13.316505148593
28 8 14.334310399715335
28 9 13.9483980406975
28 10 14.01495515889182
28 11 13.611270059422273
28 12 12.709754303656785
28 13 17.411593147678143
28 14 14.402126981106047
28 15 14.805267380709084
28 16 16.67212051835777
28 17 18.208100348536025
28 18 16.86884907729897
28 19 16.622541418861896
28 20 17.738251654523562
28 21 18.632279556686
28 22 18.456588200464687
28 23 18.637339877553227
28 24 17.44202799200114
28 25 16.839781389335062
28 26 18.56030550289563
28 27 17.009461030062667
28 28 15.622739342060797
28 29 15.912373382718162
29 0 11.498955441748814
29 1 14.595271932920317
29 2 14.709083521948708
29 3 13.718856326729405
29 4 12.843743033971545
29 5 13.26131322218911
29 6 12.233323287459944
29 7 15.51909407472312
29 8 12.416090835789282
29 9 13.93128639144821
29 10 17.559626970271257
29 11 14.308679354278206
29 12 14.082883340015341
29 13 13.743613453220682
29 14 13.793092992098023
29 15 14.739654888903997
29 16 13.537734862963955
29 17 13.140382532408886
29 18 16.44651712773823
29 19 16.27264532316855
29 20 16.82180670630473
29 21 17.091255932006323
29 22 17.380424461780585
29 23 17.108033358582336
29 24 13.255796818686633
29 25 13.72101297774035
29 26 15.679578950707235
29 27 18.761496367256836
29 28 13.506774694454402
29 29 13.865011878967614
