0 0 13.289834353941691
0 1 14.65313673597705
0 2 13.625423088965787
0 3 13.06349229311021
0 4 15.39019440639525
0 5 14.171272642471417
0 6 13.693708730029678
0 7 15.089497911492394
0 8 14.017913104235966
0 9 16.05846259016974
0 10 14.075690545278285
0 11 14.08822738045313
0 12 14.596491598278785
0 13 15.772150632904625
0 14 12.54249399566902
0 15 16.746237657030235
0 16 15.825101266869803
0 17 13.853496665449942
0 18 15.216818074646685
0 19 13.99233680712951
0 20 16.39218087436809
0 21 12.720234834008432
0 22 13.833472346945282
0 23 13.988730748988218
0 24 14.010260371834141
0 25 13.91638318198272
0 26 13.363851476039388
0 27 13.854319770743784
0 28 13.339732517456062
0 29 13.607721349105761
1 0 13.30133912785333
1 1 14.194590721279292
1 2 15.359841590906596
1 3 14.373269979026936
1 4 12.001991694479925
1 5 16.312071398278785
1 6 14.784550816414045
1 7 13.474613611947102
1 8 13.941224115857114
1 9 15.209061216496405
1 10 16.449339722905833
1 11 14.908495204738927
1 12 15.280635787027645
1 13 16.437261198786064
1 14 16.456752947797728
1 15 15.150879972925178
1 16 13.542113773278128
1 17 13.748720207916103
1 18 13.812418024958848
1 19 15.757798801113708
1 20 13.839424636005862
1 21 14.092824937065878
1 22 12.915608632237744
1 23 13.372638090927081
1 24 14.491890607688761
1 25 13.347759617878982
1 26 15.662131709681688
1 27 13.555322958785872
1 28 15.01516986061935
1 29 13.248092338726261
2 0 15.263971638835285
2 1 15.098873906320978
2 2 13.502956302847627
2 3 14.040580377567961
2 4 15.477155507226021
2 5 14.157959593349895
2 6 16.91985726353327
2 7 14.79097536480372
2 8 15.298590803518211
2 9 16.74716230785093
2 10 15.393991165014347
2 11 15.925839530293077
2 12 14.430434303009509
2 13 15.79905275799736
2 14 15.395361077031428
2 15 16.76071720942062
2 16 15.37753311674801
2 17 14.392699421664448
2 18 15.618083800448224
2 19 12.172817816988632
2 20 15.523564551897154
2 21 13.655669664909981
2 22 13.034556489584519
2 23 12.564113806012111
2 24 13.865120717723864
2 25 13.047715481539663
2 26 13.424032141239586
2 27 12.98098772662353
2 28 12.920248702212048
2 29 13.96356150637746
3 0 13.007898427537791
3 1 13.982867575707177
3 2 13.825731441344333
3 3 15.006451913816871
3 4 17.797887041150695
3 5 13.999007557762983
3 6 13.957701582663336
3 7 17.296757709337783
3 8 16.205007183938086
3 9 16.77977782842284
3 10 14.160808490316503
3 11 13.88366471347771
3 12 15.014818273999024
3 13 16.3369742111308
3 14 15.518081339906352
3 15 15.745524473646803
3 16 15.324052659551022
3 17 15.13908871247755
3 18 15.87827581738826
3 19 14.739618350756643
3 20 13.04951091952527
3 21 16.179390839926292
3 22 13.774707863218541
3 23 12.887347685886875
3 24 15.476766238699222
3 25 13.530581895152025
3 26 13.278850382919467
3 27 14.11572497375275
3 28 13.791047993401632
3 29 13.937724387719152
4 0 14.046095083558912
4 1 11.627720018060305
4 2 14.080514072494651
4 3 15.896686875676986
4 4 13.52060854191415
4 5 14.216658123631854
4 6 17.125803058600958
4 7 14.213791727857755
4 8 15.771960756172264
4 9 15.248221142501698
4 10 13.928177496707866
4 11 18.203839184695774
4 12 16.539356624422176
4 13 15.722638398833514
4 14 16.013182149057098
4 15 17.26790484570242
4 16 16.46932809192105
4 17 14.662249780915369
4 18 15.650523888666973
4 19 13.969021572663912
4 20 14.437198013608437
4 21 15.652421568504694
4 22 14.274038814927383
4 23 15.19407444443993
4 24 12.707571607327427
4 25 12.999950996951268
4 26 13.92623740320448
4 27 15.62604799376623
4 28 12.814357468647879
4 29 14.594688046596046
5 0 16.873690984935685
5 1 14.817407480273994
5 2 14.685899917521194
5 3 13.071145847534588
5 4 14.750455765124888
5 5 17.50880619113726
5 6 14.612485912056677
5 7 16.09630764945687
5 8 15.885611731562365
5 9 18.825846917493138
5 10 16.613905945220175
5 11 18.29337903444556
5 12 17.27402523233921
5 13 18.856571394718337
5 14 16.0911520677641
5 15 13.99716716977729
5 16 16.145962241990937
5 17 16.381597578281493
5 18 17.257836127683092
5 19 14.887854399445333
5 20 14.393293407732813
5 21 17.2544796496512
5 22 13.891158492104218
5 23 12.164426752768183
5 24 13.596955530304877
5 25 14.009643113366748
5 26 13.226135847400336
5 27 14.508210355316486
5 28 12.11156259274927
5 29 12.825193077933317
6 0 14.39836228671142
6 1 15.50854415413043
6 2 16.363102999596148
6 3 16.44052337953616
6 4 15.114800921714261
6 5 13.884332296341913
6 6 14.536603757894897
6 7 16.94027059326957
6 8 19.124847492385676
6 9 19.63912928786043
6 10 19.33629232961261
6 11 19.05803740218742
6 12 21.172214720610384
6 13 17.713183206770214
6 14 17.440905855257757
6 15 17.570797235605667
6 16 15.558032645977196
6 17 16.036119691699476
6 18 14.555802376209861
6 19 14.761773299055925
6 20 14.072416295725779
6 21 15.902157656805791
6 22 15.318007838704926
6 23 14.944716138265177
6 24 17.150756542038238
6 25 13.186014794966592
6 26 14.232731931108603
6 27 12.246854157532292
6 28 14.056925592767291
6 29 13.573147469664464
7 0 14.930762815295214
7 1 12.907696058425289
7 2 14.330825680026674
7 3 15.093589013970279
7 4 15.595301633558394
7 5 15.1069908380268
7 6 15.887555310059813
7 7 18.911489558577937
7 8 20.29990680772329
7 9 17.62373858300172
7 10 19.17159217735203
7 11 18.49231643290195
7 12 18.687968965616673
7 13 18.081891323991357
7 14 18.73607412874313
7 15 18.413698594469448
7 16 17.65464552857192
7 17 17.863456820945917
7 18 15.49760238631943
7 19 16.664743725508686
7 20 12.877174459387115
7 21 13.242507420612787
7 22 15.523284229699394
7 23 16.319035814286345
7 24 15.59781205358161
7 25 15.58765563713033
7 26 11.567802414923234
7 27 13.573816347609073
7 28 14.073562226269878
7 29 13.843153519349649
8 0 13.22591237438027
8 1 13.826082973568354
8 2 14.363164252220766
8 3 13.876035750663265
8 4 15.138929777719435
8 5 15.670563772629826
8 6 17.543738907287135
8 7 17.952426791438928
8 8 18.705427360876
8 9 22.01988244366598
8 10 18.595318053923872
8 11 22.636846742445957
8 12 20.861517913748987
8 13 20.784837230639493
8 14 19.05133503848761
8 15 18.99688236545694
8 16 18.381931537396145
8 17 18.18682443736375
8 18 18.247106932700138
8 19 14.712119264429079
8 20 15.887431915828245
8 21 14.090049777520615
8 22 14.35636228532832
8 23 15.084608868473081
8 24 17.3855078077517
8 25 14.463638438361496
8 26 13.411124931933912
8 27 15.43766151999034
8 28 16.312319221254324
8 29 13.403710984760453
9 0 12.676054850145391
9 1 14.88335433950083
9 2 13.56626565866037
9 3 16.298032611087294
9 4 16.539445753699145
9 5 18.525875338720677
9 6 18.171853801112192
9 7 20.1956643703563
9 8 17.567828843711464
9 9 20.08700854373813
9 10 24.222909264256586
9 11 23.27509606334964
9 12 22.27012672680394
9 13 21.476793917357917
9 14 18.886038998941764
9 15 16.219209892189596
9 16 18.075255931501584
9 17 17.700614134881643
9 18 19.571322525397107
9 19 17.570416689566276
9 20 15.909131972206309
9 21 14.307433247818587
9 22 15.62933484152115
9 23 13.043613092241163
9 24 17.059703852343265
9 25 16.87110839454833
9 26 17.318820582024365
9 27 13.473895006727073
9 28 16.101844453113095
9 29 14.867215703422712
10 0 14.676003476761924
10 1 16.188934759318546
10 2 14.78166936681225
10 3 15.370261570874405
10 4 15.628742656242585
10 5 14.361406102110921
10 6 13.990457229745326
10 7 19.940663903055434
10 8 16.319101906368697
10 9 21.036874230822555
10 10 23.363143457866755
10 11 9.513572706883856
10 12 23.47437141115038
10 13 21.950331167878016
10 14 20.958831223878363
10 15 20.933543914993585
10 16 17.670717120458075
10 17 18.31262370545682
10 18 16.886511188842995
10 19 14.904148027905935
10 20 17.39952891959586
10 21 16.28193310382057
10 22 15.416508603247335
10 23 14.26666065467568
10 24 16.446211493812235
10 25 13.00928386496744
10 26 15.012075699909175
10 27 13.133855393331498
10 28 14.013994016067592
10 29 13.382091330734529
11 0 12.613158678992603
11 1 14.146654433380096
11 2 14.045030596695012
11 3 16.811453345218908
11 4 14.684956958210545
11 5 15.051087293933515
11 6 16.378960548118844
11 7 16.60798921850668
11 8 19.758724003676118
11 9 19.513718474023108
11 10 19.061904437362088
11 11 22.925081060185853
11 12 25.313404039631372
11 13 20.168382658302274
11 14 18.23333086709278
11 15 17.82877399484297
11 16 17.941787685268494
11 17 17.786107455222236
11 18 16.597421661251836
11 19 17.31722563401516
11 20 16.448098444028137
11 21 15.903725850866422
11 22 13.696325222241148
11 23 16.658305953619774
11 24 15.559648095809337
11 25 14.117021392866882
11 26 13.592653784980888
11 27 14.929512266803243
11 28 13.954516621619568
11 29 13.459467582750053
12 0 12.682262461516121
12 1 15.82089473788451
12 2 14.674881157762197
12 3 16.86216339093556
12 4 13.00761226912197
12 5 16.136811262362407
12 6 15.580977393028718
12 7 21.935534669215013
12 8 22.069233948018642
12 9 24.000017272881674
12 10 22.880502723511796
12 11 23.53357995577092
12 12 24.272951913053767
12 13 16.673536048672066
12 14 19.106659693892926
12 15 20.270049361504665
12 16 18.700758485845736
12 17 17.20687957696241
12 18 16.123433160651555
12 19 14.70438833212143
12 20 15.081674095797478
12 21 15.99455506562806
12 22 15.305130407698249
12 23 17.0465648049708
12 24 15.905784981878067
12 25 16.214532373684193
12 26 14.195283435461656
12 27 15.277141516768438
12 28 16.325983638266855
12 29 14.157029036563504
13 0 12.682377313029383
13 1 13.14269240762149
13 2 14.834086609870594
13 3 13.591306658412787
13 4 15.628185074811874
13 5 17.76203374381035
13 6 17.394448274189863
13 7 14.25960412898221
13 8 18.881634198786955
13 9 23.016695846314644
13 10 18.492065811571184
13 11 20.02007925028961
13 12 21.322819043596702
13 13 19.63681192198234
13 14 21.626929860445763
13 15 18.148568306544018
13 16 17.880325379610095
13 17 15.957992697399842
13 18 19.14937178921665
13 19 18.445897004881832
13 20 16.50051220888371
13 21 14.682882598769423
13 22 18.600317623289623
13 23 16.936291167749566
13 24 14.479942414231262
13 25 15.76998523281234
13 26 15.104593442688621
13 27 13.42737845492592
13 28 13.257744340048966
13 29 15.447035336049785
14 0 15.192643708419702
14 1 14.006875425287786
14 2 13.527773667165157
14 3 16.02706762076479
14 4 16.519833034242723
14 5 15.720925035558759
14 6 15.266376497956351
14 7 17.002986484361866
14 8 17.331373484164036
14 9 18.657659567641808
14 10 18.68244492162607
14 11 17.674246347784266
14 12 19.478116230534855
14 13 18.627449377949137
14 14 19.330761773985223
14 15 19.59633118799063
14 16 16.512741296927377
14 17 17.845001500780164
14 18 17.504482386696125
14 19 17.323061799002385
14 20 16.08338443806068
14 21 18.338753429118547
14 22 16.650967466657598
14 23 15.975070249893815
14 24 16.25885849829833
14 25 16.32831539081462
14 26 14.637410176908498
14 27 15.723184978905753
14 28 13.900452963016395
14 29 14.595293532808567
15 0 15.615353612495287
15 1 12.934912853971348
15 2 13.669798250032
15 3 14.336709767011047
15 4 17.233074372849167
15 5 15.575779492609888
15 6 14.996369668996937
15 7 17.133038847487015
15 8 18.75095650389167
15 9 19.443003098552964
15 10 16.913149012719657
15 11 18.436349003618183
15 12 17.179699653947413
15 13 14.318011886816086
15 14 18.098158096615887
15 15 18.854597769948505
15 16 17.872752910151153
15 17 19.548507687783122
15 18 17.547028758392166
15 19 17.297605650155642
15 20 17.269412683722468
15 21 18.055547417674084
15 22 19.89520778661605
15 23 15.361285363265363
15 24 16.03527479667756
15 25 19.123446996103887
15 26 17.268442406466786
15 27 16.36730602218443
15 28 16.79902917475765
15 29 14.103005913843429
16 0 13.066659047297048
16 1 13.473895613264185
16 2 14.194002901351702
16 3 16.785915487160572
16 4 15.305544215002111
16 5 13.639467801992557
16 6 14.09996874727743
16 7 16.155885985596356
16 8 18.48385052294877
16 9 16.492015233096218
16 10 19.632821003698247
16 11 18.73415793696811
16 12 19.022158253200704
16 13 20.346288322018427
16 14 16.512741296927377
16 15 17.452394762433727
16 16 17.14505155871927
16 17 19.856575193682524
16 18 18.76912429691185
16 19 17.223274806882127
16 20 19.857862172452986
16 21 19.945701040336512
16 22 20.157547778024757
16 23 17.270822773368614
16 24 17.8274820477741
16 25 15.513952353363287
16 26 16.439812314502703
16 27 13.002760839901166
16 28 16.04193867671185
16 29 17.32338651924749
17 0 15.87007853938298
17 1 14.397899308242579
17 2 13.902576263191198
17 3 14.614951630076174
17 4 16.214711132042332
17 5 15.708280427532817
17 6 15.80438159146203
17 7 14.839417023165755
17 8 15.683860054196684
17 9 19.583237843803616
17 10 16.134647193163328
17 11 16.248205387648664
17 12 20.905347001547387
17 13 15.957992697399842
17 14 17.32800119249189
17 15 18.072949271934576
17 16 19.961847649952848
17 17 23.731048399788968
17 18 20.184031286205645
17 19 20.710426810646496
17 20 19.629435713027846
17 21 18.268293467940072
17 22 19.147840521837544
17 23 20.333485311062105
17 24 16.364755775940917
17 25 18.387010963778675
17 26 15.753282039409477
17 27 18.727761512463804
17 28 16.099346938386407
17 29 13.61762544471538
18 0 13.548464774413372
18 1 15.84805471378707
18 2 14.690816949787745
18 3 13.965946987934505
18 4 17.51591924215505
18 5 15.583821227860943
18 6 15.905784981871957
18 7 15.036901974541932
18 8 17.391786572114206
18 9 17.60843632647493
18 10 15.190567049556195
18 11 14.923584183034322
18 12 16.123433160651555
18 13 17.64284903255193
18 14 15.043137718805747
18 15 20.36521391249936
18 16 17.74882601006445
18 17 22.886413171571725
18 18 20.718335524114025
18 19 25.320160633042935
18 20 20.972102318890645
18 21 21.304722186913413
18 22 24.852044533415917
18 23 21.82217273295189
18 24 18.165455807226607
18 25 17.83063005177382
18 26 18.76684473589309
18 27 14.109337766509595
18 28 15.068426838424763
18 29 16.05444539834839
19 0 14.174623425921059
19 1 15.000111041896957
19 2 13.971565511802044
19 3 13.710426158753023
19 4 13.48024634273225
19 5 16.04167390848271
19 6 16.1473010960405
19 7 14.600307392007815
19 8 14.959233132341268
19 9 15.581353029563335
19 10 16.727643976793082
19 11 17.31722563401516
19 12 18.49453170204734
19 13 17.091337632753984
19 14 16.62668282875832
19 15 18.26899063669278
19 16 18.9104567173793
19 17 23.458692820080994
19 18 21.827763181110114
19 19 24.969215804766606
19 20 22.12200949754158
19 21 18.32645635158115
19 22 24.12561741579483
19 23 17.179364994383768
19 24 19.0886123500168
19 25 19.09943682111124
19 26 19.064365432620857
19 27 17.272526960214044
19 28 13.467117866443136
19 29 15.748325835000392
20 0 14.929086783628556
20 1 14.292781856068785
20 2 15.567331935465788
20 3 14.261811744606337
20 4 13.687227758479077
20 5 14.126592532460055
20 6 15.469554183465275
20 7 16.163029086309592
20 8 16.08832893228602
20 9 13.041570255383151
20 10 17.39952891959586
20 11 17.291705721697557
20 12 14.603316057848788
20 13 20.13371753179692
20 14 16.112088511535603
20 15 18.115566849515872
20 16 21.47146491326968
20 17 22.894873014205153
20 18 20.847791463929312
20 19 7.036149750751082
20 20 21.75871309810791
20 21 24.0743936319594
20 22 21.0632557778306
20 23 18.976101137646197
20 24 17.581341252073194
20 25 20.10596854300071
20 26 17.086345598325675
20 27 16.29265464846626
20 28 16.112720162933993
20 29 15.305901954320307
21 0 15.134550870149655
21 1 13.162105653814258
21 2 14.910054391222303
21 3 14.55418835637689
21 4 14.990239663428003
21 5 14.98409473856591
21 6 15.333785669007229
21 7 16.544609645109755
21 8 13.844883225756103
21 9 14.307433247818587
21 10 15.05255504044504
21 11 17.05734612025178
21 12 16.442821155168627
21 13 16.88097071240547
21 14 19.478614311279827
21 15 19.608156043886154
21 16 19.376076336747506
21 17 23.263143505949092
21 18 20.431991267006545
21 19 23.27509606335024
21 20 22.841778472875127
21 21 24.53049831251025
21 22 23.44987070170423
21 23 17.84489665149364
21 24 18.46029592498477
21 25 18.306742264303963
21 26 18.093668521513262
21 27 17.84811723451551
21 28 17.08247377917349
21 29 15.358999016316218
22 0 12.335044050057808
22 1 14.625272660019329
22 2 15.260183048567015
22 3 14.74326314113805
22 4 15.779798839857262
22 5 11.154234504033651
22 6 14.650417993825677
22 7 16.074617740668955
22 8 14.35636228532832
22 9 15.322929133054554
22 10 15.993939839288071
22 11 16.35973335125753
22 12 19.86645851473335
22 13 17.939571537161726
22 14 15.23153983306314
22 15 19.715887873316984
22 16 21.12948675501851
22 17 20.309302346433395
22 18 23.479354305652247
22 19 18.491204818627786
22 20 27.12704881407718
22 21 22.158496811577844
22 22 20.44277355540829
22 23 19.64106809241691
22 24 19.939009533099753
22 25 18.51562552498725
22 26 17.788913937661732
22 27 18.230514188165447
22 28 16.946090509124907
22 29 16.41523708857419
23 0 14.51103676510943
23 1 11.359553429781275
23 2 13.838863153999078
23 3 16.297010558957684
23 4 15.087331742041513
23 5 13.437634169938288
23 6 16.88546852470729
23 7 16.319035814286345
23 8 14.401433436629539
23 9 15.712340153824135
23 10 15.833893749242193
23 11 12.222592486713843
23 12 17.421318691818193
23 13 14.881668608598739
23 14 19.74520605804334
23 15 19.14276889415444
23 16 21.64339597631271
23 17 19.5500790810728
23 18 20.851426871018596
23 19 21.513679469045996
23 20 18.887786065497355
23 21 18.48272693673789
23 22 22.310925613024697
23 23 21.344165150007942
23 24 18.75703298600517
23 25 18.637674291849304
23 26 17.207380215079684
23 27 19.96646099196739
23 28 18.000490993920558
23 29 16.203461118814314
24 0 14.746619287659504
24 1 13.556544231165478
24 2 14.190483080581183
24 3 12.255248163121266
24 4 13.75155416119402
24 5 12.090718009034957
24 6 17.150756542038238
24 7 14.807214437166445
24 8 12.809694866812357
24 9 13.237283482118858
24 10 14.125056256934952
24 11 16.893341522591125
24 12 16.180055001886466
24 13 16.04513381182407
24 14 14.318494016894721
24 15 17.174186064414982
24 16 16.84335875958128
24 17 17.60932125833738
24 18 16.555072571564807
24 19 19.87917528626288
24 20 20.059500113614995
24 21 19.544801097273925
24 22 21.119349131541814
24 23 21.94326038869112
24 24 18.311402237470652
24 25 21.37291410446098
24 26 16.87583451946287
24 27 18.601677863650284
24 28 18.45827280194651
24 29 14.685536835992261
25 0 15.547390271801728
25 1 13.668629373190809
25 2 13.807347609164756
25 3 11.758670489589813
25 4 14.873100667024913
25 5 14.009643113366748
25 6 13.129560183951426
25 7 16.071062751375194
25 8 15.267372336525929
25 9 15.834642889723765
25 10 14.986112276135605
25 11 14.299366939413146
25 12 13.441454716179136
25 13 15.729549255924864
25 14 17.002392400005213
25 15 15.71723517699471
25 16 20.389473510534618
25 17 16.107233297413494
25 18 18.837622343902183
25 19 18.61971352284772
25 20 15.246467997906507
25 21 21.599792927010512
25 22 17.94808296052639
25 23 20.669328537815264
25 24 19.908165697557806
25 25 7.640125699311882
25 26 18.818032312522053
25 27 22.976691503945876
25 28 18.088205177345998
25 29 15.12468090747023
26 0 15.702240042387846
26 1 14.042857290881566
26 2 12.491515129320076
26 3 13.121553613507956
26 4 13.92623740320448
26 5 14.673295271462669
26 6 15.09182655960221
26 7 13.570085513895036
26 8 13.61550017577578
26 9 14.809135524686397
26 10 16.186636525161205
26 11 15.564733774791113
26 12 16.86251732113056
26 13 15.670998407975109
26 14 15.18530900950621
26 15 14.554633636865908
26 16 15.452268424073452
26 17 18.197498146814183
26 18 17.863601080842493
26 19 18.505560276182774
26 20 20.682339585590732
26 21 16.829383525638058
26 22 17.9567429560719
26 23 19.435367391291248
26 24 18.155659542041708
26 25 18.404238117669312
26 26 17.29522072792822
26 27 18.851397154264834
26 28 18.808277922004393
26 29 16.664416855895727
27 0 12.38533861423976
27 1 15.603032245696868
27 2 15.439708841386636
27 3 14.11572497375275
27 4 14.286211446452095
27 5 15.831701265077653
27 6 13.390767310876873
27 7 13.775255498894118
27 8 16.070492507093046
27 9 13.87904404503687
27 10 14.787151793456403
27 11 13.276908132749051
27 12 12.829786219981234
27 13 15.726418732021774
27 14 15.112321362020333
27 15 13.624227771740232
27 16 17.793590679587144
27 17 14.123462071733915
27 18 17.764390022584017
27 19 18.811286645498825
27 20 14.762440810490583
27 21 15.974348492726449
27 22 15.670776177987584
27 23 15.20876035946073
27 24 18.850363497243297
27 25 17.86921886326748
27 26 19.925331265360867
27 27 19.716881931808437
27 28 17.094869910504933
27 29 18.181952279923227
28 0 12.988823471206738
28 1 12.762482781135432
28 2 12.920248702212048
28 3 13.690241185639278
28 4 13.250016909780538
28 5 11.124280716872963
28 6 14.919438889382798
28 7 14.62449391476666
28 8 13.20361688504423
28 9 14.233507584775225
28 10 13.917383959852915
28 11 15.3083707479787
28 12 14.417357225091026
28 13 12.499151760887141
28 14 14.058959862569278
28 15 15.742788834412984
28 16 16.47048074012786
28 17 15.993557044910508
28 18 15.555458954037238
28 19 18.106004541157052
28 20 19.5810859442859
28 21 17.88600465780296
28 22 17.33840291076662
28 23 16.81150482048181
28 24 18.32839625490276
28 25 18.14015567209719
28 26 16.24071805748882
28 27 17.08213814166556
28 28 15.846514508492813
28 29 13.762913443965639
29 0 13.011898776612782
29 1 13.248092338726261
29 2 16.91965248311577
29 3 14.286046001386985
29 4 13.039405072675494
29 5 12.718070151116544
29 6 14.641720608231875
29 7 14.510023194350506
29 8 14.318931105622719
29 9 13.121779480054421
29 10 13.491529841361999
29 11 17.531403860990313
29 12 14.309390881946467
29 13 14.38579302908352
29 14 15.695361748737222
29 15 16.16672693960842
29 16 13.4598641103119
29 17 14.978694450563335
29 18 16.4264648014257
29 19 16.59707476728631
29 20 14.963480130553267
29 21 16.656712685566834
29 22 18.547738318832998
29 23 16.2266541570941
29 24 15.8781081570986
29 25 16.800149125351936
29 26 15.823902525041564
29 27 16.34441294867392
29 28 14.670456254188824
29 29 17.444558814767426
