0 0 12.914834881220703
0 1 13.582639026405154
0 2 14.141501318831628
0 3 15.918986308076857
0 4 13.424798194889213
0 5 15.881905588283466
0 6 15.487380557437623
0 7 14.817994502234312
0 8 13.225497426862397
0 9 15.837836919782095
0 10 14.94085648736751
0 11 14.587844387616197
0 12 14.098005311759383
0 13 13.991383529054035
0 14 13.231556625306698
0 15 16.869497057654595
0 16 14.405089943940274
0 17 15.563978695173043
0 18 12.105562050799879
0 19 14.698256117913006
0 20 14.75150586256553
0 21 14.42295241754314
0 22 12.08360362920925
0 23 15.816614063144621
0 24 13.01809848591234
0 25 15.19878328017042
0 26 15.960308304932795
0 27 14.601233360768672
0 28 13.736057783002604
0 29 15.388209787954956
1 0 12.117349526106457
1 1 13.363238542440484
1 2 14.54977305433426
1 3 14.884024040766501
1 4 13.603780452935284
1 5 16.217603674375926
1 6 16.141376527966273
1 7 15.299460876548554
1 8 14.552675031732626
1 9 14.170722808061901
1 10 13.475626248286792
1 11 12.691587021738396
1 12 14.41084326491607
1 13 13.285918272165858
1 14 13.641374918376455
1 15 14.983153168049057
1 16 15.27868726300388
1 17 13.027178362329819
1 18 13.854320491011041
1 19 14.455055340015956
1 20 15.174998255307331
1 21 16.776769408831704
1 22 14.159383241633622
1 23 14.431539358790022
1 24 12.295687443426129
1 25 14.02989291799269
1 26 13.10927421220114
1 27 14.996710079972368
1 28 15.285783781086412
1 29 13.893238743312462
2 0 14.050778243587494
2 1 14.042459419634024
2 2 15.432512458838234
2 3 13.691061162127063
2 4 15.014058323922496
2 5 14.138374990571183
2 6 14.666305921086828
2 7 13.925373514460752
2 8 15.137138969675734
2 9 13.199432397359757
2 10 17.581631062849656
2 11 14.510160459379646
2 12 17.000465628652726
2 13 16.291746512111484
2 14 14.463268145770417
2 15 15.94085469169033
2 16 15.845961767529063
2 17 14.622420597701263
2 18 14.004291020968447
2 19 14.115016001068893
2 20 13.10638971035491
2 21 15.038182591306157
2 22 15.624070189574521
2 23 16.170772649776673
2 24 13.067935510224247
2 25 13.399446076198519
2 26 12.565122238344872
2 27 14.600988358796117
2 28 12.19973349639404
2 29 16.592767078489402
3 0 15.498417316754852
3 1 15.893365470731743
3 2 13.58093457412949
3 3 16.794969983198936
3 4 15.962381471603749
3 5 15.091637919478696
3 6 15.654627380609911
3 7 14.797805820901845
3 8 15.443496592635912
3 9 12.698040799832084
3 10 15.663446749356678
3 11 16.731054234701404
3 12 14.216127459334105
3 13 15.886610667849649
3 14 13.20756552608418
3 15 15.632902650544771
3 16 12.91970029570085
3 17 16.84699879203287
3 18 14.528190136099628
3 19 14.023052148104922
3 20 16.146594511155175
3 21 14.69357008892707
3 22 15.44826916399207
3 23 13.435928302312151
3 24 13.458888194678526
3 25 13.525362883179238
3 26 15.755160966712847
3 27 15.653722899412696
3 28 14.40654283685149
3 29 14.833524021941225
4 0 15.262170479210118
4 1 14.06102567761759
4 2 15.601461296861336
4 3 16.6224432818551
4 4 16.194446781670578
4 5 15.011707996796043
4 6 15.403133660305116
4 7 18.91042556764391
4 8 16.744519461096623
4 9 16.569627953026725
4 10 15.13096920383781
4 11 18.201511735214385
4 12 15.597645725099932
4 13 17.57159812399077
4 14 17.250990233099692
4 15 16.917058446220786
4 16 16.06201039015351
4 17 14.289644759464387
4 18 13.939483247806349
4 19 17.05573366542731
4 20 17.24310188505325
4 21 14.324945487143063
4 22 14.073069089449014
4 23 13.204538747126724
4 24 12.910093972915694
4 25 13.9799594729414
4 26 14.007657301333857
4 27 13.386293206948542
4 28 13.16315405553321
4 29 16.25180838607453
5 0 15.085773582706786
5 1 14.190231453025543
5 2 13.328037032142534
5 3 11.843727971706445
5 4 13.532809578128948
5 5 15.964373790779218
5 6 16.46071764546951
5 7 15.066078505678078
5 8 15.010204252078076
5 9 17.116264426497274
5 10 15.737429572924185
5 11 17.199568227027342
5 12 15.895510890101619
5 13 16.555879394289573
5 14 15.531387951197708
5 15 16.089535491064076
5 16 17.10813082856881
5 17 13.455375137653624
5 18 15.009367898454688
5 19 13.087266186103534
5 20 15.75269009523566
5 21 16.169668643493967
5 22 14.26077831440881
5 23 14.213367727095264
5 24 12.472939572984293
5 25 15.132175299297396
5 26 15.107163265345942
5 27 13.79485815191082
5 28 13.282352654471914
5 29 13.199413907175305
6 0 14.842390437631693
6 1 13.75203390570908
6 2 13.43919280001225
6 3 14.411187249840488
6 4 12.240063018357038
6 5 17.233056696857954
6 6 16.409693561535644
6 7 14.831036583600733
6 8 17.063119157878667
6 9 15.834984138849553
6 10 17.770708345890977
6 11 20.791419491822378
6 12 16.534185141219844
6 13 15.732992527848335
6 14 18.287358936018382
6 15 15.375058482072882
6 16 17.670989796006552
6 17 16.840633223393052
6 18 15.255660783441222
6 19 16.064036957190645
6 20 17.683198361055485
6 21 16.822830451802314
6 22 13.968357506903587
6 23 13.554991689104854
6 24 12.895034010758968
6 25 12.545548628989309
6 26 15.67289541820866
6 27 12.53996695023578
6 28 14.203589645188865
6 29 13.430694523365746
7 0 15.08064087793123
7 1 14.52363404699662
7 2 14.887207649841775
7 3 12.864443961269995
7 4 15.458778646611446
7 5 16.756290984654942
7 6 17.021304428873243
7 7 14.268089463059939
7 8 17.627976109479057
7 9 18.46923676437253
7 10 20.08305973418375
7 11 21.615000249387922
7 12 19.531010897537882
7 13 21.503827207935927
7 14 17.924005680199052
7 15 16.843006146618887
7 16 17.215954813778698
7 17 15.193067798500376
7 18 17.368396972627476
7 19 16.225737997277722
7 20 17.084920649662845
7 21 15.45745472514901
7 22 12.356417827212907
7 23 15.376945156698994
7 24 14.792017322518726
7 25 16.78625765357876
7 26 13.130923934838396
7 27 13.257778940479307
7 28 15.088413695513347
7 29 13.829005322618627
8 0 16.778889988077065
8 1 13.877509796637508
8 2 16.013599249486028
8 3 14.885888409860126
8 4 16.612854787618566
8 5 14.782344712196139
8 6 15.223690115988775
8 7 15.874434120433984
8 8 16.434904207244163
8 9 19.795440341319793
8 10 20.560561146254624
8 11 20.40491854306866
8 12 23.05079595153204
8 13 22.407999422421142
8 14 21.345685935322933
8 15 21.15745067279822
8 16 17.48250787722536
8 17 15.313527843875008
8 18 16.534953110297373
8 19 15.306943445775358
8 20 15.089377130694936
8 21 15.895511004327458
8 22 16.014674074903137
8 23 15.678837892826227
8 24 15.648601121553721
8 25 16.027065259562935
8 26 14.176016246007432
8 27 14.751423172845996
8 28 14.327410379642536
8 29 15.28321143395538
9 0 12.737701261771832
9 1 15.765624368567007
9 2 16.308442449805167
9 3 15.238653673364407
9 4 16.963610232699878
9 5 16.27506182237303
9 6 15.293407939585157
9 7 17.667077043344904
9 8 17.704378395441847
9 9 20.796595532114964
9 10 23.23715964136952
9 11 24.37388869813369
9 12 23.67180116456348
9 13 21.30527602809197
9 14 22.720392841466822
9 15 21.62963795351331
9 16 18.588028115057146
9 17 18.451486994549395
9 18 16.353899214862974
9 19 17.37045818936284
9 20 15.570823035140666
9 21 13.73829136709377
9 22 16.04854385289417
9 23 14.316293608123129
9 24 14.859327934245242
9 25 15.803508236115084
9 26 15.202923186543948
9 27 15.70228321165005
9 28 14.108881923627347
9 29 15.55322411269304
10 0 13.627599144547954
10 1 13.911661415064607
10 2 14.02935974593329
10 3 17.066609663680666
10 4 16.091262948338574
10 5 15.797711506591918
10 6 15.497880824669062
10 7 15.863008055718748
10 8 17.556678504261864
10 9 17.77420982976494
10 10 22.396411957041504
10 11 25.078893052549233
10 12 8.526636080291535
10 13 23.45383883730684
10 14 24.769706782676835
10 15 22.72559906229336
10 16 16.47001214070875
10 17 14.80044181054143
10 18 19.960542196789532
10 19 16.59426221207575
10 20 15.95715512728824
10 21 14.680006125467981
10 22 14.4121986296017
10 23 17.411904508840216
10 24 13.940172830671482
10 25 16.16702329600414
10 26 15.23942599072715
10 27 14.310014374401197
10 28 13.565139301551042
10 29 13.371482488630173
11 0 14.526877693514626
11 1 14.414994083971832
11 2 14.033323273403347
11 3 14.805106330119477
11 4 15.131240192304679
11 5 15.315379774061723
11 6 18.278003353438617
11 7 16.697948903911456
11 8 20.131386242381165
11 9 20.300170693189333
11 10 22.190230236733242
11 11 21.434565889142082
11 12 23.08076404501465
11 13 20.566668793909013
11 14 19.46606049552526
11 15 18.12063302012355
11 16 19.334401649394735
11 17 16.317803250923518
11 18 20.76811205098958
11 19 17.183967760821425
11 20 18.22142092921783
11 21 15.216995566366803
11 22 15.766908497751238
11 23 14.17056052246809
11 24 15.233966716147046
11 25 13.103951558184532
11 26 14.584946154173803
11 27 16.35384786930373
11 28 15.263837042569762
11 29 14.707196508358543
12 0 14.106907099796937
12 1 15.113706046952606
12 2 15.976252730460248
12 3 15.703070931655589
12 4 14.346910632042176
12 5 14.213433639401467
12 6 18.32998738313422
12 7 15.058801133250457
12 8 19.221013386150304
12 9 20.27262287004107
12 10 25.00831132356536
12 11 21.57144345745862
12 12 19.239801123961957
12 13 25.913278806980447
12 14 17.603848121522535
12 15 20.22333681789143
12 16 19.641777530991757
12 17 15.316700309407086
12 18 18.26964912919353
12 19 16.574116688816055
12 20 14.422851993704786
12 21 17.402816106763897
12 22 16.45204394712576
12 23 16.42304455942937
12 24 16.48194707690434
12 25 15.778925343855441
12 26 14.220473543344305
12 27 14.659412602939977
12 28 14.44440281377456
12 29 16.040863198922825
13 0 15.660115303927165
13 1 15.664070400021165
13 2 15.720120015821237
13 3 15.253608138127692
13 4 15.717639403917667
13 5 16.161621544430535
13 6 15.008172842963328
13 7 17.19239812735055
13 8 18.387141986614708
13 9 17.255243035485186
13 10 21.150431724281965
13 11 23.28624621151528
13 12 21.0136530010425
13 13 23.402115732261418
13 14 19.28108733311657
13 15 18.983471312464726
13 16 18.808190320461748
13 17 16.492146143050245
13 18 18.357149244459098
13 19 17.587478047721984
13 20 19.203789283990616
13 21 16.78470555037855
13 22 18.76420353869845
13 23 14.828201352735228
13 24 16.93275293824696
13 25 12.769200616349488
13 26 15.953291146353639
13 27 14.42027037146677
13 28 14.466209862721287
13 29 15.27972224088026
14 0 14.315319006738495
14 1 13.334925829879406
14 2 14.305122044188197
14 3 14.506936578049395
14 4 16.987866911909133
14 5 16.50963782653878
14 6 16.02139470419098
14 7 17.303160793928026
14 8 16.679081215162263
14 9 18.07073843366426
14 10 16.929252538373067
14 11 18.979905682582032
14 12 19.207187823919597
14 13 19.3062038810726
14 14 21.821145115068287
14 15 19.770286603400933
14 16 18.580616018804893
14 17 20.27554789207005
14 18 16.904637663682117
14 19 15.893697571324946
14 20 20.044555405809483
14 21 17.698665656671118
14 22 15.594920752267315
14 23 15.528821422693804
14 24 16.343136086606982
14 25 15.499300302898867
14 26 14.209640652526954
14 27 16.840022946249714
14 28 13.883938044888296
14 29 14.826593602717837
15 0 14.807739253443502
15 1 16.384067631155197
15 2 15.105246332478929
15 3 12.651866206483142
15 4 14.716730368191302
15 5 15.994292752139947
15 6 15.931342849605235
15 7 15.090020585325613
15 8 16.108151588838574
15 9 17.148284133290957
15 10 20.010499470108893
15 11 19.47786123046208
15 12 18.772506783938415
15 13 21.50300501008681
15 14 21.075138872010854
15 15 18.20988534052241
15 16 17.632170640445253
15 17 20.19462110735788
15 18 19.150984743293815
15 19 19.666235130179086
15 20 16.980872447534935
15 21 16.944468762721588
15 22 18.354308184898606
15 23 17.284602906036657
15 24 16.702793010126218
15 25 15.514996520956297
15 26 14.593724860650498
15 27 13.765648100879648
15 28 16.98478040811727
15 29 14.700363237155077
16 0 14.379551106610833
16 1 14.562289748943213
16 2 13.497079090062721
16 3 14.073819382974957
16 4 15.504607904099245
16 5 14.907589123233839
16 6 17.56463616508342
16 7 16.04194769578454
16 8 16.194725396579933
16 9 15.919628797913772
16 10 20.802698184069893
16 11 21.1171096026718
16 12 17.101312118493812
16 13 20.896804234166204
16 14 18.580616018804893
16 15 18.33365846234585
16 16 18.346989116485993
16 17 19.14275494383383
16 18 18.716423004773166
16 19 18.606247771620005
16 20 17.441972469432027
16 21 19.346761500636653
16 22 16.188247620275124
16 23 17.988705991795918
16 24 18.72020992479847
16 25 15.225257574245784
16 26 16.54685271380014
16 27 17.605590299618424
16 28 13.57041789088223
16 29 15.664469712838965
17 0 14.151702278019739
17 1 12.95842887873023
17 2 15.117532107711648
17 3 14.031467395592156
17 4 15.953291146342647
17 5 14.790478071096889
17 6 14.193370394827568
17 7 14.774540792949065
17 8 16.157061797018994
17 9 15.51106935685074
17 10 13.756296048701982
17 11 18.428497754679306
17 12 16.568933792943433
17 13 16.492146143050245
17 14 19.538513393924518
17 15 16.017903751519285
17 16 25.98036578622818
17 17 18.318546894624312
17 18 21.151900718156284
17 19 19.172866294727786
17 20 21.382854050926106
17 21 20.56916388336555
17 22 18.415228252386417
17 23 15.580034958932808
17 24 19.647722947490607
17 25 17.11125119173991
17 26 17.52304393006888
17 27 14.921056727224313
17 28 14.611483452749733
17 29 13.768254650649084
18 0 13.357820091174565
18 1 14.421516015509749
18 2 15.255886117907494
18 3 14.220404944239867
18 4 16.085880383981127
18 5 14.895515443776512
18 6 17.840010131923194
18 7 17.02768290812003
18 8 15.420989421825581
18 9 17.80963518458159
18 10 15.307186155137833
18 11 18.30326981728222
18 12 18.26964912919353
18 13 17.825632200580465
18 14 20.08038033022852
18 15 20.76728824046798
18 16 21.53789092971944
18 17 23.352437136644593
18 18 21.92084121651718
18 19 21.2058257717405
18 20 22.112820876906643
18 21 25.843725338150914
18 22 18.60616797764549
18 23 17.554683761017614
18 24 16.669431034854956
18 25 19.18498885928417
18 26 16.49406732530382
18 27 15.264682575137858
18 28 12.645698415345771
18 29 13.988765426447783
19 0 12.372633665209447
19 1 13.498501622891663
19 2 15.016959588999196
19 3 13.455263401637646
19 4 14.800955427777048
19 5 16.35164187791412
19 6 14.909279637514773
19 7 15.435473228277722
19 8 16.230641100623558
19 9 15.819559811605464
19 10 17.1052681531743
19 11 17.183967760821425
19 12 22.974723956408063
19 13 19.93875671006337
19 14 19.573925951296406
19 15 20.026000394598473
19 16 24.098901615546904
19 17 21.61891696476065
19 18 21.278266281499505
19 19 19.032874321990494
19 20 24.01742211350262
19 21 23.1610055592243
19 22 17.786537276659065
19 23 20.977322743627404
19 24 16.355929891158127
19 25 15.531596900315197
19 26 20.151293456390952
19 27 17.025433479854932
19 28 16.33315671034492
19 29 17.430287840567804
20 0 12.738600275554976
20 1 12.756411145414962
20 2 13.488787673204719
20 3 14.37836071170497
20 4 15.44594559759706
20 5 16.54844368475175
20 6 16.560506069515426
20 7 15.43127836399976
20 8 15.991860794667119
20 9 13.373127531370756
20 10 15.95715512728824
20 11 16.703855578364237
20 12 16.80644354567618
20 13 16.642274569188046
20 14 18.820130355313555
20 15 19.184587750071035
20 16 22.222904426913306
20 17 26.223458043961966
20 18 8.16408619971221
20 19 20.10048001451074
20 20 18.927123578730164
20 21 22.51071671515561
20 22 19.70706101024159
20 23 19.924460971717718
20 24 19.418148551044773
20 25 16.85209384906695
20 26 16.970906809188
20 27 17.005187418174103
20 28 16.068258657748007
20 29 16.565182018377477
21 0 14.47751344925029
21 1 15.729583565366534
21 2 13.652393233461806
21 3 13.651199063131116
21 4 15.271482028417536
21 5 14.34485564632264
21 6 15.93747694761066
21 7 13.992118049063652
21 8 17.717875051680764
21 9 13.73829136709377
21 10 14.410432410338835
21 11 15.942624715160019
21 12 18.73097301623666
21 13 18.086389078373262
21 14 21.75926415524409
21 15 21.159002132223947
21 16 19.71537216181022
21 17 25.22629690308824
21 18 23.693780552831885
21 19 23.141381684628595
21 20 21.41065801017401
21 21 19.26916196196884
21 22 17.59009515675943
21 23 20.842866854552753
21 24 18.008376354504108
21 25 18.10139545979724
21 26 19.270377314665087
21 27 15.413911335027816
21 28 18.717447232619236
21 29 15.12230454947612
22 0 13.101251403317283
22 1 14.923311055164577
22 2 15.456083507721456
22 3 13.683216667221862
22 4 12.511763887201564
22 5 13.2255514393903
22 6 16.332361900646244
22 7 15.181789083097279
22 8 16.014674074903137
22 9 15.328130801162066
22 10 15.492118513188263
22 11 18.310433530882587
22 12 15.948672224394524
22 13 17.749559595605405
22 14 17.75700312814287
22 15 21.350846017159448
22 16 22.257386541662335
22 17 22.793644340019238
22 18 22.476065509287636
22 19 18.690134239850114
22 20 21.788648613572434
22 21 20.02719183801497
22 22 20.597909810608922
22 23 17.744192541679546
22 24 19.273027893526393
22 25 17.641997813142762
22 26 21.849707841242015
22 27 15.777468338265878
22 28 16.195178938740888
22 29 15.538359211032025
23 0 15.090190409474397
23 1 11.877263920025237
23 2 12.310735757125377
23 3 14.769334628594109
23 4 12.790964739112141
23 5 14.92967360116794
23 6 12.913939409699648
23 7 15.376945156698994
23 8 14.052911145316498
23 9 14.602136351882143
23 10 15.554396508132807
23 11 16.44148188200902
23 12 16.877353288588033
23 13 15.662956493302731
23 14 16.280813324712224
23 15 20.150774848103563
23 16 23.479964314227725
23 17 19.1830589710178
23 18 18.428453830745944
23 19 19.42217413713852
23 20 19.85133212188011
23 21 20.405374636925895
23 22 22.963003799826343
23 23 21.727868713027565
23 24 20.01336590869427
23 25 23.346444810453253
23 26 14.745296555568594
23 27 17.67227948400296
23 28 16.344033413121448
23 29 15.35184833436434
24 0 15.38684583544995
24 1 14.536067278069256
24 2 13.994590386133401
24 3 15.121972217652587
24 4 13.65877602861007
24 5 14.845140027377537
24 6 12.895034010758968
24 7 14.418366955927615
24 8 16.342804330930683
24 9 17.03322541316154
24 10 15.463956966746094
24 11 14.13635252233109
24 12 15.237628087483717
24 13 16.731219255514358
24 14 17.11732954130648
24 15 19.298220427686754
24 16 19.49644051857145
24 17 18.618644305057472
24 18 19.26600313683206
24 19 18.77320477925947
24 20 19.818633843025125
24 21 18.110447112908332
24 22 19.86095530900371
24 23 20.053232564008642
24 24 18.61558679518049
24 25 19.59872566448542
24 26 15.473121898202645
24 27 19.821885712475147
24 28 18.187993834462066
24 29 15.428488534253471
25 0 14.419828383941805
25 1 13.414711750074803
25 2 14.448201790285196
25 3 14.875329737577934
25 4 15.477891198236993
25 5 15.132175299297396
25 6 13.5820244871355
25 7 16.171463099772403
25 8 15.912572527905676
25 9 15.917017570942729
25 10 15.322432673463359
25 11 15.610859462860192
25 12 15.616889932444947
25 13 16.15186117395873
25 14 17.445012595822686
25 15 20.399068412437305
25 16 18.170890375828733
25 17 19.833533807568845
25 18 16.800360981863204
25 19 18.549101448324546
25 20 17.550795943499075
25 21 19.207640787356652
25 22 16.34505000238335
25 23 20.12404046118241
25 24 16.32739649984297
25 25 6.086692448702488
25 26 17.40803497458259
25 27 16.8900359574388
25 28 16.4399071285175
25 29 16.436594257943188
26 0 16.740478813948958
26 1 13.471676697693109
26 2 15.128918082728395
26 3 13.811652056514374
26 4 14.007657301333857
26 5 13.389375789715888
26 6 12.511162732465365
26 7 13.588888193196683
26 8 15.680682968332663
26 9 14.89621219539566
26 10 16.1185517621201
26 11 13.832533739988556
26 12 14.293501869978705
26 13 14.726718787694413
26 14 15.747421490522237
26 15 17.070932172065657
26 16 17.23278338326098
26 17 17.01420473577621
26 18 15.533608469940317
26 19 19.83626868487035
26 20 19.05920159334188
26 21 17.247229968626904
26 22 19.36197111149433
26 23 16.822103195608292
26 24 18.93466973789279
26 25 15.160079531382747
26 26 19.204952915680927
26 27 19.31565648715551
26 28 15.108067210363389
26 29 15.926263777932745
27 0 13.556534819369396
27 1 14.266480721377992
27 2 15.3482549259568
27 3 15.653722899412696
27 4 11.856029980250897
27 5 11.51041124322827
27 6 12.682089126982714
27 7 13.113194247012945
27 8 14.183698458093922
27 9 14.16050903245803
27 10 16.83883864883167
27 11 14.763399621769036
27 12 14.764919848644402
27 13 14.464238355242077
27 14 14.420339024213959
27 15 15.02579963500046
27 16 14.803591774326947
27 17 16.219267484341252
27 18 17.482237755395037
27 19 15.823515847135077
27 20 14.884304458264763
27 21 18.267356940193146
27 22 19.623158514652573
27 23 17.013520061716356
27 24 16.885007793925467
27 25 17.922943485103904
27 26 17.199508992081565
27 27 18.85810842831254
27 28 16.178658508531278
27 29 15.288543951957607
28 0 13.123585517172382
28 1 15.815109025969363
28 2 12.19973349639404
28 3 13.97263325388829
28 4 11.576200580698579
28 5 13.616644079929594
28 6 14.277307434052695
28 7 14.422809235418288
28 8 16.362816986586928
28 9 11.758987750276283
28 10 15.33086869789901
28 11 14.75425173184692
28 12 13.787102884795079
28 13 17.02455062421642
28 14 14.21308149675824
28 15 15.526463004475058
28 16 15.383255844355118
28 17 17.408590941146596
28 18 14.987369281413544
28 19 16.07810820136237
28 20 17.325416338871605
28 21 15.267343473015789
28 22 14.690641521858726
28 23 18.27705273792753
28 24 18.142635508800794
28 25 19.240558918289608
28 26 13.768573940508533
28 27 15.970080625652427
28 28 16.215077158448715
28 29 12.680006511798922
29 0 14.153596758167795
29 1 13.893238743312462
29 2 15.080990322069395
29 3 12.724980122744038
29 4 15.01156636917902
29 5 13.123934192840693
29 6 14.868426392190427
29 7 14.171284722306812
29 8 15.357614719775338
29 9 12.65467136399797
29 10 15.507484172144965
29 11 12.998410759227543
29 12 15.094234817127568
29 13 16.435351187546544
29 14 12.863977166872134
29 15 14.895991136836129
29 16 15.904742057318684
29 17 14.686278564378393
29 18 15.890449894210192
29 19 14.51966537293951
29 20 14.767331355034354
29 21 19.19006415882131
29 22 19.29961903029502
29 23 16.68718662379872
29 24 13.878326393551673
29 25 16.1068160509498
29 26 17.017431463453878
29 27 17.71266209398246
29 28 13.336594737701587
29 29 17.21338132116547
