0 0 14.249582647891568
0 1 14.535654041287259
0 2 12.829810447240181
0 3 12.825374464124224
0 4 15.743839807962306
0 5 14.758675753137425
0 6 16.848499189425304
0 7 13.211495818654809
0 8 13.915719802390255
0 9 12.739029745147507
0 10 14.710382472633848
0 11 15.31310721984969
0 12 14.458387697552856
0 13 15.800468715347682
0 14 15.528074645959075
0 15 14.515908061796845
0 16 16.17927386335999
0 17 12.79818886272103
0 18 14.190395168614273
0 19 14.226030718726623
0 20 15.773066711611001
0 21 12.99698774903278
0 22 14.807030237121948
0 23 13.504510251553882
0 24 12.463216301000477
0 25 16.32251758822831
0 26 14.969332573665927
0 27 12.754539745712304
0 28 13.181485635465428
0 29 15.795473551547857
1 0 13.889519624196833
1 1 15.583744237622675
1 2 12.934836988055464
1 3 15.947197008497477
1 4 13.656543361641347
1 5 14.370269907613087
1 6 16.115088291840625
1 7 14.254310006997198
1 8 15.932904162391324
1 9 14.893764759746718
1 10 15.512048272146615
1 11 12.82754734489295
1 12 13.727843334008435
1 13 13.630278667158988
1 14 15.64097181955996
1 15 16.216533010606796
1 16 15.262149831695671
1 17 14.39237335932247
1 18 14.178647958438262
1 19 15.537666138491698
1 20 15.157121428306906
1 21 16.056943629454736
1 22 13.356134218938784
1 23 12.743665724073594
1 24 15.273037410361496
1 25 15.216269083822851
1 26 15.933759457394759
1 27 12.426864018084384
1 28 13.035191489409662
1 29 15.301143150018545
2 0 14.202811040985068
2 1 14.874767321771811
2 2 13.888967210947971
2 3 16.019932916639046
2 4 15.132406821393879
2 5 13.079379725011012
2 6 13.778405085060058
2 7 14.037165616055015
2 8 15.084833084576152
2 9 14.128348103846117
2 10 16.009335674946513
2 11 15.217869273841258
2 12 15.757972973866295
2 13 14.636606683729939
2 14 17.223869494574434
2 15 14.919849555849465
2 16 16.006431268159123
2 17 13.380411976222227
2 18 14.244198392254525
2 19 16.824620816155512
2 20 16.43297083645007
2 21 17.577781037380646
2 22 13.712710132580284
2 23 12.24125868966774
2 24 13.889149325351603
2 25 14.410732992253635
2 26 13.753579019092317
2 27 15.36422466187065
2 28 14.02434640910203
2 29 13.526912511549687
3 0 14.393868374973973
3 1 13.13707697591517
3 2 13.673395138284722
3 3 13.659273264645439
3 4 14.26661455275439
3 5 14.335286778267998
3 6 14.576452902578952
3 7 14.993500009135952
3 8 14.842638217412299
3 9 14.631086687276904
3 10 14.914000397301002
3 11 14.560524812636993
3 12 14.914315326628923
3 13 14.164955248890301
3 14 16.833733985517217
3 15 13.158468185017963
3 16 15.53370931243841
3 17 19.192443425943722
3 18 14.654881374417384
3 19 15.19885258479354
3 20 14.856828515400029
3 21 15.421447146432868
3 22 16.044602034275368
3 23 15.3314199520096
3 24 17.312502439463174
3 25 13.480994160886308
3 26 16.393519911956954
3 27 13.026902884018323
3 28 13.985884313920785
3 29 14.499496978993294
4 0 13.120999999871046
4 1 14.004994565857444
4 2 14.268939718192906
4 3 15.282478857486323
4 4 11.976364613677607
4 5 13.077535854848971
4 6 13.300451995521158
4 7 13.692471441245045
4 8 14.136584601859427
4 9 14.90435983317612
4 10 15.546844661089585
4 11 16.069188655486506
4 12 14.584000737655142
4 13 16.49597667585825
4 14 14.08769066394635
4 15 15.69969673606826
4 16 16.82914764899986
4 17 17.252350466985064
4 18 16.456811347534064
4 19 17.014660767256604
4 20 16.120469723464165
4 21 16.157532595079704
4 22 16.660653575060774
4 23 16.557809904442408
4 24 15.214371385583615
4 25 14.961381338463397
4 26 13.702016685934934
4 27 12.44118893436369
4 28 14.687267852842712
4 29 14.150635104310812
5 0 14.642032609049249
5 1 15.482835853642666
5 2 15.167314681016041
5 3 13.565284384752335
5 4 15.124053236010603
5 5 15.06418853420996
5 6 13.456053489645786
5 7 13.520966313789204
5 8 15.57554367923244
5 9 14.414571070988165
5 10 14.956877814354671
5 11 15.550905879927399
5 12 16.82823727001401
5 13 16.59175489135881
5 14 16.792221932355478
5 15 16.03665473233659
5 16 16.88795367494705
5 17 15.668735814039463
5 18 14.842560041899894
5 19 16.801510594705213
5 20 16.22822259079268
5 21 13.713686341269295
5 22 16.6273640022861
5 23 15.72305181890183
5 24 14.752230182364126
5 25 13.544103345189527
5 26 15.803184961727993
5 27 12.101573186462693
5 28 14.633891813705201
5 29 13.23782587324346
6 0 14.333572992302967
6 1 14.528964579918771
6 2 14.343763567846418
6 3 15.491247301913894
6 4 15.808340173589633
6 5 15.330141157071399
6 6 14.143362011848618
6 7 12.665860523293977
6 8 14.277746747715174
6 9 16.19080711360923
6 10 14.904162511153839
6 11 14.467662790993005
6 12 17.442410046751476
6 13 18.32911400328014
6 14 14.96780111922297
6 15 17.905257930410908
6 16 16.919153736599565
6 17 21.460593068448382
6 18 17.932944872844303
6 19 20.810157669361534
6 20 19.0359932239885
6 21 15.44604519493554
6 22 14.308881030118744
6 23 14.821683589427721
6 24 17.353986200400335
6 25 14.549355567132693
6 26 14.462202554238845
6 27 13.189413370006326
6 28 12.560834048405
6 29 14.477377959004567
7 0 14.900612611789244
7 1 13.3320894196721
7 2 13.511428116094333
7 3 14.203746035933639
7 4 15.249922904202899
7 5 12.451273109867358
7 6 16.165267475015487
7 7 14.309459025986921
7 8 16.135577913262154
7 9 15.571937507027137
7 10 15.675740591294431
7 11 13.736225575800571
7 12 14.686325088422628
7 13 16.695099370985837
7 14 18.14956681041502
7 15 19.204247036390598
7 16 19.941809395020258
7 17 19.62440218717256
7 18 18.654276334753327
7 19 18.70007564276055
7 20 19.61888682471563
7 21 17.56638348014254
7 22 18.938330801216633
7 23 15.36732461254448
7 24 14.913705971255908
7 25 17.22230181747847
7 26 13.717167147483321
7 27 15.306123671002254
7 28 12.185163328986835
7 29 16.693520307412715
8 0 14.16128319497299
8 1 14.28689831823708
8 2 14.256580873506877
8 3 13.455807649673286
8 4 15.958258729013627
8 5 12.88123617155715
8 6 15.0186651988434
8 7 16.585053273636525
8 8 14.80116514693447
8 9 17.123562259938076
8 10 15.574514846285378
8 11 16.950559936333736
8 12 17.749559595602037
8 13 17.6845497326903
8 14 18.792798776951273
8 15 24.620991056621197
8 16 20.391633623618382
8 17 22.130223770119507
8 18 20.266655274717053
8 19 22.82567444203712
8 20 23.167298594499602
8 21 19.970594440448927
8 22 14.472626341984954
8 23 18.0765565776438
8 24 16.29535309845557
8 25 13.921814998398736
8 26 13.890896993142523
8 27 14.211606409417481
8 28 14.399400117259129
8 29 13.43628538304538
9 0 14.116365610625586
9 1 14.244644900174624
9 2 15.866825976444252
9 3 16.254003918629166
9 4 13.69679507476662
9 5 15.62183038047008
9 6 16.073820179552285
9 7 13.186859402221277
9 8 15.000303489198185
9 9 15.964923850540904
9 10 16.670811813265157
9 11 16.752038039203008
9 12 16.66344335377826
9 13 18.55388695229619
9 14 19.810928324064335
9 15 22.64316557246993
9 16 22.954220287826956
9 17 25.211481497983076
9 18 18.31934956230955
9 19 22.999250953087614
9 20 20.786957574054558
9 21 16.631457648702856
9 22 17.80741619568583
9 23 17.484300662459034
9 24 15.870061235690057
9 25 15.387885744384857
9 26 14.437842176888108
9 27 16.390999003398903
9 28 15.530916408742629
9 29 13.930952735811386
10 0 14.738022409856592
10 1 12.758370461436765
10 2 15.370420509262638
10 3 14.193504806378874
10 4 13.027900610940257
10 5 14.592014834330351
10 6 15.538507849751054
10 7 16.596121425367798
10 8 15.523366220656422
10 9 16.28009031086423
10 10 17.628796027674007
10 11 15.409966540633473
10 12 18.90697709384659
10 13 21.14768672666455
10 14 23.976164536994506
10 15 21.200168453261476
10 16 25.169778526279796
10 17 10.466954568582212
10 18 20.508370792134315
10 19 25.09195948283174
10 20 20.059839889324092
10 21 19.858614267645827
10 22 18.92125883904094
10 23 15.807304064660118
10 24 16.68608515442814
10 25 15.432375400075118
10 26 16.528022425224325
10 27 15.319331688535069
10 28 15.38902388879773
10 29 14.853666055115443
11 0 12.314670221895991
11 1 13.618824965379519
11 2 14.357589039588026
11 3 14.201629187044231
11 4 14.738039455533796
11 5 13.892359884678344
11 6 15.559011625132662
11 7 15.699133528804566
11 8 15.508161674755595
11 9 14.978855412035015
11 10 17.241388865709144
11 11 18.147387762905343
11 12 15.894574924530074
11 13 18.001226355406576
11 14 24.134199319466827
11 15 22.705025508246514
11 16 18.337632972251036
11 17 23.522378284487655
11 18 21.470114193124733
11 19 22.565028331695938
11 20 22.453250640773717
11 21 18.007807980451172
11 22 20.020619359858046
11 23 16.140300418237477
11 24 16.46102944512218
11 25 16.078650307962196
11 26 15.717724879953023
11 27 16.216402214333602
11 28 16.717728604752946
11 29 14.684771133348706
12 0 13.282573584455386
12 1 15.827202073970533
12 2 13.089171706546555
12 3 15.38563484979414
12 4 16.075422520886228
12 5 17.322716654668746
12 6 13.673354706882556
12 7 14.421395094687785
12 8 13.938060583495124
12 9 14.629732005499413
12 10 15.471247622772696
12 11 18.7374106444537
12 12 18.96263878796443
12 13 20.229720398924716
12 14 20.107558550118423
12 15 19.816177834860685
12 16 20.00087892957372
12 17 18.46823164796476
12 18 18.769343512350357
12 19 19.849447676990973
12 20 18.400100859037412
12 21 19.29135288473122
12 22 18.539875240249224
12 23 15.11899001497957
12 24 14.514231284277612
12 25 13.92746233622632
12 26 17.477576986018146
12 27 15.203281780499529
12 28 12.029580944295393
12 29 15.352431419117988
13 0 13.788161935112129
13 1 15.411309970497477
13 2 13.402740345178243
13 3 14.210908254953978
13 4 16.871244484936234
13 5 16.458766682292783
13 6 16.42319317901599
13 7 15.156667352838502
13 8 14.905447522445781
13 9 15.07852654938076
13 10 14.905902396735152
13 11 18.718344375399333
13 12 16.858429571055503
13 13 19.94665628071967
13 14 18.801282737290226
13 15 20.03125440824367
13 16 22.20179247039815
13 17 17.565047260841293
13 18 19.134671098731886
13 19 20.83985771166985
13 20 19.497181483675895
13 21 16.06851734110325
13 22 18.10119247152748
13 23 13.981022369128203
13 24 16.729140394982753
13 25 15.17017884094662
13 26 15.134829714716759
13 27 15.849798180106779
13 28 15.501022228984779
13 29 17.06147038755934
14 0 13.119394677380187
14 1 15.211079564128887
14 2 14.289084412367783
14 3 15.180020822124645
14 4 14.966086779078966
14 5 13.793221708314183
14 6 16.449798772469766
14 7 15.257598288734943
14 8 16.626346215115568
14 9 16.620101672428174
14 10 17.98571039388599
14 11 16.398361734763533
14 12 17.677566825118372
14 13 18.69720731282332
14 14 20.081515391979565
14 15 16.67874913572514
14 16 21.335807937138057
14 17 19.66505988030253
14 18 15.46996117761321
14 19 19.27536066066179
14 20 17.260527179160412
14 21 19.466183785825503
14 22 17.76640960131835
14 23 16.18696711024335
14 24 16.803253143429426
14 25 15.856119912144187
14 26 15.569227140396961
14 27 18.022156577370787
14 28 16.16261576351169
14 29 14.539195189481402
15 0 14.894966193042585
15 1 14.758888641217514
15 2 14.4280711670793
15 3 13.576918412552523
15 4 14.088410651241503
15 5 16.125378794352542
15 6 15.461689985960946
15 7 13.706854377715626
15 8 17.805983358469565
15 9 17.09104081115823
15 10 16.74314633096963
15 11 15.700894769445103
15 12 17.65370164408341
15 13 16.481262086536898
15 14 20.860311506446028
15 15 19.127716508220548
15 16 21.797209090145813
15 17 21.1425328559519
15 18 17.350308275335962
15 19 17.77051541011739
15 20 15.913908699667243
15 21 16.814486752730236
15 22 16.85778967220881
15 23 15.880112209980636
15 24 16.66614939053413
15 25 17.564829365824536
15 26 12.934052981507284
15 27 14.659952746692356
15 28 13.869842223133848
15 29 15.363551707325962
16 0 12.55116746666262
16 1 13.763202953545711
16 2 15.646513078124855
16 3 13.794415607618275
16 4 14.727647294958453
16 5 15.643523890965632
16 6 14.644626273716996
16 7 17.120482010771514
16 8 17.481926802945296
16 9 15.478126076119068
16 10 19.322750557355594
16 11 18.284437522396026
16 12 21.44065470856181
16 13 19.520179773128977
16 14 21.335807937138057
16 15 20.64896434786077
16 16 21.094189336581
16 17 17.131992088768172
16 18 20.36967764087422
16 19 17.611672506263844
16 20 18.25387779822218
16 21 16.93144242001833
16 22 14.931075363310676
16 23 17.33981170227011
16 24 16.6719732561773
16 25 19.224247741541152
16 26 17.198789701856686
16 27 14.012991886505711
16 28 15.446268812916959
16 29 12.311706656735817
17 0 15.420527690742578
17 1 14.12542946042232
17 2 13.253374005770954
17 3 14.363064505495124
17 4 14.880093753171716
17 5 15.56986153873928
17 6 15.07510394539269
17 7 17.15066131665239
17 8 15.68954814530275
17 9 19.84161545507499
17 10 21.224538237734876
17 11 20.6458180681713
17 12 22.418833558637264
17 13 17.565047260841293
17 14 20.409101152912875
17 15 22.642332317490247
17 16 22.196092356863918
17 17 17.75252408984275
17 18 22.05214074253282
17 19 16.459874820676507
17 20 16.700131388942278
17 21 17.70246349574946
17 22 18.018267979630632
17 23 17.703630911560662
17 24 15.582113204910588
17 25 16.976393139814004
17 26 16.16682654513329
17 27 16.435674231797247
17 28 13.69354645352964
17 29 13.815865986801425
18 0 14.247903548194891
18 1 12.440763391344825
18 2 13.572055864794224
18 3 14.019740668787096
18 4 17.820619513667143
18 5 14.852993379650766
18 6 16.506557441928756
18 7 17.625102092474474
18 8 18.326025124637404
18 9 18.315415091445498
18 10 18.874629775927808
18 11 20.88161895619429
18 12 18.769343512350357
18 13 22.651075432451062
18 14 23.081848078359435
18 15 20.502237177864625
18 16 20.243683221155642
18 17 15.305882792396295
18 18 19.413682723461182
18 19 16.705978500334144
18 20 19.33218138045343
18 21 19.004130781354142
18 22 17.766309331788207
18 23 16.094989093356585
18 24 18.22525859643682
18 25 16.430784752247586
18 26 17.055208251710766
18 27 16.31444902747253
18 28 16.54491782208242
18 29 15.285232607602236
19 0 15.734653869180468
19 1 15.504386266363307
19 2 13.167365622705685
19 3 14.336239638752405
19 4 15.180893291102723
19 5 17.494996789379133
19 6 16.253347779053364
19 7 19.368360501882556
19 8 18.722640772627088
19 9 21.071139385710026
19 10 16.972304305318286
19 11 22.565028331695938
19 12 18.95109584472351
19 13 23.280559442310736
19 14 21.452372949566897
19 15 22.095221779288025
19 16 20.124934937407208
19 17 17.445277937617494
19 18 18.59383113953014
19 19 17.786107455230574
19 20 15.348037409381346
19 21 17.74668739036762
19 22 15.928995161338536
19 23 18.697047163162868
19 24 16.921523942639023
19 25 15.426271641135616
19 26 16.35446958943352
19 27 15.873922479065778
19 28 15.881008386478113
19 29 13.196404836236747
20 0 14.30248686165059
20 1 12.91697323804338
20 2 15.027334463313183
20 3 13.022736818699071
20 4 16.44006062412768
20 5 13.232838917776718
20 6 16.397148614955285
20 7 14.201803071440402
20 8 19.50086261770638
20 9 21.293485240741308
20 10 20.059839889324092
20 11 26.960509657085286
20 12 27.14666444617999
20 13 9.32559326219416
20 14 23.916785184797
20 15 21.323425246595054
20 16 16.3886458008031
20 17 20.55278809824173
20 18 18.906977093854003
20 19 17.526872562124133
20 20 16.817123577375472
20 21 17.154491617734028
20 22 15.73748161684333
20 23 15.862640020575913
20 24 14.575015254851866
20 25 16.528931089219327
20 26 18.86977667866302
20 27 17.664928271184927
20 28 15.591089163826677
20 29 14.005555949161069
21 0 13.68495635871259
21 1 14.885244299359346
21 2 13.002627691035906
21 3 14.35841089168574
21 4 16.001063531803325
21 5 13.36994809910537
21 6 14.157788870679557
21 7 15.214087801573504
21 8 21.48077848945514
21 9 16.631457648702856
21 10 21.53144804324805
21 11 20.15733115305935
21 12 22.39976152978468
21 13 19.782330730762748
21 14 21.466446750653276
21 15 20.713927250152825
21 16 20.036498300033827
21 17 15.42972576105365
21 18 19.790179353879132
21 19 19.57934737293958
21 20 18.55138840476189
21 21 17.877482219630817
21 22 16.670953403934945
21 23 17.24503175507173
21 24 19.564334876676178
21 25 16.591162792049122
21 26 18.187969886304533
21 27 18.188801448715438
21 28 15.604494453773611
21 29 15.110248690686888
22 0 12.927087294488365
22 1 15.069049176423075
22 2 14.648257449436604
22 3 14.939517957213726
22 4 15.283490071267272
22 5 17.2183873595709
22 6 17.256015788005335
22 7 18.07655657764333
22 8 14.472626341984954
22 9 16.65475780440493
22 10 18.578279898758865
22 11 23.459720954316474
22 12 24.62038342336736
22 13 24.306294010966713
22 14 19.813075576557818
22 15 19.714634143165746
22 16 17.951330175001445
22 17 19.407562608152013
22 18 18.735129693641472
22 19 17.41759319229834
22 20 17.1382937600791
22 21 16.85544802836824
22 22 17.570301244459902
22 23 14.270859793729667
22 24 18.060640210443434
22 25 19.002841045940702
22 26 18.31135318001854
22 27 17.82214927366014
22 28 15.842520047811272
22 29 15.451636656368875
23 0 14.807399997797447
23 1 16.031886880590193
23 2 15.761987957857377
23 3 19.45225197917126
23 4 18.11503753064386
23 5 13.763724813147832
23 6 14.520770005545726
23 7 15.36732461254448
23 8 16.779985632310165
23 9 18.779789352841707
23 10 19.191563539570204
23 11 19.97508080022244
23 12 20.025194280615466
23 13 20.52044864930763
23 14 20.029960811797682
23 15 18.43105138319197
23 16 17.892867856055737
23 17 20.59529905598255
23 18 18.076894494046556
23 19 17.263462851412925
23 20 20.23023943363277
23 21 17.900617659419026
23 22 16.153183563064413
23 23 15.618251010334731
23 24 18.674864674612476
23 25 18.204619995932475
23 26 17.918020092753977
23 27 19.570358066755087
23 28 16.546664924078264
23 29 16.498042985102213
24 0 13.684236008940712
24 1 13.310393053427733
24 2 12.629053106371163
24 3 13.654011101237812
24 4 12.229898616436508
24 5 15.73401358978771
24 6 17.353986200400335
24 7 15.306463064794047
24 8 17.617923403031444
24 9 15.077624319684615
24 10 15.443416071423194
24 11 16.863403628621963
24 12 19.418626975960187
24 13 19.74068801398914
24 14 19.948596804304785
24 15 18.632806669540432
24 16 16.341251034663877
24 17 16.381761004956715
24 18 18.17183649932827
24 19 15.008509998161996
24 20 18.87325426314126
24 21 17.612912921298637
24 22 18.57595254386065
24 23 16.103612934480445
24 24 16.89968104117735
24 25 18.485089340779016
24 26 18.168554229418582
24 27 16.1827455491694
24 28 17.17565146897293
24 29 15.986024065291835
25 0 15.91548313218297
25 1 13.389500517237659
25 2 15.55116419668659
25 3 14.234122176857356
25 4 14.247923456472666
25 5 13.544103345189527
25 6 15.210209865638008
25 7 14.815439320018731
25 8 12.580682660465195
25 9 14.422544879785645
25 10 17.247075932184934
25 11 16.25534578749657
25 12 20.913669921024077
25 13 19.05631836347518
25 14 17.474793764042424
25 15 17.71350886668919
25 16 20.220519020910135
25 17 17.912174462860325
25 18 17.892402327843083
25 19 16.93539204388967
25 20 17.434940410887098
25 21 18.546806600304166
25 22 17.34193215262484
25 23 22.155044420561108
25 24 18.255664928839707
25 25 6.498027224556826
25 26 20.221763750164822
25 27 17.924654414212394
25 28 15.960322328581608
25 29 14.545236469439109
26 0 14.858864910658646
26 1 14.41081878653542
26 2 14.814100908565575
26 3 14.86125582296538
26 4 13.702016685934934
26 5 13.53195000039412
26 6 15.668792587221844
26 7 13.507222989141734
26 8 15.14847466008109
26 9 15.789704257270586
26 10 15.70457426228934
26 11 17.251228243168317
26 12 15.707528432214088
26 13 16.208972242461165
26 14 14.964320859002212
26 15 14.42477936771746
26 16 16.559374180190815
26 17 17.341002184068465
26 18 17.554320153978068
26 19 16.697444379397304
26 20 18.9090363637149
26 21 17.169195342739553
26 22 16.57482121235023
26 23 19.91632209707347
26 24 17.222380149797235
26 25 18.7523733090866
26 26 15.696359808389197
26 27 18.185062418191446
26 28 17.345575905050342
26 29 17.64265549240345
27 0 13.398502660456067
27 1 14.232071098111604
27 2 15.197657684079397
27 3 13.026902884018323
27 4 14.429712839170977
27 5 13.480994160887272
27 6 14.512333041394275
27 7 14.344268695842237
27 8 15.102872787065829
27 9 15.111245623375332
27 10 14.455533627532308
27 11 15.404969099803624
27 12 17.72071852085014
27 13 16.761880703152467
27 14 17.899294459622354
27 15 17.123050964700713
27 16 17.735700634094357
27 17 16.314120872881293
27 18 14.817239901454782
27 19 17.0325705665488
27 20 21.139050183781023
27 21 14.74350047399593
27 22 17.81460165702018
27 23 19.507763814306298
27 24 17.154254929161297
27 25 16.871983616616923
27 26 18.011286723486137
27 27 16.30783966657254
27 28 16.87020345087168
27 29 15.86332931414716
28 0 11.971018243331862
28 1 13.784805677513507
28 2 14.02434640910203
28 3 11.740189223251027
28 4 15.246873224744432
28 5 16.016671227313886
28 6 15.385565413657941
28 7 13.461921684891582
28 8 13.695286104460443
28 9 15.352079948902526
28 10 15.569931639256193
28 11 15.242063209175978
28 12 15.378770510623244
28 13 15.412318038932016
28 14 14.525503832277542
28 15 14.804809197483008
28 16 16.112652107845175
28 17 17.147746162787843
28 18 16.710089966225123
28 19 15.504507222540173
28 20 15.836635182301498
28 21 18.608905643592852
28 22 16.20254413344083
28 23 19.57569682320334
28 24 15.928645781096193
28 25 17.28825704729244
28 26 16.616466554229035
28 27 16.102851824473515
28 28 16.957076357639203
28 29 13.119003280680769
29 0 14.759395428981984
29 1 15.301143150018545
29 2 15.159136428579222
29 3 14.303881914276225
29 4 13.64907754578043
29 5 14.89396238082324
29 6 14.104095440967724
29 7 14.974879924924819
29 8 16.419071975870242
29 9 15.840192230573814
29 10 12.910977069607748
29 11 15.57260186899504
29 12 13.320927279477575
29 13 15.417271523081377
29 14 16.242850222499417
29 15 14.739123803724459
29 16 14.856307681473218
29 17 13.647653146043261
29 18 14.532310523746458
29 19 15.969865989832252
29 20 18.60417937451643
29 21 15.353869620840822
29 22 17.17872166885659
29 23 19.337307602866254
29 24 17.146386866456343
29 25 14.16176337990169
29 26 18.25297411675071
29 27 15.815129124641784
29 28 13.821797238871445
29 29 13.26293492290521
