0 0 14.892162315314755
0 1 13.9692302809709
0 2 13.431497519919722
0 3 14.80909884272243
0 4 14.171752608324189
0 5 14.73516319876423
0 6 14.182838353490345
0 7 14.473491707752194
0 8 15.796656973092292
0 9 15.210681294238459
0 10 15.604787968531117
0 11 14.025820769236768
0 12 13.734285851600715
0 13 14.906951762214256
0 14 13.497423649037763
0 15 15.274013507863383
0 16 11.789212633419224
0 17 12.101993057150413
0 18 14.121726772998148
0 19 15.275119958562634
0 20 15.515891548797661
0 21 12.450188482352146
0 22 14.932372487708479
0 23 13.486228966788014
0 24 13.58564306359209
0 25 11.953545889781314
0 26 14.384086548073855
0 27 12.862658843659842
0 28 15.28633230712759
0 29 13.612328452658016
1 0 13.694814694551532
1 1 13.691529943914615
1 2 11.819543695460005
1 3 15.501412497781384
1 4 14.120443712853524
1 5 13.26917478033987
1 6 14.058833798092593
1 7 13.782151200783435
1 8 15.272302796107885
1 9 14.183448902705095
1 10 14.163797420338593
1 11 14.882489116410689
1 12 14.774898918436723
1 13 14.472694190924303
1 14 16.034982533501854
1 15 14.80165331708007
1 16 13.09175315756686
1 17 15.997675226371419
1 18 15.799875732522763
1 19 13.538271183938607
1 20 14.18682786805157
1 21 13.178440702176418
1 22 14.561077434121268
1 23 13.992643957640142
1 24 13.461285388930554
1 25 11.97185949548909
1 26 12.02683430040363
1 27 14.383959878454922
1 28 14.947381377037175
1 29 16.00018974088423
2 0 13.910295734519796
2 1 15.450085148469613
2 2 13.955872754495953
2 3 15.424759077201028
2 4 13.129817861696676
2 5 13.477608320734054
2 6 16.430946419746608
2 7 14.734602539613153
2 8 13.96063140869269
2 9 13.521377788959038
2 10 14.368062311450972
2 11 13.53502354976076
2 12 14.169186944649747
2 13 15.68051209646896
2 14 16.417456905492546
2 15 14.96361571352392
2 16 15.746052341232947
2 17 15.226062403383207
2 18 16.23247535377426
2 19 16.162044875082735
2 20 13.540269788353646
2 21 15.216653899122392
2 22 16.578994325207297
2 23 14.801606386103028
2 24 13.446747019028182
2 25 13.986828917475552
2 26 13.802552397902494
2 27 15.869545296344713
2 28 14.311263790347606
2 29 14.629599657312056
3 0 13.919992150151206
3 1 13.850593384112326
3 2 14.787505967785133
3 3 12.70387380742915
3 4 16.163888929740402
3 5 15.269131691372078
3 6 15.856080744115664
3 7 15.732697327453765
3 8 14.218675943950428
3 9 14.519691923526944
3 10 15.428840453377019
3 11 17.309033664672587
3 12 15.334929566458808
3 13 14.440396805805618
3 14 12.917904654811762
3 15 16.131114412980835
3 16 14.552211059220763
3 17 16.334230597156978
3 18 14.301471228525813
3 19 16.29443167634055
3 20 13.074315108771968
3 21 16.279970547485416
3 22 17.910701349372875
3 23 14.061920603115022
3 24 14.818362171974494
3 25 14.358537948597764
3 26 16.174010242893377
3 27 14.256759393046156
3 28 14.855367654070655
3 29 13.144341711721315
4 0 13.960304707422962
4 1 14.26735627468501
4 2 16.18206565618026
4 3 17.88042393812993
4 4 13.140134090853634
4 5 15.272832549387024
4 6 15.185460309528631
4 7 14.461651472705414
4 8 15.635793649924773
4 9 14.481228709231713
4 10 17.70483822341099
4 11 16.15724019527328
4 12 16.196834272146422
4 13 17.34705360898467
4 14 17.031316687933906
4 15 15.77223703367569
4 16 14.831574389135376
4 17 13.812516128434316
4 18 14.911410089142228
4 19 19.577698494733443
4 20 16.61916980742714
4 21 16.391577803531977
4 22 15.526103050023792
4 23 13.41424345425271
4 24 17.78613963485284
4 25 12.993520185063803
4 26 13.975180084433575
4 27 14.801377558713032
4 28 18.016401384897744
4 29 13.531163342403584
5 0 14.700944957437608
5 1 13.436219816220156
5 2 14.9798906466593
5 3 14.372442342098333
5 4 13.140533867524654
5 5 13.810032584249962
5 6 14.778460934800636
5 7 14.733849311019972
5 8 13.967031115830371
5 9 14.810364148362144
5 10 16.407066970610487
5 11 15.641119265058721
5 12 14.9320567635391
5 13 16.626781374284004
5 14 15.640072557099
5 15 18.875827436468576
5 16 15.663774092674377
5 17 16.086870424899043
5 18 16.466790619175683
5 19 16.651403432904456
5 20 15.079426240049765
5 21 17.32740739483378
5 22 14.886097829505882
5 23 13.58183470736287
5 24 15.015496578997835
5 25 14.264607921128434
5 26 12.949162747017812
5 27 14.665154644482879
5 28 15.903174716544394
5 29 14.621055125078994
6 0 14.422986594670094
6 1 14.691365357140143
6 2 13.697659561118247
6 3 11.66977535726905
6 4 15.626041290423831
6 5 15.00858972161753
6 6 14.7510661802155
6 7 15.702007729091877
6 8 16.141119740287444
6 9 14.924226359753144
6 10 15.772818094417625
6 11 13.634924968612953
6 12 16.102285789157822
6 13 16.995274846273542
6 14 18.814288197827768
6 15 18.54187054994476
6 16 17.71915188210028
6 17 16.985839625204616
6 18 16.180912156904753
6 19 15.396174436671314
6 20 19.92820859599076
6 21 16.388431951466384
6 22 14.80365489385474
6 23 17.05929619450733
6 24 13.185069987364898
6 25 16.152024498882714
6 26 12.924168740477427
6 27 14.239277603949173
6 28 16.01345598379233
6 29 13.660906703520881
7 0 13.383065462703213
7 1 14.42689340292817
7 2 15.36207473060434
7 3 15.898809877377007
7 4 16.5173056339508
7 5 14.58962327297078
7 6 14.855492009557905
7 7 14.230077935745063
7 8 14.960303025287025
7 9 16.231029136909655
7 10 14.125109049004491
7 11 20.18726297387687
7 12 17.05698080347946
7 13 15.67765098397797
7 14 20.124241303472303
7 15 20.64981461777909
7 16 21.15429372717384
7 17 18.932965428038454
7 18 21.3348811927694
7 19 19.002103627358984
7 20 19.27953877399118
7 21 15.059252862182785
7 22 17.3715872540956
7 23 16.019268008899353
7 24 16.546704531079833
7 25 13.87684109960049
7 26 14.70933665556716
7 27 13.553796095204842
7 28 12.621509860754433
7 29 15.10198868490552
8 0 13.509951745252742
8 1 13.216488214134845
8 2 14.309291507455795
8 3 14.749384002411452
8 4 15.957286437758892
8 5 15.702137081687166
8 6 16.368305139735007
8 7 15.187044758019061
8 8 14.930866799766203
8 9 17.32110771454029
8 10 14.903699620802524
8 11 16.96936657408023
8 12 18.959103060925518
8 13 20.059837736622725
8 14 21.946467203106387
8 15 21.378144972042207
8 16 25.27373398782139
8 17 23.061120769562145
8 18 22.495221509569834
8 19 18.87735028207131
8 20 19.24837064245317
8 21 15.360042232546462
8 22 18.512466223821786
8 23 13.544415559706724
8 24 15.166539473046333
8 25 16.556380251346017
8 26 15.072940325762387
8 27 14.593673995885624
8 28 13.07443777829171
8 29 15.275442059128114
9 0 15.38106936198731
9 1 13.107049763406346
9 2 15.052246874880026
9 3 15.07460521186198
9 4 13.663995715758958
9 5 13.938732314632441
9 6 15.59412128049384
9 7 13.864038904063912
9 8 15.988170048367435
9 9 14.60938898217335
9 10 17.98358246151602
9 11 18.70208939193191
9 12 16.104530042769643
9 13 17.447347293331052
9 14 21.588593584189876
9 15 21.27621555929012
9 16 24.794686234525507
9 17 21.976540541575012
9 18 23.471648030766616
9 19 20.287545820231585
9 20 17.560966168689113
9 21 17.884928751995496
9 22 16.503617224757253
9 23 16.361703578991886
9 24 16.75077358012091
9 25 14.422309859901407
9 26 17.064520813101062
9 27 13.490530061434743
9 28 14.086486953865432
9 29 16.239046921871896
10 0 15.572772814347164
10 1 14.706120403622883
10 2 12.870121530606557
10 3 15.713443543300338
10 4 14.315019625959554
10 5 15.975076180766182
10 6 17.858548649253237
10 7 16.609406454043956
10 8 14.916719371502566
10 9 16.295308530235772
10 10 15.912240364475494
10 11 18.478199462222793
10 12 19.059938373466256
10 13 20.66094181106021
10 14 21.386687647126937
10 15 20.719074141461356
10 16 9.943275050202919
10 17 22.235136230168003
10 18 22.181826985720683
10 19 19.65753035404689
10 20 20.7786631424308
10 21 19.379523474411318
10 22 15.956882453664155
10 23 15.493794886811314
10 24 15.348441616974991
10 25 15.1829715884159
10 26 15.935525075843977
10 27 17.53214296424168
10 28 14.837540363602963
10 29 14.804322697701028
11 0 12.488026259164423
11 1 12.09774696785552
11 2 14.405420452156783
11 3 12.709251962719955
11 4 16.280568391553338
11 5 13.935696356367098
11 6 14.517522643763003
11 7 14.183761337387667
11 8 15.5019667581417
11 9 15.836658079280937
11 10 15.214512000939806
11 11 16.7863741815113
11 12 19.478116272364986
11 13 20.400080561103454
11 14 20.675300715007033
11 15 21.550324265943846
11 16 28.712485015539638
11 17 21.835071385007637
11 18 22.778135529835268
11 19 19.145978792997592
11 20 18.988244602345556
11 21 17.410999732571096
11 22 14.92863134764563
11 23 16.344263817938465
11 24 13.940106833981107
11 25 17.1228309897533
11 26 14.711799491399226
11 27 13.54621212676328
11 28 16.765118783956535
11 29 15.432091407458083
12 0 11.507582578169252
12 1 12.93150284001464
12 2 14.312570415563084
12 3 14.30039264293756
12 4 17.243262370370413
12 5 15.410926523766769
12 6 15.265661177436193
12 7 16.22295289125967
12 8 16.641020448299688
12 9 17.345437932075242
12 10 17.538986048144114
12 11 17.068896967720434
12 12 20.42363474676678
12 13 18.367107433680218
12 14 20.489512750214715
12 15 21.606137688222905
12 16 25.498600739038277
12 17 21.55661584905662
12 18 20.06759213813815
12 19 19.901962340328545
12 20 17.964187300192087
12 21 16.39789090902393
12 22 19.395638771066142
12 23 17.776681008504912
12 24 14.311099640861578
12 25 14.783948287050036
12 26 15.074920919335366
12 27 15.09313057335183
12 28 15.633972627308411
12 29 16.240824855836625
13 0 14.788565814194863
13 1 13.187634113964739
13 2 15.942134664170991
13 3 15.419446863430643
13 4 12.82365810199821
13 5 14.256611181371504
13 6 16.23531437011391
13 7 15.70944631868271
13 8 16.824229063339452
13 9 16.599184916794556
13 10 17.208949707609065
13 11 17.35608553515393
13 12 19.11170126610755
13 13 19.64758093585117
13 14 19.70734600311949
13 15 20.82913918820647
13 16 22.800459466381216
13 17 21.118297764679898
13 18 21.391019799634062
13 19 18.545570909870364
13 20 20.433903011354694
13 21 17.73330754560589
13 22 19.13333756644959
13 23 15.241425557114281
13 24 14.339501094011501
13 25 14.86303106366666
13 26 14.773591889401098
13 27 14.780662622075797
13 28 15.360854798830927
13 29 15.061646259650095
14 0 16.051052169657098
14 1 14.671892863343365
14 2 14.850172026443568
14 3 14.906663715553222
14 4 17.032941781130422
14 5 14.396339091121217
14 6 14.935794615180459
14 7 15.410316220020531
14 8 15.074761700094161
14 9 17.464058755109484
14 10 19.036639237877488
14 11 17.973051820640787
14 12 16.688496318615258
14 13 19.890444898533595
14 14 20.998614632511682
14 15 20.84157132739312
14 16 22.259339045598768
14 17 22.262612345353237
14 18 21.70629708504343
14 19 20.39996213825311
14 20 15.35208395840357
14 21 18.443331949310117
14 22 18.126899991761945
14 23 16.08745673118556
14 24 17.18445372644234
14 25 15.913090080542716
14 26 13.749645156061012
14 27 15.119073280761038
14 28 14.61837365597279
14 29 13.978661811983216
15 0 13.955183840484883
15 1 12.747145938152357
15 2 13.11738390968675
15 3 13.049047648743178
15 4 15.766039565689953
15 5 12.923385094816526
15 6 17.961315773186968
15 7 14.592082010184626
15 8 17.640555872878906
15 9 16.70944235283913
15 10 20.141033642264805
15 11 17.262280596759307
15 12 19.86108953813744
15 13 20.019015784031485
15 14 20.506551554861577
15 15 22.102522128805674
15 16 22.870474572033636
15 17 16.032420976435652
15 18 18.9884915799297
15 19 19.66660268429776
15 20 16.629359071955612
15 21 19.78677250589646
15 22 18.87594006960368
15 23 15.373800976155144
15 24 19.864148712327413
15 25 15.758079021893488
15 26 15.861961824556706
15 27 17.067463673620914
15 28 15.95334417867517
15 29 15.492032117417068
16 0 14.813488886401366
16 1 14.794933457630755
16 2 13.315151603006374
16 3 14.548215366583982
16 4 15.504361358814533
16 5 16.794701344813316
16 6 14.966242481533333
16 7 14.475107847348115
16 8 17.92640117131725
16 9 16.884090662767843
16 10 20.500591633058455
16 11 17.523529580922634
16 12 21.323469943844515
16 13 18.97052611887932
16 14 22.259339045598768
16 15 19.892466326096866
16 16 16.79889173026678
16 17 17.07215423899129
16 18 19.29962167455463
16 19 18.834260677110294
16 20 15.527453459589168
16 21 18.41647752825809
16 22 21.235121457060842
16 23 16.14542188477036
16 24 16.790567040650316
16 25 15.371915793456463
16 26 14.934302922469834
16 27 13.370250905207593
16 28 16.07413525957126
16 29 14.578496292043045
17 0 15.321428296139317
17 1 16.150234525846233
17 2 14.357381466923693
17 3 15.940269250564134
17 4 14.590122970187391
17 5 14.739466422885075
17 6 17.703528185588432
17 7 16.55067107300722
17 8 15.667020566400613
17 9 17.74258220804599
17 10 17.882019223443013
17 11 22.392484968831585
17 12 19.16440909223944
17 13 21.118297764679898
17 14 20.30449258235354
17 15 20.109192633895713
17 16 19.73659989109062
17 17 19.69566612043319
17 18 17.224243020146194
17 19 17.833518461580773
17 20 15.79413567040918
17 21 15.968489315262111
17 22 17.809635746429834
17 23 17.05137000553102
17 24 15.49130719985112
17 25 15.739299596533732
17 26 17.048945844727818
17 27 17.634539125356063
17 28 13.061438928158239
17 29 13.654078834612154
18 0 13.453574708355477
18 1 13.902485841626518
18 2 13.935932497811491
18 3 15.24025368264207
18 4 17.39077805493664
18 5 16.859352996349788
18 6 16.22281940856752
18 7 18.066173905204025
18 8 16.734931387296786
18 9 16.295345781109777
18 10 16.2456260188059
18 11 17.642139122408054
18 12 20.06759213813815
18 13 23.61059528885479
18 14 20.460570761811077
18 15 23.335442510682498
18 16 21.484149326046516
18 17 18.532401739291952
18 18 20.023171445022804
18 19 20.801546085310576
18 20 17.085949794894308
18 21 17.272404943406645
18 22 17.552486947304395
18 23 18.044352990385207
18 24 17.563908888430536
18 25 14.710430978692365
18 26 13.615843492643569
18 27 14.722006106257295
18 28 15.626904624199616
18 29 15.878566003050778
19 0 14.540884997738738
19 1 14.14891610866456
19 2 12.188138279434362
19 3 15.250301155964888
19 4 15.873716947110225
19 5 17.732152805219087
19 6 16.218778025702314
19 7 19.4139066213109
19 8 15.838689490907026
19 9 17.962987336644968
19 10 18.739782407617778
19 11 19.145978792997592
19 12 17.35283474248278
19 13 21.42048142557388
19 14 21.094662615646122
19 15 23.02812154814808
19 16 22.24068732760579
19 17 18.72955379645549
19 18 20.694899875038814
19 19 19.01265908333989
19 20 17.895076469083016
19 21 15.180216803972788
19 22 18.123160176529623
19 23 16.411111926774097
19 24 17.207587627753504
19 25 17.378121070614995
19 26 17.6834706524536
19 27 14.710102386119472
19 28 16.57773626204588
19 29 13.974548153422804
20 0 14.35728445229696
20 1 16.34078021859665
20 2 13.578960570247679
20 3 15.112724330844165
20 4 13.919585019931251
20 5 14.036088098320988
20 6 14.562715616701373
20 7 15.846749272659553
20 8 15.892540156244651
20 9 17.750520039214553
20 10 20.7786631424308
20 11 23.896616646503624
20 12 22.941759954160624
20 13 22.57586249240151
20 14 10.560953176226407
20 15 23.302088695079938
20 16 23.071325897137758
20 17 20.24653904335743
20 18 21.42924141141285
20 19 21.70812898592301
20 20 18.155091458814102
20 21 19.10672779424202
20 22 17.6844010803202
20 23 15.098654066667647
20 24 17.51545578966494
20 25 15.975078886869689
20 26 16.14651584867112
20 27 17.718324763266512
20 28 15.377842986269531
20 29 16.866058476282294
21 0 14.041912053430393
21 1 15.111805976733775
21 2 14.93270170752295
21 3 13.921812856135487
21 4 18.362434712297983
21 5 16.394591459311084
21 6 16.31418420833915
21 7 15.865073469685552
21 8 17.62219570999807
21 9 17.884928751995496
21 10 17.75174256186131
21 11 18.670422614891766
21 12 20.872711235774023
21 13 18.862843072182727
21 14 24.508931876974202
21 15 19.969035493862403
21 16 23.68043289509016
21 17 19.261714589825623
21 18 16.964202648596512
21 19 20.152226809370923
21 20 17.86399920639527
21 21 18.78997883426281
21 22 16.194181764190727
21 23 15.715532873076846
21 24 20.119753823628837
21 25 20.21290557183434
21 26 16.162461468113207
21 27 18.356157456434424
21 28 16.92636224304173
21 29 14.176157422431173
22 0 14.80420926481519
22 1 14.97094802404686
22 2 14.319622191207822
22 3 14.628092926863658
22 4 14.794937883590931
22 5 15.757530452759333
22 6 13.355079223340363
22 7 16.28747447091741
22 8 18.512466223821786
22 9 16.018594779302678
22 10 20.174863947022278
22 11 22.076737376173337
22 12 22.138469121961574
22 13 21.924304977509387
22 14 21.59867439632135
22 15 22.088719628065732
22 16 19.230418484049927
22 17 20.07918199198751
22 18 22.11106610505731
22 19 20.147638425032618
22 20 19.377555189997263
22 21 19.442245644334236
22 22 19.90782554312964
22 23 20.278813578943833
22 24 19.260950062993324
22 25 21.60019360444588
22 26 16.87625696261913
22 27 20.262306431206696
22 28 16.03453168142061
22 29 15.584377434025468
23 0 15.046360526534803
23 1 15.566016124242202
23 2 13.327429785739373
23 3 13.888351741052482
23 4 14.787255388175742
23 5 15.109755109691719
23 6 14.575596014992334
23 7 16.019268008899353
23 8 17.371587269809655
23 9 18.148330400229824
23 10 16.37453078245276
23 11 16.142287064411047
23 12 20.987029912323248
23 13 20.50989637414755
23 14 19.00734962636714
23 15 24.352675204084616
23 16 21.516119800101283
23 17 20.041533445261894
23 18 18.31942219890909
23 19 19.74520686922414
23 20 19.838739737293135
23 21 19.84689940496792
23 22 19.76961044583504
23 23 16.364597393382866
23 24 18.119017072336188
23 25 17.59212343044068
23 26 19.32441496954437
23 27 20.230233652761218
23 28 17.13268620725675
23 29 19.325179469216092
24 0 15.064223347508824
24 1 16.45365351791342
24 2 13.99587912967821
24 3 14.427311221366548
24 4 16.37291285717537
24 5 15.029389156625156
24 6 13.185069987364898
24 7 16.14413605117298
24 8 14.444124747879627
24 9 16.051745716630663
24 10 16.84035023722519
24 11 19.121507185646934
24 12 17.654480401673275
24 13 15.995078431810867
24 14 20.127580391415535
24 15 21.781457534704494
24 16 16.253428444856706
24 17 18.705080162916907
24 18 17.7079010409466
24 19 18.255852995729853
24 20 17.502334851915094
24 21 17.419025385762385
24 22 18.081588588290714
24 23 19.590389980837845
24 24 17.826053147453486
24 25 17.431368382893638
24 26 17.117944345715486
24 27 18.735982766019326
24 28 18.975055510130776
24 29 14.61624683944842
25 0 16.300254077341844
25 1 14.880947648202731
25 2 14.76301077419565
25 3 14.0523332863111
25 4 14.665420215890723
25 5 14.264607921128434
25 6 15.530862681058375
25 7 12.59406493803495
25 8 15.224620746883227
25 9 16.940353682644364
25 10 17.5805374233618
25 11 15.696220962440721
25 12 17.402193331048004
25 13 18.601899504011133
25 14 16.802618349257557
25 15 18.00004886196813
25 16 17.993496073078983
25 17 16.516488021991492
25 18 17.390383838643455
25 19 16.695881677541184
25 20 19.281430136447398
25 21 19.91220717881929
25 22 16.92868004894041
25 23 19.963693973326542
25 24 18.26851611899958
25 25 5.651448013959355
25 26 19.965600773406226
25 27 17.87075486477789
25 28 18.789774722997965
25 29 16.206669897302977
26 0 13.888999607104797
26 1 11.985937849217535
26 2 13.39034123561762
26 3 16.004466039630568
26 4 13.975180084433575
26 5 13.897043129131717
26 6 14.610663032454172
26 7 13.370491890436723
26 8 16.1969296305314
26 9 15.118359181885975
26 10 16.520406605772955
26 11 15.995088342475134
26 12 17.824506216307935
26 13 15.796180073382242
26 14 15.16116510548482
26 15 17.463752573474785
26 16 17.031317045153433
26 17 18.596476620803237
26 18 16.92488366575035
26 19 17.022170997596852
26 20 16.528644761968312
26 21 15.630257662802798
26 22 19.142326893729965
26 23 18.01017080275502
26 24 19.12756614881314
26 25 16.574749916755422
26 26 14.365473655609353
26 27 17.477513962436326
26 28 16.807676501688142
26 29 14.988608699905562
27 0 14.913091524552279
27 1 14.724990358948991
27 2 14.151956765488203
27 3 14.256759393046156
27 4 14.993859383513158
27 5 13.734253724345502
27 6 14.98205343673611
27 7 16.24933055157211
27 8 15.225845326439924
27 9 16.341637212808738
27 10 15.566772859118299
27 11 15.24145101437873
27 12 15.754034614688255
27 13 16.109365288334992
27 14 16.67741045584093
27 15 16.634930921346925
27 16 15.6181059763459
27 17 14.860124421135263
27 18 16.480388443861116
27 19 17.750142024638926
27 20 17.70680903138627
27 21 15.398358535152115
27 22 18.175033917734236
27 23 18.117492157328485
27 24 16.895566292013655
27 25 17.241284771944347
27 26 17.240388087868087
27 27 14.960499713468375
27 28 17.42933204673925
27 29 14.602183853586519
28 0 15.38244656994135
28 1 13.569243605438778
28 2 14.311263790347606
28 3 15.500486123468317
28 4 14.646745242582302
28 5 15.07450461330471
28 6 15.918827179914969
28 7 12.158154941991148
28 8 15.279021018373026
28 9 15.827064218230255
28 10 15.530970226291764
28 11 15.730234693394362
28 12 14.994030565627254
28 13 15.385683568083133
28 14 12.683827075112738
28 15 14.919266300032344
28 16 14.744735356351457
28 17 17.761840688600945
28 18 16.346361654769545
28 19 15.52598323233189
28 20 17.120134521545566
28 21 18.258609580310438
28 22 14.089265773730215
28 23 18.59509459822851
28 24 14.711636233607697
28 25 16.878593668017217
28 26 18.15916487429966
28 27 14.92558698008473
28 28 17.27319463932406
28 29 15.606403077488318
29 0 13.040198507330256
29 1 16.00018974088423
29 2 14.648765563690015
29 3 12.398239230963588
29 4 13.931992334360578
29 5 14.681991374115423
29 6 13.767030759366076
29 7 15.094628852713068
29 8 14.432218470011472
29 9 14.914264303086744
29 10 14.7768612509458
29 11 15.420038818325155
29 12 14.995899995104239
29 13 18.072907660780235
29 14 14.704124703730319
29 15 14.232359370041891
29 16 15.440447220584913
29 17 15.466602858453953
29 18 15.018108117481175
29 19 18.488532605204494
29 20 15.273841811429893
29 21 15.330453580032815
29 22 14.880709111629294
29 23 14.755711353172991
29 24 15.666767531600321
29 25 16.115567973666703
29 26 14.545064212046391
29 27 15.708437345959842
29 28 13.886940515997306
29 29 15.395807645349825
