0 0 12.831871368729313
0 1 14.296384350187495
0 2 13.991693328328653
0 3 12.989792190106975
0 4 16.690471072144703
0 5 13.65344248990244
0 6 13.45633091975599
0 7 13.829829472942267
0 8 15.095600892254806
0 9 14.655934935710054
0 10 14.189415045612147
0 11 13.513913517980873
0 12 16.050181463007995
0 13 13.24501835447072
0 14 13.325806232176499
0 15 13.246072677179669
0 16 12.633107226861016
0 17 12.544727874679502
0 18 15.627583160094348
0 19 15.319209835006854
0 20 15.302649472064893
0 21 15.508524113492962
0 22 13.992498189026739
0 23 12.056779329882879
0 24 13.523535124092303
0 25 14.021107382822512
0 26 17.07283364232733
0 27 15.329785243776485
0 28 14.880067258996306
0 29 14.116362901032998
1 0 14.093264540926507
1 1 12.985698407983278
1 2 14.214114855155628
1 3 13.554213941929724
1 4 15.553761329160851
1 5 15.113913619853843
1 6 15.218492759930372
1 7 14.056398377769353
1 8 12.579764143015497
1 9 13.96416277258678
1 10 14.381405272413476
1 11 14.473657493530242
1 12 14.21613569511954
1 13 13.322916797493843
1 14 15.099446734681143
1 15 15.941639391336993
1 16 12.997436047758086
1 17 13.943604878252826
1 18 14.285866982376247
1 19 14.117678967488251
1 20 13.923346636985281
1 21 15.950448876514685
1 22 13.85399375354719
1 23 13.648232739300314
1 24 13.248549976919383
1 25 13.743750378490027
1 26 13.75685571212582
1 27 15.266162056117796
1 28 14.701704938223092
1 29 15.525321726792212
2 0 14.968691973880235
2 1 15.334679853822822
2 2 16.337715895342743
2 3 14.490053451302199
2 4 14.72222080749935
2 5 14.409061337027595
2 6 14.833255268260512
2 7 12.745019537577713
2 8 15.232294077691652
2 9 15.397907589818006
2 10 16.30227397281455
2 11 16.64664801287093
2 12 14.538983929558837
2 13 16.512724335448546
2 14 15.850619123178754
2 15 14.966770248203389
2 16 11.74382787045398
2 17 17.379953262803053
2 18 18.05690859683971
2 19 15.20750944385311
2 20 14.146676424236487
2 21 14.946817969199987
2 22 13.672001474308269
2 23 15.888455077354296
2 24 16.441688884564417
2 25 14.223037437870287
2 26 13.050014295682173
2 27 13.554683493887465
2 28 15.042666934937477
2 29 13.741802147554159
3 0 13.525292573186057
3 1 12.75315064179112
3 2 14.433376902668313
3 3 15.49959272631129
3 4 15.129491865217695
3 5 13.259971921716657
3 6 15.674803059257469
3 7 15.218671775302855
3 8 15.530120658187554
3 9 15.013546965589793
3 10 15.20887780153858
3 11 14.662693727532814
3 12 15.78468537320047
3 13 15.24840174736969
3 14 15.933193178489153
3 15 14.824098413201378
3 16 16.20309528984512
3 17 14.665375526062947
3 18 16.445358228187118
3 19 14.218909656839697
3 20 15.737885387490437
3 21 15.757662793293662
3 22 15.286788774233859
3 23 16.11592460971881
3 24 14.552734604588862
3 25 14.629356012308838
3 26 12.071501879871986
3 27 14.442242523339516
3 28 13.499514762311295
3 29 12.885751181125165
4 0 15.36676180882953
4 1 14.49897747419972
4 2 13.03684149202187
4 3 12.746612797972077
4 4 12.395930590505767
4 5 14.155949725715844
4 6 13.869070888906538
4 7 12.816409747568889
4 8 15.937010840009592
4 9 17.194709752158843
4 10 14.667710985298324
4 11 15.084715900193405
4 12 17.641176613066325
4 13 17.38441497011773
4 14 13.440693388837492
4 15 15.886184649030797
4 16 14.60189652437061
4 17 15.171522746475055
4 18 18.23857059553264
4 19 15.39018573081241
4 20 15.033069979836982
4 21 14.473248678325769
4 22 16.55031544694287
4 23 14.66719261502958
4 24 14.343161266591599
4 25 13.61709171464893
4 26 14.611926856401366
4 27 12.864648701274763
4 28 13.1540779366629
4 29 10.922076784238453
5 0 12.605966231754705
5 1 14.417387077853205
5 2 13.928520010701954
5 3 13.95302958288056
5 4 14.101634542678141
5 5 16.003018969306503
5 6 13.181016985028581
5 7 14.383410650403667
5 8 15.966989680360296
5 9 15.758673723604357
5 10 16.396471837569912
5 11 15.881056616357991
5 12 15.418759954764617
5 13 17.000155633557828
5 14 17.692598882168937
5 15 15.77736187401599
5 16 17.972103194569225
5 17 18.3434930385946
5 18 16.751133288920823
5 19 14.561429100009954
5 20 15.450524391611095
5 21 14.412010933747311
5 22 14.174240787031335
5 23 14.523401733511182
5 24 13.241726555420128
5 25 13.41468401938752
5 26 13.2997377817953
5 27 14.83357504561724
5 28 14.601005675138982
5 29 14.601066593243766
6 0 16.828449966044534
6 1 13.76974702340888
6 2 14.18962484772944
6 3 15.946404641805952
6 4 13.555301347582567
6 5 13.956092430434369
6 6 15.827244046382622
6 7 13.71007580602418
6 8 14.530521879681062
6 9 15.666938516408797
6 10 15.000582716554007
6 11 17.487790612447895
6 12 16.542670151297152
6 13 19.615473864077213
6 14 17.236510699328196
6 15 18.284565156853187
6 16 18.932530303747484
6 17 19.11469418879412
6 18 13.889865744169548
6 19 18.068874351824316
6 20 16.61267015482721
6 21 15.684940198159904
6 22 15.518211382770975
6 23 15.207008399778964
6 24 14.597698331945434
6 25 16.59177548830139
6 26 13.726682829977156
6 27 13.04784486906086
6 28 17.20135571524462
6 29 14.749731134093443
7 0 14.48896812675205
7 1 13.247867371492921
7 2 13.981741798414532
7 3 13.913185914143062
7 4 14.735549353826604
7 5 14.82473460531089
7 6 13.881850758978002
7 7 16.71175842461648
7 8 15.624102238601257
7 9 14.953057985837699
7 10 17.098173529957073
7 11 13.310209694079054
7 12 14.884961909462715
7 13 16.02448218355633
7 14 21.1396133822706
7 15 20.32831298029275
7 16 18.02450837100427
7 17 22.98324472012467
7 18 17.82203399794135
7 19 16.273228617581367
7 20 16.29756221173727
7 21 17.303088022567366
7 22 14.835735623988715
7 23 13.718350168341285
7 24 12.996715910398873
7 25 16.447830663325103
7 26 14.055990202034193
7 27 13.11986798738275
7 28 14.159494735468762
7 29 11.84497229703582
8 0 16.045965050522675
8 1 14.41969443624078
8 2 15.438966213702974
8 3 15.445260242178444
8 4 15.881935232531262
8 5 16.466349700900942
8 6 14.98807217473301
8 7 16.606171030015588
8 8 16.254288959039474
8 9 15.341150876844228
8 10 17.1310740460845
8 11 21.853987688217785
8 12 19.90038378877325
8 13 19.347898167571316
8 14 21.80449107184427
8 15 20.55236695835865
8 16 22.45415948414396
8 17 20.576965906394985
8 18 20.71264540630294
8 19 18.883360968261783
8 20 17.9760244777959
8 21 20.86908767668084
8 22 15.317240698504639
8 23 15.734044131671608
8 24 14.95287885949499
8 25 15.255346045282105
8 26 15.571218599936946
8 27 12.955209984717309
8 28 15.97370948244567
8 29 14.950350866872727
9 0 14.613277090834439
9 1 14.215829650557065
9 2 15.331775083845342
9 3 13.58963618351126
9 4 13.710980328986073
9 5 16.272377156473116
9 6 15.674596034822573
9 7 18.10705472497879
9 8 14.668559665254687
9 9 16.329521172293635
9 10 17.570390580262693
9 11 16.266944550678218
9 12 20.355001675474924
9 13 22.866552497379963
9 14 25.46344345320267
9 15 24.531223712861106
9 16 20.98927419678404
9 17 23.638248245579682
9 18 22.23754621661325
9 19 18.548519060998007
9 20 19.944266193642978
9 21 15.677447100096083
9 22 16.32454858019495
9 23 16.13288635516062
9 24 14.420639815205023
9 25 15.983999800542497
9 26 12.551102105933454
9 27 18.016589151786008
9 28 13.545075847331603
9 29 12.240494009049621
10 0 13.228826268374721
10 1 15.976309076246068
10 2 13.52948709995609
10 3 13.927975617300525
10 4 15.875905781460592
10 5 15.978026008430101
10 6 15.093874322759946
10 7 16.362967646394935
10 8 14.554431977107493
10 9 16.174598329381165
10 10 20.403302377482824
10 11 16.01646444304949
10 12 21.44334113042624
10 13 22.12459559527656
10 14 21.917153529053994
10 15 10.305826820630482
10 16 20.08156447835119
10 17 24.363761158164184
10 18 24.343223798740162
10 19 18.144327123917083
10 20 16.821476162752994
10 21 15.336398264839335
10 22 17.285665100895564
10 23 13.989585763994244
10 24 17.342479022001058
10 25 16.02184380860363
10 26 14.47919331079939
10 27 15.552931780467393
10 28 16.368408723932575
10 29 13.354497681970992
11 0 13.331709701870905
11 1 14.407916061532907
11 2 16.479604729298558
11 3 13.141365149527727
11 4 15.416040501154844
11 5 17.04051396678336
11 6 17.104958226430213
11 7 16.4862265815271
11 8 17.125064807276548
11 9 16.905252835835277
11 10 16.397508824139745
11 11 15.398015685279725
11 12 18.660816975955413
11 13 21.526073191765924
11 14 18.881784439643138
11 15 24.030333431229238
11 16 22.772963090699545
11 17 18.77179323487775
11 18 22.766198194793308
11 19 19.044161301119306
11 20 17.878820619479626
11 21 16.545769426205176
11 22 18.442388429065854
11 23 17.562599561058992
11 24 14.29404982139342
11 25 15.26804019895043
11 26 15.007635434564046
11 27 15.01012014252066
11 28 15.019527686928523
11 29 15.127925647588453
12 0 14.154102730947935
12 1 14.076688707490007
12 2 14.131072019927876
12 3 13.329589917062732
12 4 14.564301185155871
12 5 14.828236132232227
12 6 14.15668670903886
12 7 15.248983557853833
12 8 17.643840911503194
12 9 16.585536872686745
12 10 19.61777621584813
12 11 19.41357314335563
12 12 20.5341698611117
12 13 18.722462324557252
12 14 20.751659379444703
12 15 23.8783617030861
12 16 22.175793162314125
12 17 20.82041303714835
12 18 22.08831922618282
12 19 19.080500770175004
12 20 15.587628009127398
12 21 16.33690015777371
12 22 14.11871709639832
12 23 15.473380533355773
12 24 13.14487763549935
12 25 14.8194753078228
12 26 16.73070800096807
12 27 14.622920808652058
12 28 14.541449149627717
12 29 15.060404174467358
13 0 13.238620297913906
13 1 16.922466803310403
13 2 15.032355405861233
13 3 15.161059618413063
13 4 14.897593559287033
13 5 15.866487545110894
13 6 18.8782192391746
13 7 14.980896236558102
13 8 21.04783100281534
13 9 15.748465306316069
13 10 19.9389794209023
13 11 14.585025644530205
13 12 19.904817516147652
13 13 21.27834059165133
13 14 19.892225742068558
13 15 20.029883204053345
13 16 18.96517166660848
13 17 22.116225644349434
13 18 20.806967637268627
13 19 20.549484216286224
13 20 16.035045874358694
13 21 16.768954462992884
13 22 18.341957226841306
13 23 19.082938251104313
13 24 16.622804129921956
13 25 15.875308617473875
13 26 15.881515997810158
13 27 15.273277284071032
13 28 14.253830902522122
13 29 15.717409596045588
14 0 14.247280766348371
14 1 14.561518231784095
14 2 13.789753935974037
14 3 14.952226839536648
14 4 13.945688666665724
14 5 14.280195301844527
14 6 15.142408361157253
14 7 15.284148211802107
14 8 15.081682011333193
14 9 17.322276065762146
14 10 17.69773267504409
14 11 17.856739940895693
14 12 16.916063732324535
14 13 18.216852093429196
14 14 18.972420478657266
14 15 18.762434603789863
14 16 21.15148978420419
14 17 18.639831370681403
14 18 21.59700396097269
14 19 19.11678006010591
14 20 17.902125856650258
14 21 17.680302456142265
14 22 15.426527317637586
14 23 14.449510149735929
14 24 19.858352324234872
14 25 15.150760731594449
14 26 15.382983482650621
14 27 15.711976149640165
14 28 15.441842518327322
14 29 13.092683491569042
15 0 16.533053278180628
15 1 13.536244927512978
15 2 13.586430525379413
15 3 14.47957987925895
15 4 17.05764808839287
15 5 14.94996728419816
15 6 14.379157044304012
15 7 15.175330723928656
15 8 17.372926768673523
15 9 17.367221005280157
15 10 19.914584851760143
15 11 18.48858742557571
15 12 20.5430341566228
15 13 19.051173640141567
15 14 20.1579687130614
15 15 17.616024502707
15 16 20.389007063409714
15 17 18.67799945665454
15 18 18.333193131114573
15 19 19.40833319468726
15 20 17.780228986062625
15 21 19.890213262028507
15 22 17.11893452706051
15 23 14.322811376925221
15 24 15.498264617368108
15 25 14.07939397884005
15 26 14.871046701522564
15 27 14.78183803977847
15 28 13.663542470621346
15 29 15.294163869181732
16 0 13.45529789843977
16 1 14.204910480220992
16 2 14.397496914683334
16 3 13.02708526227145
16 4 14.816750694663718
16 5 13.611911120071046
16 6 14.032261954631847
16 7 16.9175696171268
16 8 17.604371096331167
16 9 15.376160043996526
16 10 17.521220781921443
16 11 17.14209508604361
16 12 18.8664544648942
16 13 17.909233310907727
16 14 21.15148978420419
16 15 19.131469153439816
16 16 25.87764885908595
16 17 20.24522391479679
16 18 20.835879445268482
16 19 18.439751507553765
16 20 18.403800802957416
16 21 17.983245425738023
16 22 17.885710418359796
16 23 18.10229240757954
16 24 15.080288428078667
16 25 17.05892112147287
16 26 15.679173024729211
16 27 13.648726886792316
16 28 14.851248297944746
16 29 13.95876554295216
17 0 13.988136738372562
17 1 14.741388362727184
17 2 16.811941928127933
17 3 17.32692739009034
17 4 17.58804362647362
17 5 14.767702095900791
17 6 15.734811124577195
17 7 19.262436808674114
17 8 15.554330682570226
17 9 14.203958831527709
17 10 20.51665282744814
17 11 16.66455124287644
17 12 21.632334819618105
17 13 22.116225644349434
17 14 22.28876225250702
17 15 24.995234808540463
17 16 21.756200359888386
17 17 20.92760387340099
17 18 21.862677800148052
17 19 18.876420629891516
17 20 19.920367373186917
17 21 17.27461559645586
17 22 18.904956995988805
17 23 21.201314203673988
17 24 15.282010151049189
17 25 15.12818170757398
17 26 17.300818212885847
17 27 15.16116385688542
17 28 14.493454112045319
17 29 14.631172897841086
18 0 14.499122120654489
18 1 13.313497166228766
18 2 13.053932804618183
18 3 14.088327242670703
18 4 15.095022202805238
18 5 16.365526598283704
18 6 14.63597524101236
18 7 18.686515127639566
18 8 15.990301272806173
18 9 12.441456816660798
18 10 13.642678476805132
18 11 21.107505089306482
18 12 22.08831922618282
18 13 20.402812322158095
18 14 23.579582977754267
18 15 24.598210384433735
18 16 22.603035233456286
18 17 19.91561345152092
18 18 21.40838700228966
18 19 15.721200309510364
18 20 20.141443032377868
18 21 16.373763334830276
18 22 18.27079121900359
18 23 19.20716241926971
18 24 17.822439942421358
18 25 14.362760505220953
18 26 15.269152858125592
18 27 16.933736021908906
18 28 15.669998249376453
18 29 14.585629417532193
19 0 16.83696153050061
19 1 11.375564957205812
19 2 15.19027150663752
19 3 14.105872478354641
19 4 16.65002300866049
19 5 14.72399038712592
19 6 13.371841928623713
19 7 15.607203893123394
19 8 15.126386739001376
19 9 15.034063674579151
19 10 19.05073965621166
19 11 19.044161301119306
19 12 22.609055337389364
19 13 21.68868892796857
19 14 21.79485321663789
19 15 19.67717184644923
19 16 24.19760340131121
19 17 21.40411615874229
19 18 21.744772051918897
19 19 24.67129925467652
19 20 19.097644799356452
19 21 19.56000284419823
19 22 16.21664219503088
19 23 15.356144000658734
19 24 14.719784257683054
19 25 18.286711685294584
19 26 16.79794715973046
19 27 16.02646976843145
19 28 17.000685295762523
19 29 15.704069106946632
20 0 14.4711316110627
20 1 14.191770705215598
20 2 13.009454123949022
20 3 14.641573960738512
20 4 16.969006158531908
20 5 14.050856087194086
20 6 14.598126764154653
20 7 14.553820464446183
20 8 15.715887103534088
20 9 17.058862965760266
20 10 16.821476162752994
20 11 20.262604124971432
20 12 17.33024598488162
20 13 24.959503586097224
20 14 19.466037930739155
20 15 9.983559925248134
20 16 23.412005253693582
20 17 19.926519373329885
20 18 18.543468765277083
20 19 20.56934181045955
20 20 19.803246716864578
20 21 18.845870810233755
20 22 16.115227017156815
20 23 19.596328311490765
20 24 15.094060209885603
20 25 15.032191537111112
20 26 15.850159571677738
20 27 15.80252584393222
20 28 16.274895394779197
20 29 15.951209234545711
21 0 13.046376602014936
21 1 14.418435908663593
21 2 14.795764072553402
21 3 13.992869281125849
21 4 14.810287956816547
21 5 15.319810797290504
21 6 14.597248792059148
21 7 15.829162367844363
21 8 15.25675489083696
21 9 15.677447100096083
21 10 20.075111036417958
21 11 19.932739064797918
21 12 19.63924595585263
21 13 18.540998574848878
21 14 19.9371544645563
21 15 18.86002735737897
21 16 23.614263608285547
21 17 24.06471715015575
21 18 18.550909618181485
21 19 20.581914658668246
21 20 20.131237775325577
21 21 18.212375955310094
21 22 17.093860925237458
21 23 19.27753454161044
21 24 20.293489020738438
21 25 18.999492385044253
21 26 14.092242539899779
21 27 17.69104740948367
21 28 15.936269262256802
21 29 15.262950808507984
22 0 12.492278354890296
22 1 11.84234770379159
22 2 14.946691336099862
22 3 14.315751736375148
22 4 15.579840131189107
22 5 14.514788728097143
22 6 14.143184031483473
22 7 15.79633757831438
22 8 15.317240698504639
22 9 18.694464710591173
22 10 16.75038902267269
22 11 15.761365239439447
22 12 17.08648497979634
22 13 20.953618721190274
22 14 20.48485512932323
22 15 23.32416779559233
22 16 20.383346208837512
22 17 21.48886404738894
22 18 24.23246409349931
22 19 19.67808904079018
22 20 19.27601504847594
22 21 19.754501815187524
22 22 14.046990106678566
22 23 17.843589528337134
22 24 18.14828850132285
22 25 16.641406145681632
22 26 17.237965134962188
22 27 17.628084766749712
22 28 13.98811329138849
22 29 16.921762728870196
23 0 13.004209906746711
23 1 13.600702705555634
23 2 15.242814723379693
23 3 14.638282895860543
23 4 14.898998687753679
23 5 16.56934018177818
23 6 13.329738524181302
23 7 13.718350168341285
23 8 16.081007490750114
23 9 16.88571216190471
23 10 16.95094133606339
23 11 15.151585819345819
23 12 19.095720757129115
23 13 22.57732319114415
23 14 18.7592083087992
23 15 18.496407228474478
23 16 20.767378207382848
23 17 19.05929144079911
23 18 20.09377891957072
23 19 17.525783086505047
23 20 17.263911806262396
23 21 17.893044436594398
23 22 19.42301887539575
23 23 20.67135446934323
23 24 17.493923532134257
23 25 21.128600837969323
23 26 16.948172850683
23 27 16.004413571357425
23 28 18.722350564433366
23 29 18.73426781098432
24 0 14.54085383014511
24 1 14.163415887319003
24 2 13.911239685755449
24 3 15.59790509563084
24 4 14.309334296306844
24 5 16.92879353635358
24 6 14.597698331945434
24 7 15.620866387747338
24 8 15.76736057634999
24 9 13.309256307032335
24 10 19.85506266924135
24 11 17.616929104381363
24 12 19.354279996205182
24 13 18.48164071334335
24 14 20.75242692916117
24 15 20.148399269021066
24 16 19.370844185144833
24 17 20.69265245843946
24 18 21.241173401283692
24 19 18.76071177498846
24 20 16.694761109968642
24 21 15.244212361862699
24 22 17.600880709362897
24 23 18.070090922130348
24 24 15.987683179839188
24 25 16.626137621865844
24 26 17.964777804318498
24 27 19.502122614341566
24 28 18.51035099696312
24 29 16.77748782726427
25 0 13.742170687302066
25 1 13.515787471666258
25 2 14.558969677913193
25 3 14.46950469487351
25 4 14.664686303667462
25 5 13.41468401938752
25 6 13.649299521982902
25 7 14.14719669935971
25 8 13.105657817379722
25 9 16.873475697608992
25 10 14.955034193910798
25 11 17.073285406591722
25 12 16.815465327697538
25 13 21.030181096790297
25 14 14.990740161670882
25 15 19.11956813351138
25 16 15.754726749356967
25 17 15.777288193477988
25 18 15.290165983700454
25 19 18.675129954844103
25 20 18.090343634195396
25 21 17.542652322778448
25 22 18.263827826274426
25 23 19.687341004966438
25 24 17.941706611576247
25 25 7.30860888012064
25 26 17.12390488063756
25 27 20.61152882975554
25 28 17.55303045924745
25 29 15.753994165111276
26 0 16.102460150876997
26 1 14.274391034532215
26 2 15.959048493805364
26 3 16.624563282154902
26 4 14.611926856401366
26 5 13.984891975450976
26 6 13.782885210501743
26 7 16.961120276816224
26 8 14.368729866706992
26 9 13.086015837258778
26 10 15.17565831146496
26 11 17.5644110901205
26 12 16.844669605715264
26 13 16.71054733595897
26 14 15.580251086436569
26 15 16.03270907936631
26 16 17.692375855194
26 17 17.63034063160642
26 18 18.3382101924326
26 19 15.030908387851094
26 20 19.569045117959078
26 21 19.739848611231213
26 22 18.820262180483205
26 23 18.040218488474586
26 24 14.553893734413949
26 25 16.22716097409301
26 26 16.01833876849798
26 27 16.880077103529953
26 28 16.76430113054772
26 29 16.022150340203357
27 0 15.189195642983647
27 1 13.880145998854035
27 2 12.165404090660685
27 3 14.442242523339516
27 4 14.876079623299212
27 5 14.45925119383645
27 6 15.683383057940892
27 7 16.95278828064059
27 8 16.27752913378198
27 9 15.16238473140933
27 10 15.164810241517504
27 11 16.144957637115443
27 12 14.677632658569884
27 13 18.38780376766374
27 14 17.40868321626322
27 15 15.814804100202705
27 16 17.291742013333618
27 17 14.66542563499787
27 18 16.7222078401838
27 19 19.82851358128855
27 20 17.713043097856417
27 21 16.30074593009912
27 22 17.633866224048063
27 23 16.09108250974461
27 24 16.010749504119193
27 25 19.37861270555417
27 26 18.029689203730197
27 27 17.473482954295733
27 28 17.41134533609714
27 29 14.983023903171093
28 0 13.770552064848777
28 1 14.294773570578881
28 2 15.042666934937477
28 3 15.074680906194981
28 4 13.478576122716076
28 5 13.808697792288328
28 6 12.909966652968645
28 7 14.44094514412137
28 8 15.499544941505656
28 9 14.981531379698849
28 10 14.905952514494333
28 11 13.241869392068923
28 12 16.44344808030489
28 13 14.893334625637136
28 14 14.032305209578322
28 15 15.19761132226429
28 16 19.886512704941936
28 17 18.264953628454307
28 18 15.156249611388034
28 19 16.541479901622964
28 20 16.730105606846347
28 21 15.78856945569295
28 22 16.043078974446622
28 23 19.63232695818933
28 24 14.834230281247967
28 25 19.839444725880444
28 26 15.941969215449712
28 27 16.929899666644918
28 28 16.986184118993616
28 29 15.18678077192793
29 0 13.733588678431147
29 1 15.525321726792212
29 2 13.79266379792453
29 3 13.50436588794667
29 4 14.70128744863095
29 5 14.315363733944439
29 6 14.068667663247531
29 7 13.639740356059916
29 8 15.111129918580412
29 9 13.680427094458496
29 10 15.00369981838013
29 11 15.367975438061892
29 12 16.220892616778393
29 13 14.363252484262787
29 14 16.246833042091666
29 15 14.758547253928327
29 16 17.48178881428376
29 17 15.840706942521608
29 18 16.92698111928087
29 19 16.43603185616643
29 20 15.91998870399731
29 21 16.225872064701427
29 22 15.444999263953754
29 23 16.454946694911868
29 24 15.21914590913487
29 25 15.31642807992553
29 26 15.270395152021928
29 27 16.530131338074366
29 28 15.379996699407537
29 29 14.079308615698595
