0 0 3.423521025755593
0 1 2.927175502811533
0 2 3.249833152469236
0 3 3.1720004798574184
0 4 3.0156707649606664
0 5 3.830094070516431
0 6 3.3952353985544668
0 7 3.8058819167574054
0 8 3.4987401348701876
0 9 3.7686358887045155
0 10 3.493183596449881
0 11 3.8005420813514585
0 12 4.066785198904383
0 13 3.5697477818290264
0 14 4.176860109435422
0 15 4.495726618499618
0 16 3.724609022096141
0 17 3.687809174281512
0 18 3.9403093510023717
0 19 3.5124882162982947
0 20 3.815731343308359
0 21 3.9038046720108026
0 22 3.5105434459781093
0 23 3.4600019204026853
0 24 3.5348199508765097
0 25 3.0260342807181715
0 26 3.1537772540517865
0 27 2.8489964160993715
0 28 3.0889484221140284
0 29 3.1090376498564276
1 0 2.7802755538902497
1 1 3.4651445263686886
1 2 3.2130150943658826
1 3 3.0397044335975947
1 4 3.437587439066071
1 5 3.3694016165602436
1 6 3.0994237449750854
1 7 3.6386187712675544
1 8 3.2182611871818447
1 9 4.068447369741839
1 10 4.137543004949036
1 11 4.15082432732964
1 12 3.9516634281116807
1 13 4.06457617980107
1 14 3.760832800705049
1 15 3.774410473660831
1 16 3.7315387933128137
1 17 4.410977976310024
1 18 3.948841123879537
1 19 4.429417410143015
1 20 3.5846805694326442
1 21 3.5786327475579056
1 22 3.3667145746078444
1 23 3.607881086003717
1 24 3.25744257699243
1 25 3.676029759574067
1 26 3.511685404367944
1 27 3.237788749991009
1 28 3.0120313830741865
1 29 2.935807078332376
2 0 3.1932660024333774
2 1 3.2091344211044226
2 2 3.7928844955537095
2 3 3.280620267625097
2 4 3.7820494095975974
2 5 3.8141289168831927
2 6 3.3218064459248713
2 7 4.177115718955452
2 8 4.384344873452085
2 9 4.000148584058791
2 10 3.811041152873775
2 11 4.170810517862411
2 12 4.332224424582694
2 13 4.547409766115895
2 14 3.7533273792591517
2 15 4.59278971331106
2 16 4.191342580755141
2 17 4.074043110080078
2 18 4.068364607697358
2 19 3.7588969426184073
2 20 3.8771623096526526
2 21 4.079324538964098
2 22 3.7669867607729755
2 23 2.8859267077408046
2 24 3.7988142820406505
2 25 3.6891155212847813
2 26 3.1745267900998893
2 27 2.869049654838904
2 28 3.2826155870648965
2 29 3.308541123160143
3 0 3.0279729806087277
3 1 3.265548569271903
3 2 3.012627172664744
3 3 3.481353134377869
3 4 3.6800286999471346
3 5 3.2326197816173385
3 6 3.9792108679298397
3 7 4.315533410307354
3 8 3.7031260253836775
3 9 5.1227793101306425
3 10 5.060795425501532
3 11 5.229107098866651
3 12 5.3899604913864385
3 13 4.748618192635085
3 14 4.600767489601256
3 15 4.572296948603948
3 16 5.005493799856967
3 17 5.341861963111829
3 18 4.081607497444694
3 19 4.387476524380371
3 20 3.959253655068526
3 21 3.832916509599429
3 22 3.972684710744699
3 23 3.774024820350234
3 24 3.6081274771002336
3 25 3.4300742665868573
3 26 3.2546558696432837
3 27 3.4919284042163814
3 28 3.497101272303128
3 29 3.1175537062801313
4 0 3.1897257988555925
4 1 3.124328283617443
4 2 3.261748369560732
4 3 4.1179772770765375
4 4 3.444855146893783
4 5 3.740367106700973
4 6 3.8363837333596416
4 7 4.659661195326134
4 8 4.7633836681362975
4 9 4.194156098555066
4 10 4.590688031877168
4 11 4.5198181462677915
4 12 4.975436781152997
4 13 5.464024217658741
4 14 5.617352458993088
4 15 4.771851378980372
4 16 5.224056831428681
4 17 4.506076316405984
4 18 4.562544942814246
4 19 5.247299754849458
4 20 4.556115003245554
4 21 3.8524356016235957
4 22 4.247507855229258
4 23 4.846081281696166
4 24 3.785568450424831
4 25 3.1762669164056847
4 26 4.119843256747486
4 27 3.6722180686029215
4 28 3.409319985959817
4 29 3.3029089808213827
5 0 3.0212918319818294
5 1 3.551743210997856
5 2 3.4313035862294368
5 3 3.447215909083348
5 4 3.8579360759940133
5 5 4.436960797404264
5 6 3.888442406170668
5 7 4.348994937470974
5 8 4.667189642998942
5 9 4.482635775542007
5 10 4.878577158026635
5 11 6.146683753908325
5 12 6.0199107144544985
5 13 5.6646486807087895
5 14 5.286231775120828
5 15 4.99815177059761
5 16 5.468750661238452
5 17 5.299914030142434
5 18 5.135976685149996
5 19 5.3727347608046445
5 20 4.237078101167765
5 21 4.1388545946392785
5 22 4.498684561797383
5 23 3.889702147055972
5 24 4.919673992753983
5 25 4.159742597733093
5 26 3.525347836836481
5 27 3.2695947033689237
5 28 3.474703903561763
5 29 3.4538522482895577
6 0 3.100164681691539
6 1 3.8667251207398445
6 2 3.9354153196868733
6 3 3.2629599928479185
6 4 3.7654062275445828
6 5 3.720722843912841
6 6 4.07234929628025
6 7 4.879234249528498
6 8 4.931761645997887
6 9 5.64145964726873
6 10 5.724807611602753
6 11 5.410273355847367
6 12 5.214181410644697
6 13 6.100895401211289
6 14 5.920761883534446
6 15 5.286550913096811
6 16 5.900245521383103
6 17 5.26525600014806
6 18 4.3492261540801165
6 19 5.4806185379710755
6 20 4.945793484496831
6 21 4.268565128593919
6 22 4.085966780102959
6 23 4.35150426524282
6 24 3.8244497779217723
6 25 4.057041669140315
6 26 4.111350792296223
6 27 3.9635498710758337
6 28 3.78292106116742
6 29 4.221417193218713
7 0 3.3737601893062634
7 1 3.723837735676176
7 2 3.722319998290975
7 3 4.346984111206424
7 4 4.264823972491848
7 5 3.8181289572081782
7 6 4.907254944252611
7 7 3.7671797180058917
7 8 4.504984208004171
7 9 4.914304649498039
7 10 5.284573561371324
7 11 6.080430168422602
7 12 6.1299680738165465
7 13 7.089605381580816
7 14 6.949278025321401
7 15 5.997108165959278
7 16 5.466749241820518
7 17 5.289136543742408
7 18 5.799926003524095
7 19 5.168159769450912
7 20 5.434895821128106
7 21 4.901827848999476
7 22 4.108764168756791
7 23 4.124930439378498
7 24 4.259890283447367
7 25 3.9265136598375596
7 26 3.985176512978164
7 27 4.228205437485247
7 28 4.269194661686517
7 29 3.6213129956458165
8 0 3.122175318699591
8 1 3.686503202211036
8 2 3.453992500124459
8 3 4.250510291591738
8 4 3.9829258631059083
8 5 4.634719300290977
8 6 4.8437345832081125
8 7 5.439384818045157
8 8 5.128437292456856
8 9 5.247722825736732
8 10 6.4294650800582485
8 11 6.112609823254522
8 12 7.0481722005586525
8 13 7.390430673180288
8 14 6.374292590474851
8 15 6.284108139865003
8 16 5.914470798800802
8 17 5.424665538227144
8 18 5.471795916460966
8 19 6.00736341791413
8 20 5.409991681074467
8 21 5.706417519176634
8 22 5.303884881189239
8 23 4.4597043549150825
8 24 4.3805139055667786
8 25 3.7226077780107287
8 26 3.6473725946809514
8 27 4.289988580344581
8 28 4.46689650564626
8 29 3.9174863558465107
9 0 3.7084859668750654
9 1 3.423121767625164
9 2 3.8333084293325537
9 3 4.082574560847571
9 4 4.167149659331477
9 5 5.138209221989062
9 6 4.979127469383908
9 7 4.439744846300135
9 8 5.869002845972271
9 9 6.052145255014914
9 10 6.940421814769388
9 11 7.5158671082759
9 12 9.207494241423536
9 13 8.924030264715551
9 14 8.43249006747616
9 15 7.346341633512385
9 16 6.1737613208244255
9 17 5.0588612428908
9 18 5.256494761516692
9 19 5.332316994411359
9 20 5.055790921478886
9 21 4.3481936714230525
9 22 5.500768725577223
9 23 4.898926379737917
9 24 5.401662174872172
9 25 4.275531460048821
9 26 4.521330714043723
9 27 3.9187018681614885
9 28 4.42590890439044
9 29 3.9877808129928125
10 0 3.565080179133626
10 1 3.873416439921239
10 2 3.9958357502456225
10 3 4.158255304731742
10 4 3.813165558527999
10 5 4.392415422152002
10 6 5.124129532931056
10 7 4.931197456693539
10 8 5.70724136142582
10 9 5.868632137048488
10 10 5.512520534464797
10 11 7.094333987752391
10 12 9.407914003344068
10 13 26.0230378134886
10 14 10.760356585620823
10 15 8.324974342193723
10 16 6.758722855328571
10 17 6.136107678429004
10 18 5.361071041938712
10 19 5.3338949848097075
10 20 4.993192800847071
10 21 5.83691282586978
10 22 5.232510295679174
10 23 4.0187434174898025
10 24 4.5635328864288445
10 25 5.055195980852428
10 26 4.838187972009643
10 27 4.018750611749756
10 28 4.511110752993387
10 29 3.7901348695881847
11 0 3.4575918345177477
11 1 3.0735818100407823
11 2 3.783060399100732
11 3 3.8430429609242047
11 4 4.046061706474691
11 5 4.329231800185675
11 6 4.519352738211239
11 7 4.975081181742797
11 8 5.378687963602175
11 9 5.9739845665239875
11 10 7.260546693316235
11 11 7.7535599157614925
11 12 10.612829095256345
11 13 10.733460570059187
11 14 9.620616201709304
11 15 7.856311245792254
11 16 6.922871716440457
11 17 5.501988717448735
11 18 6.578879085645072
11 19 4.72909666198243
11 20 5.501741549573649
11 21 4.789486276134741
11 22 5.211241688820359
11 23 4.554596409621526
11 24 4.4392385513554355
11 25 5.756656290071945
11 26 5.143319583798979
11 27 4.129398419728178
11 28 4.029957730919553
11 29 3.8272622339367453
12 0 3.4963981244134095
12 1 3.1721225638183026
12 2 4.319393854350858
12 3 4.355635524473728
12 4 3.8900382403568865
12 5 4.712224199078693
12 6 5.431592745782437
12 7 4.259949316989493
12 8 5.174258581442254
12 9 5.836689802228817
12 10 5.568460595849599
12 11 6.451077488233518
12 12 6.910212730981324
12 13 7.651422979574589
12 14 7.57024244557468
12 15 7.49694896424816
12 16 6.446490723340179
12 17 5.906718124431541
12 18 5.807220805751515
12 19 5.77431684144663
12 20 5.8556502579010505
12 21 5.699490273022107
12 22 4.758419993349544
12 23 4.422193651081074
12 24 5.522386836928111
12 25 4.044398629581773
12 26 5.111505055859055
12 27 4.64852016563901
12 28 3.923051874712586
12 29 3.9590723469915248
13 0 4.166205731416761
13 1 3.591133947172739
13 2 4.0712040866769375
13 3 3.5386259499832327
13 4 4.269051409693808
13 5 4.136739961744492
13 6 4.813809738054958
13 7 4.790911645665845
13 8 6.772956336514835
13 9 5.378088230791775
13 10 5.525645581137341
13 11 6.776846829515245
13 12 6.347096062215858
13 13 7.1209755831227985
13 14 7.722375975950871
13 15 5.860324696656641
13 16 6.207809391163016
13 17 6.9956083834302065
13 18 5.855873566061664
13 19 5.209390729949105
13 20 5.465551577941965
13 21 5.238828502258561
13 22 4.795622816518531
13 23 5.625769286557816
13 24 5.210389308219623
13 25 5.38258459473297
13 26 4.674525910789974
13 27 4.18236497108045
13 28 4.3750957645926505
13 29 3.9887838028152616
14 0 3.230858128300836
14 1 3.709447632043259
14 2 4.07294505227755
14 3 3.7286014779717243
14 4 3.8002859135503897
14 5 4.650567548765922
14 6 5.0831023369150765
14 7 4.626812747940514
14 8 4.950939556712867
14 9 5.363910808081471
14 10 6.925890695237859
14 11 6.398141493785831
14 12 6.172616644566894
14 13 6.601720280014304
14 14 5.903567005249783
14 15 5.95053606012114
14 16 6.276693475194718
14 17 6.056939605567378
14 18 5.774897296163732
14 19 5.884605372663988
14 20 6.010711472775402
14 21 5.1051405333640965
14 22 5.1357599661847795
14 23 4.842145324406451
14 24 4.4880396556504625
14 25 5.277147183969152
14 26 4.341279508063257
14 27 4.715852981418771
14 28 3.9774654657063877
14 29 4.404543037683968
15 0 3.7174436404537343
15 1 3.4278767469105125
15 2 4.030020019912377
15 3 4.202208365941358
15 4 4.1102444834990415
15 5 4.483964068844265
15 6 4.608201630358771
15 7 5.365542572083802
15 8 4.786578973535207
15 9 4.73370509689513
15 10 4.84500367318807
15 11 6.246514762665605
15 12 6.812153453287263
15 13 6.505784378853994
15 14 6.347982605486239
15 15 6.152661889101623
15 16 5.984699333403981
15 17 5.914792933634494
15 18 7.0871249639788445
15 19 5.964318965165118
15 20 6.24264161869279
15 21 5.586469710042371
15 22 5.6163259146454365
15 23 5.307020193429968
15 24 5.384535161752441
15 25 4.896952565698249
15 26 5.146722947215399
15 27 4.674595674692149
15 28 4.745193602962937
15 29 4.76518501232395
16 0 2.990917142654872
16 1 3.3840536026036165
16 2 3.8401748744517867
16 3 4.171085369103305
16 4 4.262666642240045
16 5 5.303433382791187
16 6 4.479069298807385
16 7 5.093378311098173
16 8 4.528303755421117
16 9 6.396255574865029
16 10 5.8211111033422815
16 11 6.06658198204167
16 12 6.574991760646377
16 13 6.023732420595696
16 14 6.276693475194718
16 15 6.0803179729413745
16 16 6.130450091832626
16 17 7.1136462076330345
16 18 6.018800685866159
16 19 6.169495265560314
16 20 6.064317264065476
16 21 6.075134857231461
16 22 5.501637442318206
16 23 5.016639515831537
16 24 5.16833617922939
16 25 5.319547215074025
16 26 4.834935559756848
16 27 4.3755642326186885
16 28 4.6581131609381465
16 29 5.278802181053276
17 0 3.1585951053897725
17 1 3.8168018741447685
17 2 3.782656615708897
17 3 4.205969413463754
17 4 4.359169066080496
17 5 4.627970633450012
17 6 5.108494373573942
17 7 5.8491221768087645
17 8 4.466250843654363
17 9 5.512124227236115
17 10 5.5667426460947835
17 11 5.86926394375408
17 12 5.940394975553414
17 13 6.9956083834302065
17 14 6.775220421608735
17 15 6.142874342688303
17 16 7.116613062809652
17 17 7.808361892246357
17 18 6.951834186894048
17 19 7.135851852779004
17 20 6.570698411482191
17 21 6.2135001207545395
17 22 5.507166510579351
17 23 5.42862265853449
17 24 5.4072931981152434
17 25 4.898575375692532
17 26 5.002782984805843
17 27 4.399638010797208
17 28 5.085574328490069
17 29 4.231562101785804
18 0 2.9591915653199936
18 1 3.2772595466440873
18 2 3.5112473267946602
18 3 4.141006360421902
18 4 3.6547234531160604
18 5 4.081500720306331
18 6 4.838645351266965
18 7 4.553459029647019
18 8 4.479803947262417
18 9 4.5831679093020625
18 10 5.232011822998527
18 11 5.333700205788971
18 12 5.807220805751515
18 13 5.272155446006386
18 14 5.989506335679267
18 15 6.79598205824543
18 16 8.139671393259357
18 17 8.920674984697401
18 18 7.210006919886821
18 19 7.0962105760615986
18 20 5.897767400916937
18 21 6.092595565951606
18 22 5.625321436436675
18 23 6.055125993496364
18 24 5.634679449821321
18 25 5.713730095910467
18 26 5.075650999884948
18 27 5.047885414059177
18 28 4.856229085391718
18 29 4.195000215325881
19 0 3.2779422007774097
19 1 3.5293635890235353
19 2 3.5809286433953615
19 3 4.251531772362333
19 4 3.678066080386972
19 5 3.9938759752228057
19 6 4.375464449004751
19 7 4.891610201978266
19 8 5.009751463961547
19 9 5.440731829850704
19 10 6.4895770358108695
19 11 4.72909666198243
19 12 5.929931292542159
19 13 5.8806177037163785
19 14 6.4561146235801825
19 15 8.623656685777618
19 16 10.098994696532596
19 17 11.717227673677096
19 18 9.890081321032586
19 19 8.616783574902497
19 20 7.172352846636074
19 21 6.303312395283793
19 22 6.35934098124978
19 23 5.71813859844339
19 24 5.621306727669833
19 25 6.414178784832287
19 26 4.435906526225447
19 27 4.905513414138551
19 28 5.714007469514316
19 29 4.280018464844721
20 0 3.4690478269183753
20 1 3.5456767259920627
20 2 3.664418811412406
20 3 4.027241787569049
20 4 3.9247865073015022
20 5 4.590455210314421
20 6 5.25984873303265
20 7 4.648373980264486
20 8 5.28156222743411
20 9 4.926437513446962
20 10 4.993192800847071
20 11 5.218348216498874
20 12 6.009484249201599
20 13 6.918126535414646
20 14 6.2999290584386225
20 15 7.0718697648510975
20 16 9.979986553148715
20 17 24.801109908819065
20 18 12.41933225146542
20 19 7.905430585711141
20 20 7.07913879821435
20 21 5.997878833443558
20 22 6.3665262878222295
20 23 6.0416379463142
20 24 5.603167137834499
20 25 5.873559808325869
20 26 5.018944065696888
20 27 5.3682625992495625
20 28 5.930068427840566
20 29 5.196603386925962
21 0 3.664798059192525
21 1 3.3700188848861163
21 2 3.522482680098506
21 3 3.7417934786657097
21 4 4.409650137628828
21 5 3.7367346200250893
21 6 3.8679708662595984
21 7 4.604007037125414
21 8 4.892033101467918
21 9 4.3481936714230525
21 10 5.0467122228029755
21 11 5.76517707629022
21 12 5.640331732770638
21 13 5.49358400882909
21 14 6.801449947194701
21 15 7.696662172021517
21 16 9.25608616838226
21 17 11.061626555126645
21 18 9.239384318922312
21 19 8.140109903028673
21 20 7.004175272523495
21 21 6.152376149678358
21 22 6.773699147783739
21 23 5.039785423283855
21 24 6.160556715150831
21 25 5.72600997212692
21 26 5.687725596937132
21 27 5.169538763862321
21 28 4.442690625156624
21 29 5.680041295465355
22 0 3.192789326783381
22 1 4.154155129799974
22 2 3.9649048224634713
22 3 3.11552153332126
22 4 4.4752180632449665
22 5 4.483487199679858
22 6 4.139310618176965
22 7 4.843209100894759
22 8 5.303884881189239
22 9 4.768015678240967
22 10 5.495878377606849
22 11 5.343457411828627
22 12 6.550372723482696
22 13 6.1962592022528264
22 14 5.430885018243393
22 15 7.136545724237783
22 16 7.556801338810879
22 17 7.5238862755870315
22 18 8.519745376607416
22 19 6.24640573345054
22 20 6.637300642964823
22 21 6.183202082914906
22 22 7.236903657493984
22 23 6.797975165856246
22 24 5.7834370371125425
22 25 6.613278235943284
22 26 5.734715310309584
22 27 5.7691206663171775
22 28 4.437943613324492
22 29 4.759254707515987
23 0 3.538433560870192
23 1 3.8906755246672056
23 2 3.4472746648174613
23 3 3.502316840830948
23 4 4.505143294808361
23 5 3.9050319654495893
23 6 4.677433876747928
23 7 4.124930439378498
23 8 5.220141081282362
23 9 4.706301320695479
23 10 4.462471012568293
23 11 5.06818364746279
23 12 5.044440874144071
23 13 5.780200258580723
23 14 5.842320471110478
23 15 5.910151962649744
23 16 7.189281110197456
23 17 7.345661569120339
23 18 6.458065480754009
23 19 6.674570757090801
23 20 7.535375049516771
23 21 5.339327970227211
23 22 6.77902199746939
23 23 6.862021360296745
23 24 6.956257927917114
23 25 6.896767658023604
23 26 6.3448268849248315
23 27 5.095225654826453
23 28 4.5929593374694235
23 29 4.253333586330085
24 0 3.0806947217078826
24 1 3.1577087037671556
24 2 3.378631537126538
24 3 3.45754658582068
24 4 3.7080562561796344
24 5 4.488816149187835
24 6 3.8244497779217723
24 7 3.7481595164872314
24 8 5.392529611086853
24 9 4.469536013815359
24 10 5.543421433828215
24 11 4.773035403563188
24 12 5.853715219371739
24 13 5.145313395938016
24 14 5.428453289507657
24 15 6.836192583722173
24 16 6.168507176023554
24 17 6.335064056114036
24 18 7.014257026946138
24 19 6.236612114805311
24 20 6.392304632804922
24 21 5.540662932006332
24 22 7.742404866295249
24 23 6.5344535376663595
24 24 7.446710701737227
24 25 8.011341509061
24 26 7.3347558230758
24 27 5.508057354970955
24 28 4.966109327170257
24 29 5.5878859688837705
25 0 3.235741111977029
25 1 3.128152405773993
25 2 3.1658251552151944
25 3 2.9125963094028338
25 4 3.519001358613699
25 5 4.159742597733093
25 6 4.4097149630308365
25 7 4.030020497592017
25 8 4.252886268439526
25 9 4.07088470911229
25 10 5.115505773519344
25 11 5.430837835684629
25 12 4.847431046214603
25 13 5.996610188864434
25 14 5.16090062037658
25 15 5.41511423468033
25 16 5.798634299447615
25 17 5.683413892220756
25 18 5.954878808008506
25 19 5.429473807347258
25 20 5.383776720616391
25 21 6.530531542268632
25 22 6.917270940766387
25 23 6.9191271085260775
25 24 7.685226534948158
25 25 17.75188198748976
25 26 8.68721259753393
25 27 5.678024647823231
25 28 5.656561492377969
25 29 6.145832126018612
26 0 3.3214188908512643
26 1 2.9308522367049026
26 2 3.2076606058134796
26 3 3.084574440401288
26 4 4.119843256747486
26 5 4.019042957904585
26 6 4.386669464095342
26 7 4.0498666268708625
26 8 4.2950893160175205
26 9 4.573304722268451
26 10 4.007485387692725
26 11 3.9731219238916653
26 12 5.338639057878771
26 13 5.348925683571342
26 14 5.359939675914051
26 15 5.322886352507114
26 16 4.913565740534936
26 17 5.647215777931651
26 18 5.802593853440934
26 19 5.136528268546322
26 20 5.11325363616894
26 21 6.25405273973832
26 22 6.660079106404504
26 23 6.917261248147481
26 24 8.33223167955332
26 25 8.255763646749893
26 26 7.360990672375374
26 27 5.5972102519414495
26 28 5.199760902791813
26 29 5.340593132743818
27 0 2.9922968684047886
27 1 3.2307967162107363
27 2 3.3273136492932145
27 3 3.4919284042163814
27 4 3.788727115735338
27 5 3.514362558215497
27 6 3.80741950871129
27 7 4.070596398366471
27 8 3.7708589974980242
27 9 4.012385456307027
27 10 4.845186192488957
27 11 4.84337760736475
27 12 4.589114030852852
27 13 4.915655492535555
27 14 4.688548098503501
27 15 5.368469010852045
27 16 5.783712539048911
27 17 5.090864661458486
27 18 4.425896556016169
27 19 5.350428156157333
27 20 5.533971690780357
27 21 5.3496374638828375
27 22 5.528734125741563
27 23 5.703146544652868
27 24 7.046191522255547
27 25 5.547934677026777
27 26 5.6294642694604
27 27 5.505492144464895
27 28 5.0395358136175465
27 29 4.4772209190787775
28 0 3.0548931187705795
28 1 2.8388182653885035
28 2 3.2826155870648965
28 3 3.362431963370724
28 4 3.8623878484260947
28 5 3.9406648325122697
28 6 3.26337502855431
28 7 4.410562214820612
28 8 3.803285036114947
28 9 4.24031300437204
28 10 4.045598577905618
28 11 5.428872869903587
28 12 5.131945466253169
28 13 4.0148517230337015
28 14 5.983982337220119
28 15 4.9867113981049425
28 16 5.07258134920247
28 17 4.514313378322467
28 18 5.899221787147907
28 19 5.822310385276893
28 20 5.2800803708475055
28 21 5.959524975797968
28 22 5.633703622096515
28 23 6.122955062002849
28 24 5.713619431025534
28 25 5.748605575800929
28 26 5.230168430825118
28 27 4.979715784953894
28 28 4.41876407664186
28 29 5.20148188504124
29 0 3.5578451243034697
29 1 2.935807078332376
29 2 2.9011634584748083
29 3 3.1944629352853666
29 4 3.204713014774877
29 5 3.4320945854910807
29 6 3.9701703746485837
29 7 3.3866355483541626
29 8 4.095614946344827
29 9 4.302935552098683
29 10 3.8952392023077334
29 11 4.364922041287034
29 12 4.9264140430827625
29 13 4.237324564986339
29 14 5.283574180285337
29 15 4.847650436475247
29 16 4.522794344580131
29 17 5.080947912531435
29 18 4.975968593464175
29 19 4.6599335909342035
29 20 5.772700748592151
29 21 4.986033567175868
29 22 5.0700096183198085
29 23 5.171896687679808
29 24 4.8994381029788325
29 25 5.350091949576556
29 26 5.794443646657273
29 27 5.004742328530979
29 28 5.861823564187953
29 29 4.592681652859942
