0 0 3.4734325022900903
0 1 2.884863191509621
0 2 2.971794909501529
0 3 3.1494999185448957
0 4 3.5517675675388287
0 5 3.479980910318768
0 6 3.8017184161986703
0 7 3.7920400916380603
0 8 3.3685564944229616
0 9 3.2816170248189804
0 10 3.213017809025162
0 11 3.904215614113049
0 12 4.45268491890743
0 13 4.196549790718124
0 14 5.003965568943552
0 15 3.52310304092633
0 16 3.882924244590468
0 17 3.3789089210198084
0 18 3.6794761945661127
0 19 3.7808267255302543
0 20 3.890995307122491
0 21 3.492005710906327
0 22 3.647722122627359
0 23 3.0610782098460634
0 24 3.127832852550093
0 25 2.970708864744953
0 26 3.2039969095900416
0 27 3.160732754723073
0 28 3.2219375441128437
0 29 3.067491423430071
1 0 3.483944628413282
1 1 3.1703389510301396
1 2 2.945094948318378
1 3 3.26429882455159
1 4 3.3331803289103576
1 5 3.323628708884189
1 6 3.4502942392492963
1 7 3.068511589888048
1 8 4.335484436537012
1 9 4.514797506067604
1 10 4.547151085076049
1 11 4.631423382502054
1 12 3.6224097210565147
1 13 3.9516416995275927
1 14 4.017695143320676
1 15 4.037781096625204
1 16 4.023792992942892
1 17 4.258053485296715
1 18 4.115826721381776
1 19 3.4102620185692656
1 20 3.156484889903112
1 21 2.9622278645270335
1 22 3.4533537494866264
1 23 3.1839216415480607
1 24 3.4832212390684076
1 25 3.4015009932988796
1 26 3.3662300343002296
1 27 2.6771020601048368
1 28 2.9326423331344778
1 29 3.1390240118399637
2 0 3.155612135084662
2 1 3.516883810006557
2 2 3.527852152872372
2 3 3.3719321426525815
2 4 3.4400108063191746
2 5 3.5689518885676343
2 6 3.593071998945505
2 7 4.43653696812273
2 8 4.025043170218866
2 9 4.435009285512878
2 10 3.6709385460372026
2 11 4.850007845854918
2 12 4.553854512422105
2 13 4.493969250076454
2 14 4.542439261683859
2 15 4.348908504798813
2 16 4.066837556126226
2 17 4.03994595366597
2 18 4.024496163438978
2 19 4.427139351620445
2 20 4.0452880429732385
2 21 3.633586991823265
2 22 3.167270750386574
2 23 2.999826101218362
2 24 3.812880926505018
2 25 3.8845027589977
2 26 3.8995923348831556
2 27 3.2905964704421597
2 28 3.1897819711576463
2 29 2.9346359139804887
3 0 3.0821664147152408
3 1 3.097610210006517
3 2 3.4819654686942583
3 3 3.0350301086389955
3 4 3.4192830062961743
3 5 4.069460597908771
3 6 4.2168888972573795
3 7 4.312729503952676
3 8 4.208441373652647
3 9 5.1237708490550515
3 10 5.543552623128521
3 11 4.216459290888095
3 12 4.890167895030435
3 13 5.68663341675999
3 14 4.63564927154482
3 15 4.267577079931697
3 16 5.76280789821983
3 17 3.9624423560098263
3 18 4.26113482567557
3 19 4.3506301540238566
3 20 3.722975502907028
3 21 4.169913103060052
3 22 3.35581178880414
3 23 3.7220578877928574
3 24 3.8544432000443836
3 25 3.553451173374061
3 26 3.224923647796946
3 27 4.116887600734135
3 28 3.411641164919533
3 29 3.1105201342408604
4 0 3.065836660477993
4 1 3.5068164280012657
4 2 3.6196411024070327
4 3 3.5702229185098995
4 4 3.514419874494483
4 5 4.16313064794867
4 6 4.154618813178352
4 7 4.085558343385473
4 8 4.560371668004768
4 9 4.892286552106854
4 10 4.1055484348153675
4 11 4.388272146899404
4 12 4.2927831416440725
4 13 4.232991591751807
4 14 5.261779606718534
4 15 4.430658164486396
4 16 5.253634623975784
4 17 4.562517661963817
4 18 5.99619041294527
4 19 4.536192810604123
4 20 3.89233821621652
4 21 3.6764474898272
4 22 4.285537532736917
4 23 3.6214258918381184
4 24 3.9320190880691617
4 25 3.583577420719288
4 26 3.510302144076778
4 27 3.621805498515517
4 28 3.276273378661385
4 29 3.0544325152000478
5 0 2.9873027119601927
5 1 3.195768971201093
5 2 3.9667794630623066
5 3 4.138403856100631
5 4 4.034153177006586
5 5 3.430361310415369
5 6 3.9240857669950264
5 7 4.972614462070851
5 8 4.808168875665663
5 9 5.0495731869168
5 10 5.157917099885498
5 11 5.816953539984896
5 12 5.419772199031127
5 13 5.936092864937909
5 14 5.070623078879395
5 15 5.389213344094277
5 16 5.2899542370401695
5 17 5.663522511023107
5 18 4.953984821245907
5 19 5.100314833014639
5 20 4.60112018389269
5 21 3.8529288564575466
5 22 3.883013622298093
5 23 4.158805632535276
5 24 4.29983689793713
5 25 3.702508438077388
5 26 3.1532938382909754
5 27 4.16065317969745
5 28 3.6703429043626934
5 29 3.3702393100504073
6 0 2.930085320902561
6 1 3.276319958971532
6 2 3.233134881280902
6 3 4.5089153850283115
6 4 3.6251439326021653
6 5 4.410156283219047
6 6 4.999127956588044
6 7 3.9211880250885587
6 8 5.2229342621877795
6 9 5.310967884025218
6 10 5.969183764618186
6 11 4.686161284271779
6 12 6.151366395693576
6 13 6.323672541459621
6 14 5.469204971050952
6 15 5.151485269054189
6 16 5.6196515852574365
6 17 4.759507602929709
6 18 4.4135023365806605
6 19 4.761202064811783
6 20 4.164393214028567
6 21 4.624305921482919
6 22 4.0661314660507015
6 23 3.455659505454916
6 24 4.038271954167203
6 25 4.697128356339174
6 26 3.6749216173634505
6 27 3.8036217660926437
6 28 3.5968772482887044
6 29 3.629861282846528
7 0 3.6622600111811114
7 1 3.769655750587306
7 2 3.799384349547054
7 3 4.341858710015635
7 4 4.186202023818854
7 5 4.775409165664035
7 6 5.242887184676836
7 7 5.248454773550022
7 8 5.815366721830789
7 9 5.889086028927623
7 10 6.053883871794813
7 11 6.363111486459307
7 12 6.753162034128522
7 13 7.148357860561578
7 14 6.2226736701068415
7 15 6.781876346282493
7 16 5.769822987561899
7 17 5.892035692626434
7 18 4.933170344319584
7 19 4.957614684486795
7 20 3.935315706934059
7 21 4.269978579950603
7 22 5.474251634702958
7 23 3.8876249606101294
7 24 4.335517016632235
7 25 3.5869717233755836
7 26 4.4917108735029725
7 27 3.9773336821437923
7 28 3.8098664169983647
7 29 4.053616759223554
8 0 3.204360815468206
8 1 3.4394136710666987
8 2 3.932064934505276
8 3 4.2087817201101885
8 4 3.7440845521083905
8 5 4.468768246834309
8 6 4.529343547658944
8 7 6.0720867539385965
8 8 6.168989028968444
8 9 6.590433186805249
8 10 7.155590283318384
8 11 6.985970371408639
8 12 7.522810967263128
8 13 7.038019746127293
8 14 6.451272768753589
8 15 5.903392886537163
8 16 6.389113598877703
8 17 5.913420588163027
8 18 5.267367334305257
8 19 4.962091300241007
8 20 4.989518238649127
8 21 4.160049380245767
8 22 4.495886821796352
8 23 4.331736776007468
8 24 3.6957702870041143
8 25 4.1227799240082135
8 26 3.8875228176137178
8 27 4.304617882765836
8 28 4.51048104544302
8 29 3.103094544982999
9 0 3.794118487912691
9 1 3.180144306118726
9 2 4.313245074065102
9 3 3.6672665683168515
9 4 3.817255911411675
9 5 4.862725768376242
9 6 4.7900452841258945
9 7 6.491277121355508
9 8 4.8546567439895005
9 9 6.848972963613191
9 10 7.62564431025729
9 11 9.567866945365905
9 12 10.583075451009577
9 13 9.685665386337075
9 14 7.72066968540461
9 15 6.726170279288364
9 16 5.969947364805096
9 17 5.682421413339159
9 18 5.818302734752658
9 19 5.238420898991097
9 20 4.798979832032089
9 21 4.779891905606879
9 22 4.7651014907189895
9 23 4.735591612723716
9 24 4.873407435426833
9 25 4.065238874500385
9 26 3.9849826841842932
9 27 3.6957812924981215
9 28 4.6113811200351815
9 29 3.4306112581183084
10 0 3.9555765307208484
10 1 3.6539579827839446
10 2 4.333744708159355
10 3 3.7621125415440027
10 4 4.10056203791179
10 5 4.979027728118674
10 6 5.683472252782005
10 7 5.648687388881602
10 8 6.1787657338079995
10 9 6.390837772585843
10 10 6.92831258982723
10 11 9.374362740501532
10 12 25.23078613365007
10 13 10.243194843659783
10 14 7.404211687524875
10 15 5.849079966987831
10 16 6.191842071536108
10 17 6.4558117611695
10 18 5.239873565561293
10 19 6.3198841225957185
10 20 5.791923237028177
10 21 4.954502067345444
10 22 5.821676293730736
10 23 4.047079422618448
10 24 4.524442059077586
10 25 4.616053568430137
10 26 4.068006006276827
10 27 3.814579951146349
10 28 3.9808890664495475
10 29 4.773122135985503
11 0 3.921065552013394
11 1 3.7583789700462913
11 2 4.4868448561221586
11 3 4.072062440530787
11 4 4.997840638973213
11 5 5.198220076255067
11 6 4.768572732669765
11 7 4.908693522004121
11 8 5.390293049273934
11 9 6.544649625024361
11 10 6.694628015153509
11 11 9.399540668788385
11 12 9.688425478895436
11 13 10.740371481263596
11 14 6.73590715476683
11 15 6.5803924788524535
11 16 6.630032676601168
11 17 6.0803802891769765
11 18 4.640375036392984
11 19 4.871082061267513
11 20 5.68058242116054
11 21 5.670399352597086
11 22 4.503557008690258
11 23 4.949081530787076
11 24 4.416183035657259
11 25 4.592913253782286
11 26 5.447753880454137
11 27 4.212809525849742
11 28 3.994732589083023
11 29 3.9303714806820245
12 0 4.0074506899905655
12 1 3.540128021509211
12 2 4.332322605246956
12 3 3.8074028766451367
12 4 5.4743623129066314
12 5 5.331161384038627
12 6 4.573372909803896
12 7 6.262902504586604
12 8 4.966059068764227
12 9 6.610848154424175
12 10 5.691820261588627
12 11 7.337743831456616
12 12 8.993297321958725
12 13 6.996585277884721
12 14 7.187575686185979
12 15 6.304008450918126
12 16 5.840091620258471
12 17 5.374940231276597
12 18 5.261696101519133
12 19 5.955460907884793
12 20 5.328797086169688
12 21 5.085238472755684
12 22 4.689056667218949
12 23 4.779310476823653
12 24 4.960457587350825
12 25 4.5657422558162635
12 26 4.663517101615353
12 27 5.6468436098230335
12 28 3.730687716686008
12 29 3.393422566262611
13 0 3.6706052022098556
13 1 3.364858496390089
13 2 4.124907524812597
13 3 3.4261546678582855
13 4 4.340935882669829
13 5 4.878050405178728
13 6 4.748502357453007
13 7 4.869336768652071
13 8 5.462778691033443
13 9 6.056476032322616
13 10 5.137501845115193
13 11 6.415498271174214
13 12 7.564125093420373
13 13 6.720733656722975
13 14 6.052686265690905
13 15 6.862073806072942
13 16 6.231457912528173
13 17 6.654148942113382
13 18 5.481066631336468
13 19 5.471249082633428
13 20 5.387882619075687
13 21 4.776135725717474
13 22 4.506115224798017
13 23 4.994903772920763
13 24 4.66315604477377
13 25 5.4398728021475105
13 26 4.02970898699539
13 27 5.149479413657397
13 28 4.30429733622735
13 29 4.7063585199372415
14 0 3.493922758762094
14 1 4.070278420456126
14 2 4.161882939139949
14 3 3.9998818814026085
14 4 4.864386605357159
14 5 5.088464819038559
14 6 5.731597542062688
14 7 5.488931884180548
14 8 5.501040667299492
14 9 5.277668935065496
14 10 5.587697767152299
14 11 6.074336296192331
14 12 6.990992962964723
14 13 6.206252293442412
14 14 6.311861931310323
14 15 6.084262888775214
14 16 5.7236622664852135
14 17 5.059473998137258
14 18 5.755069165835269
14 19 5.837931093861008
14 20 5.089726822369982
14 21 4.589731689722225
14 22 5.484577315846925
14 23 5.045741685460798
14 24 5.345177350747892
14 25 4.720442172022476
14 26 5.074871661616769
14 27 4.42679284967069
14 28 4.350014025209584
14 29 4.416432136979781
15 0 4.066406930074138
15 1 3.922945770839977
15 2 3.8280418787789063
15 3 4.189734235503186
15 4 3.901031811031008
15 5 4.548876268297294
15 6 4.278857285620325
15 7 5.386702059905898
15 8 5.358687879155462
15 9 5.790209391305698
15 10 5.432757099127695
15 11 5.707729161344304
15 12 5.478468461643318
15 13 5.257238217854116
15 14 4.9225909426524
15 15 6.672215800550788
15 16 6.369016990349105
15 17 5.935132776153067
15 18 6.050916375166203
15 19 6.079767613280939
15 20 6.045227994125185
15 21 5.706830376072443
15 22 5.404527809689175
15 23 5.586209543608908
15 24 5.799331729885392
15 25 5.165748269563252
15 26 4.907041140682302
15 27 4.524738945927571
15 28 4.677280899189655
15 29 4.230627792088234
16 0 3.5800852975723734
16 1 3.4188982373104384
16 2 4.809946338146555
16 3 3.6420235002153305
16 4 3.841152861117138
16 5 4.86174633432478
16 6 4.618518544930565
16 7 4.588879258095493
16 8 5.366433976812823
16 9 6.015712264649443
16 10 5.080481178731736
16 11 5.837931093860325
16 12 5.755069165834856
16 13 5.078299947897598
16 14 5.7236622664852135
16 15 6.764520584705707
16 16 6.101307022305591
16 17 6.7879382171505185
16 18 6.731176294004539
16 19 6.218050877333359
16 20 5.81557329206702
16 21 6.14086100978016
16 22 5.913155666788139
16 23 4.634285537520595
16 24 5.3615258897445965
16 25 5.592405681928592
16 26 5.459755772837039
16 27 4.499594347770598
16 28 4.87929993592549
16 29 5.005949998444164
17 0 3.8100736902360834
17 1 3.7816674828184182
17 2 4.150036804512112
17 3 4.106191428420672
17 4 4.134263598547015
17 5 4.422642952631913
17 6 5.124152459844057
17 7 4.243655935989304
17 8 5.263900367705518
17 9 4.962632454054005
17 10 4.828459913094395
17 11 4.417663955234056
17 12 5.946747738501621
17 13 6.654148942113382
17 14 6.198261409189161
17 15 6.6317384615337485
17 16 5.547080344701788
17 17 7.4139475891286795
17 18 7.144444523616279
17 19 7.789897288718125
17 20 6.14950739236326
17 21 6.85638796112185
17 22 6.043228183485222
17 23 6.26518259732366
17 24 4.8075181611350635
17 25 4.542096520529913
17 26 4.694936770152293
17 27 4.913884664126951
17 28 4.793987013098386
17 29 4.915395585558832
18 0 3.3373507663205517
18 1 3.993259284717867
18 2 3.2395267694380836
18 3 4.02423687132696
18 4 3.858789266869259
18 5 4.434542765704458
18 6 4.462207180797398
18 7 4.4325326003644046
18 8 4.9266474926123
18 9 5.428774582914337
18 10 5.433640826957801
18 11 5.1368724587699095
18 12 5.261696101519133
18 13 6.084394754810675
18 14 6.207183093532179
18 15 6.381715797000685
18 16 7.386264716903322
18 17 8.683488917868932
18 18 8.28451660783557
18 19 7.657659306461848
18 20 5.964511998860694
18 21 5.517906177176308
18 22 6.016025843305813
18 23 5.989190469205534
18 24 5.342064516096101
18 25 5.789659243382852
18 26 5.279166249895521
18 27 5.6902808680439225
18 28 5.6983702735817365
18 29 4.456825817266052
19 0 3.8591033429986723
19 1 3.5183164060918317
19 2 3.752111643339793
19 3 4.485087800545882
19 4 3.704559042416468
19 5 4.085733733339297
19 6 4.848367863288353
19 7 5.320594353472235
19 8 4.58827738806089
19 9 4.60017330508027
19 10 5.467333720046427
19 11 4.871082061267513
19 12 4.665871602527182
19 13 5.770012849822583
19 14 5.710259357304286
19 15 6.374141371306723
19 16 8.178590135124477
19 17 11.351525721909722
19 18 11.364528582164509
19 19 10.148740914294205
19 20 7.258012177157385
19 21 6.686711630359807
19 22 5.98603719707497
19 23 6.018160813782884
19 24 5.908087713901829
19 25 5.963989064970221
19 26 5.570926365589562
19 27 4.506474274178097
19 28 4.998883243973791
19 29 4.001062869267844
20 0 3.5675613452400183
20 1 3.5450858582782994
20 2 3.6033726818828327
20 3 3.97263085617517
20 4 3.8141589894901933
20 5 4.282310728269966
20 6 4.515707614946981
20 7 4.284754559998222
20 8 4.057868117847692
20 9 5.13800214391353
20 10 5.791923237028177
20 11 5.584695290415381
20 12 5.674602705158138
20 13 6.310156619542503
20 14 6.8297313012147045
20 15 7.979604879078389
20 16 7.250171222458777
20 17 10.69380749236169
20 18 26.734696749386533
20 19 12.23173004710249
20 20 8.770730530382279
20 21 7.2918572736538625
20 22 7.038918736199288
20 23 6.222892801148013
20 24 6.420812327491691
20 25 6.5335657970981496
20 26 4.76695890216197
20 27 5.0453987437823065
20 28 4.511606102607432
20 29 5.148173468127164
21 0 3.1166289759625263
21 1 3.361327187420158
21 2 3.3327901128744997
21 3 4.008550348338376
21 4 4.03640181559184
21 5 3.6250537734389345
21 6 3.975674486794858
21 7 5.138620686146419
21 8 4.427260652868885
21 9 4.779891905606879
21 10 5.275729468579105
21 11 5.429404994267274
21 12 4.989090943577054
21 13 5.429661317524064
21 14 5.745477343889077
21 15 7.687051747758838
21 16 7.806962508976342
21 17 9.515648221025913
21 18 12.022725382559406
21 19 9.748492973207867
21 20 7.356742681220927
21 21 7.113336466143478
21 22 5.718923736672461
21 23 5.55996046120107
21 24 6.179524068855216
21 25 5.838869609049905
21 26 5.296692107207669
21 27 5.319070028630974
21 28 5.138632504140373
21 29 5.056493778738612
22 0 3.4687122763068614
22 1 3.283044734373699
22 2 3.5839583283572094
22 3 3.2448892065546264
22 4 3.8811218470019857
22 5 3.8499331025645573
22 6 3.509683492693191
22 7 4.756844310643059
22 8 4.495886821796352
22 9 5.048797276611797
22 10 5.128240270396808
22 11 5.373714188411195
22 12 5.8399072619480235
22 13 5.862282517039921
22 14 5.849588450528942
22 15 5.5794556847377725
22 16 7.432341899486532
22 17 7.971686388728902
22 18 8.08727836589893
22 19 8.837734485835748
22 20 6.784192863771417
22 21 7.333969238655917
22 22 5.994350471923312
22 23 6.8079570236856055
22 24 6.165003020710166
22 25 6.284065277953799
22 26 5.4491579069656195
22 27 6.127426761841762
22 28 5.5295338661638
22 29 4.378992141290843
23 0 2.773444336246805
23 1 3.246646756228809
23 2 3.3273392826858976
23 3 3.9984447951053803
23 4 3.8861585561189544
23 5 4.431845802524351
23 6 4.415206102382301
23 7 3.8876249606101294
23 8 5.185672874407395
23 9 5.012871084568236
23 10 5.53925161688368
23 11 5.263251854519562
23 12 5.383293721359976
23 13 6.311250116419042
23 14 6.901344189338093
23 15 6.235334103941479
23 16 5.4738270716090565
23 17 6.923135626600095
23 18 8.42668615337528
23 19 7.175631876271439
23 20 7.048381541329027
23 21 6.653101218830257
23 22 6.430946839959489
23 23 7.056051959593833
23 24 7.403318283297473
23 25 5.560163613184723
23 26 6.725229342996786
23 27 5.94447055092756
23 28 5.297156398925702
23 29 5.336432263057682
24 0 3.0988545586969556
24 1 3.320273800793978
24 2 3.5906072705163057
24 3 3.3158162106838334
24 4 4.235574598710867
24 5 4.011509439411831
24 6 4.038271954167203
24 7 4.32766852494534
24 8 4.596685518305942
24 9 4.0303784784874
24 10 4.367749995181573
24 11 5.140491826302215
24 12 5.481939572301834
24 13 5.297459611691466
24 14 5.153654204215454
24 15 5.114121821954742
24 16 6.560212180304202
24 17 6.590333431764589
24 18 6.390161675032547
24 19 6.287881215365557
24 20 6.223994771178606
24 21 6.775097748469569
24 22 6.267521114657797
24 23 7.233876692587356
24 24 6.8194382262691535
24 25 8.430464498082223
24 26 7.723418433332747
24 27 6.1217197344739525
24 28 4.516942755867349
24 29 5.463369905676078
25 0 2.9255534171303976
25 1 3.2108360994392005
25 2 3.3455706450991802
25 3 3.383802485349935
25 4 3.606171710857612
25 5 3.702508438077388
25 6 4.29983689793737
25 7 3.9999250869458294
25 8 4.265693695320366
25 9 4.530295094083317
25 10 4.565997129054984
25 11 4.24804868253385
25 12 5.257745838240189
25 13 4.82030697793464
25 14 4.358976920798596
25 15 4.8562647098978
25 16 5.17249861106032
25 17 6.355111184819594
25 18 5.559697470955285
25 19 6.1706243152228675
25 20 5.398465700069431
25 21 6.283301785739879
25 22 7.359812792739835
25 23 7.452183733281611
25 24 8.470336888595726
25 25 14.653800028234603
25 26 8.29907820449085
25 27 6.905247080658713
25 28 5.886050992191524
25 29 5.8151127699582394
26 0 2.771616038927088
26 1 3.2647985628365266
26 2 3.241022335979233
26 3 3.8991227876935204
26 4 3.510302144076778
26 5 3.944255312975537
26 6 4.485854480398878
26 7 4.089051051221189
26 8 3.997542533045334
26 9 4.444628101299054
26 10 4.378335653069129
26 11 5.770142645823798
26 12 5.403209220818575
26 13 4.892553152665285
26 14 5.321046531044043
26 15 4.991844694005413
26 16 5.311848443810239
26 17 5.564796285761393
26 18 5.603259827937835
26 19 5.406570470277738
26 20 5.324027926002705
26 21 6.175213034864583
26 22 5.94304946616701
26 23 6.891463828945711
26 24 7.3272768474078145
26 25 8.204072976108106
26 26 7.392176696598808
26 27 6.021132706031603
26 28 5.648511614685411
26 29 5.329854571152373
27 0 3.2480901429399833
27 1 3.1392832002110556
27 2 3.215451146355589
27 3 4.116887600734135
27 4 4.404264658156583
27 5 4.374124185063406
27 6 3.7341237792330926
27 7 4.204035720383036
27 8 3.710404250257401
27 9 3.8947848158491123
27 10 4.473627739694745
27 11 4.638059173210626
27 12 4.2523670585466355
27 13 4.858183779475755
27 14 5.087964446351354
27 15 5.187159588791009
27 16 5.787836759738367
27 17 6.136169655245512
27 18 5.1241041696847525
27 19 5.50363626142546
27 20 6.2555274753898535
27 21 5.75198970970472
27 22 5.441530192804154
27 23 6.880144417722507
27 24 6.601296328736235
27 25 6.619367291962287
27 26 6.065361312891901
27 27 5.9634931490075145
27 28 5.753916205963007
27 29 4.557162139525825
28 0 3.032436194144891
28 1 3.251838540665802
28 2 3.1897819711576463
28 3 2.893740614710593
28 4 3.77286077791612
28 5 3.8552645661886547
28 6 3.1200115951473975
28 7 3.430483754033185
28 8 4.133160959118416
28 9 4.496083551576226
28 10 3.834864354964654
28 11 3.785744040680277
28 12 4.938858216764967
28 13 4.712542361090178
28 14 4.885472423067301
28 15 4.827222313997782
28 16 4.772436186330986
28 17 5.14989375601129
28 18 5.569270951909885
28 19 5.18662939498494
28 20 4.669292470725979
28 21 6.256530956377076
28 22 5.782579693198861
28 23 5.409137274581886
28 24 5.3917698950130095
28 25 5.415701963384642
28 26 5.67719080384661
28 27 5.206161562049558
28 28 4.830022983367702
28 29 4.3631927482920485
29 0 3.35174051669914
29 1 3.1390240118399637
29 2 3.17020274559525
29 3 2.8376047201267833
29 4 2.776933007411491
29 5 3.6300685615726236
29 6 3.4184851129235576
29 7 3.6120824951258923
29 8 3.303574814720904
29 9 5.224716863420074
29 10 3.674395644966729
29 11 4.312096384035109
29 12 4.100758318115804
29 13 4.4094317199220265
29 14 4.6339850226375985
29 15 5.234079975231185
29 16 4.601014666581476
29 17 4.879380393111415
29 18 4.915971138071087
29 19 5.0731360941595876
29 20 5.0708153175383925
29 21 4.667030562650786
29 22 4.777262071457677
29 23 5.29663025843198
29 24 5.631908857667356
29 25 4.925788189126446
29 26 4.696946613481919
29 27 4.676513209699266
29 28 4.187556879686101
29 29 4.477973836448119
