0 0 3.0084876083410412
0 1 3.0012587066006087
0 2 3.3354683389989823
0 3 3.266052142006528
0 4 2.649446042951257
0 5 3.216998383483745
0 6 3.431280387465869
0 7 3.1535050721269453
0 8 3.746322537341482
0 9 3.7918714733316152
0 10 3.684366821589998
0 11 3.3720309016717542
0 12 3.5231053883066985
0 13 4.102324549083783
0 14 3.937563602392633
0 15 4.383592396764494
0 16 3.63667240252339
0 17 4.398435772738247
0 18 3.893959048997019
0 19 3.7954159046888476
0 20 3.491692961519004
0 21 3.3442653015489907
0 22 3.837542332314944
0 23 4.147684065689751
0 24 3.9121655180409878
0 25 3.4133625541614996
0 26 2.8447796076370637
0 27 2.765810768092359
0 28 3.1072113914239106
0 29 3.132195884272684
1 0 2.8775110895627205
1 1 3.737497690525567
1 2 3.3200701413132405
1 3 3.2597427459975075
1 4 3.0087877907027973
1 5 3.297237273296813
1 6 3.3713188822345757
1 7 3.4545746164360556
1 8 4.0343329262186
1 9 3.9532166469807715
1 10 4.520117161942457
1 11 4.250063193211189
1 12 4.181600919517841
1 13 4.095660445948731
1 14 3.531816644872489
1 15 4.119060205568108
1 16 4.041992409730699
1 17 4.108773851271993
1 18 3.8699969128584826
1 19 4.297817397851589
1 20 3.740116857327983
1 21 3.817789380685994
1 22 3.6388113223051417
1 23 3.38442157647447
1 24 4.223133831187768
1 25 3.656594137396429
1 26 3.5624907334712215
1 27 3.0478306663479597
1 28 3.1692545496394353
1 29 2.9361679125974156
2 0 2.71020313836291
2 1 3.2786337846776727
2 2 3.119358103493413
2 3 3.1088889897678635
2 4 3.44526856796503
2 5 3.9975843586149034
2 6 3.476411231832713
2 7 3.7408516687077054
2 8 3.667991584639388
2 9 4.58467276688384
2 10 4.088659184295298
2 11 3.7974891552819687
2 12 4.370952870272161
2 13 3.964469722551419
2 14 3.9382623898664617
2 15 3.8837259689139874
2 16 5.109097321285116
2 17 3.9578330431714184
2 18 4.0094624923890905
2 19 3.9181494325911217
2 20 4.005752300261904
2 21 3.636943374107426
2 22 4.329610807358971
2 23 3.937852949764764
2 24 3.695550413106676
2 25 3.8242382171681553
2 26 3.8423174737287016
2 27 3.3991104017327163
2 28 3.2376601018905165
2 29 2.954693795089723
3 0 3.4781088849134063
3 1 3.2670108125576016
3 2 3.270648232277092
3 3 3.1238350797885097
3 4 3.7781492108981656
3 5 3.4744698717262694
3 6 3.53111342140923
3 7 3.944862624295482
3 8 3.952055047180073
3 9 3.8715691810682715
3 10 5.276819341577299
3 11 4.708570836837868
3 12 4.65148251099403
3 13 4.334582437892002
3 14 4.518603203781015
3 15 5.291104385027831
3 16 4.763763995543027
3 17 4.359249238939812
3 18 4.236331421973284
3 19 5.028097578401803
3 20 4.254078263005118
3 21 4.1998548472681305
3 22 3.58270532812843
3 23 3.7399643031654737
3 24 4.246332066053519
3 25 3.5467682890306893
3 26 3.999899328285084
3 27 3.5056634596891825
3 28 3.3561177837123513
3 29 3.3167343474246604
4 0 3.116336310881513
4 1 3.447978292057248
4 2 3.470629928351358
4 3 3.728299940412137
4 4 3.4619456837525524
4 5 3.442761187069866
4 6 4.464996097236536
4 7 4.76596660782477
4 8 4.328138183048234
4 9 4.146257734429875
4 10 5.417963717534254
4 11 4.981819515579061
4 12 4.048238194045107
4 13 4.582874192620088
4 14 5.069975839530877
4 15 4.319485653129844
4 16 5.188839247075967
4 17 5.058692008203417
4 18 5.037103988294746
4 19 4.739242833043518
4 20 4.718441348146818
4 21 4.528412666448081
4 22 4.525271534328212
4 23 4.340203027966395
4 24 4.135295443297668
4 25 4.050058371159716
4 26 3.5468520884727894
4 27 3.6397851092892393
4 28 3.7385714823169853
4 29 3.9470871547000352
5 0 3.0416040233526567
5 1 2.999100351892741
5 2 3.395969875874224
5 3 3.5496405659118175
5 4 3.002888904429949
5 5 3.658938512326661
5 6 4.340196711188687
5 7 3.6680321868502053
5 8 4.298635081258504
5 9 4.334304148088125
5 10 5.283808094909205
5 11 5.173857126876515
5 12 5.517857778805812
5 13 5.285334489888142
5 14 5.47361866417812
5 15 6.002866085794249
5 16 5.473618780098195
5 17 5.016667414342916
5 18 5.012475704391831
5 19 5.842773426378994
5 20 4.403174225306077
5 21 4.945210434878022
5 22 6.058273632338627
5 23 4.492630596480718
5 24 4.635037880728263
5 25 4.101797613620415
5 26 3.4656949800220276
5 27 3.344327707202517
5 28 3.433800125673157
5 29 3.5855678112053733
6 0 2.9052576127736303
6 1 3.4801276692374636
6 2 3.6507491990814005
6 3 3.7528452288685115
6 4 3.8536642105406194
6 5 4.387743610868762
6 6 3.568760124508038
6 7 4.349889176734711
6 8 5.507895311403906
6 9 4.9178529001823135
6 10 4.8772386428140075
6 11 5.095993836169547
6 12 5.898755618602005
6 13 5.692833816525299
6 14 5.7312112690137695
6 15 6.246190972296685
6 16 5.6883344697218154
6 17 5.371578668477241
6 18 4.8479087567074615
6 19 5.963005241681684
6 20 4.558465686672708
6 21 5.174320489926531
6 22 4.844992028623163
6 23 5.256852353600487
6 24 4.262022138433889
6 25 3.648894374966282
6 26 4.303512141920116
6 27 3.9441042470646512
6 28 3.296434402026403
6 29 3.308429186806877
7 0 3.1217595402630716
7 1 3.3938734420311607
7 2 3.8847575577919313
7 3 4.21404895253628
7 4 3.707543357559408
7 5 4.020818680275334
7 6 4.029154600025339
7 7 4.724813523864808
7 8 4.9586815304276355
7 9 5.067526022506283
7 10 4.854298459123981
7 11 6.318610781739776
7 12 5.674535287323909
7 13 6.291880519599017
7 14 6.411435105975953
7 15 6.3132018509533205
7 16 7.900416305008121
7 17 6.006764757593558
7 18 5.760081388134644
7 19 6.019505588582654
7 20 5.5950975859606205
7 21 5.548420726691109
7 22 4.824301711061548
7 23 5.375751163449426
7 24 4.938401493937805
7 25 4.281209749174199
7 26 4.3355073817779886
7 27 4.593659890250723
7 28 3.757809720590634
7 29 3.490486517318002
8 0 3.5181551823905237
8 1 3.6301917651984676
8 2 3.3229000949228777
8 3 3.379987698426862
8 4 4.376163675485516
8 5 3.3281193575365924
8 6 4.602913533403032
8 7 4.24498584207794
8 8 4.460018311931563
8 9 4.723868376014572
8 10 5.278599238590265
8 11 5.468227222419862
8 12 5.439244840225925
8 13 6.249410755457846
8 14 6.633722027677016
8 15 6.965425065557615
8 16 6.973782805428074
8 17 6.477383053867594
8 18 6.309524335953627
8 19 5.804079135284872
8 20 6.1142624579693186
8 21 4.605087648444459
8 22 4.721314191774371
8 23 4.76559990526592
8 24 4.704128163861138
8 25 4.565277742848557
8 26 4.201380628336646
8 27 3.8848516070420462
8 28 3.6645319176652063
8 29 3.7123195180699464
9 0 2.92642604585661
9 1 3.4421048337379117
9 2 3.6946855328301
9 3 4.1695474653955005
9 4 4.2760254308832835
9 5 4.380520434845408
9 6 4.4440791293095545
9 7 4.341405326265265
9 8 5.560660033497227
9 9 4.872222149551053
9 10 5.663647176403825
9 11 6.477184200490124
9 12 6.93207427001964
9 13 7.493568269567679
9 14 9.548791294951002
9 15 9.116778705115719
9 16 10.648735567178536
9 17 6.914796845034263
9 18 6.1378765130511
9 19 6.30535092114729
9 20 4.558489145243375
9 21 5.992697265853951
9 22 4.764343030749801
9 23 4.5022008433006375
9 24 5.0379516317051225
9 25 4.3892640239597975
9 26 4.817026428932391
9 27 3.747021577163114
9 28 4.149881120939692
9 29 4.140663663061269
10 0 3.3596686002011307
10 1 3.552170361049946
10 2 3.77879341969473
10 3 4.169795169377009
10 4 4.049223510107503
10 5 4.5901785243516295
10 6 5.57278233793395
10 7 5.091596665011232
10 8 4.922555702980558
10 9 4.923304559825873
10 10 5.189902511919459
10 11 6.599243428509619
10 12 5.98717022362867
10 13 8.386598098209522
10 14 9.72202722991387
10 15 26.47959673001083
10 16 8.90865244099816
10 17 7.924385216493958
10 18 7.757676465846489
10 19 5.784522672627554
10 20 5.836883451122485
10 21 5.471363705294033
10 22 5.1221826506328325
10 23 5.41850152830763
10 24 4.138646729344305
10 25 4.769761593102612
10 26 4.628310144584467
10 27 3.733477405012695
10 28 3.514519008563127
10 29 4.3260453225637505
11 0 3.4590154743504904
11 1 3.5511574419739396
11 2 3.5798312345898555
11 3 4.49527693843609
11 4 3.6563128753443634
11 5 3.7555818629162094
11 6 4.469102615925779
11 7 5.027491838381903
11 8 4.855887076652157
11 9 5.231041976192214
11 10 5.639280478970873
11 11 7.450189689863435
11 12 5.81431771040295
11 13 7.5564850887997945
11 14 9.16446969987184
11 15 9.277951242432515
11 16 10.408371085805255
11 17 7.866468848833449
11 18 6.339767443804607
11 19 5.765883006997177
11 20 5.273642684036335
11 21 5.585925499877625
11 22 5.055758207278398
11 23 4.637315614436925
11 24 4.96124123763624
11 25 4.5540878524455595
11 26 4.1929265183423
11 27 4.025950181657148
11 28 4.649308030433531
11 29 3.7184542885169827
12 0 3.927721432621848
12 1 3.4640526126564266
12 2 3.485749919011247
12 3 4.5265425009430365
12 4 4.089140715067658
12 5 4.106753786622374
12 6 5.147886076014131
12 7 4.779331221046007
12 8 4.472286657408572
12 9 6.128636751123281
12 10 4.74781976815867
12 11 5.353007300557619
12 12 4.834854800552672
12 13 6.7611653641523795
12 14 7.466528423780595
12 15 7.1419130933648995
12 16 7.82256189991723
12 17 5.935905722625389
12 18 6.1437387469483875
12 19 5.410107076231665
12 20 5.38600703854672
12 21 6.050362685263431
12 22 6.178074405116382
12 23 5.2460504186464325
12 24 5.329844037891533
12 25 4.765598906042602
12 26 3.8629403808787437
12 27 5.039562035764816
12 28 4.7659364496869205
12 29 4.451977585357749
13 0 3.577038149833926
13 1 3.3161754781311634
13 2 3.6126420433266397
13 3 4.262699744733098
13 4 4.079206652557554
13 5 4.724785072297565
13 6 4.426525066194045
13 7 4.685457061404032
13 8 4.880590666097172
13 9 5.911420427297859
13 10 5.157114537135244
13 11 6.21021506704883
13 12 6.713317190233983
13 13 6.030811733622789
13 14 7.993380745635383
13 15 6.858327153490804
13 16 7.49040451419092
13 17 5.421885273603727
13 18 5.791976461758126
13 19 5.482383093581421
13 20 5.823302540077968
13 21 5.106992436509072
13 22 5.193861155323379
13 23 4.64058282023562
13 24 4.435411678897445
13 25 4.935761787769424
13 26 4.653876261419698
13 27 4.277811985072438
13 28 4.919539477160996
13 29 3.874188704424844
14 0 3.5070553630943286
14 1 3.3474510570733993
14 2 4.091559516694965
14 3 4.344519721129803
14 4 4.041723636060522
14 5 5.306710507797519
14 6 4.693702533062527
14 7 5.707996631066436
14 8 5.680585402583982
14 9 5.966867749202647
14 10 5.369705767021252
14 11 5.88642401421838
14 12 6.174648685196076
14 13 6.738793307384626
14 14 6.7502690523859705
14 15 6.142463709574063
14 16 5.486409781479704
14 17 6.455207202378836
14 18 7.073732354618148
14 19 5.19528823571496
14 20 6.373045323125106
14 21 5.071841696271341
14 22 6.225057494058461
14 23 5.456709423005866
14 24 4.746998800225197
14 25 4.726369061655262
14 26 4.664545670984942
14 27 4.126551977762636
14 28 4.0166766084950645
14 29 4.623194657042376
15 0 3.2737467882635958
15 1 3.7428481504399906
15 2 3.6084943077803544
15 3 4.1660091185107
15 4 3.473818782046301
15 5 4.498181332863152
15 6 4.5872974758388025
15 7 4.742851737194734
15 8 5.497646799903998
15 9 5.55971258806116
15 10 4.746649651293249
15 11 5.626349320625705
15 12 6.33552484608681
15 13 7.487465280467492
15 14 5.790362073021218
15 15 7.587625011708135
15 16 6.14654438620732
15 17 6.176561808027923
15 18 6.297589363197142
15 19 5.326029539644594
15 20 5.892716809055202
15 21 5.256961346467866
15 22 5.406934275637553
15 23 5.357592977458871
15 24 5.266745511804749
15 25 4.893930511695495
15 26 4.7958472227230065
15 27 4.006292552837156
15 28 4.884117155068595
15 29 4.598439608640704
16 0 3.6650310493558544
16 1 3.033296036496682
16 2 4.204976432424606
16 3 3.867550826704844
16 4 4.455477942575245
16 5 4.473552830966502
16 6 4.533841599898454
16 7 5.721459220646332
16 8 4.7277718253549175
16 9 5.42067015282385
16 10 5.114226956759149
16 11 6.046279287068591
16 12 5.641859555059133
16 13 5.940905091863111
16 14 5.486409781479704
16 15 7.079614727338897
16 16 5.408932218487839
16 17 6.546532519457081
16 18 5.817872274329532
16 19 6.356589504898697
16 20 5.272164036182904
16 21 5.540014606652832
16 22 5.4310490539768335
16 23 5.456714815968448
16 24 5.941527066186471
16 25 5.425440377293175
16 26 5.108797210557602
16 27 5.136617645567001
16 28 4.832005570138218
16 29 4.398199848691739
17 0 3.802314110400489
17 1 3.284350775115383
17 2 3.7923120914212247
17 3 3.2790002033039487
17 4 4.107504742964816
17 5 4.935752813600176
17 6 5.088062513760007
17 7 4.97717670568956
17 8 5.774987924176687
17 9 5.2448922416741475
17 10 5.296874265397034
17 11 6.058977508045262
17 12 5.782378761676978
17 13 5.421885273603727
17 14 6.262550455903521
17 15 6.570912243482287
17 16 6.681697979974787
17 17 7.000225038658572
17 18 5.508857356139149
17 19 6.758458062279637
17 20 5.949090069120602
17 21 5.410383862966618
17 22 5.806781939930279
17 23 4.158132432198126
17 24 5.456592235804606
17 25 5.10718975717634
17 26 4.9804066521241595
17 27 4.767525914017754
17 28 4.911005112345935
17 29 4.6210403960988815
18 0 3.687893365860029
18 1 3.771450869223085
18 2 4.184610417721415
18 3 4.229084768990195
18 4 4.015188902936379
18 5 4.183618917033073
18 6 4.2647580978207635
18 7 4.797282581999687
18 8 5.464867167950518
18 9 5.7004158175522095
18 10 6.437960336724012
18 11 5.510029507082261
18 12 6.1437387469483875
18 13 7.2583104264987375
18 14 7.919199891363976
18 15 8.016013793756729
18 16 7.2579953371156885
18 17 6.1248217105026885
18 18 7.571614187062066
18 19 7.175414669110662
18 20 5.820820932059063
18 21 5.451781717783759
18 22 5.319516787034611
18 23 5.3717227607163185
18 24 4.992590870324708
18 25 5.05990828807784
18 26 4.94616148139282
18 27 4.548139384703131
18 28 4.791617031519641
18 29 4.566489210082027
19 0 3.2047386837260894
19 1 3.616802856833121
19 2 3.925647737592243
19 3 3.989343971671421
19 4 3.5042389239260663
19 5 4.589181747596458
19 6 4.9523698389498305
19 7 5.045432293035581
19 8 5.6644457247852
19 9 5.885499482660201
19 10 6.384622886752038
19 11 5.765883006997177
19 12 6.305392496352725
19 13 7.60730255978654
19 14 9.589735415320671
19 15 11.135740268409537
19 16 9.876789789023775
19 17 7.434525626837599
19 18 7.6460275711015635
19 19 5.4405095524761835
19 20 6.009617239267298
19 21 5.853252500502298
19 22 5.664468576247481
19 23 5.615038635754887
19 24 5.816974983759087
19 25 4.839309738214954
19 26 5.539933426967495
19 27 4.7924397776099426
19 28 4.871366630453299
19 29 4.430004392089044
20 0 3.6576540600467355
20 1 3.26672910303309
20 2 3.9130664763385328
20 3 4.479307124806086
20 4 4.01886099332306
20 5 5.028174185816337
20 6 4.9619466654388615
20 7 4.957255155120592
20 8 5.312732043371367
20 9 5.572684716136588
20 10 5.836883451122485
20 11 5.9666372127694975
20 12 7.678768639288755
20 13 6.3015043004405955
20 14 10.733250163391748
20 15 26.090190900816577
20 16 10.865148917031036
20 17 8.653655964964138
20 18 8.221266604180027
20 19 6.297324123705464
20 20 6.052554808587161
20 21 5.236499294045889
20 22 5.888954016967778
20 23 5.091641976728748
20 24 5.692364055692928
20 25 5.334851192366356
20 26 5.886334575469811
20 27 5.352052414498263
20 28 4.829611441143224
20 29 4.740536996798977
21 0 3.559054888699964
21 1 3.748117999676016
21 2 3.8052935488496313
21 3 4.160969712658514
21 4 3.8150990163453495
21 5 3.980703832382102
21 6 4.022411872221985
21 7 4.486567042466045
21 8 4.678376203180729
21 9 5.992697265853951
21 10 5.509440389184538
21 11 5.660974265050366
21 12 6.201609119858606
21 13 8.260187481182673
21 14 9.570046692608182
21 15 10.732410672774222
21 16 9.83573400966169
21 17 7.427569871451026
21 18 6.549686905362173
21 19 6.0953397539701655
21 20 6.154326868640619
21 21 5.960580935449445
21 22 6.596836746690368
21 23 5.288369067948739
21 24 6.066852461813449
21 25 5.5014629514192075
21 26 6.163192069047078
21 27 5.285007373541193
21 28 5.287982566200001
21 29 6.023293916963743
22 0 3.585049762154762
22 1 4.350336123050041
22 2 3.0088597834454296
22 3 4.158670259341496
22 4 3.7072251170890422
22 5 4.582700402748557
22 6 4.712927846209956
22 7 3.9735575936435894
22 8 4.721314191774371
22 9 5.029962279169326
22 10 5.993556604287816
22 11 5.837192288555905
22 12 6.643132530345265
22 13 7.646980531408845
22 14 6.801215528566186
22 15 7.391461625363767
22 16 7.374751504342855
22 17 6.631019394697048
22 18 5.7873622346206455
22 19 5.7425961768075195
22 20 6.611041769997529
22 21 5.331522575930583
22 22 6.036871950913816
22 23 5.944896660812572
22 24 6.9486293752640105
22 25 6.129439384024622
22 26 6.171830281170739
22 27 5.934503294048993
22 28 5.343153711728795
22 29 4.485235765616415
23 0 3.4262214363028938
23 1 3.362372611425968
23 2 3.495437246394122
23 3 4.175664031190988
23 4 4.296795522247669
23 5 4.057709028277265
23 6 5.047948316849723
23 7 5.375751163449426
23 8 5.075148046523643
23 9 5.208166996740087
23 10 5.6043014514997855
23 11 6.075589625277472
23 12 6.259100108795183
23 13 6.823454697323532
23 14 7.151029799176717
23 15 6.485561320527393
23 16 6.563275188182315
23 17 6.282220809594027
23 18 6.259107577359186
23 19 6.2859142003598105
23 20 7.343604275798183
23 21 6.415001225493022
23 22 5.370894748985125
23 23 5.663809418656809
23 24 7.594431232762693
23 25 6.093787094599205
23 26 6.568492371318006
23 27 5.916343716277384
23 28 5.3661710026450065
23 29 4.402132884733535
24 0 3.3794175449064365
24 1 3.930326969322556
24 2 3.872200737272135
24 3 3.9823534263231872
24 4 3.90293519279507
24 5 3.504147921894526
24 6 4.262022138433889
24 7 4.636068857468418
24 8 4.7115222489713995
24 9 6.083203017953927
24 10 4.868133484729129
24 11 5.040655369394981
24 12 5.487760375371884
24 13 5.631420176458403
24 14 5.740742527465383
24 15 5.213924004388517
24 16 6.217154860210036
24 17 5.229855313126138
24 18 5.207543610912778
24 19 5.880016596143139
24 20 6.393738297434799
24 21 5.768323567859499
24 22 6.371198477201129
24 23 6.195082340993518
24 24 8.473559306717824
24 25 8.313068810932922
24 26 7.071059965917347
24 27 5.3133507558689965
24 28 5.914200569221124
24 29 5.130410032051605
25 0 3.215767461678561
25 1 3.679483216885054
25 2 3.5430748956353413
25 3 3.1622937410972827
25 4 4.508601926403871
25 5 4.101797613620415
25 6 4.36404700409015
25 7 4.711357713423132
25 8 4.667345118925326
25 9 4.528280806269009
25 10 4.806331772561091
25 11 4.891732892347042
25 12 5.214632007359755
25 13 4.905498189757913
25 14 5.739152230944229
25 15 5.67612178963619
25 16 5.222072349505962
25 17 6.355384439651145
25 18 6.648098010340913
25 19 5.738143000257899
25 20 5.468545112528189
25 21 5.837145879643362
25 22 5.930445060610869
25 23 7.153067231804473
25 24 7.374492562785209
25 25 16.88802712482922
25 26 8.365616541886745
25 27 5.830335907677358
25 28 5.010347774766034
25 29 5.497617995615143
26 0 2.812557528919865
26 1 3.16099568363767
26 2 3.0812853335363974
26 3 3.412166322744522
26 4 3.5468520884727894
26 5 3.6929523611015043
26 6 3.9198042835995417
26 7 3.8079974187063064
26 8 5.366370148389045
26 9 5.9024028219371125
26 10 4.994689655652443
26 11 4.438270628398735
26 12 5.195507981558603
26 13 5.227168485471634
26 14 4.996835222263841
26 15 5.9744961018198275
26 16 5.69173331775621
26 17 4.867467493591751
26 18 5.494221908591604
26 19 5.422087992867983
26 20 4.968006672705913
26 21 5.200045169073218
26 22 5.2701991161827975
26 23 6.2784479084406986
26 24 9.009963834397261
26 25 7.814028464845422
26 26 7.8732767966053165
26 27 6.800091000997456
26 28 5.870017528728249
26 29 5.465499882405818
27 0 3.027130910410244
27 1 3.310518403905783
27 2 3.6687990403637434
27 3 3.5056634596891825
27 4 3.3874548148455332
27 5 4.027326729577387
27 6 3.82448418097794
27 7 4.169178084793672
27 8 4.047655736283479
27 9 4.81046790410475
27 10 3.7647523099581246
27 11 4.708576155299474
27 12 5.1871682327427635
27 13 4.830162111652158
27 14 5.501503765759669
27 15 5.7414223313663015
27 16 5.631961758765267
27 17 5.830291536849306
27 18 4.493033153001867
27 19 4.360231556315131
27 20 5.078503148016574
27 21 5.681624118493195
27 22 5.284076226821696
27 23 5.9101295008981545
27 24 6.197847654483808
27 25 5.631537142702748
27 26 5.859226552383736
27 27 5.7363715654472305
27 28 5.265931312138574
27 29 4.781639818655819
28 0 3.159512839670309
28 1 3.241496720464697
28 2 3.2376601018905165
28 3 3.7832855681475492
28 4 4.046093767511091
28 5 3.2724838001320165
28 6 4.387005807254671
28 7 3.9614099223939108
28 8 3.8490249256853586
28 9 4.018641813344233
28 10 5.711912131578771
28 11 5.6512683157669885
28 12 4.924217561850017
28 13 5.13258115440852
28 14 5.286506893115474
28 15 4.718183655247354
28 16 4.585783705822918
28 17 4.756498340743309
28 18 5.629590097074613
28 19 4.690409022502639
28 20 4.804341750948834
28 21 5.031522134231819
28 22 5.6034397277755525
28 23 5.606177135311918
28 24 5.736242805255955
28 25 4.520112193513682
28 26 5.424639498456926
28 27 5.023845411685702
28 28 5.022796379272306
28 29 5.662028048664435
29 0 3.2228972240901665
29 1 2.9361679125974156
29 2 3.2229711690776313
29 3 3.6295580317296667
29 4 3.1466939877257265
29 5 3.85833937397563
29 6 3.212796701943547
29 7 3.73307108248772
29 8 4.0279242737132845
29 9 4.6991536185553535
29 10 4.062061586773422
29 11 4.61473386741802
29 12 4.493213403519216
29 13 4.917425150576882
29 14 4.69888190139201
29 15 5.455579373854147
29 16 4.589407484310967
29 17 4.8387589915484055
29 18 4.515023800096546
29 19 5.491701082422223
29 20 5.540017784615785
29 21 5.2022536296472515
29 22 5.4391027308275675
29 23 5.178843688476138
29 24 5.647994148501162
29 25 5.4851642821906745
29 26 5.650129788049711
29 27 4.533527724946992
29 28 4.9544911452417075
29 29 4.804060645578417
