0 0 2.7790853611867363
0 1 2.635549871935514
0 2 3.407074004595021
0 3 3.768202807921442
0 4 3.0770345376928323
0 5 3.350792761300905
0 6 2.9181503691915975
0 7 3.5447860283658046
0 8 3.3765459929108457
0 9 3.3419336065230785
0 10 3.248509031721281
0 11 3.467899179198889
0 12 4.1495259382575735
0 13 3.6836043995749344
0 14 4.522198954802531
0 15 3.8877732794958386
0 16 4.079881815092178
0 17 4.1681757203275565
0 18 4.429244168397522
0 19 3.812314786497926
0 20 3.9133380955024
0 21 3.6623234848431054
0 22 3.767165848653209
0 23 3.647045891238556
0 24 3.7716814774621743
0 25 3.4078091352446727
0 26 3.523016557380618
0 27 3.3214704530160337
0 28 2.760949328690162
0 29 3.1075188898257293
1 0 3.0792953874207387
1 1 3.3778176058520644
1 2 3.5499814165458274
1 3 2.865111497987371
1 4 3.2657688952634403
1 5 3.5035644451559844
1 6 3.438942279353787
1 7 3.58310534135847
1 8 3.3562460297466745
1 9 3.971708081385132
1 10 3.614091686842168
1 11 3.8049362064036623
1 12 4.030307523900435
1 13 4.363604483468442
1 14 3.875412218088712
1 15 3.4924019291039516
1 16 4.127319770558227
1 17 3.6841936789796246
1 18 3.6310002029110664
1 19 4.3995025404691095
1 20 4.429587539229558
1 21 4.2208144778432
1 22 3.792752617796189
1 23 3.4255495891414514
1 24 4.0511250034825705
1 25 3.9469988111009515
1 26 3.959287565398055
1 27 3.516728009726653
1 28 2.7539015633609
1 29 3.0577682198107365
2 0 3.2873301831431343
2 1 2.856784913634757
2 2 3.2263132034697226
2 3 3.423564379864198
2 4 3.424715079604439
2 5 3.22839649656559
2 6 2.985519903587979
2 7 3.506818360353275
2 8 3.26505553369763
2 9 4.310100960807301
2 10 4.59691177879957
2 11 4.104168431217778
2 12 3.8758959331244505
2 13 4.471327127620788
2 14 3.9959470581293175
2 15 4.390628202841933
2 16 4.482388067825613
2 17 4.7930615777685635
2 18 4.807820356826327
2 19 4.525196315896938
2 20 4.198448290916002
2 21 4.144249149316858
2 22 3.941086079136445
2 23 3.8941399000087813
2 24 4.050276535311606
2 25 3.7452581077626665
2 26 3.4295332792953444
2 27 3.6088117673109474
2 28 3.67366890832598
2 29 3.2597664015584904
3 0 3.5395378269706015
3 1 3.7207467618023866
3 2 3.3500347087131206
3 3 3.4141660857465843
3 4 3.160031875832443
3 5 3.197291849454436
3 6 3.8255670360601464
3 7 3.345557228847856
3 8 3.921797617590215
3 9 4.297620018108035
3 10 3.4607563765382863
3 11 4.64485536414379
3 12 4.4930366882618165
3 13 4.7196967915078964
3 14 4.514538553843069
3 15 4.403893198635872
3 16 5.137398768122181
3 17 4.933549274526763
3 18 4.570642607361149
3 19 4.417165213465813
3 20 5.193359224006776
3 21 4.367313527551891
3 22 3.7343112676670986
3 23 4.0362920249682
3 24 3.859666426188705
3 25 4.16260771082785
3 26 3.1541442547164773
3 27 3.349200277284202
3 28 3.2302469405624326
3 29 3.2736066225078084
4 0 3.0059156682600503
4 1 3.3305696591253358
4 2 2.8652265736587217
4 3 2.8667440257612067
4 4 3.773035287180802
4 5 3.6480373011418865
4 6 3.1664941221054344
4 7 3.8183076798829667
4 8 3.8132368208567233
4 9 3.357171585983306
4 10 4.149847820347457
4 11 4.636735596877541
4 12 4.822198438960353
4 13 5.39605634183448
4 14 4.624412325293283
4 15 4.978540907151544
4 16 4.632578173396605
4 17 5.247110693395961
4 18 4.965918317232653
4 19 4.2520879355474674
4 20 5.1446700700463275
4 21 4.848025048355873
4 22 4.673718911306195
4 23 4.17390354056004
4 24 3.624468210955987
4 25 4.457379772094734
4 26 4.012421893514833
4 27 3.804131954128306
4 28 3.322352262854626
4 29 3.520608240014266
5 0 3.253555590973959
5 1 2.9555523775307804
5 2 3.081386114013763
5 3 3.3992301316429048
5 4 3.474007419434409
5 5 3.5187792002593556
5 6 4.256886123493595
5 7 3.8854446370009916
5 8 4.376745321428652
5 9 4.392267695939639
5 10 4.443208696747209
5 11 4.478228239145775
5 12 4.64805791328458
5 13 4.600168091668957
5 14 5.327631350907539
5 15 5.296598172572748
5 16 5.054787646712262
5 17 5.411969726037258
5 18 5.570739346138455
5 19 5.515260761974145
5 20 5.061339386361698
5 21 4.653646557469644
5 22 4.394115951169225
5 23 4.828606819663098
5 24 3.922023248382797
5 25 3.5228734368320826
5 26 4.01175187821791
5 27 3.821621842932567
5 28 3.6548586609583573
5 29 3.7914978098147794
6 0 2.9795617792612026
6 1 3.0718309383111206
6 2 3.363489717385017
6 3 4.104308229351333
6 4 3.275671776238602
6 5 4.031357027400702
6 6 4.064555375846226
6 7 4.469436256778239
6 8 3.642777296578532
6 9 4.60646270327903
6 10 4.616544416555701
6 11 5.090311226584449
6 12 4.88605176238342
6 13 5.409710904888609
6 14 5.372136032378245
6 15 5.659748770127023
6 16 5.853819054900983
6 17 5.739746704534931
6 18 5.988732228533341
6 19 5.457285602325278
6 20 4.620265753348922
6 21 5.801013530849428
6 22 5.716529758647003
6 23 3.9094220445745966
6 24 5.1070171084393365
6 25 5.195451845815183
6 26 3.884148110463696
6 27 3.9658012054216183
6 28 3.956739322623118
6 29 4.0587361357443505
7 0 3.2313989634929756
7 1 3.4204213320349144
7 2 4.000715949325883
7 3 3.1912274633677407
7 4 3.050994538084695
7 5 4.162917344298286
7 6 4.314358619647529
7 7 4.22949538645756
7 8 4.392259785004198
7 9 4.638718664335153
7 10 5.000561113490015
7 11 5.005372913458977
7 12 5.788525831882558
7 13 6.465010715042461
7 14 7.302528484521289
7 15 6.342862886628065
7 16 6.696890006740322
7 17 7.634892163039821
7 18 5.546296107178278
7 19 5.401347956076791
7 20 5.436381572898676
7 21 6.182751861915704
7 22 4.961368816701795
7 23 4.550420211908178
7 24 4.194129967947319
7 25 4.367663597511307
7 26 3.9089261330126974
7 27 3.759462746027545
7 28 3.565746636874189
7 29 3.8155722808650956
8 0 3.3503846380588205
8 1 3.467858724547453
8 2 3.761263237553762
8 3 3.619180158881724
8 4 3.5599005535258668
8 5 3.518473904818208
8 6 4.518106650957287
8 7 4.796141095864822
8 8 5.164260380564296
8 9 4.075289282498666
8 10 4.954176393287026
8 11 5.487629223436132
8 12 5.674479423377358
8 13 5.904788301932581
8 14 5.769125524935825
8 15 6.791063146389477
8 16 6.59047003256756
8 17 6.516390639990711
8 18 7.021085656180717
8 19 6.215123518367563
8 20 5.596775746725087
8 21 5.050448668853592
8 22 5.529105239840317
8 23 5.310741957507849
8 24 5.456579921655136
8 25 4.4902378041163775
8 26 4.378537132094665
8 27 3.8699910846990324
8 28 4.338956438164323
8 29 3.761767915723825
9 0 3.1180102565332968
9 1 3.8997050757212524
9 2 3.5680185197778993
9 3 3.3456394220203887
9 4 4.163383309987715
9 5 3.452095643383876
9 6 4.2230424052630955
9 7 5.319715886191936
9 8 4.868106678592549
9 9 5.436578953949673
9 10 5.229496997121154
9 11 5.721024343755059
9 12 6.657685314241069
9 13 5.698093747850108
9 14 6.55476818372275
9 15 9.081181915790912
9 16 10.24319484511426
9 17 9.351719379393622
9 18 7.614072674340381
9 19 6.698810419385647
9 20 5.937914959266145
9 21 5.231995075936052
9 22 4.955669505545163
9 23 4.420007672139365
9 24 4.149825954756017
9 25 4.829448692402883
9 26 3.967784191101344
9 27 4.293421571661857
9 28 3.6177825262278787
9 29 3.521567847618879
10 0 3.465968129067315
10 1 3.395991659471148
10 2 3.8805881629602994
10 3 3.926218922419509
10 4 4.3303582302427435
10 5 4.1353920609784796
10 6 3.8070378955489352
10 7 4.829969185539267
10 8 4.672707273000804
10 9 4.808526274835067
10 10 6.174761487142752
10 11 5.63829206151666
10 12 6.498796299961443
10 13 6.541644900063476
10 14 8.20747523057369
10 15 11.249852723493738
10 16 25.606786658658972
10 17 9.309520705364458
10 18 7.9074105458356145
10 19 6.886050628034982
10 20 6.1139061826921965
10 21 5.77640868778347
10 22 5.469092776457473
10 23 5.316941878505634
10 24 5.3438291493656385
10 25 5.147741965043973
10 26 4.778039418961981
10 27 4.300948329448643
10 28 3.649452729362818
10 29 3.9026877065757155
11 0 3.726265899911965
11 1 4.208003880677906
11 2 3.4607936479531003
11 3 4.08971705894958
11 4 3.7735413173507273
11 5 4.460296545407776
11 6 5.702052484321253
11 7 5.185269534145491
11 8 5.485588469324982
11 9 5.502258578495133
11 10 5.287181570192933
11 11 5.105424939928031
11 12 6.467156165197426
11 13 6.539621201066642
11 14 8.670615294936578
11 15 9.488734290752285
11 16 9.475559756276864
11 17 8.876477413087331
11 18 7.909357051729152
11 19 6.403255336971261
11 20 5.719408351536898
11 21 5.4356748224738345
11 22 5.304076531768183
11 23 5.270006394482098
11 24 5.383919466329242
11 25 4.450699751849233
11 26 4.300405759881989
11 27 5.081992097364895
11 28 4.204136382173149
11 29 3.864396237633019
12 0 4.039001774149252
12 1 3.5758527008488414
12 2 3.2666286980064223
12 3 4.134379461450961
12 4 3.809658872970615
12 5 4.255517210540142
12 6 4.596493232349056
12 7 4.267788377557579
12 8 5.23416044469296
12 9 5.997869853354439
12 10 5.944948881895976
12 11 5.819368444214576
12 12 5.573116017500086
12 13 5.9019768196103195
12 14 7.434908146012378
12 15 6.657823501385072
12 16 7.469650579399721
12 17 6.949974968316132
12 18 8.225725886325934
12 19 6.522451108124243
12 20 6.086175507094676
12 21 5.243782624403615
12 22 5.3627014482914666
12 23 4.953044708476559
12 24 4.397402495764115
12 25 4.356142468690221
12 26 4.570541241050664
12 27 4.729584781156408
12 28 4.060716422945986
12 29 3.8518814972219846
13 0 3.528802628116788
13 1 3.94356904372579
13 2 3.761147052136856
13 3 4.456039143875708
13 4 4.2405011791522895
13 5 4.87356769923192
13 6 4.0344711923550935
13 7 4.584903894262466
13 8 4.54055295382173
13 9 4.743930050559677
13 10 4.739165354728451
13 11 6.501511005482419
13 12 6.506514674218252
13 13 7.049278916289236
13 14 6.216443877777671
13 15 7.421367063979814
13 16 8.057416931321077
13 17 7.737137543916073
13 18 7.063898129288249
13 19 6.16271809388881
13 20 5.3627224723347915
13 21 5.8987361919484025
13 22 4.552399031405489
13 23 5.255041276208834
13 24 5.893740182075045
13 25 4.616012616566309
13 26 4.077808405900629
13 27 4.534582677967047
13 28 5.214628541423341
13 29 4.605240795934797
14 0 3.2312748068574786
14 1 3.519386337879528
14 2 4.174738562477147
14 3 3.493614440573345
14 4 4.147207833979224
14 5 5.229439413441468
14 6 4.841043352692181
14 7 4.755772399488594
14 8 5.331428642130658
14 9 5.517616885135534
14 10 4.796196072578083
14 11 5.106406129249765
14 12 6.4663192935224085
14 13 6.300551590097457
14 14 6.2369738415373
14 15 6.261187668754484
14 16 5.841137532653858
14 17 5.681503627597736
14 18 5.632343842393324
14 19 5.60147383388026
14 20 6.480018396319462
14 21 5.226687118201191
14 22 4.63653110649014
14 23 5.54864129138315
14 24 4.574503363674516
14 25 4.610828870982737
14 26 4.788368487682201
14 27 4.506314175787472
14 28 3.978255352710484
14 29 4.923141842541534
15 0 3.90618665504811
15 1 3.8581361706141135
15 2 4.630924887776413
15 3 4.791852265713969
15 4 3.9589502006765698
15 5 5.334857879740337
15 6 4.39251979799721
15 7 5.054215597739441
15 8 5.12775169425342
15 9 5.635647544511713
15 10 4.605589219627665
15 11 5.409724496046443
15 12 5.818900874712187
15 13 5.57836471345863
15 14 6.4046938197353525
15 15 6.733760552743715
15 16 6.1596530254930935
15 17 6.34795917015699
15 18 6.369017030930467
15 19 5.879318663023113
15 20 5.290737425407107
15 21 5.231460975909023
15 22 5.413888489645713
15 23 5.674199483601386
15 24 4.632596902024432
15 25 5.044345966226239
15 26 4.331736963358188
15 27 4.791852459252049
15 28 4.18753865055182
15 29 3.8220194431203107
16 0 4.061899145103792
16 1 3.583945087581243
16 2 4.136870990631407
16 3 3.7019240052900977
16 4 3.6862142926573407
16 5 4.818007498656419
16 6 4.77048979098875
16 7 5.854897386917408
16 8 5.240305375448611
16 9 5.683387895226771
16 10 5.181211513459852
16 11 5.838022543968285
16 12 6.914814647409184
16 13 5.840798118026457
16 14 5.841137532653858
16 15 5.825374145641317
16 16 7.4843686206521145
16 17 6.166802216714537
16 18 6.489970818011998
16 19 5.3544717233136625
16 20 5.680436909635035
16 21 5.2245651068479555
16 22 4.4911738320554235
16 23 5.540183633974505
16 24 4.929788578795588
16 25 5.062449112081717
16 26 5.015835850345554
16 27 5.632077931341482
16 28 3.9650389558021226
16 29 4.226235602425408
17 0 2.9360446294363887
17 1 3.010628237045585
17 2 4.069640087249279
17 3 3.898529477404529
17 4 4.468771197156197
17 5 4.514513218745938
17 6 5.037117772562837
17 7 4.686196555859655
17 8 4.792480313364811
17 9 5.077921463097324
17 10 6.210211520727049
17 11 5.622044837260067
17 12 7.345870659151139
17 13 7.737137543916073
17 14 7.166000186991603
17 15 7.278363984215319
17 16 6.123806685575548
17 17 6.467448958003575
17 18 6.3689863370199165
17 19 5.921102586325375
17 20 5.58065625122479
17 21 5.132402261316357
17 22 5.546300269256195
17 23 5.023265612857119
17 24 4.457404430145841
17 25 4.996394158431416
17 26 4.933848427783292
17 27 3.6803265916554446
17 28 5.688735344691956
17 29 4.973985861180141
18 0 3.4962424555569562
18 1 3.790234289850165
18 2 4.558121921591882
18 3 3.892279439959268
18 4 4.011239762420058
18 5 3.9211905345098512
18 6 4.1606707816852
18 7 4.898764731931887
18 8 5.170029515757532
18 9 5.942953624403595
18 10 6.432736193887199
18 11 6.823114278512405
18 12 8.225725886325934
18 13 7.7075069892127175
18 14 8.616059446430997
18 15 7.0901497079100695
18 16 6.64417210638846
18 17 7.729936717070882
18 18 6.264392209228563
18 19 5.702137069372782
18 20 6.1853357212036215
18 21 6.075468017884314
18 22 5.960626030177148
18 23 4.968670182656787
18 24 4.366668842921332
18 25 5.209944304953546
18 26 5.384723318792438
18 27 5.0206256943314616
18 28 4.177700608162596
18 29 4.670415547030669
19 0 3.367584670490798
19 1 3.569095955338808
19 2 4.529839015950112
19 3 3.970441424043042
19 4 4.3309824857071515
19 5 4.059938870617269
19 6 3.837997334456828
19 7 4.615783069129305
19 8 5.469541640794939
19 9 6.202844064685216
19 10 5.791080132083821
19 11 6.403255336971261
19 12 8.84913293952137
19 13 9.503677615118137
19 14 11.28932699649222
19 15 10.131948215782604
19 16 7.913334133702517
19 17 7.394537897079096
19 18 5.944993227991475
19 19 5.683131791215729
19 20 5.87875445988471
19 21 5.862390033005708
19 22 5.8639052062230546
19 23 5.938114060366414
19 24 5.014102289276201
19 25 5.098106407593691
19 26 4.96211003127126
19 27 4.85613712746676
19 28 4.480929739895238
19 29 4.69622595234505
20 0 3.9072023377511966
20 1 3.4230751289086228
20 2 4.146035092145295
20 3 3.6291276266178096
20 4 4.5555005519775005
20 5 5.491806939789325
20 6 5.272399492128854
20 7 5.2490660069346315
20 8 5.744845342772069
20 9 5.682787797364575
20 10 6.1139061826921965
20 11 6.181179305840665
20 12 8.533841773459033
20 13 11.062612268063349
20 14 21.820151190550426
20 15 10.441973707700916
20 16 8.561865598960072
20 17 7.113915521569545
20 18 5.7793724039284875
20 19 5.910582697508017
20 20 5.860947166419397
20 21 5.295293131547075
20 22 5.746531753488195
20 23 5.816403229331357
20 24 5.832620386010978
20 25 5.137648119917993
20 26 4.850866050844748
20 27 4.241088374186133
20 28 5.4659773577508615
20 29 4.277684666070597
21 0 3.2918614185137716
21 1 3.741930644266944
21 2 3.643425359377022
21 3 4.0023055546758775
21 4 3.1402550824399538
21 5 4.521279653252547
21 6 4.887127273770631
21 7 4.444839166450036
21 8 4.740205609817379
21 9 5.231995075936052
21 10 6.820255739780137
21 11 7.69848659527427
21 12 7.903407440199454
21 13 9.58551236682187
21 14 9.14413960611773
21 15 11.02069707670852
21 16 8.12872492818168
21 17 6.217885463314381
21 18 6.232625128496184
21 19 5.917494641098936
21 20 6.066584694447827
21 21 5.454716345950329
21 22 5.647362611903901
21 23 5.926545373217818
21 24 5.608797981783192
21 25 5.939604883210994
21 26 5.354461515155841
21 27 5.178692466759432
21 28 4.829440529765664
21 29 5.480212875298512
22 0 3.3716502676527793
22 1 3.3917232529055314
22 2 3.87201219464464
22 3 4.616454032507266
22 4 3.6422652423344086
22 5 4.30588784795457
22 6 5.012594562217842
22 7 5.144359689323444
22 8 5.529105239840317
22 9 5.848132025680567
22 10 5.223342235580979
22 11 6.688748802238156
22 12 6.808025195518174
22 13 7.49080420064904
22 14 7.524633237881915
22 15 6.765685492695685
22 16 7.5137408303659
22 17 6.504455630834105
22 18 5.489905111700874
22 19 6.500587213242765
22 20 5.260667721552609
22 21 5.681937619827485
22 22 5.775231648376542
22 23 5.735956843478456
22 24 5.5187341038023074
22 25 5.200848540284584
22 26 4.856754866341536
22 27 5.325459007360885
22 28 5.864951329675735
22 29 4.588826652852865
23 0 3.470626843766653
23 1 3.303032689778223
23 2 3.665681070614977
23 3 3.8581137711787235
23 4 3.5821000684178648
23 5 4.186224108081545
23 6 4.496867478852244
23 7 4.550420211908178
23 8 4.560381478107308
23 9 5.258786721849776
23 10 6.015515016485782
23 11 6.422711039165313
23 12 7.338696693558704
23 13 6.376285835515786
23 14 7.24347443015183
23 15 7.004088001174778
23 16 6.205457732104683
23 17 7.206585555744078
23 18 5.54538915975145
23 19 5.67306316765022
23 20 6.549327541478182
23 21 5.21295142598841
23 22 5.54578389975175
23 23 6.623138182829136
23 24 6.5052666962398185
23 25 6.505375706989835
23 26 6.093438201202654
23 27 5.346319095051715
23 28 4.616213434287928
23 29 4.3247206221187655
24 0 3.3673215437266815
24 1 3.5140663379899446
24 2 3.2997552702769495
24 3 4.153834865867383
24 4 3.5953157774840068
24 5 4.338245798828975
24 6 5.1070171084393365
24 7 4.793484534731878
24 8 5.905283110987502
24 9 5.018445443719847
24 10 5.387621627618021
24 11 4.698680903894932
24 12 5.421975254446474
24 13 6.273233560064
24 14 6.441590305704687
24 15 5.640692414936597
24 16 6.851009082861111
24 17 6.227240723568491
24 18 5.693473133019308
24 19 5.514124344691244
24 20 6.156894426805953
24 21 6.165711287441213
24 22 6.1389198329026025
24 23 6.802461463016174
24 24 7.081048808572995
24 25 8.750048643655578
24 26 7.092694071531516
24 27 5.961833721165589
24 28 5.756383093197335
24 29 5.788901875018549
25 0 3.4652608578618707
25 1 3.5609478949713296
25 2 3.8554430311329027
25 3 3.88545738655422
25 4 3.874451274122096
25 5 3.5228734368320826
25 6 4.5247395212532275
25 7 5.6399891651774166
25 8 4.523289165728472
25 9 4.662647825509979
25 10 5.134099004390965
25 11 5.496891893517128
25 12 5.422556783038108
25 13 5.155809401837838
25 14 6.61369727802721
25 15 5.091628728294815
25 16 5.4434495071750275
25 17 5.965053270045897
25 18 5.8225918663939735
25 19 6.432241672206066
25 20 6.132565973953409
25 21 5.787095736473012
25 22 6.8696092952221965
25 23 7.384308040612516
25 24 8.186363355212077
25 25 14.793873756450756
25 26 6.867419653777907
25 27 6.444430233076743
25 28 5.5933910494485914
25 29 5.162340180326743
26 0 2.8769477979471856
26 1 3.6813951965453855
26 2 3.480058848138688
26 3 3.4165171680683044
26 4 4.012421893514833
26 5 3.9131147758344573
26 6 3.754610705044265
26 7 4.773300606173581
26 8 4.369199001151522
26 9 4.776796054818507
26 10 4.244577295043023
26 11 5.6724662843506275
26 12 4.9021943807363755
26 13 5.283675973619755
26 14 5.790722783344896
26 15 5.133977523563399
26 16 5.942745653455943
26 17 5.165184962107228
26 18 4.83118691998981
26 19 5.256453537497824
26 20 5.120430881316026
26 21 6.302098838790017
26 22 5.64698643365034
26 23 5.987561578001249
26 24 7.528479776761803
26 25 8.295883556897605
26 26 8.13761831197165
26 27 5.506843976636999
26 28 5.742970358020985
26 29 4.344043671875284
27 0 3.0607384351249896
27 1 3.560619137644163
27 2 3.544269645557918
27 3 3.349200277284202
27 4 3.391872493609007
27 5 3.9552256211144425
27 6 3.991050175139737
27 7 3.9538301635903292
27 8 4.53889358094332
27 9 3.80350504939632
27 10 4.503720181890209
27 11 5.688773431889017
27 12 5.474011458319397
27 13 5.855497935625952
27 14 5.376033500073994
27 15 5.582463297293546
27 16 5.822028017603957
27 17 5.724362832901264
27 18 5.167880427978001
27 19 4.7418992734808265
27 20 5.221800189364779
27 21 5.8287571856225515
27 22 5.493974131026128
27 23 6.583889787286748
27 24 6.245310182574892
27 25 6.872814548266476
27 26 5.6178435330223815
27 27 6.494026970594931
27 28 5.14240063724099
27 29 5.6575203278884425
28 0 2.7606880152959516
28 1 3.2784054681638564
28 2 3.67366890832598
28 3 3.709464279276982
28 4 3.0623094159923516
28 5 3.6156717660434916
28 6 3.8898907361989963
28 7 3.8876819803888125
28 8 4.014751268724506
28 9 4.394953369690385
28 10 4.704893013215997
28 11 4.243197761831588
28 12 4.949356992016784
28 13 4.793061653342325
28 14 5.938054802834444
28 15 5.015960221562598
28 16 5.2172998154676975
28 17 4.89905784633457
28 18 4.999598798276722
28 19 5.213167598257671
28 20 5.504140611896496
28 21 4.53013706505812
28 22 5.496785977456523
28 23 5.577676175316481
28 24 6.352174539554274
28 25 5.071996351611159
28 26 5.284568026783518
28 27 5.948603506555508
28 28 4.413433591992043
28 29 5.047194669498726
29 0 3.018108836916688
29 1 3.0577682198107365
29 2 3.1271713575940745
29 3 3.4979554492472977
29 4 3.5312564907724178
29 5 3.4298786634470333
29 6 3.7772282111215683
29 7 4.360955308041891
29 8 3.648859997105579
29 9 4.251040302949884
29 10 4.51201870257887
29 11 4.700062679370859
29 12 4.373804165238736
29 13 3.903100091953871
29 14 4.762629187412055
29 15 5.211233123184569
29 16 4.786888365385187
29 17 4.228468087006858
29 18 4.78164749489496
29 19 4.751846897361959
29 20 4.719832244264392
29 21 5.028833879547336
29 22 5.405749591467163
29 23 4.795817832227481
29 24 5.463585238048688
29 25 5.973224804785034
29 26 5.191097616606139
29 27 4.7945098699582225
29 28 5.02845621887091
29 29 4.477812069283491
