0 0 2.7624261983689737
0 1 2.9400923977687694
0 2 3.364861057386446
0 3 3.2823427920676664
0 4 2.9989249136037275
0 5 3.3951591073476624
0 6 3.132520321834022
0 7 3.378272472335163
0 8 3.765157702128882
0 9 4.125804620315868
0 10 3.6032363768900932
0 11 3.3289363521412367
0 12 3.5331774323154503
0 13 3.4878007969915545
0 14 3.4334298383842845
0 15 4.495695171015104
0 16 4.040490142174037
0 17 4.041647260943871
0 18 3.949948411263668
0 19 3.9581533557112785
0 20 3.4867005742897614
0 21 3.519659826356301
0 22 3.5521484200485967
0 23 3.7165058931103703
0 24 4.167811293592042
0 25 3.5247541850740696
0 26 2.952820219483626
0 27 3.346921190620456
0 28 3.2063073167348337
0 29 3.254675040616277
1 0 2.9986887361958914
1 1 3.003159940915749
1 2 3.3548450219813692
1 3 2.7507263991106545
1 4 3.2233092928296863
1 5 3.0066641333108057
1 6 3.318182201610784
1 7 3.626798864879092
1 8 3.572191013004225
1 9 3.4230949612289723
1 10 3.235602559250902
1 11 4.033359685290166
1 12 3.955297016052525
1 13 4.174218546570997
1 14 4.330910117818512
1 15 3.7743871306358403
1 16 3.780512443967072
1 17 3.9243963876910937
1 18 4.205457002487398
1 19 3.4193346223830803
1 20 4.167990743137238
1 21 4.315520351814846
1 22 4.663430584842644
1 23 3.8445536999225385
1 24 3.6582764188226213
1 25 3.32060721645298
1 26 3.220474133716824
1 27 3.659765920363017
1 28 3.4399578818697703
1 29 3.2167175940379895
2 0 3.3037860740452336
2 1 3.168990004431529
2 2 3.1443994947588565
2 3 2.8420455523695822
2 4 3.0056378287121173
2 5 3.7016321465335653
2 6 3.8071908787665953
2 7 3.6958881674900135
2 8 3.865061870652147
2 9 3.976280230319996
2 10 4.181510679931418
2 11 4.2756827340458665
2 12 3.8281217604195694
2 13 4.089381861396052
2 14 4.131788457863862
2 15 4.592765076800636
2 16 4.775325893575451
2 17 5.053146300038832
2 18 4.915001872125161
2 19 4.027122849058768
2 20 4.2249291311827015
2 21 3.5203756389669367
2 22 4.081578587747054
2 23 4.356728030817037
2 24 4.248445675989902
2 25 3.807696639773004
2 26 3.3280946145829495
2 27 3.5081505844781447
2 28 3.4328250911831835
2 29 3.4170844490276964
3 0 3.188852171291189
3 1 3.26573731721026
3 2 3.060157179646399
3 3 2.969226170028109
3 4 3.6106346871621504
3 5 3.316246529834484
3 6 3.6419933226629784
3 7 3.6374384626603296
3 8 3.515248663469898
3 9 3.910702691679066
3 10 4.285707352931359
3 11 3.7234093402574127
3 12 4.344125277830229
3 13 4.644684385686286
3 14 3.884707842811665
3 15 4.57227618085406
3 16 5.351799097221108
3 17 4.480787389898446
3 18 5.291041526898546
3 19 5.1708360503690285
3 20 5.297092519896529
3 21 4.50900071019984
3 22 4.0551565481581875
3 23 4.077458839088593
3 24 3.4568654720760845
3 25 3.834813750615872
3 26 3.475084689670042
3 27 3.5999850357753953
3 28 3.3428956339982143
3 29 3.4263940987822767
4 0 3.872174811992019
4 1 3.3896385903196884
4 2 3.1826554062577705
4 3 3.230901728902076
4 4 3.4759231099429737
4 5 3.637824902628001
4 6 3.751409537198275
4 7 4.249387688662255
4 8 4.465777337529293
4 9 3.6041372770173115
4 10 4.433177049040226
4 11 4.510610637188462
4 12 4.607117052598704
4 13 5.380295389918889
4 14 5.17876546258182
4 15 4.771833578712163
4 16 6.01955118243694
4 17 5.221467342925719
4 18 5.455145127416899
4 19 5.172638848227476
4 20 4.692385746762704
4 21 5.091282480681694
4 22 4.53431295242244
4 23 4.703722888189577
4 24 4.413128977438096
4 25 3.83130914703847
4 26 4.3296654606339855
4 27 3.868698476850079
4 28 3.5196172963418415
4 29 3.741189559754771
5 0 3.20474910907923
5 1 2.997413961483608
5 2 3.0447319922402865
5 3 3.5152145603831904
5 4 3.6774528550389114
5 5 3.689449564734473
5 6 3.8825428221716822
5 7 3.9695174091727883
5 8 3.317416775255513
5 9 4.279188703514594
5 10 4.960550304701653
5 11 4.528609581345888
5 12 4.488882690862527
5 13 4.125172868158915
5 14 5.2067836478814336
5 15 4.998137046848983
5 16 5.891688196030892
5 17 5.851278949018907
5 18 5.847633441852656
5 19 6.419750742384609
5 20 4.800543221145119
5 21 3.873730154384385
5 22 4.226533845902903
5 23 4.680433082480114
5 24 3.866405403019613
5 25 4.138233765159324
5 26 3.641904024805002
5 27 4.207287917798866
5 28 3.50771753863044
5 29 4.004631919961142
6 0 3.3185697285874656
6 1 3.4657200609691627
6 2 3.5314815092565803
6 3 3.6282575675821733
6 4 3.5275861128498884
6 5 4.140335111718809
6 6 4.231380382655684
6 7 3.9195586197856276
6 8 4.1844040131256
6 9 4.445184768098116
6 10 5.017110360576921
6 11 4.380862377833396
6 12 4.955540962054066
6 13 5.394444680220162
6 14 5.190145768869139
6 15 5.2865392148099755
6 16 5.868355124856606
6 17 6.368426215548017
6 18 5.080842320585467
6 19 4.76820763295262
6 20 4.696011563711869
6 21 6.373681141857719
6 22 5.8135510919700994
6 23 3.9410775867709082
6 24 3.8172559114121904
6 25 4.416141851121549
6 26 4.451578864292737
6 27 4.48250774023046
6 28 3.914068450928646
6 29 3.2240072119570624
7 0 3.397256663718523
7 1 3.2870784377449693
7 2 3.2475352270326296
7 3 3.529774789621172
7 4 3.661174895111875
7 5 4.149708779547173
7 6 4.2749690217653376
7 7 4.563321384506805
7 8 3.9590704672611317
7 9 4.201845580163858
7 10 5.026118544887813
7 11 6.159029005694829
7 12 5.892035692626267
7 13 5.368620189885641
7 14 6.293878066262307
7 15 5.997098785143616
7 16 6.635842762832135
7 17 6.24278524167958
7 18 6.776251560970762
7 19 6.090081452872172
7 20 5.7023918384519545
7 21 5.222312198267669
7 22 5.937745326375632
7 23 4.511549658040885
7 24 4.616997597089404
7 25 4.027654087950268
7 26 4.146999800789725
7 27 4.19795491202432
7 28 4.075269687801953
7 29 4.228516195754695
8 0 2.903437692091023
8 1 3.34757529509426
8 2 3.6021065283949327
8 3 3.400054931680387
8 4 3.191651745802725
8 5 3.8130700782270077
8 6 3.852444067932487
8 7 3.6268846680587274
8 8 5.255165628977331
8 9 4.759027611386757
8 10 5.504863343811837
8 11 5.256413508079722
8 12 5.1742430146425
8 13 6.24355489759596
8 14 6.402899017159928
8 15 6.2841015820844754
8 16 6.658492611793757
8 17 8.92496733215163
8 18 7.098911048905648
8 19 6.290930239016307
8 20 5.125209301243553
8 21 5.4886070813154335
8 22 6.309768590839791
8 23 5.106809456536971
8 24 4.9514530213764445
8 25 4.816363113704464
8 26 5.333894242637955
8 27 4.467123843935799
8 28 4.254173187205729
8 29 4.808999610197571
9 0 3.2306525673046136
9 1 3.655705328363399
9 2 3.4378122948962546
9 3 3.3432789916530106
9 4 4.149828351022551
9 5 3.764817847924922
9 6 4.0795390520850665
9 7 4.802023901142661
9 8 5.713978165612816
9 9 4.292032396264653
9 10 4.447063968715692
9 11 5.088235853028951
9 12 5.612210275612397
9 13 5.93781706532033
9 14 6.016833924165084
9 15 7.346336453669056
9 16 9.941515314473202
9 17 9.792253711727515
9 18 8.952466360931437
9 19 6.6937361004242195
9 20 5.701229645664351
9 21 6.052135018295882
9 22 5.589291104352698
9 23 5.1766345678641805
9 24 5.23594865300166
9 25 4.473687753241871
9 26 4.676490851090582
9 27 3.986999757583517
9 28 3.5387442426343254
9 29 4.30283249638211
10 0 3.515030898432577
10 1 3.9332690970116317
10 2 3.428851400188904
10 3 3.537688321469433
10 4 4.838072878996663
10 5 4.00846121788301
10 6 3.998494269115759
10 7 4.802977632953886
10 8 4.902350424282014
10 9 5.295987296585126
10 10 5.367070078782284
10 11 5.643542035426956
10 12 5.891985406482013
10 13 6.212852611395324
10 14 6.413377345286596
10 15 8.324969249694005
10 16 8.375271282543757
10 17 24.63997643790681
10 18 10.281661777085558
10 19 7.659002362599213
10 20 6.487919728447895
10 21 6.633886798946234
10 22 4.660201349437703
10 23 5.266043257756766
10 24 4.835172402703609
10 25 5.534461229744193
10 26 4.030849535050051
10 27 4.523595955728697
10 28 3.9592074610379164
10 29 3.9970950872036672
11 0 3.6637821658127203
11 1 3.656046218218354
11 2 3.2340745910156787
11 3 4.137853914703407
11 4 3.7601449637285635
11 5 4.305411407171331
11 6 5.212708414521847
11 7 3.7252181254790497
11 8 5.475312277201527
11 9 4.825615556956933
11 10 5.241016350159861
11 11 5.49331339632612
11 12 5.7088798693430505
11 13 5.621788741984002
11 14 5.782970805987878
11 15 7.856304708090669
11 16 8.844585874152385
11 17 10.607053759126442
11 18 10.166417933526636
11 19 8.479657361370887
11 20 6.147680415617956
11 21 6.083718912314586
11 22 4.8370712819060016
11 23 5.887541402561625
11 24 4.799252413649171
11 25 4.707793178813308
11 26 4.098841188599172
11 27 4.487147257911419
11 28 3.798112826054052
11 29 3.797123233463277
12 0 3.5118956423457197
12 1 3.6561768300892337
12 2 3.3213559887700432
12 3 3.8829592703644797
12 4 3.661190485137114
12 5 4.1863960617984155
12 6 5.0326766840493535
12 7 5.5638098359134975
12 8 5.603082381566222
12 9 5.227497292287632
12 10 5.057731513905834
12 11 6.094296432379248
12 12 6.13137849809058
12 13 5.505919184046963
12 14 5.7755753282255045
12 15 7.496938327890093
12 16 7.971880569794507
12 17 8.2886081380543
12 18 7.6215525902884504
12 19 7.284747297455687
12 20 6.396456114418006
12 21 6.135142923803274
12 22 6.550322019436097
12 23 5.716496527139886
12 24 5.165623929124889
12 25 5.6733273094851615
12 26 4.417772038866438
12 27 4.956078405263011
12 28 4.351675055063878
12 29 3.9704564014960315
13 0 3.7249936565689303
13 1 3.2736304081053973
13 2 4.210273730002546
13 3 4.330963999423929
13 4 4.102582260705499
13 5 4.397631556236278
13 6 4.656927014642809
13 7 4.231534193142117
13 8 5.057205409401248
13 9 6.0177442814900255
13 10 5.010039416680426
13 11 5.2744093510621255
13 12 5.409724475168785
13 13 5.257368691132541
13 14 6.30876801824163
13 15 5.860311053773621
13 16 7.126440484619814
13 17 6.918215404818967
13 18 6.646987493701314
13 19 6.539135985877783
13 20 6.0362052317303005
13 21 6.077315992035253
13 22 5.331489564099722
13 23 5.428462105537726
13 24 5.299209168641769
13 25 5.293575286419313
13 26 4.651127297703147
13 27 4.725378667519492
13 28 4.835457767541641
13 29 4.154412561853181
14 0 3.5835774207184787
14 1 3.1416958630215897
14 2 3.833709060246845
14 3 3.9614148870948855
14 4 3.9726413332578487
14 5 4.26251921649722
14 6 4.23908914882122
14 7 4.702930296057124
14 8 5.221796848367812
14 9 5.4896699463474885
14 10 5.257005840063849
14 11 5.3152344951325174
14 12 5.313624319903792
14 13 5.981019386471387
14 14 6.878540001058653
14 15 5.950516262255828
14 16 5.522209113141615
14 17 5.573054789260588
14 18 6.667755175062002
14 19 6.259966363843201
14 20 6.48329130542932
14 21 5.958846135011531
14 22 4.466838777604188
14 23 5.193243087440896
14 24 5.436873485107496
14 25 4.867563068001806
14 26 5.273023719002687
14 27 4.548945109124419
14 28 3.7223906182329336
14 29 4.0611681577656995
15 0 3.717405062358898
15 1 3.4278434380208016
15 2 4.029983568542835
15 3 4.202173216393091
15 4 4.110212915011488
15 5 4.483932685012324
15 6 4.60817246263637
15 7 5.365512075487366
15 8 4.786554666255259
15 9 4.733683633511193
15 10 4.8449839132466375
15 11 6.246491388203444
15 12 6.812129232692765
15 13 6.505761349948775
15 14 6.34795913853353
15 15 6.152637175980897
15 16 5.984672320364596
15 17 5.914761784092946
15 18 7.087079473122204
15 19 5.964270391749299
15 20 6.242575426684457
15 21 5.586391980347875
15 22 5.616224141741821
15 23 5.30689723769086
15 24 5.384379634468601
15 25 4.896781238486528
15 26 5.146511277631532
15 27 4.674376186075961
15 28 4.744946023703685
15 29 4.7649152883862955
16 0 3.645251467743658
16 1 3.995080906899731
16 2 4.546004486964808
16 3 4.08016068947803
16 4 4.144342415887863
16 5 4.659396130604712
16 6 5.468222837984237
16 7 4.518030853557225
16 8 5.116101938394753
16 9 5.652072465033269
16 10 6.186670134591923
16 11 5.983651257980565
16 12 7.0475335880609
16 13 5.915937709570261
16 14 5.522209113141615
16 15 6.08029327282213
16 16 6.792558251045784
16 17 6.132797832441098
16 18 5.172429696700732
16 19 5.674561146692325
16 20 6.412899824248775
16 21 5.379784976614802
16 22 5.471101385402545
16 23 5.057445079828783
16 24 5.269978753151993
16 25 4.968904693269222
16 26 4.413076870760387
16 27 4.931777835442015
16 28 4.928748372601138
16 29 4.7146694345027695
17 0 2.951651499531544
17 1 4.171482567239521
17 2 3.9312314708475897
17 3 4.490631245210794
17 4 4.3480793434592675
17 5 5.004915560227944
17 6 4.564331561283923
17 7 4.772674737082236
17 8 5.973670716100251
17 9 5.462545030678166
17 10 5.100951298592308
17 11 6.005526966258476
17 12 7.153377813117812
17 13 6.918215404818967
17 14 7.254489864440314
17 15 6.14285306634148
17 16 6.294342481615006
17 17 7.033570940892754
17 18 5.437900123478068
17 19 6.691761643640365
17 20 5.939358022899307
17 21 5.343538260554327
17 22 5.4090894610859115
17 23 5.406712115847653
17 24 5.152721525714751
17 25 5.342957840902702
17 26 5.191821112127259
17 27 4.387014305050813
17 28 4.580196206036928
17 29 4.485064603209185
18 0 3.4201741137675197
18 1 3.8893395502797308
18 2 4.360292233387859
18 3 4.214189583401708
18 4 4.096719416826492
18 5 5.35295117906527
18 6 4.890664889266167
18 7 5.314055171628266
18 8 5.471773610273522
18 9 5.7182374587104805
18 10 6.183402314997386
18 11 7.37903217392132
18 12 7.6215525902884504
18 13 7.569200116152544
18 14 7.387208206576268
18 15 6.795964651343585
18 16 6.538845805104308
18 17 6.808445992752342
18 18 5.4125272259020525
18 19 5.95515724442783
18 20 4.910997689389379
18 21 5.322790211683001
18 22 5.818758367391434
18 23 5.354610586091806
18 24 5.522270997758688
18 25 5.063025211043827
18 26 4.65181455365675
18 27 4.962275745309252
18 28 4.509535363058566
18 29 4.42043846048109
19 0 3.2586561267533516
19 1 3.762972602918297
19 2 4.256988624094639
19 3 4.121560090436711
19 4 4.307853487533207
19 5 4.8592264504105485
19 6 4.826341326613346
19 7 4.6816041838120475
19 8 4.587280438679829
19 9 5.019664545689979
19 10 7.020317667595548
19 11 8.479657361370887
19 12 10.442765937992625
19 13 10.211350199200508
19 14 10.704925451047506
19 15 8.623641067031228
19 16 6.800026844084857
19 17 5.827873069270019
19 18 6.235564008856087
19 19 5.98891586969092
19 20 5.757800684866244
19 21 5.4587797350085925
19 22 5.999115659413614
19 23 5.015740118960437
19 24 5.911545377363503
19 25 5.355618035863184
19 26 5.3117450120015315
19 27 4.738164327219796
19 28 5.395798133455051
19 29 5.694223341628404
20 0 3.8103313608359493
20 1 3.2910980360470496
20 2 4.161581306244181
20 3 4.345261884395582
20 4 4.34531297395349
20 5 4.875490785654612
20 6 4.799055335269126
20 7 6.08255519145025
20 8 5.501561673307864
20 9 5.352068729647242
20 10 6.487919728447895
20 11 7.03273005144837
20 12 8.660555296999933
20 13 25.27108210143903
20 14 9.490875003250096
20 15 7.071858517476249
20 16 8.041388517552395
20 17 5.6179539829694365
20 18 6.859887315364524
20 19 6.193567835771713
20 20 6.046503759110596
20 21 4.93540943810267
20 22 5.616068411452877
20 23 5.611574603379223
20 24 5.088992706171235
20 25 5.002976514655981
20 26 5.079330297749703
20 27 4.373480547294816
20 28 5.3215094750785665
20 29 5.068797775824539
21 0 3.8415024099534265
21 1 3.578593363326231
21 2 4.28691131215701
21 3 3.730754675123427
21 4 4.151757840098805
21 5 4.29589589022119
21 6 5.835243980754305
21 7 5.236136114620965
21 8 5.468088795167292
21 9 6.052135018295882
21 10 6.367352697047877
21 11 7.317943485073409
21 12 9.64847413142528
21 13 11.737516233585897
21 14 8.985089469147201
21 15 7.696645517458745
21 16 6.654314291029346
21 17 7.012643163228098
21 18 5.481149485192163
21 19 6.082859331997456
21 20 5.59630521906627
21 21 5.041791193532247
21 22 5.7228646013508015
21 23 5.933206433342698
21 24 5.7637123934186505
21 25 5.768393323370235
21 26 5.092288074871855
21 27 4.692097093494774
21 28 5.238168149070426
21 29 4.807042408828086
22 0 3.5543165653143154
22 1 3.4674970664145084
22 2 3.938810878319509
22 3 3.984015882151398
22 4 4.431774198315897
22 5 3.841570211206374
22 6 5.0861253610327894
22 7 4.516861352503367
22 8 6.309768590839791
22 9 5.469713425269685
22 10 6.5308981859391535
22 11 7.118162798005231
22 12 7.139505250758012
22 13 7.934444793275874
22 14 8.140413223565252
22 15 7.136519146847329
22 16 6.635028286665405
22 17 6.399762108834518
22 18 5.625187823649177
22 19 5.691395462152165
22 20 6.133086664669658
22 21 5.74658169790073
22 22 6.378744812313992
22 23 5.535655994926465
22 24 5.836246343268896
22 25 5.5654872482553195
22 26 5.424952297257829
22 27 5.878421018766835
22 28 4.610190205606422
22 29 4.4452783330822605
23 0 3.468381050620453
23 1 3.2106186160335386
23 2 3.6944833337703162
23 3 3.8070959413053873
23 4 3.8590440018917374
23 5 4.909944140074852
23 6 5.344822169937957
23 7 4.511549658040885
23 8 5.887230864975816
23 9 5.432324753157989
23 10 5.4317537578595525
23 11 6.360537092333886
23 12 6.355183906170875
23 13 7.665628250233201
23 14 6.278339794798198
23 15 5.910114274159355
23 16 6.426981227786226
23 17 5.728710568478344
23 18 6.288216356873993
23 19 5.499944720960937
23 20 5.097984404345737
23 21 5.083988729487429
23 22 6.338033877605655
23 23 7.1590921530612555
23 24 6.239377863946059
23 25 6.38449762593198
23 26 6.0692817821317
23 27 4.769851544384295
23 28 4.842926319242419
23 29 4.740576908377472
24 0 3.603543449319458
24 1 4.18592411781876
24 2 3.6156100723169295
24 3 4.015759093574511
24 4 4.353861279466477
24 5 3.9027900413040064
24 6 3.8172559114121904
24 7 4.394436170215065
24 8 5.1044705834892445
24 9 5.62302360853235
24 10 6.573949620735734
24 11 5.419705309534718
24 12 6.699854868851394
24 13 6.210768252223108
24 14 5.739746692738125
24 15 6.836123542298429
24 16 5.942273103514137
24 17 6.848037558128385
24 18 5.789822467171827
24 19 6.318898203430366
24 20 5.324826462710459
24 21 5.953411890148085
24 22 5.637565239512846
24 23 6.719243348403162
24 24 7.984711684592968
24 25 7.447045705743998
24 26 7.029702290634853
24 27 6.290947462053347
24 28 5.957018631434026
24 29 4.908208951296634
25 0 2.9940845829330023
25 1 3.825571576353617
25 2 3.5416905898516156
25 3 3.9974588002696576
25 4 4.168964868252312
25 5 4.138233765159324
25 6 4.689888102751731
25 7 4.680433082480392
25 8 6.061029387529336
25 9 5.302807143890941
25 10 5.580746230318489
25 11 5.68844532256073
25 12 4.306577176524326
25 13 5.65530309905287
25 14 5.765936748370075
25 15 5.415034483566856
25 16 5.257334945436635
25 17 5.390954388415512
25 18 5.4831555520809445
25 19 5.247649169717923
25 20 5.478288382913256
25 21 5.571060639164213
25 22 6.130151129716105
25 23 5.685540432946021
25 24 7.426541624807326
25 25 14.068420435091596
25 26 7.2111891634158
25 27 6.23247121618819
25 28 5.3590622044714395
25 29 5.592406948318288
26 0 3.3605368901980364
26 1 3.7684668812780453
26 2 3.40969531471408
26 3 3.2743334575541554
26 4 4.3296654606339855
26 5 3.7273505042698916
26 6 4.153147616886326
26 7 4.42820022604206
26 8 4.870105623249793
26 9 4.9477397147072315
26 10 4.674303335407938
26 11 5.463798818577307
26 12 5.2358428107380295
26 13 5.111638056134703
26 14 4.524947358097798
26 15 5.322780012898267
26 16 5.6586161085944555
26 17 5.187018279008556
26 18 5.481265109054636
26 19 5.207443570363176
26 20 5.433933848254189
26 21 5.32671890009398
26 22 5.844850881350419
26 23 5.683019494940791
26 24 7.6349710020512
26 25 7.428108126499074
26 26 8.176414774182362
26 27 6.532904208191131
26 28 5.774929274236559
26 29 4.633883975394627
27 0 3.1711449915081893
27 1 3.4723579220583507
27 2 3.5616880480545987
27 3 3.5999850357753953
27 4 4.119725707041418
27 5 4.305831255599285
27 6 4.128732742511364
27 7 4.8527656885142285
27 8 4.801058919198374
27 9 5.0562848258859985
27 10 4.65502069930405
27 11 5.076739380476297
27 12 4.007615566042086
27 13 4.422273842869845
27 14 5.095452417776916
27 15 5.368332112296164
27 16 4.94295584137524
27 17 5.568292753019364
27 18 5.581836949178171
27 19 5.4963570484951605
27 20 4.818972107381712
27 21 5.192652219727012
27 22 5.621821014715384
27 23 6.4471196682888925
27 24 6.33850991574299
27 25 5.751812596573951
27 26 5.717536366874088
27 27 6.259112109003709
27 28 5.238293413194079
27 29 5.390731586764962
28 0 3.3709825198332646
28 1 3.3234941871856645
28 2 3.4328250911831835
28 3 3.680924367017147
28 4 3.5380891122528815
28 5 4.074641160228652
28 6 4.0871939423370245
28 7 4.475764315812828
28 8 4.01406047877236
28 9 4.4667367317083695
28 10 4.365833489910214
28 11 4.884709932175016
28 12 4.702269599934081
28 13 5.252787725416093
28 14 5.014757275429152
28 15 4.986557072792394
28 16 4.495579864244159
28 17 5.614942995956388
28 18 4.378427911955224
28 19 5.2550290586200585
28 20 5.146474683016191
28 21 4.177991154067722
28 22 5.635482043253117
28 23 5.271358568293274
28 24 5.430411796202196
28 25 5.898297203089346
28 26 5.844527373062998
28 27 5.169993878763767
28 28 4.758868219045632
28 29 5.041668240136543
29 0 3.15067406605848
29 1 3.2167175940379895
29 2 3.0547325742755107
29 3 3.6178681994661748
29 4 3.3869777047667005
29 5 3.3566546766576297
29 6 3.9974402384109973
29 7 3.881025470514183
29 8 3.8157302056377373
29 9 3.654428585214484
29 10 4.940646990561293
29 11 4.746892381266856
29 12 5.198837584763258
29 13 4.480644536395525
29 14 4.012553161434155
29 15 4.847475770560624
29 16 5.348793874755763
29 17 4.912633898209716
29 18 4.908979894182211
29 19 5.273068958906876
29 20 4.646762113570517
29 21 5.678886849217762
29 22 4.432398338831769
29 23 4.157858315219607
29 24 4.590536337107505
29 25 5.258534635469974
29 26 4.3143393366865315
29 27 5.315732336257468
29 28 5.309442611366839
29 29 3.977654697303827
