0 0 3.3864711529621463
0 1 3.198105239994991
0 2 3.2330096477190433
0 3 3.375085549039889
0 4 2.977521146133
0 5 3.9631165403676056
0 6 3.472485640574504
0 7 3.626706411720134
0 8 3.8613760636821772
0 9 3.3074223433566567
0 10 3.62909148497046
0 11 3.8247504966270087
0 12 4.07283622203158
0 13 3.6407237085264508
0 14 4.135574910255816
0 15 3.32044881674945
0 16 3.686383226892654
0 17 3.8048035358128844
0 18 3.74044690103047
0 19 3.483270778060371
0 20 3.341645098553701
0 21 4.176449134978692
0 22 3.197319771010451
0 23 3.262235217770885
0 24 3.12788171126498
0 25 3.5594777481167297
0 26 3.043395537310567
0 27 2.729995754235058
0 28 3.155876317049169
0 29 2.9946712558037993
1 0 3.2921229489349844
1 1 3.2938301305852624
1 2 3.077012601133998
1 3 3.2866482559458294
1 4 4.060248254090017
1 5 3.401559245651574
1 6 3.7607178620086397
1 7 4.067481308680243
1 8 4.37401560866901
1 9 4.114033617478314
1 10 4.086113879095897
1 11 3.97866091218018
1 12 3.855146092233792
1 13 4.377883727891347
1 14 4.186061297732561
1 15 4.597358708116838
1 16 4.17894411298637
1 17 4.229216532334869
1 18 3.7487176711659402
1 19 3.792359857573226
1 20 3.801387024482297
1 21 3.694194673436981
1 22 3.670066408672631
1 23 4.4951800962309605
1 24 3.3004219563174004
1 25 3.645570597061919
1 26 2.863968002204827
1 27 3.0953099669668527
1 28 3.283802118401646
1 29 3.4890169473150396
2 0 2.941798798627358
2 1 2.8483685332458606
2 2 3.77761277520142
2 3 4.087359487947955
2 4 3.3459482526708135
2 5 3.0687096678081454
2 6 4.1017177102116245
2 7 4.250984049257604
2 8 3.6531979763573657
2 9 4.074230577265791
2 10 4.2070122490931965
2 11 4.1520622259000035
2 12 3.8600747375914017
2 13 4.164159960277984
2 14 4.467915321153368
2 15 3.705347037527673
2 16 3.842200210885363
2 17 4.221395243771226
2 18 4.016819119031208
2 19 3.943065192658985
2 20 3.361872675383341
2 21 3.6029893826520425
2 22 3.4910971661468264
2 23 3.397524750755618
2 24 3.5604157304716377
2 25 3.5429501834046757
2 26 3.409869892666722
2 27 3.593688311230116
2 28 3.310095482317032
2 29 3.3254356542396875
3 0 3.2226208709099913
3 1 3.1218547246065267
3 2 3.696935885716611
3 3 3.6979878644111333
3 4 2.9425321019200794
3 5 4.425900428053645
3 6 4.159201824663996
3 7 4.386121552124914
3 8 4.224876872955287
3 9 4.980238059475899
3 10 4.961221744387995
3 11 5.031030056470712
3 12 4.270372462428507
3 13 4.402379912900717
3 14 5.14889760386772
3 15 3.9341621888071847
3 16 4.327258393500159
3 17 4.144183085595693
3 18 4.272240421518893
3 19 3.8774803412442607
3 20 4.043025795765904
3 21 3.790441326531358
3 22 4.0197488532941765
3 23 3.604482907552021
3 24 3.5516655132014927
3 25 3.721537599176786
3 26 3.717245577412879
3 27 3.3653246893116515
3 28 3.361207303831151
3 29 3.0988672086291404
4 0 3.340897840810503
4 1 3.8921860469511573
4 2 3.3895154770010696
4 3 3.2333342734902786
4 4 4.11240946463443
4 5 3.9786408641166497
4 6 3.5867415425996825
4 7 5.311139568128323
4 8 4.879647847001207
4 9 4.911599241669945
4 10 5.590438215421735
4 11 4.274382129003151
4 12 5.191951541128662
4 13 4.926972623245572
4 14 4.917042089272618
4 15 4.53709258432868
4 16 3.988038434819539
4 17 5.34017365285602
4 18 4.940190621422656
4 19 4.412187837558015
4 20 3.665593316892484
4 21 3.6678640426471283
4 22 3.904193360703625
4 23 3.960067248180133
4 24 3.7475922255142264
4 25 3.727185174255271
4 26 3.895582624950442
4 27 3.274147968874873
4 28 3.542987723889724
4 29 3.623963171841005
5 0 2.9787057305403017
5 1 3.6531396322334504
5 2 3.5185865784794177
5 3 5.109313496624464
5 4 4.269637582996245
5 5 3.6669051505779353
5 6 5.34953415453672
5 7 5.589247752009826
5 8 4.853682291899753
5 9 4.835912543147795
5 10 5.534867882086228
5 11 4.734181042171118
5 12 5.495857704577749
5 13 4.744228198229331
5 14 5.046853916230806
5 15 4.4890134632592
5 16 4.732903504771213
5 17 4.626863438140574
5 18 4.489339618643061
5 19 4.677157798055835
5 20 4.260885616613817
5 21 3.7378934213431534
5 22 4.072732845827459
5 23 4.628978978653528
5 24 3.9728604440109563
5 25 3.75167764917662
5 26 3.5229081664692443
5 27 3.7315183891986234
5 28 3.670044533080853
5 29 3.272450135778279
6 0 3.79284292685348
6 1 4.172904293545045
6 2 3.432788539333266
6 3 4.212938801089228
6 4 4.245506874819917
6 5 5.320834441307804
6 6 5.2084959781720785
6 7 4.952408096892325
6 8 5.26119708062949
6 9 5.202199712898668
6 10 4.841210001324024
6 11 4.965019764096923
6 12 5.402532308429133
6 13 5.80210611970165
6 14 5.984807630203545
6 15 5.72319143553455
6 16 4.9809401529153705
6 17 5.345373230566492
6 18 4.948615829312304
6 19 4.559433274813259
6 20 5.053436275771851
6 21 4.147537012077633
6 22 4.2727814072954455
6 23 3.6910612888929806
6 24 3.7218337466101405
6 25 3.8759921145539273
6 26 4.271507922384907
6 27 3.3911782588369057
6 28 3.53927342715756
6 29 3.532338989811761
7 0 3.2874096780822653
7 1 3.8142241852646728
7 2 3.769668041439055
7 3 3.9559100577116157
7 4 4.522281213272001
7 5 4.435929019235305
7 6 5.220982544188727
7 7 4.767484923219623
7 8 5.2789243637841174
7 9 6.524450866434371
7 10 6.7232689259014
7 11 6.136221019645752
7 12 7.058159048826413
7 13 6.022467543006737
7 14 5.173322699341092
7 15 4.897856885026392
7 16 6.151957857634868
7 17 4.259048102093212
7 18 4.633998857394238
7 19 4.246304891595964
7 20 4.218841255371515
7 21 5.491436608944588
7 22 3.882995186868784
7 23 4.105675897691682
7 24 3.9616897428331934
7 25 3.4660564327226036
7 26 4.291281541019909
7 27 4.000481898720811
7 28 3.103476125239084
7 29 3.606637378385648
8 0 3.7037680970890485
8 1 3.9182532272160007
8 2 4.101268042857692
8 3 4.2617359959866485
8 4 5.241776099854955
8 5 4.313040899137385
8 6 5.100354247426914
8 7 5.287617034472684
8 8 6.1531011055513165
8 9 5.9901208985692085
8 10 7.446243017774207
8 11 7.218958151999425
8 12 7.036703634817569
8 13 6.855627914014552
8 14 6.340779190891869
8 15 5.028308255597791
8 16 5.487629207700922
8 17 4.658885665915815
8 18 4.251928734937564
8 19 5.726354394158489
8 20 4.606467689561374
8 21 4.163169395201795
8 22 4.821884165870017
8 23 4.36168382509534
8 24 3.975371078124862
8 25 3.800241694015254
8 26 3.953470119706058
8 27 3.865766584682167
8 28 3.9139465623752634
8 29 3.43668806928237
9 0 4.046323383123723
9 1 3.889476242992736
9 2 3.826719036533792
9 3 4.27380474720088
9 4 4.595288703431349
9 5 4.898537269208301
9 6 4.59646481195567
9 7 5.7151255675772665
9 8 7.056492811318086
9 9 7.634077742001486
9 10 8.568322948080235
9 11 8.956186634386192
9 12 10.109745028890243
9 13 6.780008665782177
9 14 6.301880164151299
9 15 7.25043549918658
9 16 5.2532382016242956
9 17 5.14349271297159
9 18 4.576797426071605
9 19 4.358849529673396
9 20 4.867319961210623
9 21 4.9535946176698635
9 22 4.57100906501181
9 23 5.203476173343864
9 24 4.518609917168704
9 25 3.8257263162305715
9 26 3.2767071565841945
9 27 3.6938376936055755
9 28 3.921919068894738
9 29 4.321572022266094
10 0 3.3541479049342047
10 1 4.047233689829636
10 2 3.789554157872039
10 3 4.909082388620302
10 4 4.935155640154898
10 5 4.999049958473642
10 6 6.263061353182658
10 7 5.285994957059954
10 8 7.096545521406411
10 9 7.2705489719696486
10 10 9.192506821498373
10 11 23.324030757737837
10 12 10.259047618122134
10 13 7.936204860977411
10 14 5.698120624365801
10 15 5.53051961490444
10 16 5.506841440567833
10 17 5.560344855543804
10 18 5.18285294735987
10 19 5.498617719033257
10 20 4.262436143833986
10 21 4.6023834962685815
10 22 4.570146185710362
10 23 4.9033415234685345
10 24 5.057689642847877
10 25 4.655452781238348
10 26 3.7014014727139957
10 27 4.03970731112392
10 28 3.6244551452821696
10 29 4.2035113600322385
11 0 3.8602092288628858
11 1 4.404596354334225
11 2 3.881209359092933
11 3 4.229463737167416
11 4 4.410882662585593
11 5 4.820551637856666
11 6 6.029208047133002
11 7 5.309033250755433
11 8 6.873451065699026
11 9 7.011949800077986
11 10 9.833775115261211
11 11 10.171218850048902
11 12 8.283710515907915
11 13 7.850030108191167
11 14 6.722191412248953
11 15 6.598464664221271
11 16 5.0960313189833295
11 17 5.345095834199599
11 18 5.521781640477212
11 19 5.174270723279975
11 20 4.982222801713567
11 21 4.723657312123895
11 22 5.04718478157263
11 23 4.712198423253526
11 24 4.56088895705798
11 25 4.528594154405169
11 26 4.682202305704294
11 27 4.376261574469783
11 28 4.475333675229244
11 29 4.075933107606383
12 0 3.8299405036550205
12 1 3.7778981830350244
12 2 3.9267113467432817
12 3 3.9300790265487606
12 4 5.39591639991508
12 5 4.8947720392323895
12 6 4.789158925205617
12 7 4.832052533722428
12 8 5.053506722773095
12 9 5.737411230800367
12 10 6.90272486778528
12 11 7.551897058232771
12 12 7.495162557252586
12 13 6.336936170879234
12 14 5.887178900605587
12 15 5.333973083156509
12 16 5.087844272101962
12 17 5.440342248996472
12 18 5.573759552398656
12 19 5.959387196713809
12 20 5.671508008347427
12 21 6.410444561252283
12 22 5.0196170822205195
12 23 4.744049203678624
12 24 5.1371625191193315
12 25 4.027353462345385
12 26 4.413750866108791
12 27 4.636625389758914
12 28 4.635825978039592
12 29 3.751697670854014
13 0 3.69225651038465
13 1 4.304620345071823
13 2 3.699795719167725
13 3 4.38407894971854
13 4 5.111104552768663
13 5 4.533349254858276
13 6 5.364514042277899
13 7 5.200176735110484
13 8 6.3604296470234
13 9 5.599439871855537
13 10 5.7505814414032335
13 11 6.3758528252769615
13 12 6.2338812581417615
13 13 5.762977411886121
13 14 5.90434324066152
13 15 6.134594182784931
13 16 5.911741087551715
13 17 5.966820798911297
13 18 4.875141707920744
13 19 5.245954257868935
13 20 5.977319694293516
13 21 5.709504812400741
13 22 4.844208934414992
13 23 4.924069839512374
13 24 4.87553616587222
13 25 5.359503086388989
13 26 4.689591656251415
13 27 4.685279570618115
13 28 4.707273039025168
13 29 4.017423325941165
14 0 3.328725306900946
14 1 4.311464422113492
14 2 4.393264116989328
14 3 3.9759963420136453
14 4 4.698994487942562
14 5 4.323929295698903
14 6 5.090311208423058
14 7 5.44446525395509
14 8 6.53669782866554
14 9 5.365260987344713
14 10 6.201998339711161
14 11 6.126496358881788
14 12 5.547382832011649
14 13 6.016999632826026
14 14 5.942103961851552
14 15 5.308123299242183
14 16 5.934851463861653
14 17 5.483231371186373
14 18 5.744822144995483
14 19 5.653668079095634
14 20 5.430453078942902
14 21 4.846539295521059
14 22 4.9287228454153516
14 23 5.352145776987627
14 24 5.168794134169771
14 25 4.849687152760972
14 26 5.129686989925591
14 27 4.629846435616846
14 28 4.515488757551289
14 29 4.459910809732119
15 0 3.588806732642728
15 1 4.075442330152327
15 2 4.061065618351295
15 3 3.9802312372089586
15 4 4.425425204520784
15 5 4.691499847171653
15 6 5.406823642707631
15 7 5.251331203254281
15 8 5.449035342297259
15 9 5.591725747452612
15 10 5.339267385112996
15 11 5.721950073608911
15 12 5.024873774879904
15 13 6.2276766551066025
15 14 6.161075096720302
15 15 5.29786980643899
15 16 6.236210158875653
15 17 5.8043451604245355
15 18 6.211629343080856
15 19 6.761876855079884
15 20 5.962728809363458
15 21 5.559134506627864
15 22 5.541313671550528
15 23 6.064145946021523
15 24 4.882854100058715
15 25 5.276820304298759
15 26 4.522687296931777
15 27 4.23843205414054
15 28 3.337268437709853
15 29 3.9723752954644254
16 0 3.933157767160726
16 1 3.563220488577647
16 2 4.964447486786635
16 3 3.9830616795558753
16 4 3.6241875948504423
16 5 4.982798419530788
16 6 4.716412671818023
16 7 4.434505918262458
16 8 4.864891097184593
16 9 5.57696559693003
16 10 5.254829915537878
16 11 5.50513164351937
16 12 5.442218061182483
16 13 5.501897690747644
16 14 5.934851463861653
16 15 6.2907608276229325
16 16 6.386815564092444
16 17 6.374303649027643
16 18 6.539013441879703
16 19 6.3279942814143535
16 20 6.345341906885844
16 21 6.520709955494628
16 22 5.834833351717008
16 23 5.675358606542788
16 24 4.784983678466975
16 25 5.250806959505497
16 26 5.436963347927746
16 27 4.571626529241789
16 28 5.311064838466694
16 29 4.186556861439224
17 0 2.774089728684145
17 1 3.759404099589998
17 2 4.232246855631334
17 3 3.6819102638640895
17 4 4.263463803047789
17 5 5.509357613472509
17 6 4.019984012788922
17 7 5.609586386776426
17 8 5.70199057238066
17 9 4.6776118248082454
17 10 5.314189353303794
17 11 5.1356099088861225
17 12 4.050295456864784
17 13 5.966820798911297
17 14 5.125381227925073
17 15 5.8226656650165785
17 16 6.899564791762226
17 17 5.71931849209959
17 18 7.1812348666631465
17 19 6.864027171528553
17 20 6.53497447688964
17 21 7.606147597953873
17 22 7.05446756067699
17 23 6.20470323830204
17 24 5.539194019665395
17 25 5.131153552207202
17 26 5.035152824280908
17 27 4.681940378115951
17 28 4.681463215416969
17 29 5.155182238741332
18 0 3.610674298536067
18 1 3.093132394540747
18 2 4.15212483720691
18 3 4.308826757549898
18 4 3.7748327200525216
18 5 4.41497802070934
18 6 4.523704108329288
18 7 4.7351568902682315
18 8 4.233762668366113
18 9 4.7469747700404765
18 10 5.921054360714108
18 11 5.694525543526254
18 12 5.573759552398656
18 13 5.825294002335758
18 14 6.43366114407777
18 15 5.2483249872632705
18 16 7.259560802477182
18 17 6.188065313302242
18 18 8.409206771552162
18 19 7.685377223776413
18 20 8.476140095001785
18 21 7.78365547805604
18 22 5.241926189493832
18 23 6.48997085174803
18 24 5.724758637871516
18 25 5.627849526045056
18 26 4.9384072787328614
18 27 4.846212313151821
18 28 5.395948554444619
18 29 4.9175389056902254
19 0 3.6172192935958103
19 1 3.438936292759954
19 2 3.7017402827944097
19 3 4.5629877917202455
19 4 3.8110446283253623
19 5 3.901558040716751
19 6 4.61790006901973
19 7 4.950678943267017
19 8 4.235633043565713
19 9 5.386312555909394
19 10 5.356453111706248
19 11 5.174270723279975
19 12 5.036048151771562
19 13 5.873120899276979
19 14 6.162205613370316
19 15 7.062606123561694
19 16 7.4778246074950845
19 17 7.230558133289033
19 18 9.819305345348464
19 19 11.050416589653532
19 20 9.801899020884779
19 21 10.203350975368132
19 22 6.937094131124447
19 23 7.361224579079075
19 24 5.996617733371131
19 25 5.638446181160591
19 26 4.6581798557064165
19 27 5.732386385923192
19 28 5.275642727263973
19 29 5.372092457733779
20 0 3.5060734113067062
20 1 3.457251068429618
20 2 3.4674237162692334
20 3 4.144385078570446
20 4 4.258439811720392
20 5 4.3652989799876565
20 6 4.394957896542558
20 7 4.352428935110256
20 8 4.178987638867152
20 9 5.501495165752074
20 10 4.262436143833986
20 11 5.09616954716348
20 12 5.502500265699747
20 13 5.2645326604032805
20 14 6.192262455336673
20 15 6.719054159529432
20 16 7.418400985874855
20 17 7.674402501398364
20 18 10.583248908678929
20 19 25.84845089732029
20 20 10.423302713916845
20 21 8.496844811279788
20 22 7.185129307390812
20 23 6.694638599642669
20 24 5.773395350150296
20 25 5.945805074135787
20 26 6.073345591821922
20 27 5.902428779833586
20 28 5.630695143894868
20 29 5.886885367046272
21 0 3.3850305448680005
21 1 3.668506473709877
21 2 3.537334332611414
21 3 3.3110565854586236
21 4 4.291180828836828
21 5 3.804185064449022
21 6 4.260589485237444
21 7 4.583598978196633
21 8 4.522661853746993
21 9 4.9535946176698635
21 10 4.376572760722165
21 11 5.193714359570067
21 12 5.934148674639121
21 13 5.838808200581052
21 14 5.2719496466888485
21 15 5.618013550061831
21 16 7.017334677345076
21 17 8.185743995439767
21 18 11.51756554000785
21 19 11.769418264328664
21 20 9.566986751080956
21 21 7.852194248917673
21 22 5.896722494898497
21 23 6.938095818100727
21 24 7.243619141935808
21 25 6.95747511491253
21 26 6.423521843536238
21 27 5.536016511946498
21 28 5.055642521434859
21 29 5.1758788914781855
22 0 3.707583199806654
22 1 3.526631822767819
22 2 3.827671396213927
22 3 3.524918599941823
22 4 3.776671617584628
22 5 4.205343600483094
22 6 3.753198956015412
22 7 3.97089084922792
22 8 4.821884165870017
22 9 3.9826406324275414
22 10 4.81504570633395
22 11 4.938365048286003
22 12 4.627364995576552
22 13 5.013739365286394
22 14 5.752485147447275
22 15 5.312126219226241
22 16 6.137796930208945
22 17 6.721883727831735
22 18 6.970750392386816
22 19 9.45083220752286
22 20 6.60422916154235
22 21 7.064382249803749
22 22 6.162753028861282
22 23 6.542305822330031
22 24 6.367350678821512
22 25 6.326399295724657
22 26 6.186280589292529
22 27 5.732366137654736
22 28 5.043687082530483
22 29 4.889186020335057
23 0 3.5469581584619285
23 1 3.2190957536705924
23 2 4.117711401818321
23 3 3.608443103587113
23 4 3.602217064323852
23 5 4.308574765599261
23 6 3.4358966837895744
23 7 4.105675897691682
23 8 5.317920619866523
23 9 4.935286330367838
23 10 4.088657346341386
23 11 5.590523001934663
23 12 3.9553045533539763
23 13 6.027212148748299
23 14 4.234075786000664
23 15 6.285894570956475
23 16 5.672127918287396
23 17 7.05116488596005
23 18 6.372900888747937
23 19 6.328131701096329
23 20 7.237055852557147
23 21 7.06011214319779
23 22 6.915248627506379
23 23 5.8533343730152785
23 24 6.94908651192176
23 25 7.102001371385406
23 26 7.018331060808898
23 27 6.869518076972041
23 28 5.413191132229732
23 29 5.83858118381068
24 0 3.0673958932617613
24 1 3.5655454668007183
24 2 3.428671132558071
24 3 3.83186355237319
24 4 3.5518516963304996
24 5 4.449112525796571
24 6 3.7218337466101405
24 7 3.7941875647179253
24 8 3.762469457841577
24 9 4.950918197095112
24 10 4.215583559911332
24 11 4.362639113098467
24 12 4.725504204908375
24 13 5.850163957232484
24 14 5.7966659419128215
24 15 4.957639639969416
24 16 5.886772559820398
24 17 6.2694848876868745
24 18 6.659156563432767
24 19 6.287433682038475
24 20 7.046517947880409
24 21 6.423749781488197
24 22 5.545460164725233
24 23 6.253737244052791
24 24 8.357186055852562
24 25 8.769523431796856
24 26 6.898119039287524
24 27 6.185976599059619
24 28 5.4197367607966775
24 29 6.009668022201153
25 0 3.1547217826645304
25 1 3.3592744602896345
25 2 3.478853085150783
25 3 3.9864149420997443
25 4 3.62164202682923
25 5 3.75167764917662
25 6 3.858136131724238
25 7 3.3018340360205687
25 8 3.7910390745486215
25 9 4.207565032479907
25 10 5.378959438263914
25 11 4.958226435687175
25 12 5.286263811303652
25 13 5.363767364101579
25 14 5.5217207555690315
25 15 5.615248467982476
25 16 4.479714281424892
25 17 5.887471481123553
25 18 5.477243453254167
25 19 7.463735941431949
25 20 6.990677669570921
25 21 6.837776913323747
25 22 6.934486598385196
25 23 6.696209157553848
25 24 8.365378913491378
25 25 15.555491255310187
25 26 7.559718396323635
25 27 5.544148688026304
25 28 5.15513847554361
25 29 5.180971394376089
26 0 3.255592305239338
26 1 3.2409761548163614
26 2 3.8203010153619714
26 3 3.586169693989809
26 4 3.895582624950442
26 5 3.390834566313651
26 6 4.003350070572351
26 7 4.570125917116906
26 8 3.9619223972538506
26 9 4.401436851177857
26 10 4.042328837944886
26 11 4.730458304103181
26 12 4.213433690006451
26 13 5.508298424034164
26 14 5.229702721124716
26 15 5.165996506912283
26 16 5.550331778787507
26 17 4.9087751251031255
26 18 4.835775445964264
26 19 5.362406670939327
26 20 5.079312435737529
26 21 5.5976783217025075
26 22 6.5588606121599975
26 23 6.3769500380642254
26 24 7.439825279330539
26 25 7.117126499614949
26 26 7.645115210883594
26 27 6.9029634859109095
26 28 4.603574400308452
26 29 5.316985194592622
27 0 2.8350750387572554
27 1 2.891729162254546
27 2 3.0685700033134946
27 3 3.3653246893116515
27 4 3.5549022655215876
27 5 3.269681431992121
27 6 4.079473709657841
27 7 3.824345794582483
27 8 4.472528602503144
27 9 4.391182450478394
27 10 4.529049109514133
27 11 5.180071393383511
27 12 5.278241988668451
27 13 4.808216652460391
27 14 5.602057247450619
27 15 5.2899281771708
27 16 4.564404028389581
27 17 5.197720813201568
27 18 5.126244060639444
27 19 5.323270408286475
27 20 5.679588693817089
27 21 6.094415307309082
27 22 6.010098818262284
27 23 6.299381835913927
27 24 7.308249035277924
27 25 6.724927977078469
27 26 5.954249382031666
27 27 5.637071988336877
27 28 5.495387712764409
27 29 4.591956814190647
28 0 3.3590382552338025
28 1 3.2457722694020807
28 2 3.310095482317032
28 3 3.4452399128318123
28 4 3.3850105738870226
28 5 4.000910841659774
28 6 3.5269453123246493
28 7 3.824317773283576
28 8 4.169452002911695
28 9 3.6497262732304234
28 10 4.651943257298902
28 11 4.3554118794754215
28 12 5.398950428808803
28 13 4.937990115402599
28 14 5.3004898363848145
28 15 4.857097892891631
28 16 4.141854439732528
28 17 5.914698542313505
28 18 5.616264793200233
28 19 5.485862364648172
28 20 4.908549799324833
28 21 5.667727043588105
28 22 5.613879441442438
28 23 6.052841485834242
28 24 6.5427505606329825
28 25 5.3470268385848385
28 26 4.907390770672798
28 27 5.657127045419418
28 28 4.8986288843659045
28 29 4.7598842893812785
29 0 3.591235450020931
29 1 3.4890169473150396
29 2 2.63398937810824
29 3 3.286201098882265
29 4 3.191808831831383
29 5 4.041197860721234
29 6 3.156834872468413
29 7 3.4037921844960555
29 8 3.682671101548801
29 9 3.791299219140563
29 10 4.153524438582829
29 11 3.4576771719997916
29 12 3.917945497467079
29 13 5.4882962633397625
29 14 4.163810844086486
29 15 4.4497570121102665
29 16 5.610454684168843
29 17 5.179222046171462
29 18 4.7976123235260895
29 19 5.3500849869243945
29 20 4.837784025853524
29 21 4.99701380567005
29 22 4.81076530434586
29 23 4.6862577205687765
29 24 5.368763793899662
29 25 5.8226816540465425
29 26 5.26895947444902
29 27 5.866899782559711
29 28 4.905565171529616
29 29 4.557474537095609
