0 0 1.9090198664106732
0 1 1.979087203711186
0 2 1.7929837096684746
0 3 1.7967552502822806
0 4 1.654530367372486
0 5 2.3180092458925685
0 6 1.6967827561898146
0 7 2.0532770795237734
0 8 1.9177881118065156
0 9 1.8553043849142132
0 10 1.8091453087278335
0 11 2.0648031228257735
0 12 2.2136859295967826
0 13 2.023344077633028
0 14 2.043004176614129
0 15 1.9535844494661814
0 16 2.1248647071920472
0 17 1.818111392323375
0 18 2.2527691563024423
0 19 2.230478371856398
0 20 2.1786009028401807
0 21 2.4857319060521093
0 22 1.9275807633198212
0 23 1.8723026217990324
0 24 1.6984956612130484
0 25 1.9209225600722595
0 26 1.6294376646153674
0 27 1.541752841744275
0 28 1.8495754817522208
0 29 1.9461310833555814
1 0 1.9491194508511667
1 1 2.040629066316932
1 2 1.8642829079274974
1 3 1.7755091447017528
1 4 2.4003983388959846
1 5 1.8698942738053177
1 6 1.8663665634582087
1 7 1.9861424688130123
1 8 2.5879049130277156
1 9 2.3764158150775634
1 10 2.423262188191096
1 11 2.287894070445557
1 12 2.0412812689167583
1 13 2.4957212473714763
1 14 2.624455704353661
1 15 2.761019960682067
1 16 2.4342943979423968
1 17 2.28571397320083
1 18 1.9075617635275828
1 19 2.2340602196384154
1 20 2.1488867498887094
1 21 2.129967100284522
1 22 1.9579289598642773
1 23 3.090174968478772
1 24 2.0913770908568647
1 25 1.978136318292121
1 26 1.6979680704216522
1 27 1.865806870008534
1 28 2.0311756724898795
1 29 2.337539634090368
2 0 1.7181356813259783
2 1 1.5197600544272716
2 2 1.9818718759035443
2 3 2.2066203384648677
2 4 1.8810234728155792
2 5 1.520317808681868
2 6 2.6040581965201515
2 7 2.348537484003429
2 8 2.1431215565273356
2 9 2.2600282292091927
2 10 2.2750176707353003
2 11 2.321964361122307
2 12 2.071772757898311
2 13 2.6324387010037573
2 14 2.286832398105126
2 15 1.7693086949473467
2 16 1.8217704977180882
2 17 2.1910431074923697
2 18 2.3193891042147943
2 19 2.082136004511376
2 20 1.703363061383872
2 21 1.8662890168984783
2 22 1.8998161939261482
2 23 1.8017813808153247
2 24 2.0092710394347875
2 25 1.90365919078941
2 26 1.9783874529141674
2 27 1.943230770702458
2 28 1.8448703277142044
2 29 1.6065449275549841
3 0 1.7496923336202912
3 1 1.739409584379888
3 2 2.1475004655659533
3 3 2.152512077689427
3 4 1.6907127874368126
3 5 2.2619816072475056
3 6 2.241006051779096
3 7 2.313607233243903
3 8 2.2293014690541204
3 9 2.9107321273037483
3 10 2.604080191624468
3 11 2.760547323210918
3 12 2.358701254892127
3 13 2.2482382913973886
3 14 2.8019997359002846
3 15 2.0791370394316595
3 16 2.351099616448099
3 17 2.408491386075974
3 18 2.451856633348763
3 19 2.0826310426604917
3 20 2.227965278943339
3 21 2.300346794894383
3 22 2.1533609668889477
3 23 1.8434657450940541
3 24 1.9556239948356353
3 25 1.8837799932876311
3 26 2.0334540476665075
3 27 1.8939011866926188
3 28 2.130894146021711
3 29 1.6007053979715713
4 0 1.6925670965266326
4 1 2.081990408639176
4 2 1.9249364585116624
4 3 1.819695474559492
4 4 2.1531852416845876
4 5 2.0761951220155432
4 6 2.2394939458434897
4 7 2.892914132386928
4 8 2.289732997586829
4 9 2.462614975934422
4 10 3.142054458218665
4 11 2.2754798980869717
4 12 3.1439389939024487
4 13 2.684130976652712
4 14 2.503756022458504
4 15 2.6458886457124677
4 16 2.0698120104695037
4 17 3.154551627577748
4 18 2.7884631507585658
4 19 2.3150906538965472
4 20 1.7862460049830475
4 21 2.0780977508487544
4 22 2.2321894132390936
4 23 2.389219316669066
4 24 1.9033879295406435
4 25 1.7248479613516357
4 26 2.153757436231323
4 27 1.960536506140132
4 28 1.8739342196157387
4 29 1.9736185796645471
5 0 1.722064250468612
5 1 2.334424507980955
5 2 1.961708918601438
5 3 2.8568672061976796
5 4 2.426928770170191
5 5 2.068738256863581
5 6 3.1056020427344047
5 7 3.320884216291553
5 8 2.802669236540792
5 9 2.6329370873065674
5 10 2.8558057811772644
5 11 2.419537135289818
5 12 2.931744584152398
5 13 2.6498250180354073
5 14 2.360403014506492
5 15 2.2354058427025665
5 16 2.443079713891426
5 17 2.4072194914650282
5 18 2.718396968290769
5 19 2.6152558391946004
5 20 2.515121228425752
5 21 2.11893321337287
5 22 2.2750535115551487
5 23 2.6329187911824317
5 24 2.2349995652938643
5 25 1.9867414577987674
5 26 1.818173534930907
5 27 2.01096665711292
5 28 1.874507456873686
5 29 1.7313183756881292
6 0 2.1671871258980833
6 1 2.477594947785348
6 2 1.915521978127327
6 3 2.4761405622185912
6 4 2.482260924204245
6 5 3.2493816390309864
6 6 2.6065164977873336
6 7 2.588863285562098
6 8 3.019712761955633
6 9 2.9336067283979794
6 10 2.4646160006740483
6 11 3.0888151801641435
6 12 2.88928379842862
6 13 3.8641365817541096
6 14 3.3051823729985257
6 15 2.9722779050781765
6 16 2.9644113169912614
6 17 3.0850826107274565
6 18 2.6572594466685997
6 19 2.4101756884318393
6 20 2.6429647188824132
6 21 2.560369305093594
6 22 2.305053127619911
6 23 1.752072456980341
6 24 2.2933158025583995
6 25 2.0271481212480835
6 26 2.407999278380029
6 27 1.7417561601699454
6 28 2.2203932349620543
6 29 1.833620151291828
7 0 2.0154825375669625
7 1 1.9856339103210903
7 2 2.0924483794031663
7 3 2.189054175904343
7 4 2.4181178717938914
7 5 2.2100633637818645
7 6 2.7938444782116147
7 7 2.432675591320277
7 8 2.7675223416604067
7 9 3.2284449923406764
7 10 3.4692850571063265
7 11 3.2206548976408533
7 12 3.414054047542596
7 13 3.16095028620522
7 14 3.1258460387203293
7 15 2.6008180882797585
7 16 3.630852373312196
7 17 2.0238432950448266
7 18 2.5731952918120284
7 19 2.2366543061079365
7 20 2.2991802239001666
7 21 2.9471585628546313
7 22 2.0882513309000377
7 23 2.4923461262157813
7 24 2.0495198832100217
7 25 2.107362311095343
7 26 2.298295054577857
7 27 2.1309205477380084
7 28 1.6837562907694827
7 29 1.8512405030015298
8 0 1.9458666300162186
8 1 2.0292495375532207
8 2 2.233882168024615
8 3 2.2699816600384843
8 4 2.9946611535465113
8 5 2.2371911302427585
8 6 2.8807984552556367
8 7 2.8961613373472153
8 8 3.1754827666296204
8 9 3.2029820011357666
8 10 4.405355627341212
8 11 3.604348331044489
8 12 3.756798155430721
8 13 3.353511631349604
8 14 3.65851360328136
8 15 2.6371419120374116
8 16 2.9459415052348725
8 17 2.582419179927783
8 18 2.503662292327597
8 19 3.2056839298025626
8 20 2.5406577574892935
8 21 2.0903909787118478
8 22 2.9858085995369192
8 23 2.5423254152248096
8 24 2.0523958658902908
8 25 2.0319397213347212
8 26 1.9288077550613338
8 27 2.3351262556979355
8 28 2.4241217418582277
8 29 1.8239756521084762
9 0 2.1675968202561244
9 1 2.1490491303695274
9 2 1.902426035305371
9 3 2.378272693520075
9 4 2.472831311084025
9 5 2.7962293358714674
9 6 2.3784844484942673
9 7 3.038391069856856
9 8 3.5355867241174184
9 9 4.245663169471922
9 10 5.593579705101357
9 11 4.472598724165866
9 12 6.252848081452346
9 13 3.763006306644824
9 14 3.248947549636323
9 15 3.906834401635428
9 16 2.876884678538684
9 17 2.769750104612723
9 18 2.5259920220395196
9 19 2.4078311805630013
9 20 2.672341573570269
9 21 2.5055715403048637
9 22 2.6832702251824134
9 23 2.7501593869183174
9 24 2.95747789204324
9 25 1.962408037210614
9 26 1.7828197657966258
9 27 1.8937032044650344
9 28 2.360335991355292
9 29 2.6164619726645055
10 0 1.8045144379994047
10 1 2.367739923354878
10 2 2.338095806243407
10 3 2.5387982542774368
10 4 2.494570467152134
10 5 2.6230147769301317
10 6 2.9613134469627607
10 7 3.072753166095827
10 8 3.417857742452672
10 9 3.6455363758535184
10 10 4.799554517978977
10 11 11.756009745768266
10 12 5.21469533454628
10 13 4.517374047645616
10 14 3.1891730484123473
10 15 2.9761288395629615
10 16 3.2369711622093105
10 17 3.0806066884621326
10 18 2.9590208897702164
10 19 2.952793890237432
10 20 2.4821235198444094
10 21 2.4681060432117294
10 22 2.259658836986869
10 23 2.3265631221471113
10 24 2.973572703812286
10 25 2.22162537374444
10 26 2.1173909063840375
10 27 2.13521282785212
10 28 1.9544046772862285
10 29 2.5296959037305347
11 0 1.815497958635569
11 1 2.612455921219366
11 2 1.6965241135346998
11 3 2.1867746209201546
11 4 2.475220087414239
11 5 2.567914711351134
11 6 3.0402106986701547
11 7 2.611663442187762
11 8 3.9776915889461955
11 9 3.5237330941781195
11 10 5.817387223776891
11 11 6.082949360888241
11 12 4.2693787039974405
11 13 4.354075561302668
11 14 3.4469631146751016
11 15 3.3925391203284128
11 16 2.423550378428938
11 17 2.8531880709419006
11 18 2.937312889249704
11 19 2.7325055663326645
11 20 2.736840941755778
11 21 2.4737636634582483
11 22 2.5035815260135603
11 23 2.625493873124856
11 24 2.4865615756268022
11 25 2.7345741624677364
11 26 2.4989039083075553
11 27 2.6892867841150756
11 28 2.32291128857137
11 29 2.12367542756127
12 0 2.1311938353206106
12 1 2.3009065064391905
12 2 2.033319349928314
12 3 2.0192551304762074
12 4 3.146496554065194
12 5 3.2100598024733347
12 6 2.4501596435529702
12 7 2.638026725399781
12 8 2.9543206127875217
12 9 3.2229585540894985
12 10 3.857405073174127
12 11 4.53319177594802
12 12 3.8796098873583844
12 13 2.9997477801851975
12 14 3.2151561870687844
12 15 3.245111188860606
12 16 2.604882482168332
12 17 2.4720395726471605
12 18 3.021419163305212
12 19 3.2879377637041705
12 20 3.117060801387746
12 21 3.257064835094778
12 22 2.50756963964629
12 23 2.2430860574094336
12 24 3.1533527662463596
12 25 2.119890240103498
12 26 2.001508886108418
12 27 2.779818663906623
12 28 2.688179791513263
12 29 1.8917818663054924
13 0 1.7178506694233158
13 1 2.571114759769579
13 2 2.143307366793803
13 3 1.9945683797410971
13 4 2.863826939095029
13 5 2.4410342141544565
13 6 3.0706901287417625
13 7 2.4575857705912982
13 8 3.486827463446685
13 9 3.4476689366433493
13 10 2.5492773653279466
13 11 3.1435469266156715
13 12 3.3231004817023404
13 13 3.0925068182469713
13 14 3.3923657679327537
13 15 3.2114458761189217
13 16 3.1805447893835237
13 17 3.5433807314407044
13 18 2.335909131141172
13 19 2.733321477916812
13 20 3.2744918906764786
13 21 2.945668087926497
13 22 2.88936972788965
13 23 3.066902461461529
13 24 2.3377684806278833
13 25 3.418005463400215
13 26 2.663845400265832
13 27 2.2667911336107993
13 28 2.6438108849319435
13 29 2.1963620094052017
14 0 1.687834434460672
14 1 2.513226264039183
14 2 2.24882925592424
14 3 2.259438496180225
14 4 2.6028961898678995
14 5 2.1900859361929665
14 6 2.7980761700731938
14 7 3.0616458552775443
14 8 3.84387778543217
14 9 2.9785959055956086
14 10 3.382908185296997
14 11 3.128015368826097
14 12 3.5210072379348545
14 13 3.0370841377090985
14 14 2.980513929909616
14 15 2.743392334019321
14 16 3.119541404308984
14 17 3.198940514849582
14 18 3.0702675888367272
14 19 2.6388426132724696
14 20 2.826146432147732
14 21 2.586352249647731
14 22 2.475759949177184
14 23 2.924694525093746
14 24 2.991988285637268
14 25 2.6222919554270216
14 26 2.8329762339391973
14 27 2.3650109261899788
14 28 1.973907489856909
14 29 2.717891904203355
15 0 1.9018972809111967
15 1 2.228824625236099
15 2 2.174642128076587
15 3 1.936506126954331
15 4 2.5464984193845868
15 5 2.3948989696038154
15 6 3.137041787686257
15 7 2.824302912358933
15 8 3.1466910274739464
15 9 3.3382742389038493
15 10 2.437593538418576
15 11 3.0609609563179245
15 12 2.681973397182854
15 13 3.3913556407340333
15 14 3.5759593644455108
15 15 3.0712628771606014
15 16 3.1955881122853023
15 17 2.9985980873343934
15 18 3.4284049748012606
15 19 3.752676960282678
15 20 3.049335762964567
15 21 3.0286574510564703
15 22 3.188216275638147
15 23 3.6416840300844613
15 24 2.9382947197855636
15 25 3.228198704365668
15 26 2.391763272375456
15 27 2.5338690339157175
15 28 1.8539176288706358
15 29 2.1547451940532705
16 0 1.9145754484506072
16 1 1.8276218001473337
16 2 3.095225085240015
16 3 2.055773770093355
16 4 1.7626430873681351
16 5 2.708814278827735
16 6 2.530648774527239
16 7 2.596966004120063
16 8 2.9499386503078084
16 9 3.3879836307544458
16 10 2.8631197297059945
16 11 2.924311075393932
16 12 3.0865616548879267
16 13 2.991277709727939
16 14 3.119541404308984
16 15 3.3781103547437046
16 16 3.642850358778653
16 17 3.1823877709644735
16 18 3.784483970025616
16 19 3.264746101973061
16 20 3.6863187358150817
16 21 3.904375714092463
16 22 3.6356579906047437
16 23 2.6090948842121033
16 24 2.6135125139055333
16 25 2.814378537421327
16 26 2.82739876474411
16 27 2.3473543909760726
16 28 2.988289552847354
16 29 2.265564721313819
17 0 1.712910477017403
17 1 1.8914301964471516
17 2 2.5234422592743457
17 3 1.9363077226383543
17 4 2.3863159779232115
17 5 3.166778756223998
17 6 1.9633255253173094
17 7 3.183395469492533
17 8 3.2753714649740053
17 9 2.843387945984021
17 10 2.730267679795495
17 11 2.5264258235746864
17 12 2.2654390732777645
17 13 3.5433807314407044
17 14 2.731196298168292
17 15 3.1807256433085693
17 16 3.8516987915177476
17 17 3.524245025029985
17 18 3.6887887917275153
17 19 4.1420853621293
17 20 2.892449318353254
17 21 4.707301135796628
17 22 3.862368526314053
17 23 3.7050675210643957
17 24 2.7282254362418357
17 25 2.642566723488881
17 26 2.5667216482248283
17 27 2.618974188889554
17 28 2.5850577401067603
17 29 2.8733448742733305
18 0 2.087948338522609
18 1 1.4987671046349569
18 2 2.091044312345954
18 3 2.516717130160526
18 4 2.2688113757828625
18 5 2.4943749829305246
18 6 2.325845917160522
18 7 2.3964784637132173
18 8 2.5926478952765515
18 9 2.747655386837294
18 10 3.2667886128077837
18 11 3.073308493017778
18 12 3.021419163305212
18 13 3.193244363541536
18 14 3.06911896413914
18 15 2.8121124818427856
18 16 4.235956152948442
18 17 3.791244506305463
18 18 4.712405727053386
18 19 4.576829522375867
18 20 4.441091367141654
18 21 4.530969404635422
18 22 3.355315888113793
18 23 3.844859005329619
18 24 3.2722831534435484
18 25 3.116717638007962
18 26 2.641890905698143
18 27 2.407615980232503
18 28 2.9975062674811883
18 29 2.724757704999861
19 0 2.1249324263947496
19 1 2.0559548359484894
19 2 2.0117690425779635
19 3 2.899622063317992
19 4 2.040627413011425
19 5 2.1554366407977588
19 6 2.7277624339318822
19 7 2.616661261271818
19 8 1.983299041921583
19 9 2.8386717875698717
19 10 3.0456936674727024
19 11 2.7325055663326645
19 12 2.6096719039434984
19 13 3.043091822417173
19 14 3.6094931508194263
19 15 3.42603386481719
19 16 3.748725721867615
19 17 4.064650130405809
19 18 5.60571814899493
19 19 6.269778880554291
19 20 5.395028973283735
19 21 5.423859867065406
19 22 4.27632443439464
19 23 4.713850150897985
19 24 3.4778520549908656
19 25 3.4909018496002364
19 26 2.4370014303020056
19 27 3.356083908850624
19 28 2.7691651659705085
19 29 2.8635287355285213
20 0 2.161450275070801
20 1 1.9278390866334667
20 2 2.0806664343953387
20 3 2.369135593883827
20 4 2.194817084778111
20 5 2.2097160759312517
20 6 2.332641343899076
20 7 2.309004155187085
20 8 2.2044104546641905
20 9 2.7997091094320825
20 10 2.4821235198444094
20 11 2.507387767437577
20 12 3.0001184021284097
20 13 3.0990949506588232
20 14 3.4623150574759634
20 15 3.436206727804995
20 16 4.155290386107975
20 17 4.925477725813867
20 18 5.549886499359148
20 19 12.863800498510564
20 20 5.099011554304076
20 21 4.3920888638016296
20 22 3.7475862791630847
20 23 3.1372165192334047
20 24 2.6954947596016727
20 25 3.448566942998757
20 26 3.655254291374305
20 27 2.9068685688812286
20 28 3.590334384132031
20 29 3.1577079965148935
21 0 2.1537309015436352
21 1 1.7660068370864377
21 2 1.8700961077425933
21 3 1.7607930974693258
21 4 2.587549936191384
21 5 1.9807181012235988
21 6 2.2289496136509377
21 7 2.776351381079104
21 8 2.6173422098215107
21 9 2.5055715403048637
21 10 2.1057516239152516
21 11 2.7948844170650013
21 12 3.28538116277913
21 13 3.5916958962564833
21 14 2.8885793317039608
21 15 2.7493422301067247
21 16 3.403309311044801
21 17 4.798277090941289
21 18 7.262228825272477
21 19 6.060536109035722
21 20 4.690532649197381
21 21 5.021752135935722
21 22 3.1367627545476653
21 23 3.6094277627087803
21 24 4.047494318230028
21 25 4.076788239906095
21 26 3.5486589205549848
21 27 3.0758107740374743
21 28 2.6109157312254414
21 29 2.6852304023458253
22 0 2.1137175112750777
22 1 1.9379741303644034
22 2 2.1516184731328973
22 3 2.4071065754557672
22 4 2.274949400778558
22 5 2.355592567243079
22 6 1.8453228200409109
22 7 2.0657750918755418
22 8 2.9858085995369192
22 9 1.9792116796862134
22 10 2.653822426163781
22 11 2.8810860458495404
22 12 2.433550701486007
22 13 2.7632800976715424
22 14 2.8460397034018223
22 15 2.8500053847585134
22 16 3.0278187218707906
22 17 4.463093027838168
22 18 3.9140712719988566
22 19 4.88703456985099
22 20 4.821290182831032
22 21 4.2747680957992555
22 22 2.93418468406238
22 23 4.0517957472108845
22 24 3.81254948052893
22 25 4.103978853476555
22 26 3.247573493148864
22 27 3.2989811285270325
22 28 2.6985471111981867
22 29 2.6581982246481863
23 0 1.7320426521461285
23 1 1.58037807712566
23 2 2.514632917140959
23 3 2.07506555810836
23 4 1.9940465856365999
23 5 2.653399509111624
23 6 1.7909155419252967
23 7 2.4923461262157813
23 8 2.730706581583137
23 9 2.7194434881618696
23 10 2.27270214070784
23 11 2.815291241022034
23 12 1.9192216412297134
23 13 3.334057399024794
23 14 2.5970840057687603
23 15 3.591605931434982
23 16 2.9168228993538197
23 17 4.361097186316387
23 18 3.0787670192184735
23 19 3.6167782272984463
23 20 3.381207298253542
23 21 4.017459575674751
23 22 3.1611887587331977
23 23 3.2086152196027227
23 24 3.967304997406519
23 25 3.8286695250698184
23 26 3.747414712989015
23 27 3.5535023087025666
23 28 2.7305092618797366
23 29 2.9128367438760727
24 0 1.4934461162684283
24 1 1.9519182255681464
24 2 2.1911775345015063
24 3 2.1782444509109373
24 4 1.89727550505117
24 5 2.4071057272200913
24 6 2.2933158025583995
24 7 1.8842029978808723
24 8 1.8963711003029098
24 9 2.5451290116113396
24 10 2.1834617241892462
24 11 2.3703746220180215
24 12 2.7197307015029786
24 13 2.965645519151752
24 14 3.066946681530919
24 15 2.5087962457147555
24 16 3.218818144326855
24 17 3.21972040165847
24 18 3.281978878117865
24 19 3.3299050821729965
24 20 3.5232589739402047
24 21 3.209516685978501
24 22 3.1548542281672125
24 23 4.42819776913444
24 24 4.931737916781615
24 25 5.101372415125954
24 26 3.6216231133142003
24 27 3.355476698358365
24 28 2.848392003677487
24 29 3.0069772593253274
25 0 1.9598760488131013
25 1 1.6703346239470922
25 2 2.0147837909520216
25 3 2.0966286134156675
25 4 2.1511377235923037
25 5 1.9867414577987674
25 6 2.2392486138972174
25 7 1.8560795212193293
25 8 2.1406576283114878
25 9 2.4089608442130332
25 10 3.0120429269370863
25 11 2.6306267803158705
25 12 2.651986618903591
25 13 2.835963593842217
25 14 2.9614453358439623
25 15 3.167109346609241
25 16 2.285779378348785
25 17 3.0108492126343327
25 18 3.045756873538532
25 19 4.398522711268609
25 20 3.1488281984694035
25 21 3.492860350247526
25 22 4.0241105309862535
25 23 3.840339466036133
25 24 4.353228297256779
25 25 7.5069451234958695
25 26 3.7732702512736798
25 27 3.200387007362635
25 28 2.756297931786057
25 29 2.8081377079896757
26 0 2.118491153944289
26 1 1.6225471473921809
26 2 1.9991391012132527
26 3 1.9022924507851975
26 4 2.153757436231323
26 5 1.8362641002324702
26 6 2.3271850199050466
26 7 2.603908952775911
26 8 1.8965057562677634
26 9 2.1706010668809665
26 10 2.1229263125896956
26 11 2.7227384432372688
26 12 2.327378692760208
26 13 3.2275531729581712
26 14 2.7218529507643985
26 15 2.457217468940016
26 16 2.6892194315315185
26 17 2.7364487838271825
26 18 2.4521354244408027
26 19 2.898351090686729
26 20 2.713073893123056
26 21 2.6307270683975257
26 22 3.7985417791690557
26 23 3.55120883439953
26 24 3.97071820546609
26 25 3.81368892161073
26 26 4.007801275032762
26 27 3.4838798819694294
26 28 2.490212570957549
26 29 3.115022875586013
27 0 1.540002963817386
27 1 1.6981218059196908
27 2 1.6620562173756437
27 3 1.8939011866926188
27 4 2.16874014090954
27 5 1.6149674123467161
27 6 2.1827287168169276
27 7 2.141549082317333
27 8 2.9972743961641792
27 9 1.980735414005955
27 10 2.5182889398105655
27 11 2.9124378009583154
27 12 2.876467684418739
27 13 2.813924421950384
27 14 3.0083488525679707
27 15 2.447479353783302
27 16 2.4606733349529364
27 17 2.614543184916478
27 18 3.1202248029045525
27 19 3.0887557183216283
27 20 2.8667331075116294
27 21 3.23290386162321
27 22 3.1452850482239287
27 23 3.5810039298962946
27 24 4.091126187717179
27 25 3.2273552605486753
27 26 3.003069132767605
27 27 2.8121009804831223
27 28 2.9073197581859733
27 29 2.3741303859936926
28 0 2.0017997350349144
28 1 1.8148953186681869
28 2 1.8448703277142044
28 3 1.9803428703021877
28 4 2.0084257964403114
28 5 2.0691495195680623
28 6 1.8450568003975922
28 7 2.1865258296948427
28 8 2.4281299297240433
28 9 1.9459541712916577
28 10 2.255487639902498
28 11 2.242135109552436
28 12 3.191859493511764
28 13 2.5775700382510487
28 14 2.6960893525268723
28 15 2.6237981390688305
28 16 2.2185358621333275
28 17 3.2071104577342657
28 18 2.974228555705013
28 19 3.2569538271538017
28 20 2.5162403615114224
28 21 2.9000752863219508
28 22 3.193800637594308
28 23 3.360988931982381
28 24 4.012597187683882
28 25 2.7059065544211642
28 26 2.4022192583712996
28 27 3.0159984549374603
28 28 2.7010142855506305
28 29 2.3253274088018867
29 0 1.9677863732066183
29 1 2.337539634090368
29 2 1.5560767350111908
29 3 1.6461794386655693
29 4 1.6216780660435288
29 5 2.3136945209767394
29 6 1.8042029231576229
29 7 1.764619535451272
29 8 1.9390219205530765
29 9 1.7616031171340756
29 10 2.6728502515905843
29 11 1.9899763502230614
29 12 2.253514851468216
29 13 3.075598180514714
29 14 2.2872855000225867
29 15 2.322556099003895
29 16 2.935905634417547
29 17 2.8101428218476694
29 18 2.3878726788014992
29 19 2.8675230653548165
29 20 2.368634997301364
29 21 2.8538791761003903
29 22 2.668301623187315
29 23 2.6416992967749198
29 24 2.908259777689833
29 25 3.2709770468320283
29 26 3.068594330434365
29 27 3.462189958201243
29 28 2.3792201260375
29 29 2.4604514228682985
