0 0 1.788197810505822
0 1 1.6213343728568388
0 2 1.956657290109452
0 3 2.1911489053967848
0 4 1.6135645900797262
0 5 1.9312435100848846
0 6 1.8762845937581112
0 7 1.683346917684899
0 8 2.2613702292219817
0 9 2.2593500628057965
0 10 2.0209426377576745
0 11 1.7730564014526433
0 12 1.9825553271407645
0 13 2.5850264281897815
0 14 2.2133913048083933
0 15 2.139816841898874
0 16 1.8172538582847537
0 17 2.3299821931262064
0 18 2.423482818977104
0 19 1.9170503890047859
0 20 1.8486062981432618
0 21 1.7616540928809694
0 22 2.308040938396163
0 23 2.0622327390223343
0 24 2.1072775616500974
0 25 1.7171260829380373
0 26 1.7340895416896491
0 27 1.5648122208115964
0 28 2.028632718490859
0 29 1.653046554207922
1 0 1.6421023866929303
1 1 2.266333124051512
1 2 2.0536090357594032
1 3 1.652724891294466
1 4 1.700800876133387
1 5 2.037394223366004
1 6 2.0809175169654797
1 7 1.9175546486309676
1 8 2.232031571262437
1 9 2.282934246380413
1 10 2.5928014313245447
1 11 2.335581203215138
1 12 2.477582201923807
1 13 2.268567525557515
1 14 1.762623930020058
1 15 2.136214734270694
1 16 2.083399662978743
1 17 1.964780687390171
1 18 1.9360879825871407
1 19 2.3399228054969763
1 20 2.0213052108782947
1 21 2.006704046661248
1 22 1.8995792361152282
1 23 1.924996066267357
1 24 2.367322267732883
1 25 2.0531565932392595
1 26 2.029888414995479
1 27 1.753489490386965
1 28 1.6879276186801948
1 29 1.7845079300845734
2 0 1.781840594752602
2 1 2.1953847368766795
2 2 1.8658036826617286
2 3 1.6233453254160604
2 4 1.9390139562388555
2 5 2.393054200926531
2 6 1.9456414146334249
2 7 1.8318824284942428
2 8 2.031188054361118
2 9 2.652343800330623
2 10 2.4195960701085837
2 11 2.1071567496524155
2 12 2.4180208263684118
2 13 2.3052329525103676
2 14 2.0933106396587497
2 15 2.111637291098091
2 16 2.707555481462294
2 17 2.2620929494928874
2 18 2.261521999555364
2 19 1.8987448678094154
2 20 2.1686916048258897
2 21 2.0559465227512463
2 22 2.4632877813893996
2 23 2.172350091101878
2 24 2.0275529900349234
2 25 2.0886386725053274
2 26 2.2352245992604365
2 27 1.877027181300806
2 28 1.879295655296066
2 29 1.4422702253964501
3 0 1.8718774282926502
3 1 1.8023458509353922
3 2 1.7395512745922452
3 3 1.7308018407155947
3 4 2.4413306248173723
3 5 1.7117186332555978
3 6 1.920805784720485
3 7 2.055469699810604
3 8 2.3638460095282676
3 9 1.9817444281839005
3 10 3.021937893610057
3 11 2.7958526175380367
3 12 2.8725806101964086
3 13 2.215503077411949
3 14 2.5460720889398254
3 15 2.8481902327915773
3 16 2.6450360995083093
3 17 2.1583217039503957
3 18 2.2855655300846376
3 19 2.4230726194239933
3 20 2.2614944548410625
3 21 2.3198781334571223
3 22 1.768539804182257
3 23 2.151450053291557
3 24 2.5268138365825275
3 25 1.8786389588480898
3 26 2.251263296701109
3 27 1.9364017793495603
3 28 1.7426797932816929
3 29 1.7256962594657979
4 0 2.0231387588547753
4 1 1.9673024513185506
4 2 1.935221573438378
4 3 1.9979809742853059
4 4 1.7988957492215132
4 5 1.7673553547287228
4 6 2.463074584527684
4 7 2.6914460469894665
4 8 2.4531957312824
4 9 2.2376979674893254
4 10 3.016415655239054
4 11 2.4864175850973944
4 12 2.0105419985517483
4 13 2.5338991437586476
4 14 2.6172778792889333
4 15 2.4172638313222654
4 16 2.4458405261547513
4 17 2.652284513752017
4 18 2.636220191537906
4 19 2.5762613883890593
4 20 2.615415553694223
4 21 2.310594950782777
4 22 2.7664172061261048
4 23 2.2124608528447314
4 24 2.3682593497572366
4 25 2.1052177752939496
4 26 1.9549077040595089
4 27 1.9600464109085076
4 28 1.8671924760508125
4 29 2.2418124092553415
5 0 1.6369095953898585
5 1 1.7687804789346542
5 2 1.954363851833557
5 3 2.1801608723250876
5 4 1.5430327573544518
5 5 1.9842539640878427
5 6 2.621027884029532
5 7 1.8044881062322118
5 8 2.2067209880420515
5 9 2.3945692669993037
5 10 3.054068106008901
5 11 2.8781571088385185
5 12 2.742848537841024
5 13 2.8441677272491845
5 14 3.135102434886702
5 15 3.195149172415368
5 16 2.8020269755140976
5 17 2.728362979730358
5 18 2.524615398316509
5 19 3.1034045769396212
5 20 2.2342449266003217
5 21 2.472605217439011
5 22 3.2388802546066926
5 23 2.7253250843305623
5 24 2.3283585986446003
5 25 2.2185823570525516
5 26 1.746710269931102
5 27 1.8563135438079794
5 28 1.7767919254936686
5 29 1.9086156946142687
6 0 1.699066191579138
6 1 1.9881956810715833
6 2 2.0299515332847187
6 3 1.9731125679526687
6 4 2.2620730440972174
6 5 2.473641769790612
6 6 1.8541420194832534
6 7 2.2982207998537643
6 8 3.214421940621423
6 9 2.330693323233704
6 10 2.31452524762859
6 11 3.0506786630100957
6 12 3.1432007373864996
6 13 3.3826298860017547
6 14 2.858459485792404
6 15 3.3835525695379136
6 16 2.853695433302653
6 17 3.0968072270772486
6 18 2.0246324142896768
6 19 3.3504433937213793
6 20 2.0697529016910545
6 21 2.9448632701364477
6 22 2.4625372707464837
6 23 2.9740400040679473
6 24 2.1996830371763654
6 25 1.8449708681001804
6 26 2.334907035685877
6 27 2.128243751850888
6 28 2.08373460601541
6 29 1.7641465758764519
7 0 1.5786051917028356
7 1 1.831347550402953
7 2 2.3105420768566387
7 3 2.4695691736017267
7 4 1.9075353585586978
7 5 2.072251397551508
7 6 1.9576126346507015
7 7 2.563886626352131
7 8 2.9093619277441274
7 9 2.8694809393332354
7 10 2.6204009217735615
7 11 3.3906450607634673
7 12 3.1271727127798425
7 13 3.1217778922127226
7 14 3.565717919901065
7 15 3.314184747029317
7 16 4.471841343132309
7 17 3.4528024290431194
7 18 3.162816966834658
7 19 3.645352763272104
7 20 3.154144239453952
7 21 3.0464141602396397
7 22 2.512937102976349
7 23 2.636952073998462
7 24 2.7781247091007706
7 25 2.033194898619475
7 26 2.3634536768720285
7 27 2.531417961804832
7 28 1.979409343250303
7 29 1.8176992062206563
8 0 2.0036552241956724
8 1 2.0730416431774312
8 2 1.9998935756480283
8 3 1.830113592407709
8 4 2.5031310964315576
8 5 1.4516960417527087
8 6 2.611691378656501
8 7 2.296030078105049
8 8 2.3156054670028516
8 9 2.403051030738554
8 10 2.6137654980882314
8 11 2.781416614864082
8 12 3.2417899247746513
8 13 3.159396793500695
8 14 3.5731754456653553
8 15 3.901048673414729
8 16 3.682299436199467
8 17 3.285772735052957
8 18 3.2732168394180885
8 19 3.4767711201584195
8 20 3.177838004920272
8 21 2.6451842742552993
8 22 2.759355861127674
8 23 2.852240466176895
8 24 2.257453459364606
8 25 2.428570936677548
8 26 2.3477668842476995
8 27 2.054735665508747
8 28 2.202538581665596
8 29 2.136215627386251
9 0 1.6569813903168062
9 1 1.9816900299692821
9 2 2.1908613119257354
9 3 2.1641324035926233
9 4 2.516709299654483
9 5 2.6916714093414176
9 6 2.3048279239936287
9 7 2.5726846377868235
9 8 3.3368484741287263
9 9 2.4154466076002397
9 10 2.9673398985284067
9 11 4.02377765734206
9 12 3.242975339192356
9 13 4.434709948148623
9 14 5.337652117851019
9 15 5.448635374395561
9 16 5.435956329951917
9 17 3.4497830074895606
9 18 3.3998541228441996
9 19 3.687269936855625
9 20 2.3843865570071063
9 21 3.542809149889903
9 22 2.3980074133878393
9 23 2.3716950870958713
9 24 2.675721900800442
9 25 2.4884876671429614
9 26 2.49290855621299
9 27 2.095500904916063
9 28 2.066432346997904
9 29 1.9004422164050319
10 0 1.840368121409364
10 1 2.089014474236516
10 2 1.864886769448894
10 3 2.1160635795111675
10 4 2.574412590518268
10 5 2.7965925456092706
10 6 3.357391106690152
10 7 2.693575544418871
10 8 2.765251337296452
10 9 2.473166088518703
10 10 3.091906690705405
10 11 3.2732630803718736
10 12 3.4251150908650008
10 13 4.6529441990066305
10 14 4.907727708486765
10 15 13.615776411881837
10 16 4.836282632990982
10 17 4.057203059643698
10 18 4.347356519163179
10 19 3.5536234977243835
10 20 3.220834482667588
10 21 2.9521415278564604
10 22 2.946729523105425
10 23 2.9689805894776518
10 24 2.1091606059171784
10 25 2.8491551113987597
10 26 2.4659740554791654
10 27 1.973133136327953
10 28 1.8723498781217145
10 29 2.1217920240433648
11 0 2.068894735418018
11 1 1.825341511616897
11 2 2.0460752762995686
11 3 2.7298904013108056
11 4 1.9194013222618806
11 5 2.213424123646294
11 6 2.3365248795564337
11 7 2.641563508302356
11 8 2.4574695121317274
11 9 2.7514819910015436
11 10 3.2391877065410415
11 11 4.320822922252204
11 12 2.9366233030582465
11 13 4.006918959326589
11 14 4.3191018742145415
11 15 4.641723829522665
11 16 6.2035592733068095
11 17 3.9408569717508652
11 18 3.508724894344223
11 19 3.2513838201282836
11 20 2.981365997375208
11 21 2.781440626382959
11 22 2.8958183801796755
11 23 2.2323248037582006
11 24 2.602545671575043
11 25 2.1761344651377628
11 26 2.3289208433486763
11 27 1.9053293640462974
11 28 2.399367413318314
11 29 2.0222800942674937
12 0 2.2930992831054176
12 1 1.745806197382232
12 2 1.9950628751667683
12 3 2.463732418370424
12 4 2.257727692680973
12 5 2.448679396836335
12 6 2.6982023570832685
12 7 2.4928812143578
12 8 2.5666246434086775
12 9 3.352101844340908
12 10 2.4732611101486324
12 11 2.99292585960066
12 12 2.4829929852160255
12 13 3.472554416809145
12 14 4.140159493840193
12 15 4.52475415562355
12 16 4.773390340099038
12 17 3.2786681943646934
12 18 3.1908587800356445
12 19 3.126156859352862
12 20 2.564431302641385
12 21 3.7619073925876885
12 22 3.588734397089663
12 23 2.838431898882693
12 24 2.618324714701086
12 25 2.327896239818045
12 26 2.084813262991146
12 27 3.0349458282108044
12 28 2.583864200749546
12 29 2.592746946139299
13 0 1.999056929527553
13 1 1.9402702973454569
13 2 1.9635319098720279
13 3 2.6534011568935782
13 4 2.107082198332824
13 5 2.7074117251491168
13 6 2.655027070796428
13 7 2.342728530702016
13 8 2.71951051999275
13 9 3.51191695680837
13 10 3.0420919537030846
13 11 3.428851621875134
13 12 3.735752274908618
13 13 3.4343475542843835
13 14 3.962172380702054
13 15 3.674457792133982
13 16 4.087916617685499
13 17 3.025148926242511
13 18 3.2055014717932298
13 19 3.4666620682258382
13 20 2.657755279291585
13 21 2.6868020514307407
13 22 2.894306369334488
13 23 2.4661511215855643
13 24 2.5129559662221763
13 25 2.84366685368372
13 26 2.1593289295268194
13 27 2.299620562827644
13 28 2.9217786633921397
13 29 2.295658367025017
14 0 2.007341598215553
14 1 1.8467231576752423
14 2 2.2469338350050805
14 3 2.494915448398436
14 4 2.0132400331562246
14 5 2.9083587414316976
14 6 2.533356002944344
14 7 3.002083133792017
14 8 3.139748481300412
14 9 3.359805532627952
14 10 3.1145222463561844
14 11 3.3969180113999835
14 12 3.5225942614697185
14 13 3.5520458303546634
14 14 3.847265969957427
14 15 3.2023358232917745
14 16 2.927215104063973
14 17 3.4463019836974125
14 18 3.8579670071252976
14 19 2.677571629176172
14 20 3.5697414947679618
14 21 2.838854379315678
14 22 3.216884667119132
14 23 2.739573275283784
14 24 2.9552176815246662
14 25 2.2862436391262664
14 26 2.5021302408784774
14 27 2.2067988479405316
14 28 2.1228253572866826
14 29 2.509006466769554
15 0 1.9560321061150248
15 1 2.0508175345008683
15 2 1.8663149681995663
15 3 2.0970351599135464
15 4 1.9459919007889468
15 5 2.4799357494964007
15 6 2.3136321247938203
15 7 2.5262303954972896
15 8 3.082220297470929
15 9 3.3027995572640556
15 10 2.591401593594604
15 11 3.258965473873688
15 12 3.6301229563468955
15 13 4.497263491143414
15 14 3.2272965668833975
15 15 4.55112790753123
15 16 3.557005717625066
15 17 3.262908716556966
15 18 3.35033650986354
15 19 3.0478028070477214
15 20 3.2781137209429136
15 21 3.1216075011094095
15 22 3.383869940961086
15 23 2.7797561553900922
15 24 3.1373994132293888
15 25 2.405193162531389
15 26 2.3826779571566616
15 27 2.092726632529969
15 28 2.1306479526164708
15 29 2.5433659515935196
16 0 1.9810124723673455
16 1 1.5410587281291752
16 2 2.3774701355845993
16 3 2.108592163889862
16 4 2.3257333541888374
16 5 2.2554620169885164
16 6 2.080416052450956
16 7 3.5921789067665792
16 8 2.833487048881138
16 9 3.0086784802506634
16 10 2.3120858017501056
16 11 3.460390011883735
16 12 2.7400599525413667
16 13 3.04014762993804
16 14 2.927215104063973
16 15 4.003526984012977
16 16 3.4017680246085105
16 17 3.6866302807808964
16 18 3.6224936524136866
16 19 3.7213317996503834
16 20 3.028591146776435
16 21 2.981142905568363
16 22 2.931042346590672
16 23 2.9796534850354024
16 24 3.1728109781690836
16 25 2.802851086324473
16 26 2.7351446276472067
16 27 2.8661463165180576
16 28 2.728435386149791
16 29 2.2967433572801457
17 0 2.1401175488494446
17 1 1.6718788183403888
17 2 2.1945359310762416
17 3 2.0882053926304094
17 4 2.4880116169627904
17 5 2.9689234421967217
17 6 2.766023513152255
17 7 2.914947042691947
17 8 3.0486669741231487
17 9 2.309867091534846
17 10 3.0304456549171244
17 11 3.0743875733100183
17 12 3.1815079825658397
17 13 3.025148926242511
17 14 3.7895826971353195
17 15 3.974262156314324
17 16 3.7476682396906558
17 17 4.077375335669607
17 18 3.001559474098465
17 19 3.686431670334347
17 20 3.403140403674706
17 21 2.863780073600852
17 22 3.10088511725753
17 23 2.7399242847889433
17 24 2.850392364024863
17 25 2.870047255969148
17 26 2.940790816005131
17 27 2.8022697567009334
17 28 2.600950442775547
17 29 2.6436254974927484
18 0 2.3562125326658485
18 1 1.9758247386823582
18 2 2.2269479342521525
18 3 2.2460276907684933
18 4 2.0500084187527285
18 5 2.5672706110297434
18 6 2.1556776753552924
18 7 2.8922812199240395
18 8 2.911870203371806
18 9 3.1748277109872762
18 10 3.1815773486860492
18 11 3.2879364329825926
18 12 3.1908587800356445
18 13 4.223242950212793
18 14 4.335978103653044
18 15 4.789555387353684
18 16 4.592830966654146
18 17 3.467583720028917
18 18 3.836802570737031
18 19 3.773278403584055
18 20 3.585999722802652
18 21 2.875538583408748
18 22 2.9550347309701235
18 23 2.876586708119599
18 24 3.146441712942416
18 25 2.846198412043785
18 26 2.6362127156763844
18 27 2.4766882241819417
18 28 2.709977875096746
18 29 2.4146848701408676
19 0 2.156106157051126
19 1 2.108037028089796
19 2 2.1218563627877596
19 3 2.0990881664218217
19 4 1.8900730711814493
19 5 2.6740977773996564
19 6 2.4318485735577275
19 7 2.9958655748869045
19 8 2.9344281781966632
19 9 2.9427497413301005
19 10 3.902495266682138
19 11 3.2513838201282836
19 12 3.5750200446610463
19 13 3.9484796853401076
19 14 4.925105245174392
19 15 5.4414525497164075
19 16 5.69324104631026
19 17 4.037409849981184
19 18 4.473687294331101
19 19 2.9977829680090844
19 20 3.1782531109385554
19 21 3.945184362543281
19 22 2.6459927391051785
19 23 2.753701056192892
19 24 2.702321838872838
19 25 2.8605892559529917
19 26 3.2348866167665093
19 27 2.5447726042834464
19 28 2.6256708831978783
19 29 2.1938262668280353
20 0 2.3356104238852646
20 1 1.8892054715599131
20 2 2.162203671157648
20 3 2.3578694414166392
20 4 2.387893121235127
20 5 2.785643538483616
20 6 3.034268009953916
20 7 2.583862894764753
20 8 3.0306618317438714
20 9 2.9291136193908014
20 10 3.220834482667588
20 11 3.3235846643017237
20 12 3.933087983193823
20 13 3.6026937789397535
20 14 5.24297012589643
20 15 14.072321185823867
20 16 5.973908382808667
20 17 4.758226855512922
20 18 4.036656697973217
20 19 3.6350991992622483
20 20 3.642784729877788
20 21 2.995903949671813
20 22 3.2847478492177746
20 23 2.9309407860764867
20 24 3.023238452595855
20 25 3.1820766759065333
20 26 3.3964627653595154
20 27 3.1875878436549896
20 28 2.576787392913574
20 29 2.7466358424807633
21 0 1.9481583557922109
21 1 1.9922429007286933
21 2 2.0823825513268805
21 3 2.18450909914572
21 4 1.8512859946020683
21 5 2.1148854608923573
21 6 2.0299713043403487
21 7 2.340429198857349
21 8 2.3391881015903646
21 9 3.542809149889903
21 10 3.035098840352296
21 11 3.2481391124509056
21 12 3.495452413011215
21 13 4.541326184337985
21 14 5.366877934222245
21 15 4.780950990943969
21 16 5.558172757485752
21 17 4.0260170253319645
21 18 3.2429774610008066
21 19 3.322127226909346
21 20 3.4533390705584033
21 21 3.017027484276029
21 22 3.293893793957879
21 23 3.1020036466979723
21 24 3.318223890140325
21 25 3.1396355286693414
21 26 3.648575080201325
21 27 3.0307286602328354
21 28 3.067285140973613
21 29 3.6447892763126783
22 0 2.137442205133087
22 1 2.202541909346729
22 2 1.5118565555041386
22 3 2.6654851559359587
22 4 2.029479174983844
22 5 2.620241722674199
22 6 2.4576752587378716
22 7 1.8466141112677377
22 8 2.759355861127674
22 9 2.9124440989740648
22 10 3.2312280376330906
22 11 3.100712759439543
22 12 3.527048894386369
22 13 4.177838359026349
22 14 3.4285232011540736
22 15 4.368148502211504
22 16 3.885321594338923
22 17 3.759064432644029
22 18 3.0193882335176214
22 19 3.095987807018551
22 20 3.758172972481039
22 21 3.1911469745394276
22 22 3.0364564887432177
22 23 3.4441242630755466
22 24 3.399503605061082
22 25 3.0429377467954506
22 26 3.539091489902102
22 27 3.3245198698457585
22 28 2.476354400948175
22 29 2.4026544641165866
23 0 1.9206025215063696
23 1 1.827148139875448
23 2 1.91275742780889
23 3 2.5036923251369867
23 4 2.2881834012369966
23 5 2.3608488891794996
23 6 2.721159639551804
23 7 2.636952073998462
23 8 2.9541572256684403
23 9 2.7651374429556475
23 10 3.11503455062837
23 11 3.3392375286621183
23 12 3.3838111446182007
23 13 3.832152673496856
23 14 4.077556375215491
23 15 2.9399241521297297
23 16 3.986944778492839
23 17 3.0517095701989447
23 18 3.6452054000261924
23 19 3.4981463040664074
23 20 4.17794027720849
23 21 3.4025819795755066
23 22 2.8332701657490342
23 23 3.4097992590818946
23 24 3.8410380701191573
23 25 3.4548821419522557
23 26 3.4563088541938556
23 27 2.734229504061863
23 28 2.9391212628840355
23 29 2.3774877984343328
24 0 1.5836470525823085
24 1 2.3221803990296825
24 2 2.092169461532657
24 3 2.3163101572530813
24 4 2.053218102247022
24 5 1.9637918995080914
24 6 2.1996830371763654
24 7 2.8177436550615265
24 8 2.547069393329675
24 9 3.779504833640014
24 10 2.7756102515831653
24 11 2.700186384977824
24 12 2.860641046736408
24 13 3.3306637788617235
24 14 3.151453263002781
24 15 3.075307146493135
24 16 3.1347799984813824
24 17 2.9952378216097304
24 18 3.0381229765908184
24 19 3.1867384062234576
24 20 3.5247531639704666
24 21 2.8954104648343115
24 22 3.250112072343174
24 23 3.181198998839955
24 24 3.9663933038908183
24 25 4.46562666754743
24 26 3.681236673165455
24 27 2.7501903512377925
24 28 3.4780730166353897
24 29 2.8123023155286964
25 0 1.6431306985043583
25 1 2.2456743853478836
25 2 2.048931211888765
25 3 1.9536794665547468
25 4 2.6979098566229407
25 5 2.2185823570525516
25 6 2.2589850860715033
25 7 2.5569067627630644
25 8 2.3623743033349567
25 9 2.3722751245052813
25 10 2.418931735581355
25 11 2.6756641308837774
25 12 2.9610839900822574
25 13 2.8117444770378217
25 14 2.969731775346547
25 15 2.9594253409780795
25 16 2.641315809250562
25 17 3.2309625704494707
25 18 3.257430193041954
25 19 3.394650815378582
25 20 2.9414826676119503
25 21 3.179438511982977
25 22 2.971846258965834
25 23 4.136529093376837
25 24 3.975719078701555
25 25 8.627287546564425
25 26 4.327926108914877
25 27 3.2538948039579156
25 28 2.715339481962129
25 29 2.8135114115752518
26 0 1.4445097080933034
26 1 1.7187914029779832
26 2 2.0294199258583814
26 3 2.059102221940332
26 4 1.9549077040595089
26 5 1.9288031440147984
26 6 2.1215213398591253
26 7 1.952874888429532
26 8 3.373146950415971
26 9 3.2405781960261018
26 10 2.9919126706249917
26 11 2.6009703378976394
26 12 3.097844262523401
26 13 2.6522871452850407
26 14 2.500703446091785
26 15 3.204710552700291
26 16 3.2070288533381377
26 17 2.292581742772167
26 18 3.369397208357866
26 19 2.706551794285799
26 20 2.791440520583188
26 21 3.086008114356536
26 22 3.027188353518132
26 23 3.1283615875967494
26 24 4.213990262259963
26 25 4.3777388387387
26 26 3.8198557057963765
26 27 3.6677490209967676
26 28 3.2113433983841415
26 29 3.0343091051864874
27 0 1.6103512734291232
27 1 1.7515915585121025
27 2 1.9313308584642093
27 3 1.9364017793495603
27 4 1.9344816773058033
27 5 2.3666392027558776
27 6 2.2912643189509496
27 7 2.303508636606126
27 8 2.1552734784719334
27 9 2.593450621639731
27 10 1.8085358725530687
27 11 2.2011816899420724
27 12 2.9864161339973396
27 13 2.7424736594942383
27 14 2.8137290314657997
27 15 2.8324350168073753
27 16 3.299555870650418
27 17 3.099024193817593
27 18 2.334680913084924
27 19 2.638328407358112
27 20 3.057241261414491
27 21 2.956808237320611
27 22 2.7745745648237277
27 23 2.9464368241703935
27 24 3.1353313635674827
27 25 3.1071283102298772
27 26 3.495681306487052
27 27 3.4409836749573732
27 28 2.9185684231963593
27 29 2.9605560229025847
28 0 1.8228747779526429
28 1 1.6795533612083153
28 2 1.879295655296066
28 3 2.2799932894134236
28 4 2.2604345243208384
28 5 1.711289170676271
28 6 2.6317779745751837
28 7 2.099547258868773
28 8 2.1583418046326353
28 9 2.3378822853670176
28 10 3.578126774556602
28 11 3.014302277121057
28 12 3.185091484723937
28 13 2.825131954387793
28 14 2.607773534523405
28 15 2.56548462157382
28 16 2.563426481591534
28 17 2.5817830528592753
28 18 3.061668224289991
28 19 2.4110194180217026
28 20 2.9978045257964117
28 21 2.8063748455586097
28 22 3.405167219186682
28 23 3.015086862688763
28 24 2.3638597020175687
28 25 2.270626985890409
28 26 2.6787046322744312
28 27 3.0297588081279945
28 28 2.7521603301301973
28 29 3.0332293117845186
29 0 1.812751958001254
29 1 1.7845079300845734
29 2 1.7375120212783897
29 3 2.072400765111816
29 4 1.773933064793587
29 5 2.2443934920511834
29 6 1.7606971399466937
29 7 2.025977643286331
29 8 2.349622492999416
29 9 2.3517264678406025
29 10 2.171474412078345
29 11 2.7458317696537136
29 12 2.4122149552355827
29 13 2.664151670468098
29 14 2.4107497546284264
29 15 2.8198115076908783
29 16 2.791743579435345
29 17 2.902381183729125
29 18 2.634490238569847
29 19 3.2624611568698025
29 20 2.7916158259452395
29 21 3.0375142060708953
29 22 2.8820402834730983
29 23 2.9210719326626493
29 24 3.0839908168649686
29 25 3.122970928480974
29 26 3.0946162041795944
29 27 2.6781472215658444
29 28 2.493774317058691
29 29 2.6588770211199626
