0 0 1.9360243287760615
0 1 1.8584069967748544
0 2 2.211100604105331
0 3 2.3330240256477213
0 4 1.4804397723242673
0 5 1.8957514495499468
0 6 1.869033810213533
0 7 2.236587793446823
0 8 1.9788942592772305
0 9 2.2091388635662015
0 10 1.6718375412131563
0 11 1.8203554694783437
0 12 2.3694576189494496
0 13 2.5018721383870233
0 14 2.0189075815066477
0 15 2.318103680067065
0 16 2.3373646260927963
0 17 2.208057082927664
0 18 2.186146366956968
0 19 1.9007368883647349
0 20 1.8940882286652863
0 21 1.9909436462643704
0 22 2.102706261636749
0 23 2.376090691708977
0 24 2.0306516044218594
0 25 2.100496424680511
0 26 1.5498694930467338
0 27 1.6755922469927398
0 28 1.8420951266147039
0 29 1.9461175217033075
1 0 2.202397817616606
1 1 2.355292851515955
1 2 1.9860415405540177
1 3 1.568816910009794
1 4 1.7444698957407112
1 5 2.1942531429828738
1 6 2.353917503723847
1 7 2.338823230669756
1 8 2.068088427137825
1 9 1.836227087454546
1 10 3.008355355343793
1 11 2.570994044612803
1 12 1.6825310261445177
1 13 1.9048589653964993
1 14 1.8558277086578232
1 15 1.8277372052129643
1 16 1.9538053703377123
1 17 1.9864560868632437
1 18 2.2655570070529247
1 19 2.1524923846439847
1 20 2.2097410923265826
1 21 1.9192372479772026
1 22 1.9998331894997663
1 23 1.9126355065732603
1 24 2.6764990108454763
1 25 2.053625504715925
1 26 2.1429074391044107
1 27 1.6510751275802713
1 28 1.6316268849643523
1 29 1.6792060172853656
2 0 2.18588986244874
2 1 1.9472317835932762
2 2 1.8217192092190082
2 3 1.9697380024732196
2 4 2.228169506931429
2 5 1.8610316550524764
2 6 1.8273580630900927
2 7 1.9534703081387617
2 8 2.510111677609051
2 9 2.4962831227261306
2 10 1.749526881981973
2 11 2.0631824596575177
2 12 2.3951589052242896
2 13 2.5167999533976713
2 14 2.804706734725937
2 15 2.248493410369687
2 16 2.5134325701980624
2 17 2.27071132802955
2 18 2.0154519876109265
2 19 1.8951900922198757
2 20 1.76110480422644
2 21 2.298376286167493
2 22 2.470565483876758
2 23 2.049739548542336
2 24 1.8165934687376049
2 25 2.2141342754851636
2 26 1.7854801984206339
2 27 1.7498638145326257
2 28 1.8767733935981659
2 29 2.1137998087254464
3 0 2.1240518690538615
3 1 1.6561173889612357
3 2 1.5828138750845187
3 3 2.1184043773085652
3 4 1.9922198585902262
3 5 2.707201902263865
3 6 2.0455534763841365
3 7 2.095988976890586
3 8 1.9569795899226319
3 9 1.9738417195339795
3 10 2.1515200353257207
3 11 2.8068524161415764
3 12 2.671309716311369
3 13 2.5169970814332596
3 14 2.275982744012562
3 15 2.2483574916100655
3 16 2.356430953613651
3 17 2.138334984190421
3 18 2.730333844653163
3 19 2.557258532034787
3 20 1.789569221306687
3 21 2.2723217714378987
3 22 2.315581989813446
3 23 1.982553291710491
3 24 2.4082201244154784
3 25 1.7103117076393088
3 26 1.8606218812901825
3 27 1.8834305646188074
3 28 2.0574237567575375
3 29 1.7188541087009448
4 0 1.6971962798827067
4 1 1.659262999195965
4 2 1.6456138900748578
4 3 1.9437091591447266
4 4 2.068126162632291
4 5 1.837761092839077
4 6 2.755048942879341
4 7 2.176859233424369
4 8 2.121601404391036
4 9 3.5517910355738147
4 10 2.4604130697540216
4 11 2.42391479267482
4 12 3.185097838801664
4 13 2.7463978722479565
4 14 2.7920311698578164
4 15 2.8737896621150503
4 16 2.4773939500607636
4 17 2.5459100480432433
4 18 2.6602713282097277
4 19 2.5764111469534745
4 20 3.109959924927303
4 21 2.5177454712607985
4 22 1.8750126020248268
4 23 2.0789823064830526
4 24 1.9937790968587148
4 25 1.9974888666585007
4 26 1.934149774974009
4 27 2.1439180163317406
4 28 2.1015176642243576
4 29 2.025011836446197
5 0 1.8370622018747538
5 1 1.895491281751078
5 2 2.2892871357552345
5 3 2.449370817936083
5 4 1.5298466287375745
5 5 2.255093330190843
5 6 1.9209715780804946
5 7 2.2053571061230057
5 8 2.777702272406496
5 9 3.150735158162556
5 10 2.6665428824160213
5 11 2.3359935665132534
5 12 3.043157794127936
5 13 2.4930455460838052
5 14 2.998995616022868
5 15 3.3066996422592565
5 16 3.0852857184714697
5 17 2.9516416218134642
5 18 3.0885409702214366
5 19 2.1195903568715493
5 20 2.4818510055406455
5 21 2.321105804470456
5 22 2.075653278123929
5 23 2.3001685370487817
5 24 2.2501611989730037
5 25 2.7673137339670673
5 26 2.1783146125498116
5 27 2.0390168266598225
5 28 2.1393803398899984
5 29 1.804257740361475
6 0 1.8467144039228984
6 1 1.7829266933564025
6 2 2.102131544777473
6 3 1.667424711032777
6 4 2.3078574042230464
6 5 2.069840696966599
6 6 2.2074915378974342
6 7 2.5411958006588176
6 8 2.2883237066925837
6 9 3.380004671137285
6 10 2.4168711177362243
6 11 3.417874405734963
6 12 3.9748474874877036
6 13 3.578542276960221
6 14 3.2453503190386
6 15 2.6418263358511127
6 16 2.6708219632845416
6 17 2.668156417370729
6 18 2.769395441572905
6 19 2.358190802833436
6 20 2.365272715164835
6 21 2.5986363979344507
6 22 2.660897467800385
6 23 2.3532722671797464
6 24 2.023197300289845
6 25 2.087378581926425
6 26 2.6083938924452146
6 27 2.3612105220435984
6 28 1.950386227528956
6 29 1.77110471281097
7 0 1.9086070775497326
7 1 2.257964276008401
7 2 1.88499433248742
7 3 1.9076156998475762
7 4 2.096060954478192
7 5 2.205723113161661
7 6 2.002828944159766
7 7 2.3217166148109816
7 8 2.9099247096835916
7 9 2.5124249307996807
7 10 3.126892598598783
7 11 2.455536761726923
7 12 3.6016825673218675
7 13 3.5887105725787185
7 14 2.969861898289839
7 15 3.1384340500018615
7 16 3.889499442477012
7 17 3.2970874277757636
7 18 3.271828081821484
7 19 3.526552350105147
7 20 3.569886439892702
7 21 3.13837298659608
7 22 2.367986954118482
7 23 2.765525625608786
7 24 2.291064769990923
7 25 2.336783556671077
7 26 2.1895493196261557
7 27 2.4469981336861952
7 28 2.2228666788114793
7 29 1.660550788131723
8 0 1.9680194073752468
8 1 2.263610224190259
8 2 2.0748716666856346
8 3 2.2057487372857354
8 4 2.221140691589104
8 5 2.4293315464383882
8 6 2.5069126493222296
8 7 2.4695663491357904
8 8 2.480692496909775
8 9 2.7130888449836523
8 10 2.9671856806244423
8 11 3.8521844732972084
8 12 3.19624817921554
8 13 3.709492263666648
8 14 4.67823183761483
8 15 3.5272309246900333
8 16 3.4334743848113827
8 17 3.3913859449754726
8 18 3.3033177343218654
8 19 3.170389876405836
8 20 2.546220426924566
8 21 3.1117285005560866
8 22 2.5516478934180227
8 23 2.578406676538276
8 24 3.2578050946044343
8 25 2.729581610818369
8 26 2.1738402111680717
8 27 2.1608973487985508
8 28 1.9286022531658316
8 29 2.0578279120498015
9 0 1.7831255283339704
9 1 2.2255988366483344
9 2 1.9094641949710025
9 3 2.068930586531009
9 4 1.9061103699948267
9 5 2.2495524203871198
9 6 2.1371648627154824
9 7 2.465696751849133
9 8 2.619088170212954
9 9 2.8937649737173468
9 10 3.4590770670180984
9 11 2.8085738407556273
9 12 3.1464653977315544
9 13 5.702757862250304
9 14 5.4410130887107
9 15 4.6933227172512195
9 16 3.6507199641415817
9 17 3.130917171954974
9 18 3.625011560853365
9 19 3.903069353115357
9 20 2.9256473862653944
9 21 2.5719405742054415
9 22 2.5249117030038675
9 23 2.643517052613559
9 24 2.263788897884293
9 25 2.608643363830921
9 26 2.254097618789649
9 27 2.292834244140601
9 28 2.7565589770625047
9 29 1.9484124678395995
10 0 1.823066572512053
10 1 1.7446859257369576
10 2 2.0906890360275825
10 3 2.4446374025675093
10 4 2.1205305954007745
10 5 1.8649627225624477
10 6 2.4400702958107003
10 7 2.5872671771494895
10 8 2.8470941256298508
10 9 2.4448378079075255
10 10 3.0454674552165875
10 11 4.399021262805195
10 12 4.477131566219983
10 13 5.787599371771165
10 14 12.044737199554246
10 15 6.073723128458958
10 16 4.373632033957183
10 17 3.414120646364498
10 18 3.489108014542253
10 19 3.3803341426551525
10 20 2.3595794404892563
10 21 2.7007762384136917
10 22 2.657117051556764
10 23 2.8720260071512285
10 24 2.822865903979196
10 25 2.397542822481782
10 26 2.3248332649529355
10 27 1.8786293910632743
10 28 1.5763299695946855
10 29 2.486193530472124
11 0 1.7880188302056965
11 1 2.041334851416369
11 2 1.8503737455350386
11 3 2.1079532390599858
11 4 1.7450686121892738
11 5 2.4109875008901738
11 6 2.648992637743325
11 7 3.152852820363466
11 8 2.635697288561481
11 9 3.3207128532855514
11 10 2.7981789752437605
11 11 3.055772331297971
11 12 3.8556834152657227
11 13 4.801049553476539
11 14 5.48059827160408
11 15 4.541196387614632
11 16 4.451031030975712
11 17 3.6030861488617125
11 18 2.9048561915253885
11 19 3.284356932877205
11 20 3.135437630581589
11 21 2.9358383955773135
11 22 2.968517448499224
11 23 3.1599035838038594
11 24 2.4281235886297052
11 25 1.9620520868152922
11 26 2.4557336045320453
11 27 2.6233744800900616
11 28 1.915847109802806
11 29 2.1626646689641853
12 0 1.7458683114296762
12 1 2.3645434853973297
12 2 2.0916418204037677
12 3 2.4166675686985655
12 4 1.9538461554308095
12 5 2.9891876245720597
12 6 2.502978666629308
12 7 3.0872514545577223
12 8 2.896232205618105
12 9 2.6180875257682423
12 10 2.602838764326017
12 11 3.781577980664787
12 12 3.7719209992493696
12 13 3.991568259917174
12 14 5.2445910854015505
12 15 3.7187758053309765
12 16 4.415317229762187
12 17 4.400898723606056
12 18 3.2398357313160613
12 19 2.7086646348664494
12 20 2.838418239196432
12 21 2.854880874074296
12 22 3.09609977921002
12 23 2.704250858203786
12 24 2.8824447231219077
12 25 2.878830732562612
12 26 2.4613695976574435
12 27 2.9917337614029975
12 28 2.1925811491891603
12 29 2.355944724003047
13 0 2.2523050770773554
13 1 1.9537832473135257
13 2 1.9907714334887132
13 3 2.2973048895691592
13 4 2.41676780032264
13 5 2.3932894573503365
13 6 2.608678671153083
13 7 2.876099866230416
13 8 2.387830407632429
13 9 3.497174571322755
13 10 3.2745674492746057
13 11 3.357041018214611
13 12 3.0879697128077654
13 13 3.5564857333783473
13 14 4.022479959131672
13 15 3.7124421279502644
13 16 3.428565850100391
13 17 3.239896300081705
13 18 3.7236272240507136
13 19 3.327993983013111
13 20 2.8300221964475876
13 21 3.2404381068270505
13 22 3.2363168894861474
13 23 2.8481095993499883
13 24 2.7290147253185086
13 25 2.377259113652138
13 26 2.287003016559676
13 27 2.309085575278467
13 28 2.5184461314674143
13 29 2.5371124951741875
14 0 2.1770891961128878
14 1 1.716948210753681
14 2 2.585131854643441
14 3 2.3840535668904854
14 4 2.3784033674276452
14 5 2.870694600101423
14 6 2.8138078514261
14 7 2.2581192346648593
14 8 3.02378917026993
14 9 2.941260517906526
14 10 3.420200956168022
14 11 2.7736877062738756
14 12 3.013284292921121
14 13 4.248790586424168
14 14 3.846411865104502
14 15 3.4186154237136686
14 16 3.4141983159678193
14 17 3.8978244746972397
14 18 3.2250179863237816
14 19 2.9441635773609014
14 20 2.9019174761948086
14 21 2.9146244736512874
14 22 2.8550364453809483
14 23 3.053533787469867
14 24 2.7158335520144306
14 25 2.4556303456066644
14 26 2.7075762242393298
14 27 2.2165772394999665
14 28 2.2935738232520833
14 29 2.1263610154451054
15 0 2.2183282587773974
15 1 2.118644237037347
15 2 2.584252472084343
15 3 2.3697855358628632
15 4 2.1339646756316504
15 5 3.0162523064971043
15 6 2.6957014715686554
15 7 2.7744011698165765
15 8 3.049710400040403
15 9 3.4861528237492663
15 10 3.1274481578760063
15 11 3.0496165081279587
15 12 3.0907178375821487
15 13 3.050021204325859
15 14 3.1018982412526324
15 15 4.0209415940411635
15 16 3.4778794594949147
15 17 3.292383486656142
15 18 3.339697534223844
15 19 3.816933729931757
15 20 2.5339772295056866
15 21 2.757321844575802
15 22 3.207099434167839
15 23 3.11578062186982
15 24 2.84973738544477
15 25 2.986620264810653
15 26 2.63171553938464
15 27 2.4824036350121754
15 28 2.085322092507816
15 29 2.2202124039780506
16 0 1.581160096501806
16 1 2.0082910549817896
16 2 2.237156871558468
16 3 2.1546792853952152
16 4 2.3744213748109644
16 5 2.9130740997857343
16 6 3.040234951269513
16 7 3.0287706552220666
16 8 3.084088492016264
16 9 3.0676319598839505
16 10 2.8441779074752054
16 11 3.358332711676922
16 12 3.3619443312273005
16 13 2.921810238649806
16 14 3.4141983159678193
16 15 2.5509249411261075
16 16 3.3498877089010075
16 17 3.517770709390918
16 18 3.381320065310331
16 19 3.044611218280399
16 20 3.4118442537376636
16 21 2.959870968537021
16 22 2.4232206441989117
16 23 2.809646034686238
16 24 3.442755153346492
16 25 3.013072346845251
16 26 2.7697891922838322
16 27 2.501906656586702
16 28 2.4357440921208386
16 29 2.363008385047916
17 0 1.8608679256963614
17 1 1.867582851947827
17 2 2.135980668297611
17 3 1.99163805832177
17 4 2.3892416066557267
17 5 2.703687061006531
17 6 2.5830016266975337
17 7 2.5533901680150697
17 8 2.2047272849636532
17 9 2.8149960278515875
17 10 2.906640720818695
17 11 3.3523208296239786
17 12 3.127984274149974
17 13 3.239896300081705
17 14 3.5990172612986875
17 15 4.061725184848884
17 16 4.01254358193394
17 17 4.292192926578195
17 18 4.0674804772037065
17 19 3.179159771474019
17 20 3.0513795243667228
17 21 2.950855454414299
17 22 3.4509780279911344
17 23 2.731505089351235
17 24 3.1604872816940572
17 25 2.7675630044403623
17 26 3.3571666867035512
17 27 2.6760043424622055
17 28 2.7566377803973183
17 29 2.6289641961602896
18 0 2.048339019503683
18 1 2.0433323564333157
18 2 2.2413964155935964
18 3 2.245468574333982
18 4 1.820186289108679
18 5 2.543061866972922
18 6 2.0835574029876587
18 7 2.6440142710691763
18 8 2.495932779985952
18 9 2.704683306315721
18 10 3.9851799526844123
18 11 3.2716589902040196
18 12 3.2398357313160613
18 13 4.524994491214532
18 14 3.822762558863717
18 15 3.89206369628534
18 16 5.931002965480813
18 17 4.312801799568497
18 18 3.054048403462539
18 19 3.366559783276754
18 20 3.5601265038730956
18 21 3.3808155943897575
18 22 3.2167145596159923
18 23 3.8215568409164034
18 24 2.9334442370700455
18 25 3.1045959990145744
18 26 2.709475381986243
18 27 2.469812555891756
18 28 2.5922985667983967
18 29 2.918836892381148
19 0 1.8295714376256347
19 1 2.0333622052544875
19 2 2.3245026090607888
19 3 2.3029376511575426
19 4 2.059964878183168
19 5 2.3008771092556284
19 6 2.5747996217677995
19 7 2.5566878344346953
19 8 2.6806745736910975
19 9 2.5622855491301557
19 10 2.252903095364751
19 11 3.284356932877205
19 12 2.7575020300494146
19 13 3.98769829354214
19 14 4.983362624920441
19 15 6.016462830052928
19 16 5.718433952533361
19 17 4.7511100998628235
19 18 4.824300114167563
19 19 4.227254202043214
19 20 3.2859603518114273
19 21 3.12685805564489
19 22 3.1074837977101732
19 23 3.112505883690829
19 24 3.0729228511271223
19 25 2.419421868927767
19 26 3.1170684617341857
19 27 3.795879869939043
19 28 3.2772328634962142
19 29 2.904516064857597
20 0 2.1503699357316357
20 1 2.045344567298402
20 2 1.8448548862156489
20 3 2.052241698072687
20 4 2.040959723451371
20 5 1.9808264247330987
20 6 2.9980129214814695
20 7 2.139449607042234
20 8 2.6009876697129575
20 9 2.833042677589022
20 10 2.3595794404892563
20 11 3.2719315634110897
20 12 3.155878442765302
20 13 3.2124410141374584
20 14 4.608114269293358
20 15 6.031160262369948
20 16 13.273415247895674
20 17 5.877917652724504
20 18 4.121120541473825
20 19 3.5860209263355673
20 20 3.2306370507876085
20 21 3.1773658695383418
20 22 2.916446271835809
20 23 3.4384478147321746
20 24 3.1448345381307425
20 25 3.0221531375090875
20 26 2.952264440089799
20 27 3.523769334175662
20 28 2.711007147507442
20 29 3.2144041965385157
21 0 2.226377685815547
21 1 2.358239658464834
21 2 1.6773952116246862
21 3 2.0795348121631276
21 4 1.9713432684150658
21 5 2.710517481391391
21 6 2.92447022037517
21 7 2.88050465309364
21 8 2.7658607719699937
21 9 2.5719405742054415
21 10 3.085648578945356
21 11 2.7751566114703863
21 12 3.415162586476962
21 13 3.3421758911300894
21 14 3.8733019361557632
21 15 5.940428211074279
21 16 5.635422786494407
21 17 6.298790337009534
21 18 4.789323402698778
21 19 4.1754125740026655
21 20 3.205838409968464
21 21 3.1520678914998537
21 22 3.8978244746972397
21 23 3.532689979066351
21 24 3.4748102897246027
21 25 3.6220414577526765
21 26 3.339103606782142
21 27 3.3091851163058332
21 28 2.772616071833212
21 29 3.3269362341037745
22 0 2.0565799740576702
22 1 1.5383055243765513
22 2 1.7456151323398255
22 3 2.4725872517387857
22 4 2.27169167956238
22 5 2.2590363273470238
22 6 2.5320425271175493
22 7 2.5752899892804457
22 8 2.5516478934180227
22 9 2.466436753865399
22 10 2.926377889143155
22 11 2.564994761475897
22 12 3.0496829725220547
22 13 3.622523437835143
22 14 3.611659124920063
22 15 3.6270551124214556
22 16 4.187211538933116
22 17 4.8145741248447536
22 18 3.2643911514070867
22 19 3.551977664459881
22 20 3.5159921392589912
22 21 3.5710968131405245
22 22 3.4079679779818255
22 23 3.06679772531007
22 24 3.587938025297764
22 25 3.526096216483489
22 26 3.30070079446047
22 27 3.282964257244507
22 28 3.8038003415741906
22 29 2.6152056638742094
23 0 1.6740327715639505
23 1 2.2786200236175054
23 2 2.074690967891995
23 3 1.8857658277768057
23 4 2.1972158014672822
23 5 2.1202035549627025
23 6 1.9251903144076223
23 7 2.765525625608786
23 8 2.7672239921651953
23 9 2.262967005394177
23 10 2.386562390317509
23 11 3.429053274183318
23 12 3.240924963521597
23 13 3.8920122236031367
23 14 3.096559075262458
23 15 4.042605048471776
23 16 3.887913656329656
23 17 2.8949990724669536
23 18 3.432390428126484
23 19 3.948601067451983
23 20 3.049622097216035
23 21 3.1655500124392155
23 22 3.4364686631518766
23 23 3.8223931278003525
23 24 3.2745649490795694
23 25 4.960775674091307
23 26 3.9414425552364554
23 27 4.216609516875771
23 28 2.8697414096203393
23 29 2.403925023401403
24 0 1.6082965174369512
24 1 1.965247092771246
24 2 2.291942278578066
24 3 1.8729813583502388
24 4 2.815575036675915
24 5 2.1739633419806954
24 6 2.023197300289845
24 7 3.0478050723594534
24 8 2.093782553341395
24 9 2.318690385877625
24 10 2.663373906589519
24 11 2.6286266587272142
24 12 2.915540615581438
24 13 3.3200815036701474
24 14 2.9736153033648955
24 15 3.008630218513547
24 16 3.344508612894305
24 17 3.5817192384978984
24 18 3.162054388514201
24 19 3.142519673236983
24 20 2.9995211190256335
24 21 3.6011698010430724
24 22 3.7873324435288995
24 23 3.4590604651508436
24 24 4.756697743594207
24 25 4.952534939659665
24 26 6.442373396916087
24 27 2.9639050362635513
24 28 2.818021020748005
24 29 3.3306228769770585
25 0 1.5593355432614884
25 1 1.9707325320500246
25 2 2.4830711137638284
25 3 1.618233279367812
25 4 1.8410173793713314
25 5 2.7673137339670673
25 6 1.662345058522302
25 7 2.161425184500768
25 8 3.151724358659016
25 9 2.691336074831926
25 10 2.639139764385871
25 11 2.6254638049506362
25 12 2.7980493423710424
25 13 3.6974636003693266
25 14 3.042099315024934
25 15 2.573819247930417
25 16 2.8891728892374897
25 17 3.1355502137576337
25 18 3.6854140775866053
25 19 3.3458378619418774
25 20 3.0816424056588354
25 21 3.0633836682320585
25 22 3.856936489195225
25 23 5.281776057820963
25 24 5.5326611676687
25 25 12.447570328127512
25 26 6.309394108451373
25 27 4.5269140098317475
25 28 3.049093751440565
25 29 3.45200462287234
26 0 2.0964651772838097
26 1 1.946332610353381
26 2 1.9991367343314714
26 3 1.8579838713463526
26 4 1.934149774974009
26 5 2.819013828165854
26 6 2.3473059711412336
26 7 2.440853220999573
26 8 2.2342358611742124
26 9 3.076337245364283
26 10 2.484903200406534
26 11 2.891462455553498
26 12 2.6733821899874153
26 13 2.627211450820076
26 14 2.8620902611039463
26 15 2.92654036943111
26 16 2.7168388022182217
26 17 3.674601546424225
26 18 2.6603454095253887
26 19 3.2028651619626927
26 20 4.203405819955125
26 21 3.385088542524025
26 22 3.70073267575302
26 23 3.5673984836775747
26 24 5.244367204656003
26 25 5.017954133135555
26 26 5.290686905987478
26 27 3.336155290825994
26 28 3.368115451685785
26 29 3.9128662806237777
27 0 1.8903518373648929
27 1 1.6603950602919442
27 2 1.9854062734824636
27 3 1.8834305646188074
27 4 2.1436970639063397
27 5 2.025985848103204
27 6 2.267342527178031
27 7 1.8632371347202432
27 8 2.03175438404353
27 9 2.181876549979308
27 10 3.1026617649726753
27 11 2.5512909182329704
27 12 3.0132350341583796
27 13 2.5901220835987333
27 14 3.178323109073943
27 15 3.5063379593093114
27 16 3.2815608937124834
27 17 3.005081931792804
27 18 2.8413766336658184
27 19 3.358016307045681
27 20 3.2080437967409376
27 21 3.089140419576255
27 22 3.479277131514688
27 23 3.420474064655188
27 24 4.006578419520077
27 25 4.602058488610246
27 26 3.9229409903752632
27 27 3.1784219411320054
27 28 3.4440297542951313
27 29 3.2577259908918688
28 0 1.5976801994783407
28 1 1.9315206646838872
28 2 1.8767733935981659
28 3 2.163342258734801
28 4 1.806558366579227
28 5 1.813988264210929
28 6 2.3040690686394014
28 7 2.5566541546748507
28 8 2.001527187409032
28 9 1.9309105055284852
28 10 2.4445007821590923
28 11 2.199891875177083
28 12 2.930887709383795
28 13 2.536199715289821
28 14 2.3913092381905297
28 15 2.6297685365232097
28 16 3.029012060442148
28 17 2.6733014546192333
28 18 3.075263220493807
28 19 4.307537620547055
28 20 3.3058751118377154
28 21 3.345820971360507
28 22 3.2774450860088797
28 23 3.452954125352196
28 24 2.996632115923315
28 25 3.161221787172982
28 26 3.535630578613492
28 27 3.6016825673218675
28 28 2.871042479299083
28 29 3.7023429754824337
29 0 1.7683020418683109
29 1 1.6792060172853656
29 2 1.8179023390026339
29 3 1.7358453646331395
29 4 2.254951604712433
29 5 2.297273627336028
29 6 2.0777152157509815
29 7 2.121955718471761
29 8 2.9786225991119832
29 9 1.9667575883282618
29 10 2.1349018480015585
29 11 2.368612431807026
29 12 2.8383203749864547
29 13 3.08481656646184
29 14 2.3517124037799713
29 15 2.8686377180183356
29 16 2.9241141316442625
29 17 2.850882384892799
29 18 2.723463823310062
29 19 2.2460190667356685
29 20 3.789075589996442
29 21 3.1057943338250507
29 22 3.0951049917676094
29 23 3.1189148609705377
29 24 3.5444827788741398
29 25 3.248354639969301
29 26 2.8381354383884885
29 27 3.6089525905963047
29 28 3.1368365752949448
29 29 2.836036414428507
