0 0 1.642468949323488
0 1 1.618576818287236
0 2 1.7161609098881663
0 3 1.9954918789072202
0 4 1.7492008701164203
0 5 1.903943836618909
0 6 1.817403673080018
0 7 1.8682077156373003
0 8 2.12355736246397
0 9 2.4128872741057945
0 10 1.9758312679880818
0 11 1.863990963843186
0 12 1.9594243552774284
0 13 1.814860587337159
0 14 1.729654981397108
0 15 2.781711387065595
0 16 2.3286381322866974
0 17 1.890936734030247
0 18 2.082051120395006
0 19 2.358048807657783
0 20 1.9242538376330462
0 21 1.7211995004498497
0 22 1.8957615214098105
0 23 2.255006437720087
0 24 2.139998587009423
0 25 2.1287493913440168
0 26 1.5853084440773793
0 27 1.8192505662768936
0 28 1.56587101514957
0 29 2.001213165796654
1 0 1.749404513556993
1 1 1.8396908345541714
1 2 2.122955785023706
1 3 1.604418436090423
1 4 1.8221861092348002
1 5 1.6972431376664325
1 6 2.1391060876461183
1 7 2.2380362547946517
1 8 2.250098965486647
1 9 2.0885778528220333
1 10 1.7602020540729593
1 11 1.894000279111711
1 12 2.065231629486146
1 13 2.249995012615792
1 14 2.7114505216739953
1 15 2.3079055066308323
1 16 1.7413999126669402
1 17 1.7497727197350357
1 18 2.065531430982364
1 19 1.9072725368145724
1 20 2.3810871399436753
1 21 2.6660422062944553
1 22 2.7027190207251772
1 23 2.1239442873455987
1 24 1.9880545902872786
1 25 1.9603457034551597
1 26 1.8136243403555807
1 27 2.1378312087753057
1 28 1.6137816939764358
1 29 1.6725275521124168
2 0 1.8233062737241608
2 1 2.0347172067288524
2 2 1.9062277592816805
2 3 1.649049771633846
2 4 1.722718214584303
2 5 1.9902036937336467
2 6 2.251428493091209
2 7 2.1554046599274805
2 8 2.4060650055715356
2 9 2.1083083250347525
2 10 2.666063856332112
2 11 2.5341400460292163
2 12 1.850731997692861
2 13 2.1324930103844686
2 14 2.3679513360436433
2 15 2.3052317967371208
2 16 2.578321269372446
2 17 2.8393447164397303
2 18 2.6790970529302616
2 19 2.455616622011137
2 20 2.333728441403681
2 21 1.9058660895465058
2 22 2.30868372626034
2 23 2.3634113311734746
2 24 2.4531763746480153
2 25 2.1750639526689874
2 26 1.9249495619719736
2 27 2.039573432897804
2 28 1.8775878699947046
2 29 1.844768050083729
3 0 1.809473919933054
3 1 1.7986264480347807
3 2 1.7982046755905936
3 3 1.5647780271922327
3 4 2.2074297913392726
3 5 1.8940950637364682
3 6 1.931231616382988
3 7 2.056592773023201
3 8 2.0013511022320984
3 9 2.2180104818478283
3 10 2.7642703596865545
3 11 1.8288317212741678
3 12 2.497485939311234
3 13 2.331223042528968
3 14 2.1399381996178053
3 15 2.141502576123407
3 16 2.824310784079711
3 17 2.534086690620618
3 18 3.0253788849640793
3 19 3.026776214925718
3 20 2.655234508079447
3 21 2.3398057739415385
3 22 2.275112246769162
3 23 2.6120196955275614
3 24 2.077370253909045
3 25 2.165820216977108
3 26 1.8826933023888064
3 27 1.702523823570059
3 28 1.749287425846139
3 29 2.0840415326434885
4 0 2.326593358373124
4 1 1.9035714278563616
4 2 1.82311482122016
4 3 1.7586979637583466
4 4 2.078820842992529
4 5 1.8813780127968445
4 6 1.7350269109542023
4 7 2.214832371060327
4 8 2.5030833285861185
4 9 2.0220190100970235
4 10 2.2780385034177004
4 11 2.344898124286302
4 12 2.2333144860491783
4 13 2.9306203794712746
4 14 2.4920545342231577
4 15 2.5634945656631176
4 16 3.5376861163296827
4 17 3.2880142733498063
4 18 3.0451040430681435
4 19 3.184562175689739
4 20 2.3959195046090875
4 21 2.6174126233284305
4 22 2.5128855498957123
4 23 2.7309806272103496
4 24 2.4512528280621506
4 25 2.0845873680183873
4 26 2.390336139725013
4 27 1.91091549214456
4 28 2.0187594702741496
4 29 2.2535264089605294
5 0 1.871499238410168
5 1 1.6916201284359047
5 2 1.7247916323417387
5 3 1.9822954271217035
5 4 2.2022447557187044
5 5 1.9862175136560731
5 6 2.1094720797064133
5 7 2.089446901620043
5 8 1.7043908481394716
5 9 2.1187577076345963
5 10 2.772332529790888
5 11 2.639455880251893
5 12 2.42142642390073
5 13 2.113809607111232
5 14 3.074438005677563
5 15 2.1956598333701742
5 16 3.1647447661683725
5 17 3.5135670244108743
5 18 2.928472480036083
5 19 3.318645481102931
5 20 2.7192369584402325
5 21 1.969808823373174
5 22 1.9008161525058003
5 23 2.5626705850841693
5 24 2.05540401122939
5 25 2.150878613977699
5 26 1.9969989744556491
5 27 2.3252492003712817
5 28 1.9226623675725565
5 29 2.1539906039769954
6 0 1.9054879800679898
6 1 1.8213243563651755
6 2 1.9406391567771184
6 3 2.361213524515999
6 4 1.9781650163514417
6 5 2.148186260855655
6 6 2.457000008452995
6 7 2.053102134173424
6 8 2.02326438814572
6 9 2.4621862972823645
6 10 2.6111272143269217
6 11 2.240008849571191
6 12 2.851601537962114
6 13 2.79643582225271
6 14 2.517991511629582
6 15 3.1157038535899724
6 16 3.0294430677019495
6 17 3.8172337180966736
6 18 2.7951775465638886
6 19 2.919937050476431
6 20 2.51480400679652
6 21 4.211511130223181
6 22 2.918139015672247
6 23 2.036747101363667
6 24 1.9596429969393785
6 25 2.3210521999436655
6 26 2.403852586718078
6 27 2.4391380889737726
6 28 2.0636265035397217
6 29 1.8223568634144183
7 0 2.078407176978681
7 1 1.7458688525761081
7 2 1.8465758556298804
7 3 1.8103850914393962
7 4 2.001072890867317
7 5 2.137110755322923
7 6 2.453347606620391
7 7 2.2642101324656134
7 8 2.1500899647104643
7 9 2.302015875753441
7 10 2.7466233156379785
7 11 2.9136070794467788
7 12 2.8377591764329795
7 13 2.693663091789311
7 14 3.4796969369365627
7 15 3.728252790280661
7 16 3.4476998561135224
7 17 2.988462651182575
7 18 3.645172895334344
7 19 3.508678965512794
7 20 3.6085077412352082
7 21 2.919174512972678
7 22 3.136488830560369
7 23 2.232017922596456
7 24 2.362080975686939
7 25 2.195799367225899
7 26 2.0789536087073164
7 27 2.1259704788518228
7 28 2.0387044684909505
7 29 2.286028314455146
8 0 1.6130209400505684
8 1 2.0236281195626127
8 2 2.172230517708888
8 3 1.7000274658401935
8 4 1.926328684380264
8 5 2.1587279159662796
8 6 1.8871109266775887
8 7 1.9284945667019215
8 8 2.7824067176992773
8 9 2.540382344669832
8 10 3.082361905155725
8 11 2.82051456531107
8 12 2.596419338434714
8 13 4.042453284720962
8 14 3.5544794392844015
8 15 3.716937055649335
8 16 3.6819637117807704
8 17 5.137373375206314
8 18 3.308427450955312
8 19 3.7151162828836455
8 20 2.970785787242964
8 21 2.9426869291389974
8 22 3.3610404645038683
8 23 2.8882401386658696
8 24 2.7001804101159848
8 25 2.4524903251475814
8 26 2.940648591076672
8 27 2.3397156893553173
8 28 2.2053908403668627
8 29 2.7361549506296523
9 0 1.8156768304618953
9 1 2.095727623587638
9 2 2.1705817935775737
9 3 1.9081621013545385
9 4 2.348635393698226
9 5 1.9516469533495862
9 6 2.308102843372193
9 7 2.563867023295692
9 8 3.3390782204183758
9 9 2.2010134751765125
9 10 2.2485154898000688
9 11 2.7950761654195233
9 12 2.8833373893054515
9 13 3.2340323034769622
9 14 3.1310093403255146
9 15 4.140246978553638
9 16 5.4250599337665095
9 17 5.519819783069747
9 18 4.423102816305888
9 19 4.092871997719585
9 20 3.024492531097712
9 21 3.614601898722383
9 22 3.4309576753991546
9 23 2.6913007302423857
9 24 2.523348748434535
9 25 2.2590678594984412
9 26 2.522670416855906
9 27 2.232372413287503
9 28 1.9209404500569682
9 29 2.6306921450653
10 0 1.920713312357801
10 1 2.2204957837441133
10 2 1.8565872371072347
10 3 1.8319026534738998
10 4 3.1945067139590613
10 5 2.0737163938668877
10 6 2.218222724323255
10 7 2.7527645495218684
10 8 2.5537721727947704
10 9 2.5961605811344954
10 10 2.9229328126588308
10 11 3.048252229618409
10 12 3.345369704477826
10 13 3.454250100544119
10 14 3.904760129841801
10 15 4.475762307901496
10 16 4.745437501625022
10 17 11.635171435120572
10 18 5.610677003957432
10 19 4.004036087685916
10 20 3.4360850498044093
10 21 4.003290014937273
10 22 2.66664480426701
10 23 3.1628369566404966
10 24 2.446931318641789
10 25 3.2102546634316678
10 26 2.1121827487264455
10 27 2.444481660691854
10 28 2.1927421419614563
10 29 1.943091581879691
11 0 2.037415211269066
11 1 2.0445134253237245
11 2 1.5510791952963354
11 3 2.259739909895021
11 4 2.009732653027336
11 5 2.1734047968893737
11 6 3.0832335183702155
11 7 2.031130835082625
11 8 2.896587934055101
11 9 2.6050183325278287
11 10 3.0160997233249813
11 11 2.9736148401697884
11 12 2.765091732433042
11 13 2.6886815722532185
11 14 3.1322377984853627
11 15 4.136501961439719
11 16 4.169818280211866
11 17 5.5013786595262015
11 18 5.18418227608742
11 19 4.384541396133988
11 20 3.5493784855720896
11 21 3.545257373999794
11 22 2.497908432258408
11 23 3.0010871090160305
11 24 2.5034670398574463
11 25 2.866097360989937
11 26 2.1088240897865305
11 27 2.626569709165413
11 28 2.0972562882380146
11 29 1.856940535757758
12 0 1.9661151247243691
12 1 2.352062801522373
12 2 1.6969419968314512
12 3 2.0221058658791766
12 4 2.0983021844953975
12 5 2.3916017188550738
12 6 2.8581722096967406
12 7 2.7796793940223834
12 8 3.023957051158033
12 9 2.4776159041571586
12 10 2.8957003182516177
12 11 3.6987834131068875
12 12 3.1737518585901814
12 13 3.086940825024597
12 14 2.8197253285949433
12 15 3.840440887463592
12 16 4.240145660209579
12 17 4.285616359043575
12 18 3.569427129785091
12 19 3.7986880491841473
12 20 3.4282293179469705
12 21 3.1931168576396964
12 22 3.612207387581155
12 23 3.1303534982618015
12 24 2.6346485048634363
12 25 3.1904122987457733
12 26 2.471665391580825
12 27 2.4910929648929536
12 28 2.0379626743021926
12 29 2.1538658651126323
13 0 1.99199773833477
13 1 2.129026645841715
13 2 2.3221723061364985
13 3 2.7637112231266685
13 4 2.0295498359133988
13 5 2.3644123778666875
13 6 2.55422707932405
13 7 2.0509759183233705
13 8 2.7631920724873007
13 9 3.553247948192445
13 10 2.7718537635904106
13 11 2.862586925334158
13 12 2.9584430723579294
13 13 2.9326333936534272
13 14 3.409235156199174
13 15 3.322304354674655
13 16 4.230554510220056
13 17 3.7854852697561965
13 18 3.1932088588454164
13 19 3.5193940339423824
13 20 3.0419611345676416
13 21 3.3155395740331324
13 22 2.7373549105104726
13 23 2.8759008554086187
13 24 3.04288770752373
13 25 3.0575726381708868
13 26 2.36728764255146
13 27 2.6387349136930376
13 28 2.738513927120644
13 29 2.2447057088184623
14 0 1.7337849557566742
14 1 1.491136432956458
14 2 1.908282793823262
14 3 2.2649006010231534
14 4 2.1345860950929936
14 5 2.2456896543290723
14 6 2.3283885890799993
14 7 2.324539974577853
14 8 2.8194076733374818
14 9 3.051597180350793
14 10 2.9405942957613087
14 11 3.0589431181381608
14 12 2.7203497403936154
14 13 3.2276635150624733
14 14 3.7473712714100786
14 15 2.665235272553196
14 16 2.930053261955385
14 17 2.738234025572577
14 18 3.487711881404097
14 19 3.3276914042195407
14 20 4.211549798624929
14 21 3.532545290646462
14 22 2.3458359784798573
14 23 3.101897812699209
14 24 2.769939250855837
14 25 2.5644395053439903
14 26 3.449600720577818
14 27 2.741086675965716
14 28 1.7644260556095448
14 29 2.183011125224187
15 0 2.155461287577986
15 1 1.756503625072771
15 2 2.42614887184518
15 3 2.123830329213106
15 4 2.18956289062979
15 5 2.2916406336990605
15 6 2.3509263192733463
15 7 3.000628811963733
15 8 2.523198102640272
15 9 2.281570982072094
15 10 2.5110060858076326
15 11 3.675928478826048
15 12 3.7307903313355646
15 13 3.0955985324481534
15 14 3.369963247489562
15 15 3.58824096577424
15 16 3.4464446828936692
15 17 2.9764453941708657
15 18 4.102921260192152
15 19 3.372540907637419
15 20 3.547553124940458
15 21 3.392396450112241
15 22 3.191036444171489
15 23 3.131384988594989
15 24 2.9620779430713764
15 25 2.6846194706941473
15 26 2.7000600798109358
15 27 2.443325457782059
15 28 2.3724730118518425
15 29 2.9807334243703365
16 0 1.7021040786158033
16 1 2.2810760781124397
16 2 2.6149202725398326
16 3 2.084571458640238
16 4 2.02285988887599
16 5 2.2986944788819828
16 6 2.897575901863883
16 7 2.2601483332113004
16 8 2.5695220497767366
16 9 3.200207148170564
16 10 3.241645652714261
16 11 3.494433278446453
16 12 4.115067361105137
16 13 3.4433172138151806
16 14 2.930053261955385
16 15 3.0016941888359057
16 16 4.079356361739169
16 17 3.1446596774233937
16 18 2.823892464076833
16 19 3.065942987974389
16 20 3.7427847207854246
16 21 2.717363730741179
16 22 2.6652921413560042
16 23 3.008888133119076
16 24 2.7283026597262428
16 25 2.979582353714139
16 26 2.3286393764684257
16 27 2.699294704849727
16 28 2.5972360989532954
16 29 2.725070430582755
17 0 1.4261025883041296
17 1 2.2959157249870716
17 2 2.167990192302039
17 3 2.1442438157795007
17 4 2.510027620996941
17 5 2.509119158410637
17 6 2.627131262994045
17 7 2.7893733554035016
17 8 3.326405967201996
17 9 3.1113980715976153
17 10 2.7747457250995575
17 11 3.434501689911955
17 12 4.183865648771999
17 13 3.7854852697561965
17 14 4.1148175707670624
17 15 3.5074180870466822
17 16 3.3659585463181854
17 17 3.6212679557263505
17 18 3.1908921709009905
17 19 3.5852042417142647
17 20 3.2871195254543415
17 21 3.3049761364298074
17 22 3.081241119200732
17 23 3.39595141160679
17 24 2.7335099159182636
17 25 2.9412588114328915
17 26 2.7872339471302956
17 27 2.5071732858840763
17 28 2.262300460311424
17 29 2.344369151630156
18 0 1.7968612763543468
18 1 1.9926994896740553
18 2 2.645473746344017
18 3 1.8786539521256451
18 4 2.278154222132177
18 5 2.772143461810194
18 6 2.704515146137972
18 7 2.855961664958565
18 8 3.093853303005122
18 9 3.223911011311087
18 10 3.326544550041663
18 11 3.8210186778207236
18 12 3.569427129785091
18 13 4.545117109801035
18 14 4.016444929934791
18 15 3.76338349748873
18 16 3.2645613071580244
18 17 3.270630503175705
18 18 3.0633400618820645
18 19 3.1143988237019373
18 20 3.168533523219478
18 21 3.0879443640667366
18 22 3.228399912718722
18 23 2.9955552156606697
18 24 3.204416836958216
18 25 2.81352048644793
18 26 2.5730213770692276
18 27 2.8358932877222283
18 28 2.6878025342733176
18 29 2.218687503153344
19 0 2.0133839640297495
19 1 2.1899091835474604
19 2 2.300842029622001
19 3 1.937829599014726
19 4 2.2705336052779725
19 5 2.5654577776686303
19 6 2.720178343577681
19 7 2.485239439398756
19 8 2.623971100802101
19 9 2.7841960669297556
19 10 3.387597422003159
19 11 4.384541396133988
19 12 5.290469970112803
19 13 5.036976564890885
19 14 5.926510366394225
19 15 4.921624262474805
19 16 3.775881957860703
19 17 2.6287733375778006
19 18 3.3411525100243207
19 19 3.1936252839535104
19 20 3.455137742189394
19 21 2.9216004215538947
19 22 3.4136758882857317
19 23 2.563304853014264
19 24 3.623843244339189
19 25 3.0111733627188446
19 26 2.839557748482511
19 27 2.37765802664559
19 28 3.168116490818048
19 29 2.800645456602101
20 0 2.0352075109903445
20 1 1.554899849823914
20 2 2.419874489507739
20 3 2.1454458703484693
20 4 2.181452667085963
20 5 2.3464690813150506
20 6 2.8284178434112017
20 7 3.0688004698945828
20 8 2.9798178137075304
20 9 3.355206625422288
20 10 3.4360850498044093
20 11 4.327439002460567
20 12 4.720442258961257
20 13 11.796304796022417
20 14 4.871835952739554
20 15 4.55279780373471
20 16 4.331496391663192
20 17 3.3079242282300827
20 18 3.8528134236978833
20 19 3.591344931637777
20 20 3.0278118371413543
20 21 2.5555955720586425
20 22 3.216191679632664
20 23 3.2410157256524883
20 24 2.6474148802758273
20 25 2.7121170428842536
20 26 2.9769442203096226
20 27 2.304306955026301
20 28 2.9917577192427345
20 29 2.654482625743524
21 0 1.9640446625930108
21 1 2.3218254559676144
21 2 2.1165818389260664
21 3 1.8718920430479593
21 4 2.244935162084097
21 5 2.00126965811908
21 6 3.3164012122279294
21 7 2.6249336203978353
21 8 3.3820105889973315
21 9 3.614601898722383
21 10 3.4408194382124107
21 11 4.047198286647742
21 12 4.9597194943202085
21 13 6.363316385062017
21 14 5.087654149443196
21 15 4.500709928250117
21 16 2.8514987179318823
21 17 3.107441674168854
21 18 2.9278044432004253
21 19 3.518020083002314
21 20 3.1093108136776477
21 21 2.6802754608537414
21 22 3.3146405222109454
21 23 3.246097733375549
21 24 3.3094442470916325
21 25 3.3428986063792245
21 26 2.762974178903911
21 27 2.846794603500917
21 28 3.167018464926667
21 29 2.7081633151133757
22 0 1.8804569254213341
22 1 2.0303247691145647
22 2 2.274041138899063
22 3 2.326717268858402
22 4 2.7698588739474355
22 5 2.1234977205543886
22 6 2.9493242384806204
22 7 2.48734876295193
22 8 3.3610404645038683
22 9 2.824601578852566
22 10 3.084303618137685
22 11 4.032139539023143
22 12 4.206574166935602
22 13 4.367537205095581
22 14 4.047368794135466
22 15 4.063851180843618
22 16 3.6826341401572202
22 17 3.888612849413873
22 18 3.1705604096931723
22 19 2.7747269912021015
22 20 3.290263148032064
22 21 3.127999368997287
22 22 3.667114736066782
22 23 2.8576783125036065
22 24 2.8442466356437026
22 25 3.0176925435931246
22 26 2.7680947447364477
22 27 3.2089213003456236
22 28 2.338838489486515
22 29 2.4446935978826567
23 0 2.0507407667404136
23 1 1.9647543908553986
23 2 2.122135186508485
23 3 2.4682420084583425
23 4 2.2556537580305576
23 5 2.5542297009014727
23 6 2.685806629254537
23 7 2.232017922596456
23 8 2.998722117651488
23 9 3.0708502470601005
23 10 2.8013415359590352
23 11 3.337229408354377
23 12 3.1090460557923767
23 13 4.751015582193346
23 14 3.3889322449300727
23 15 2.8729050989270126
23 16 3.42265272485657
23 17 3.4302115934521344
23 18 3.2546702242721435
23 19 2.9976971433667257
23 20 3.074511299360931
23 21 2.8064151072301677
23 22 3.0567809222202276
23 23 3.551188916874992
23 24 3.160794403337445
23 25 3.155753702125087
23 26 3.526917608647459
23 27 2.632517888737384
23 28 2.7451657000566834
23 29 2.4684413681507364
24 0 2.0335479476805673
24 1 2.1331300176157217
24 2 1.9016062408648002
24 3 2.133708098996205
24 4 2.1421866095729074
24 5 2.020500071973575
24 6 1.9596429969393785
24 7 2.226394627606407
24 8 2.8908666884231162
24 9 2.968090676248239
24 10 3.748877587126446
24 11 2.617793200467771
24 12 3.1927879812116986
24 13 3.7527372785548083
24 14 3.4557562038020824
24 15 3.550343360081043
24 16 2.999166141867984
24 17 3.804721675658257
24 18 3.1547694073093733
24 19 3.587619807368453
24 20 2.8051221482787927
24 21 3.0407448711921043
24 22 3.109852564187793
24 23 3.3856652530713607
24 24 4.13232516794334
24 25 4.223697564451819
24 26 3.429951359198648
24 27 3.5418202869469244
24 28 3.273846737317645
24 29 2.8808147534327992
25 0 1.6413103335212338
25 1 2.1697900460595956
25 2 1.8440996866223789
25 3 2.3038380659293796
25 4 2.408495247720895
25 5 2.150878613977699
25 6 2.5783375438132756
25 7 2.5559969637689974
25 8 3.1002075390960515
25 9 2.5059966922500894
25 10 3.1231067514241215
25 11 3.1497046720932276
25 12 2.3802568448627692
25 13 3.2359345702913904
25 14 2.743244543449091
25 15 2.7862645353853415
25 16 2.7481523578418776
25 17 3.082496723781505
25 18 3.0121282144655193
25 19 2.675184555456201
25 20 3.1551046987214466
25 21 3.064083351540317
25 22 3.4000802752825665
25 23 3.028402895756745
25 24 4.368932017594385
25 25 7.246981246509676
25 26 4.300929058485098
25 27 3.2821268567729587
25 28 2.9549969164842516
25 29 3.088684698088253
26 0 1.7094361552433286
26 1 2.081469457810591
26 2 1.875015340453434
26 3 1.8683086807254354
26 4 2.390336139725013
26 5 2.0217790213456963
26 6 2.3070614852351183
26 7 2.274715098693582
26 8 2.383905583618163
26 9 2.8439410508833953
26 10 2.4727697528705437
26 11 3.548512138626394
26 12 2.8372237220491416
26 13 2.8670020073127946
26 14 2.3630280647844057
26 15 2.827584591967343
26 16 2.8632597509487945
26 17 2.885672214145141
26 18 3.396243596863389
26 19 2.7674222202737186
26 20 2.982518618650017
26 21 3.020506588074551
26 22 3.551438608749534
26 23 3.090463773683814
26 24 3.8835614644716046
26 25 4.192603788616923
26 26 4.321759121505551
26 27 3.460933567399591
26 28 3.2658077357183712
26 29 2.614568790755666
27 0 1.6675490842125853
27 1 2.1122466060174445
27 2 2.1511081093537077
27 3 1.702523823570059
27 4 2.345895622817885
27 5 2.5099425950471357
27 6 2.0036815855389793
27 7 2.358679992617177
27 8 2.587555127853936
27 9 2.729773402932318
27 10 2.3765575026140406
27 11 2.8990735914988206
27 12 2.255548076569396
27 13 2.354045007451327
27 14 2.6286777918716746
27 15 2.8433772424358965
27 16 2.857716114254881
27 17 2.8884963603182583
27 18 3.30277071656906
27 19 3.085674132488511
27 20 2.901395582267309
27 21 2.8989786122622494
27 22 3.4637117252619993
27 23 3.596903957887185
27 24 3.2710103010004796
27 25 3.177191720012278
27 26 3.164541190603204
27 27 3.408571697418188
27 28 2.8241234053741993
27 29 2.8765668551224794
28 0 1.721660600258191
28 1 1.897802531794067
28 2 1.8775878699947046
28 3 1.847836674226696
28 4 2.2950913785717133
28 5 2.511414048442817
28 6 2.244624132456525
28 7 2.5928267168006616
28 8 2.0375222886009454
28 9 2.3834279372725384
28 10 2.233554248872371
28 11 2.455616622011965
28 12 2.5239797711239014
28 13 3.003494332860384
28 14 2.666999558948395
28 15 2.6968114781428256
28 16 2.4451192101259305
28 17 3.3233087161368142
28 18 2.1870302014080583
28 19 2.5384830452590283
28 20 2.8840982284016907
28 21 2.3003628747614777
28 22 3.284875982819758
28 23 3.163663308082689
28 24 2.885960306289133
28 25 3.209059352498148
28 26 3.057746667718765
28 27 2.9456941867374953
28 28 2.5794385364064496
28 29 2.615185926026889
29 0 1.6411904426398678
29 1 1.6725275521124168
29 2 1.7876536571339647
29 3 1.923105389177735
29 4 1.806247599866249
29 5 1.9529241675310656
29 6 2.574658680769516
29 7 2.0445645513543487
29 8 2.160233918002371
29 9 1.8900721982841224
29 10 2.5356183894290334
29 11 2.8472620354976907
29 12 2.7022577513394883
29 13 2.4374180689189733
29 14 2.134336787996891
29 15 2.478375799736586
29 16 3.0907048550952205
29 17 2.51495581526386
29 18 2.8134726177669855
29 19 3.127252733588445
29 20 2.871570504284822
29 21 3.3591915083332373
29 22 2.417479208703178
29 23 2.4213782079003185
29 24 2.387498122358652
29 25 2.7689666914766553
29 26 2.6300876340954433
29 27 3.082959670174168
29 28 2.7265815111736895
29 29 2.1165127202910963
