0 0 1.90946245019322
0 1 1.6450958199612211
0 2 1.6512282422282814
0 3 1.7619214351753483
0 4 1.963040274894906
0 5 2.088834228064971
0 6 2.720066837749747
0 7 1.9899669850262793
0 8 1.6735571889860734
0 9 1.7817566534754856
0 10 1.6183770025311428
0 11 2.1693689749515195
0 12 2.477319840694367
0 13 2.4962981744787194
0 14 2.698598011921631
0 15 1.9750075798583344
0 16 2.08873804187134
0 17 1.8019419166630684
0 18 2.007278051617998
0 19 2.0646841842904116
0 20 2.4607001316930166
0 21 2.0966777353481594
0 22 1.9129577223548648
0 23 1.6380002690723652
0 24 1.6594544815322207
0 25 1.5711473466987922
0 26 1.7007729259962552
0 27 1.786233935267997
0 28 2.02696577142289
0 29 1.7905542259863154
1 0 2.1087577065811116
1 1 1.7681136248204157
1 2 1.6116446432381466
1 3 1.7500093311506428
1 4 1.932355177973762
1 5 2.18166397301116
1 6 2.0744626233498873
1 7 1.7378894643572407
1 8 2.704805225391972
1 9 2.585787203619644
1 10 2.637958570948629
1 11 2.6546496630583065
1 12 2.0508748692628123
1 13 1.9298715276762661
1 14 1.9706150186379823
1 15 2.253138507237162
1 16 2.616659771449641
1 17 2.0338747094573697
1 18 2.320534103373198
1 19 1.656933210655356
1 20 1.7487480433257956
1 21 1.5934962349263178
1 22 2.0926859618147424
1 23 1.7882012119966695
1 24 1.8836124446281197
1 25 1.9365906693674744
1 26 1.7224014856093925
1 27 1.4795052891740028
1 28 1.52775920427257
1 29 1.7702872430409147
2 0 1.9826378875038502
2 1 2.053082794611671
2 2 1.879627846506538
2 3 1.899888901984526
2 4 2.180664010825391
2 5 1.959487724619715
2 6 1.8743642738181425
2 7 2.3237967052256376
2 8 2.19965654489938
2 9 2.2615027507476384
2 10 1.959159139792418
2 11 2.593314697486808
2 12 2.547409364543816
2 13 2.5815947615084167
2 14 2.443717324323595
2 15 2.2405805854678125
2 16 2.1365711607603246
2 17 2.0003191857070424
2 18 2.179482946579069
2 19 2.3366657455869864
2 20 2.288894402234327
2 21 1.9897197863568055
2 22 1.6568732042069176
2 23 1.6476877353982626
2 24 2.0985542324018533
2 25 2.0957518917495657
2 26 2.5034676417337254
2 27 2.0307858242521495
2 28 1.6360229258903336
2 29 1.682197155712665
3 0 1.733979278643926
3 1 1.7724630625393223
3 2 1.8023296350713902
3 3 1.92673259705734
3 4 1.9233466910415982
3 5 2.268507822664038
3 6 2.460760825714601
3 7 2.330016959322037
3 8 2.1385346485788834
3 9 2.590845868456967
3 10 3.1411972254641825
3 11 2.275585115434012
3 12 2.481074143614797
3 13 3.1175338138522157
3 14 2.31782463577241
3 15 2.388236127367634
3 16 3.405295576220808
3 17 1.9757055288456566
3 18 2.1744062484928834
3 19 2.1600726290248575
3 20 2.2119363461490043
3 21 2.0720599130669535
3 22 1.7889830510015705
3 23 2.146606117831477
3 24 2.1340865691373887
3 25 2.0002592842442293
3 26 1.806583441532852
3 27 2.763276548954681
3 28 1.957769869457456
3 29 1.6949663875486856
4 0 1.626108037473471
4 1 1.9369780270187495
4 2 2.125635300737855
4 3 2.28580037905799
4 4 2.0610720863958414
4 5 2.4481302866867964
4 6 2.119141816472795
4 7 2.5481976181963772
4 8 2.695885560987585
4 9 2.5342315380719715
4 10 2.142568881402815
4 11 2.5137812870636025
4 12 2.2515956328974904
4 13 2.3894814921599514
4 14 3.045095637452162
4 15 2.3171572831634677
4 16 2.8110765246337492
4 17 2.459656393522038
4 18 3.529123139722401
4 19 2.472290950987533
4 20 2.0573165039800645
4 21 1.8685181915631475
4 22 2.1803800536417266
4 23 1.970858548447278
4 24 1.9617655946680734
4 25 1.9394346311662067
4 26 2.0371914772823114
4 27 1.9839654184441649
4 28 1.7273010914081859
4 29 1.9108249327027982
5 0 1.5472588289955678
5 1 1.872322205607537
5 2 2.068880668235082
5 3 2.0519495930587546
5 4 2.086743561878474
5 5 1.5843431565091497
5 6 1.9598208643769044
5 7 2.4907992043525624
5 8 2.6538004795340697
5 9 2.8687629685889724
5 10 3.083185423384471
5 11 3.3249706434553667
5 12 2.7681882961488586
5 13 3.473196295877396
5 14 2.5237347744194247
5 15 3.085129378140927
5 16 3.0683555557358644
5 17 3.0865295850281185
5 18 2.6221723084502684
5 19 2.3951999346014925
5 20 2.1984837138208633
5 21 2.313064129767052
5 22 1.9252915538176236
5 23 2.348855633450486
5 24 2.0955306310631103
5 25 2.0006685549771346
5 26 1.5977110062416198
5 27 2.428967130573247
5 28 1.7706333750201195
5 29 1.8258913215383656
6 0 1.6949773616596169
6 1 1.9009038203513402
6 2 1.638035799745902
6 3 2.73136220439215
6 4 1.8136671759483944
6 5 2.72893648464383
6 6 2.7416742111691383
6 7 2.0797963120909784
6 8 3.0118153961250234
6 9 2.8140202967596304
6 10 3.2653558617516083
6 11 2.556087973239152
6 12 3.1950808375147535
6 13 3.478496077964046
6 14 3.268298652821467
6 15 2.4146127689039125
6 16 3.070507495885734
6 17 2.7216724511006096
6 18 2.252959951691711
6 19 2.3025119638639926
6 20 2.3828109791522265
6 21 2.8052661514209176
6 22 2.309214768420238
6 23 1.6468883214628989
6 24 2.110232876262002
6 25 2.7403464164136526
6 26 2.196067149581613
6 27 1.8334760530861167
6 28 1.9405581202998619
6 29 2.152567996009733
7 0 2.191855211775639
7 1 1.864549432694231
7 2 2.2283399985431958
7 3 2.410450146432953
7 4 2.139345221536043
7 5 2.8960114408018587
7 6 2.9965812098627085
7 7 2.509532133856523
7 8 2.92167381814514
7 9 3.2363873261310547
7 10 3.1114259612214967
7 11 3.3137126741022698
7 12 3.317515459914449
7 13 3.8826354680995423
7 14 3.2514436179983726
7 15 3.623812693791451
7 16 2.9199792996210747
7 17 3.015119124960126
7 18 2.8166811320792466
7 19 2.80017583720333
7 20 2.1200428879073816
7 21 2.2330863714455145
7 22 3.082545848614685
7 23 1.9383888963756422
7 24 2.4746691764085638
7 25 1.9891971990097155
7 26 2.702675606005573
7 27 2.118500185791558
7 28 2.2364083703305377
7 29 2.0643418681231065
8 0 1.9022578765552487
8 1 1.975469084252995
8 2 2.304332721375824
8 3 2.07161218622246
8 4 2.0644435495529727
8 5 2.291532363283892
8 6 2.7571895428240283
8 7 3.394722282022836
8 8 3.1576539100075665
8 9 3.69595355640983
8 10 3.763493851433891
8 11 3.868411334930346
8 12 3.935877225027844
8 13 4.0010660200586665
8 14 3.5278849549558795
8 15 3.384418526270282
8 16 3.663091796689883
8 17 2.7033443962396224
8 18 2.8329275619720016
8 19 2.3657007748642176
8 20 2.879600884816783
8 21 2.0190756448608917
8 22 2.5160265938205395
8 23 2.413302773548197
8 24 1.9787950394995684
8 25 2.3567949852199117
8 26 1.939494095066339
8 27 2.558185024371425
8 28 2.4995056026801428
8 29 1.7325436839149855
9 0 1.945919672412108
9 1 1.6801369277437772
9 2 2.7512914334820087
9 3 1.7262879664478368
9 4 1.8897745709022353
9 5 2.685520151452929
9 6 2.8315200892328165
9 7 3.545988183581219
9 8 2.5523256643240533
9 9 3.999721880823429
9 10 4.317646911529577
9 11 5.838470723463148
9 12 5.983888455944668
9 13 4.914558684784308
9 14 4.131903434529489
9 15 3.568988311459132
9 16 2.915722292970809
9 17 3.2226912216507504
9 18 3.1187576812569673
9 19 2.998905019865129
9 20 2.882986009683757
9 21 2.5213595699659774
9 22 2.932370148134763
9 23 2.5233124596936727
9 24 2.7497147215945335
9 25 2.4425957568654115
9 26 1.874655832613579
9 27 1.915976427112584
9 28 2.5360482786627947
9 29 1.8412766666889573
10 0 2.1255907217502625
10 1 2.0502525696584413
10 2 2.3837764936271935
10 3 1.9567372519284258
10 4 2.30129050448354
10 5 2.9198280251772855
10 6 3.466872276676856
10 7 3.200144797585404
10 8 3.2709707229633223
10 9 3.040325365617687
10 10 3.8926852588029286
10 11 5.448230162489606
10 12 12.259557072923105
10 13 6.308577081824802
10 14 4.171929262214952
10 15 3.61745375698615
10 16 3.232611584984769
10 17 3.0634565271342895
10 18 2.969107527882039
10 19 3.6074483069729895
10 20 3.185105992281486
10 21 2.763690177584292
10 22 2.941898919773992
10 23 1.9300101433585528
10 24 2.4871329658732484
10 25 2.5919249144800203
10 26 2.1544727738160985
10 27 2.155045448324001
10 28 2.1113346114280898
10 29 2.911056836686657
11 0 2.1871163252684584
11 1 2.2507320917762934
11 2 2.531986434765261
11 3 2.06784420808204
11 4 2.900968833110674
11 5 2.62388491717381
11 6 2.5101364144619636
11 7 2.792314738537957
11 8 2.942976090120826
11 9 3.8773130076398066
11 10 3.3777672055228662
11 11 5.172669780138775
11 12 4.978850529710303
11 13 5.407386433540678
11 14 3.3730334470325603
11 15 3.528367161235439
11 16 3.4539404334027757
11 17 3.1295383468269744
11 18 2.623828442156273
11 19 2.5226064672885853
11 20 3.389293185788277
11 21 3.2983647304757833
11 22 2.40784236108192
11 23 2.7708664692029523
11 24 2.0951091897926886
11 25 2.289926418473443
11 26 3.2530996605725337
11 27 2.3561718416839015
11 28 2.1761396229820944
11 29 2.334978755996579
12 0 2.2462143994851576
12 1 1.9117550049447862
12 2 2.9966315517774245
12 3 1.9146611472363424
12 4 3.491347763579837
12 5 2.5689365353946676
12 6 2.789643425780631
12 7 3.3958849135980698
12 8 2.617822566248571
12 9 4.200088970093193
12 10 3.443352936997649
12 11 4.141128093116174
12 12 4.70722843836389
12 13 3.818397847734472
12 14 3.670779842495811
12 15 2.9650209239487793
12 16 3.201323692247807
12 17 2.5911534419134994
12 18 2.904846347308224
12 19 3.2306650870958045
12 20 2.541321108246023
12 21 2.7030867615181324
12 22 2.4812551293553424
12 23 2.729764309553231
12 24 2.8307677965148703
12 25 2.595563246002828
12 26 2.713516229823631
12 27 3.5034532762164243
12 28 1.915527694257212
12 29 1.8376623141472106
13 0 2.1488024663776284
13 1 1.6899353060263798
13 2 2.44246492807801
13 3 1.570867848992496
13 4 2.471368695689194
13 5 2.497257209262756
13 6 2.5354097195387233
13 7 2.6327587164471704
13 8 3.3516277144643922
13 9 3.459142953995582
13 10 2.675277822267808
13 11 3.6544288162886014
13 12 3.9894341223783694
13 13 3.544732235916068
13 14 3.011758346663065
13 15 3.440634209058951
13 16 3.3125367974892916
13 17 3.7379693422175384
13 18 2.8010718595997326
13 19 3.0175047727699567
13 20 2.9163347623252225
13 21 2.4244574683880127
13 22 2.7898220886261997
13 23 2.6293674292546183
13 24 2.810305068808527
13 25 2.706754156803608
13 26 2.013765382960669
13 27 2.7021806822505887
13 28 2.3267630199815343
13 29 2.729432854380948
14 0 1.8191323233651973
14 1 2.0490565220286756
14 2 2.4288454951159415
14 3 2.313079538617984
14 4 3.175302226525072
14 5 2.497406046153894
14 6 3.082426079707729
14 7 3.2403436352073345
14 8 3.4034216249706453
14 9 2.868706270037823
14 10 2.9244025697245677
14 11 3.3413640115095826
14 12 3.752907440545412
14 13 3.4083910736256158
14 14 3.4909046845268237
14 15 3.061159631686357
14 16 3.0368522108128158
14 17 3.1039284667642058
14 18 3.1397671893348638
14 19 2.932931889260315
14 20 3.099602029426951
14 21 2.6341666890563618
14 22 2.519633903593306
14 23 2.7321723488623593
14 24 2.81970364833031
14 25 2.452951942524308
14 26 2.69055695852958
14 27 2.3781546307976233
14 28 2.4329129824788778
14 29 2.391523579966851
15 0 2.4347585006019727
15 1 2.2691549066623398
15 2 2.414080464094806
15 3 2.174267584831482
15 4 1.9373367439917504
15 5 2.3742915156478555
15 6 1.8927439984609824
15 7 3.051557648414705
15 8 2.7045559013701643
15 9 3.3282123581225154
15 10 3.0015749205163345
15 11 3.3954395423508608
15 12 2.999437827877257
15 13 3.368140445252795
15 14 2.6557330711804856
15 15 3.4451775260128983
15 16 3.4856496559244916
15 17 3.0671173371973115
15 18 3.2691033739170026
15 19 3.1505534727226556
15 20 3.611708140341613
15 21 2.8974207794101563
15 22 3.0552313699387916
15 23 3.0969002583481204
15 24 3.197930025837807
15 25 2.791456753913476
15 26 2.701728112372082
15 27 2.2754216045385767
15 28 2.7158405221101223
15 29 2.4422260436145717
16 0 1.9518125987355586
16 1 1.8266806666926718
16 2 2.7595938776497664
16 3 1.8199278145421252
16 4 2.3230662519968113
16 5 2.6914027164132186
16 6 2.777352368235272
16 7 2.6556535186624237
16 8 2.9785753359871343
16 9 3.6153880492957975
16 10 3.2429095058055624
16 11 3.0982002734960497
16 12 3.3013212057880987
16 13 2.6591654036720507
16 14 3.0368522108128158
16 15 3.4250737137750416
16 16 3.3066691391475795
16 17 3.204079902075652
16 18 3.589319167496345
16 19 3.2910639081109534
16 20 3.2187417894052572
16 21 3.6802944707200425
16 22 3.447411428287995
16 23 2.3148576181007705
16 24 2.8342072885181873
16 25 3.161894440580041
16 26 3.0187421861930157
16 27 2.4854694287636816
16 28 2.506637699589711
16 29 2.7449221120639082
17 0 2.010520612843293
17 1 1.7973017744367468
17 2 2.461740985226854
17 3 2.1546164912412524
17 4 2.111785331291534
17 5 2.555158347695437
17 6 2.4069332056187913
17 7 2.0636956948989083
17 8 2.53497172806384
17 9 2.351678257328983
17 10 2.2273736018856622
17 11 2.3982924610527983
17 12 3.434398165344515
17 13 3.7379693422175384
17 14 3.817597884007096
17 15 3.0471446621374314
17 16 3.2718537002491703
17 17 3.5054009489713187
17 18 4.209149244217608
17 19 4.115834200749935
17 20 3.447597845167434
17 21 4.149543130637286
17 22 3.2041748192065334
17 23 3.7706264381686885
17 24 2.6398222952786017
17 25 2.4054298141267885
17 26 2.524468828814216
17 27 2.4635058467528705
17 28 2.559391440597241
17 29 2.7343496385634865
18 0 1.9380202117157805
18 1 2.2001078224719457
18 2 1.7489600686682865
18 3 2.3865661445463093
18 4 2.176669493706184
18 5 2.543083449957734
18 6 2.3545638681282712
18 7 2.329635990562636
18 8 2.9564367801435965
18 9 3.1935297608900743
18 10 2.921949471543583
18 11 2.832867891318052
18 12 2.904846347308224
18 13 2.978769323976809
18 14 3.530275791674791
18 15 3.27342195371268
18 16 4.110379322957296
18 17 4.786335026701307
18 18 4.6122107339344955
18 19 3.922773086367226
18 20 3.644153216261521
18 21 3.2546457995089004
18 22 3.060038302373318
18 23 3.565215240576648
18 24 2.928783449473695
18 25 3.315119326082961
18 26 3.0410659363893946
18 27 3.033647427339287
18 28 3.087701396339571
18 29 2.19084332684008
19 0 1.9117145978639425
19 1 2.0254091743177303
19 2 1.998430421495216
19 3 2.8964405442339802
19 4 1.7723560899724267
19 5 2.1146991592643194
19 6 2.7817784844568467
19 7 3.0893060315048677
19 8 2.543840864809269
19 9 2.5181789353323083
19 10 2.8334854009701194
19 11 2.5226064672885853
19 12 2.3920414773015657
19 13 2.9531932108301406
19 14 2.8263867624241015
19 15 2.750014767281791
19 16 5.1586076287073945
19 17 7.663342739229316
19 18 5.7152368111465615
19 19 6.153006271598267
19 20 4.433478067655228
19 21 4.381878061067288
19 22 3.200337561971212
19 23 3.1955454979459077
19 24 3.4505795013803096
19 25 3.2184820142909536
19 26 2.9565003957734084
19 27 2.551621022818465
19 28 2.861773871007565
19 29 2.3065708650529597
20 0 1.9867445731996467
20 1 1.8999806560707226
20 2 1.8737962121503724
20 3 2.3515411680907863
20 4 2.1254309540983143
20 5 2.6417696243730204
20 6 2.5482740747790746
20 7 2.2205019779343638
20 8 2.234157022784377
20 9 2.8375377693738484
20 10 3.185105992281486
20 11 3.0115343777832733
20 12 3.244281823690655
20 13 3.542708928618799
20 14 3.817743058825074
20 15 4.182141494102889
20 16 3.922897177024437
20 17 6.072280205066633
20 18 13.340492827983688
20 19 5.874087789915796
20 20 3.972232551501395
20 21 4.478017684259411
20 22 4.174131375471879
20 23 3.004074656818264
20 24 3.3340594681982534
20 25 3.2442533613177016
20 26 2.341274316346093
20 27 2.9570423941819777
20 28 2.1430128987385304
20 29 2.8789410428517623
21 0 1.839937588218841
21 1 1.933655427616468
21 2 1.6716784903511281
21 3 2.1351275342662213
21 4 2.1820993891615124
21 5 1.9247309320878152
21 6 2.044353119098176
21 7 2.71387511940981
21 8 2.543742779104716
21 9 2.5213595699659774
21 10 2.5456631536366356
21 11 3.0079995005927986
21 12 2.8078032595662186
21 13 3.0635459761375
21 14 3.1903398717522062
21 15 4.2577834457452495
21 16 4.466922631924045
21 17 5.336945079855125
21 18 7.297156904953789
21 19 6.06159699314996
21 20 4.743830625476943
21 21 3.630102539329242
21 22 2.6166099860961842
21 23 2.8055914387551457
21 24 3.768504138144324
21 25 2.9441757774446553
21 26 2.843534037454033
21 27 2.9092771820518672
21 28 2.9375993573416297
21 29 2.2859297574789483
22 0 1.6386962072720666
22 1 1.6614005857824838
22 2 1.8856843026109757
22 3 1.6764907657640167
22 4 1.9768330902954039
22 5 1.9314117517888043
22 6 2.042627137547702
22 7 2.8841911196062178
22 8 2.5160265938205395
22 9 2.706137609632574
22 10 2.696129810570748
22 11 3.3608330319777084
22 12 3.041332095634108
22 13 3.0473641474382775
22 14 3.324705409786878
22 15 2.8211545858271148
22 16 4.399946404496027
22 17 4.650573249694486
22 18 4.2540315769861765
22 19 5.012446424802365
22 20 3.61245890081843
22 21 4.3912080464500045
22 22 3.429051667600225
22 23 3.3438130180916725
22 24 4.033413415394511
22 25 3.417688854807255
22 26 3.361493514037233
22 27 2.7140741933692825
22 28 3.1819678854546964
22 29 2.1231477048682876
23 0 1.5877865183595312
23 1 1.7974370609307857
23 2 1.7308038513340893
23 3 2.0667779590328235
23 4 1.8984596336207138
23 5 2.7014581315580384
23 6 2.1892960990593213
23 7 1.9383888963756422
23 8 2.8661117783929573
23 9 2.8569397210204195
23 10 3.0343530945499357
23 11 2.9192844402309612
23 12 3.2304309028938034
23 13 3.883491859957118
23 14 3.7779716158436174
23 15 3.578663552033486
23 16 3.0219583700719017
23 17 3.4591197455395806
23 18 4.602191327924
23 19 4.282863500503075
23 20 3.8935066527957947
23 21 3.5329770737654256
23 22 3.896342338496123
23 23 4.126735200035535
23 24 4.736677387604244
23 25 3.8502015076062612
23 26 3.2789346731244975
23 27 2.6978750961902005
23 28 2.7261606365504525
23 29 2.824039953610125
24 0 1.8014674501224968
24 1 1.9884242974717379
24 2 2.16941230896154
24 3 1.8502969343067681
24 4 2.369552223055031
24 5 2.1931288336487182
24 6 2.110232876262002
24 7 2.2404588174031232
24 8 2.5701429908408815
24 9 2.011901817972503
24 10 2.2391349924690958
24 11 2.6193304705203126
24 12 2.973140746655477
24 13 2.91086743723322
24 14 2.6829453175929157
24 15 2.7345372847073075
24 16 3.7098968089481286
24 17 3.433258962646148
24 18 2.910914455106381
24 19 3.588995031329016
24 20 3.3833239203450036
24 21 3.6696503290058846
24 22 3.7043718776061136
24 23 4.229978743970572
24 24 3.85134611200868
24 25 4.50761830099772
24 26 3.9186601183302
24 27 3.8715975374541354
24 28 2.5053575076507593
24 29 3.1380337269751615
25 0 1.5832164516349585
25 1 1.7948387480424157
25 2 1.9881891512568246
25 3 1.8887313377386397
25 4 2.0074075002612757
25 5 2.0006685549771346
25 6 2.2011069834679393
25 7 2.113755366665684
25 8 2.4993116633504022
25 9 2.282571758941979
25 10 2.3664158197698426
25 11 2.1749389424645686
25 12 2.8946638089886516
25 13 2.4214264239016856
25 14 2.2705375866822974
25 15 2.9404062576486205
25 16 2.7066476617410538
25 17 3.6454593829404707
25 18 2.8428151078416497
25 19 3.3435848947870515
25 20 2.8657664963093508
25 21 3.4145388171411244
25 22 4.3813814589722035
25 23 4.422347730811179
25 24 4.041852780785841
25 25 6.491299172171151
25 26 5.024730455394775
25 27 3.739443609575955
25 28 3.141791923936652
25 29 3.085570041202331
26 0 1.6955889386922565
26 1 1.829359649548957
26 2 1.8143919027394937
26 3 2.281091085420701
26 4 2.0371914772823114
26 5 2.014312205289646
26 6 2.533637771805232
26 7 2.259120632998443
26 8 1.968682236704046
26 9 2.395425174361272
26 10 2.534596498018615
26 11 3.09585278942601
26 12 2.9228662492634476
26 13 2.5689249005790376
26 14 2.8065823974974706
26 15 3.1317828905274214
26 16 2.8106824456322386
26 17 2.7481321558994067
26 18 2.8816764829394583
26 19 2.7831965385424673
26 20 3.014372771084367
26 21 3.252489674544623
26 22 2.8034520671851166
26 23 3.8300720957776937
26 24 3.590982132849202
26 25 4.217679006068344
26 26 3.797736184677445
26 27 2.836879832649505
26 28 2.8136223140921683
26 29 2.7662071824151866
27 0 1.8509412362694493
27 1 1.8356999603328392
27 2 1.8524468068599635
27 3 2.763276548954681
27 4 2.258490218068921
27 5 2.266820594946487
27 6 1.893447727513897
27 7 2.3950264104000327
27 8 2.082696686241201
27 9 1.9581396066437866
27 10 2.784119391193006
27 11 2.754528100521804
27 12 2.22372493860596
27 13 2.7556183199660396
27 14 2.7104732063678023
27 15 2.6136677618219757
27 16 3.2032605459589956
27 17 3.423218456021581
27 18 2.719509192778255
27 19 3.1381958600862725
27 20 3.206125749734528
27 21 3.1544606618674993
27 22 2.928862670903131
27 23 3.3521470405836493
27 24 3.39663528877803
27 25 3.4850167887702033
27 26 3.387066143920159
27 27 3.0456868155581627
27 28 3.450234313207965
27 29 2.450787196694303
28 0 1.7351481782481175
28 1 1.860239920368291
28 2 1.6360229258903336
28 3 1.4644394468017534
28 4 2.156514034954258
28 5 2.478981061790863
28 6 1.5600057975736987
28 7 1.7585187489905496
28 8 2.2969081447180923
28 9 2.4359123135557805
28 10 1.8433544505807142
28 11 2.035404311660674
28 12 2.8907740925743934
28 13 2.8410646949853207
28 14 2.545888594230939
28 15 2.4775332789650717
28 16 2.6493876511698433
28 17 2.818702606560396
28 18 3.2524364993836787
28 19 2.668611622953396
28 20 2.5533122498388034
28 21 3.185463018577358
28 22 3.046688468180475
28 23 2.989603626418146
28 24 2.9639601147004155
28 25 3.405750719241888
28 26 2.774615039746221
28 27 2.8996074769918003
28 28 2.8315378639429127
28 29 2.3571271168934054
29 0 2.008609631678056
29 1 1.7702872430409147
29 2 1.7223129903395384
29 3 1.4301198553213303
29 4 1.4959873647522066
29 5 2.0768480408081498
29 6 1.9754959785129416
29 7 1.8616601819736585
29 8 1.7372246870515098
29 9 2.7332224175927253
29 10 1.8862181820159831
29 11 2.2792203440702217
29 12 2.3506709099120515
29 13 2.4717903167586446
29 14 2.121557341666792
29 15 2.7979012024133394
29 16 2.8532408141288736
29 17 2.748207073429568
29 18 2.4557968018324843
29 19 2.499394205010521
29 20 2.7972397749932094
29 21 3.166447576523553
29 22 2.7091363786915474
29 23 2.5621209834319054
29 24 3.2681358477712013
29 25 2.571551186970424
29 26 2.685179578852603
29 27 2.4940000690790414
29 28 1.997560849200912
29 29 2.6859527375538392
