0 0 1.6280689990297754
0 1 1.3259345330944925
0 2 1.9618350315267359
0 3 2.377532006747591
0 4 1.8263421684018022
0 5 1.821083022446144
0 6 1.533336358865549
0 7 1.8785683964085684
0 8 2.12037791231917
0 9 1.7919898118840396
0 10 2.0135210281975637
0 11 1.637559556823688
0 12 2.4381152404062636
0 13 1.8374888456896044
0 14 2.5745406095458003
0 15 2.3032242591222563
0 16 2.2012738137161354
0 17 2.1306173399078294
0 18 2.469573699745545
0 19 2.0580896671031765
0 20 2.2294428886561426
0 21 1.9370525207508364
0 22 2.0028374678679155
0 23 1.9824587049701738
0 24 2.3549291281862765
0 25 1.7773035336122216
0 26 1.9210765241844576
0 27 1.613018911442827
0 28 1.547617336709732
0 29 1.5568382284893103
1 0 1.8076340229266679
1 1 2.027919605696509
1 2 1.9592849871481175
1 3 1.7379054209251432
1 4 1.8493535139844273
1 5 1.8742186144786046
1 6 2.033058899544528
1 7 2.1037251679328524
1 8 1.7728300207856562
1 9 2.059681588541589
1 10 2.020019103538569
1 11 2.274314141554916
1 12 1.9738952258758056
1 13 2.534901106030868
1 14 2.2819686157273633
1 15 1.81736275934563
1 16 2.076804215758598
1 17 1.7118475680107348
1 18 2.074389105092694
1 19 2.4327942265861364
1 20 2.438225462337915
1 21 2.2582976694751857
1 22 2.0982555535599525
1 23 1.9455584013141285
1 24 1.9671736455590156
1 25 2.129690802353401
1 26 1.8894215435299144
1 27 2.2276782410368123
1 28 1.582249166298469
1 29 1.681463238877718
2 0 1.8451598165495378
2 1 1.8171126502493216
2 2 1.7992900557811913
2 3 2.098649124716267
2 4 1.9383008682061778
2 5 1.913045903114812
2 6 1.8601271172354892
2 7 2.030375393327261
2 8 1.7654453263296115
2 9 2.474317218241228
2 10 2.5849489747640644
2 11 2.214722805037466
2 12 2.2693524319652787
2 13 2.6325269183329496
2 14 2.1329418405518616
2 15 2.2374463922563184
2 16 2.689432840695368
2 17 2.5960569415203456
2 18 2.589676926331016
2 19 2.493925136122363
2 20 2.0433179149523313
2 21 2.2116469026733045
2 22 2.2446207685461004
2 23 2.1515714925698046
2 24 2.384402500988617
2 25 2.0755060529121527
2 26 1.8224012225670951
2 27 2.0958787689873866
2 28 2.342146258059218
2 29 1.6257411850212296
3 0 2.11879526533275
3 1 2.306367443359193
3 2 1.7871697872583014
3 3 1.8669261919305833
3 4 1.9405917640674284
3 5 2.013383980645861
3 6 2.2748917564099314
3 7 1.89474346903018
3 8 2.362580723372079
3 9 2.3858750809030944
3 10 1.862894492560641
3 11 3.0943647084015846
3 12 2.435208125999611
3 13 2.3754765308251664
3 14 2.1619548762566905
3 15 2.2390580588570024
3 16 2.5011612758035686
3 17 2.7051320771448024
3 18 2.3267910870234787
3 19 2.40490106066472
3 20 2.9514778510474033
3 21 2.1891627061959555
3 22 2.194017187999961
3 23 2.3848843738925014
3 24 2.1893699342750104
3 25 2.1454426491092695
3 26 1.744755435650703
3 27 1.8906435800654053
3 28 1.9176320139696619
3 29 1.9487734468169102
4 0 1.7522489896197209
4 1 1.9678754768758595
4 2 1.7568801952747255
4 3 1.506824458635832
4 4 1.9023618567224592
4 5 1.9378203972829497
4 6 1.6785846716303163
4 7 2.2361598396601208
4 8 2.1328458088134727
4 9 1.588681132622407
4 10 2.0296005855508605
4 11 2.8689801505679786
4 12 2.6874880396069813
4 13 3.0986581929410244
4 14 2.6662662889800273
4 15 2.8641468120573395
4 16 2.453618479190297
4 17 2.4727237675324174
4 18 2.7219240638910414
4 19 2.442688814037907
4 20 2.8035309413123315
4 21 2.657732740007765
4 22 2.599452727818082
4 23 2.149297813731782
4 24 1.7493319043303432
4 25 2.3233446688524677
4 26 2.309276855735664
4 27 2.018562222875432
4 28 2.0617508821069372
4 29 2.0442914987983194
5 0 2.0742967188960404
5 1 1.5193743925307777
5 2 1.7573530181484742
5 3 1.9377508406978616
5 4 1.8537235680366257
5 5 1.962478314603942
5 6 2.518370383787455
5 7 2.1381890693837207
5 8 2.3351403967181894
5 9 2.1353450398981835
5 10 2.3700088578330165
5 11 2.3934969249988995
5 12 2.4401165930661457
5 13 2.722876717596261
5 14 2.9301972429991463
5 15 3.298145563923927
5 16 2.637077581156443
5 17 2.9807750642546
5 18 2.7900003790926178
5 19 2.741557597750678
5 20 2.5602282789951802
5 21 2.5518545436027935
5 22 2.558965650224754
5 23 2.436351842798047
5 24 2.0429024214154268
5 25 1.901010021042374
5 26 2.1485398427995923
5 27 2.242755803146395
5 28 1.9826183030848628
5 29 2.0173115765321863
6 0 1.7240818506998539
6 1 1.764424632025851
6 2 1.9506559666408423
6 3 2.217172692969174
6 4 1.8978436673653059
6 5 2.191795336421106
6 6 2.1481294261265083
6 7 2.141877932439425
6 8 1.81256836427818
6 9 2.127259130382724
6 10 2.2812485336443538
6 11 2.5405984859631423
6 12 2.5491440969941825
6 13 2.716534448352959
6 14 3.1443768949408284
6 15 2.6369284042637267
6 16 3.2040699398458035
6 17 2.857965164083783
6 18 3.4312412965532118
6 19 2.70296694931252
6 20 2.5025479342328825
6 21 3.5215564493156526
6 22 2.9121944053484734
6 23 2.042450892037694
6 24 2.768864697346628
6 25 3.2221374303401533
6 26 2.0940343447921648
6 27 2.2734981048322207
6 28 2.142615669615411
6 29 2.4310357372644917
7 0 1.7487815497410506
7 1 2.072348297866931
7 2 2.400851141349937
7 3 1.7920132928026435
7 4 1.6667073949284552
7 5 2.37911804702643
7 6 2.3279696031381016
7 7 2.2706636706111722
7 8 2.535531784979696
7 9 2.617690851682361
7 10 3.015778909498065
7 11 3.133538424663141
7 12 3.1116833126961567
7 13 3.3347095710310932
7 14 4.687923646582164
7 15 3.134696716171399
7 16 3.7916215479338584
7 17 4.512862814779471
7 18 3.096843035454073
7 19 2.8241876516162288
7 20 3.1198478442408213
7 21 2.9511722642006557
7 22 2.693638138382847
7 23 2.41943718392366
7 24 2.302572932877295
7 25 2.411177651679165
7 26 1.9155036698318035
7 27 1.834695025229073
7 28 1.7339692202569474
7 29 2.0839057012132196
8 0 1.9576920816037537
8 1 2.0582539221663305
8 2 2.144913746204773
8 3 2.038584703972813
8 4 2.1825325166821736
8 5 1.9800888528961547
8 6 2.7134857159037478
8 7 2.6738376302613456
8 8 2.408204322542936
8 9 2.1188796435582766
8 10 2.406183548355472
8 11 3.1085723543427366
8 12 2.9934180444421843
8 13 3.3344402409357206
8 14 3.1472463130019324
8 15 3.5249576645496945
8 16 3.7777149096337417
8 17 3.4662732142629715
8 18 3.9440961060831694
8 19 3.3395414861523998
8 20 3.505075351517443
8 21 2.789572887341998
8 22 3.017741845011856
8 23 3.1073011792023064
8 24 2.916983733545504
8 25 2.6599062651950387
8 26 2.276144302795242
8 27 2.0049092223121168
8 28 2.6225633508315074
8 29 2.1906641712703108
9 0 1.6499122637620898
9 1 2.159253862757693
9 2 1.7320684079967579
9 3 1.975123656231066
9 4 2.619076101885702
9 5 1.7521177699113253
9 6 2.275969894425282
9 7 2.5314051864768454
9 8 2.597517822984065
9 9 2.666145475331449
9 10 2.9482036720797358
9 11 3.3119257852645805
9 12 3.718083226066479
9 13 2.8441431787892104
9 14 3.211379454844802
9 15 4.692032552161132
9 16 5.632658109571951
9 17 4.941533535702312
9 18 4.5988998953015905
9 19 3.253847928655501
9 20 3.109655063005242
9 21 2.975376325521171
9 22 2.619949234430214
9 23 2.234835339845746
9 24 2.2943213813197523
9 25 2.458748491072935
9 26 2.3301476863218653
9 27 2.167196725022685
9 28 1.6902929582080637
9 29 2.004454382579699
10 0 2.0774866368790192
10 1 1.853030231580996
10 2 1.906291118387398
10 3 2.3711534899718476
10 4 2.5679780228222553
10 5 2.00015274603701
10 6 2.2444148887392767
10 7 2.939305074732498
10 8 2.376790526362909
10 9 2.4065377477651375
10 10 3.223520851098066
10 11 2.769852053534412
10 12 3.76738339012525
10 13 3.7197588647419764
10 14 4.69695625679577
10 15 6.07283207594557
10 16 12.152145739950901
10 17 5.490089247142322
10 18 4.433798056057826
10 19 3.9162256435030733
10 20 3.875651569999478
10 21 3.4522701841493593
10 22 2.978127831213817
10 23 2.7874350614123156
10 24 2.7656659632681815
10 25 2.8010421146554605
10 26 2.714100930223153
10 27 2.6527195120858527
10 28 1.735898043116273
10 29 2.0001539768611267
11 0 2.0928773846633923
11 1 2.2149613595933935
11 2 1.80493699485554
11 3 2.2198254272723705
11 4 1.9463073117029854
11 5 2.6123969972123904
11 6 3.5301570098214716
11 7 2.5592245252290247
11 8 3.5332053811046378
11 9 2.890167306351213
11 10 3.0017696065037676
11 11 2.958985935744857
11 12 3.513821516423935
11 13 3.6923556217893174
11 14 4.513192486461712
11 15 4.539708170477565
11 16 5.471531170170312
11 17 4.632245548206951
11 18 4.775077475032371
11 19 3.091226714399919
11 20 3.2347865112702423
11 21 2.759938162873978
11 22 2.8703603068364214
11 23 2.784410595022758
11 24 2.598132091012825
11 25 2.571956949853351
11 26 2.240841193315856
11 27 2.5907346947417635
11 28 2.3442024475522047
11 29 2.3793973535728323
12 0 2.1771102174914803
12 1 1.9287162880244493
12 2 1.777336189052482
12 3 2.2801468413829444
12 4 2.213984555732638
12 5 2.0664651475050895
12 6 2.7799944645649584
12 7 2.151751043915014
12 8 2.903605384620621
12 9 3.4873459421330226
12 10 3.2290410528805125
12 11 3.3879884777961573
12 12 3.1250449524989787
12 13 3.0822514856943513
12 14 4.025791400800682
12 15 3.7154622366400267
12 16 5.181973698578746
12 17 3.7368190210039187
12 18 5.339767710024383
12 19 3.251526742005431
12 20 4.099385764724066
12 21 2.833973187233243
12 22 3.727283940750057
12 23 2.542110617501211
12 24 2.2623508015282114
12 25 2.149368825783036
12 26 2.5059325064460385
12 27 2.2587769952091903
12 28 2.4269962992475484
12 29 1.9737704029639145
13 0 2.2136555544298515
13 1 2.2389295215991583
13 2 2.1562485088670953
13 3 2.6956020159518914
13 4 2.1843688800861356
13 5 2.406077302456083
13 6 2.1755586973045444
13 7 2.1481952148483403
13 8 2.57426073389893
13 9 2.598192903413465
13 10 2.49210744019379
13 11 3.9177571717701833
13 12 3.8531655778442637
13 13 4.0776183635834045
13 14 3.2813072390151943
13 15 3.7057523910836085
13 16 5.650591713975015
13 17 4.496503232078532
13 18 4.511560539559184
13 19 3.090928484978394
13 20 3.0062320444124357
13 21 3.02820340671565
13 22 2.3779482635166795
13 23 2.850995331551442
13 24 2.9134082807683606
13 25 2.7493077056604305
13 26 1.860895962414213
13 27 2.5009434998711386
13 28 2.5794400227517595
13 29 2.425937095180796
14 0 2.0506167043518615
14 1 1.8966053636280809
14 2 2.3601930468540715
14 3 1.740333567833479
14 4 2.4317223887426738
14 5 2.8322468083722905
14 6 2.51148536904104
14 7 2.5190801965245897
14 8 2.7291297849479363
14 9 3.0747549696004244
14 10 2.7267948713788526
14 11 2.4900165543179424
14 12 3.573741204283965
14 13 3.288801948280591
14 14 3.513414994132402
14 15 3.4090302542947852
14 16 3.4125815958409262
14 17 3.0410767080599608
14 18 3.5363654201602945
14 19 3.0372856430330466
14 20 3.2166493625565606
14 21 2.7886428622706267
14 22 2.4652219445809984
14 23 2.8441290385620612
14 24 2.525553463683983
14 25 2.4773287050595587
14 26 2.4705711613747723
14 27 2.1774752279356933
14 28 2.133810993331512
14 29 2.614621963007809
15 0 2.1965712328980738
15 1 2.099030031149088
15 2 2.561788235791207
15 3 2.3505569274557248
15 4 2.1179075550425592
15 5 2.9953554349532174
15 6 2.6786368201349378
15 7 2.7584785573440147
15 8 3.033957601205744
15 9 3.4700340015310505
15 10 3.1145210002625814
15 11 3.038274087623306
15 12 3.080176135391659
15 13 3.040137067489022
15 14 3.0918383143283563
15 15 4.007044789248851
15 16 3.4642042366462715
15 17 3.276751514414621
15 18 3.3196663601275698
15 19 3.7872767585688027
15 20 2.508339077892746
15 21 2.721370174035203
15 22 3.154316741660191
15 23 3.0527462779945704
15 24 2.780891902318889
15 25 2.902919864508032
15 26 2.548465279398954
15 27 2.3959262296260246
15 28 2.007019803359108
15 29 2.1319602619072993
16 0 2.484380681688612
16 1 1.9769092120110061
16 2 2.4628314861323766
16 3 2.1407154002553717
16 4 2.079906584311691
16 5 2.7682604841319587
16 6 2.7549467186989185
16 7 2.958975064003644
16 8 2.777361848987764
16 9 3.2407305165558493
16 10 2.782156407813653
16 11 3.101153790576346
16 12 4.132140102448326
16 13 2.727314823706569
16 14 3.4125815958409262
16 15 2.5422455747811235
16 16 3.862589210915699
16 17 3.078624344440371
16 18 3.945069724651608
16 19 3.1686865005973335
16 20 3.0462326703666287
16 21 3.024386724866849
16 22 2.638536315857069
16 23 2.976279881034847
16 24 2.833186325437428
16 25 2.4982659029674097
16 26 2.647246698793487
16 27 3.159142563786946
16 28 2.272461614172614
16 29 2.0345790180435728
17 0 1.5407906622150014
17 1 1.5435848164513382
17 2 2.3564459725431806
17 3 2.1061145650684288
17 4 2.62098017428516
17 5 2.3521364082029175
17 6 2.668021636840192
17 7 2.3611568388387276
17 8 2.050980363114616
17 9 2.9447307114765304
17 10 3.465288612020552
17 11 3.232077691548234
17 12 4.390020652027451
17 13 4.496503232078532
17 14 4.246610338870283
17 15 4.05093225815236
17 16 3.091157196381288
17 17 3.248150015711089
17 18 2.9829429679713533
17 19 2.9839548606975703
17 20 2.9036057380026246
17 21 2.52506878840364
17 22 2.9901203163104912
17 23 2.9924885975079363
17 24 2.3250246655008113
17 25 2.6977896465630558
17 26 2.749479410196416
17 27 2.3185195624246244
17 28 2.827271548094462
17 29 2.4318677675931895
18 0 1.9611010154812842
18 1 2.1491457470771267
18 2 2.8793780530093587
18 3 2.1538433476817405
18 4 2.1793091846481527
18 5 2.202357859331969
18 6 2.1004352496913206
18 7 2.9220701909769153
18 8 2.8809037585587665
18 9 3.293095478934227
18 10 3.807420241695597
18 11 3.651602737540754
18 12 5.339767710024383
18 13 4.514687471253887
18 14 4.408276238254523
18 15 3.885849624708245
18 16 3.1156989705481815
18 17 4.047278186768245
18 18 3.4969038702200543
18 19 2.9729892286039012
18 20 3.129650435915435
18 21 3.366384420127485
18 22 3.352570129009554
18 23 2.75665214536439
18 24 2.6032064255877168
18 25 2.9858672403179147
18 26 2.6793446006078407
18 27 2.6307734465155863
18 28 2.3342208709549945
18 29 2.5024620020808026
19 0 1.9345699170904582
19 1 1.8875843787610302
19 2 2.6849045823015567
19 3 2.262027085811014
19 4 2.5400567982236093
19 5 2.523387780921989
19 6 1.9737314580865004
19 7 2.6372669325824627
19 8 2.9737760013397696
19 9 3.8873027283208255
19 10 3.6027016663293736
19 11 3.091226714399919
19 12 4.681099887353009
19 13 5.408272915762139
19 14 6.029402003481969
19 15 6.0121896285677465
19 16 4.284483413430458
19 17 4.44409270957345
19 18 3.6527456376659946
19 19 3.0505736350368724
19 20 3.3576376691086804
19 21 3.275371103199534
19 22 3.0422949053791655
19 23 3.4546192451719087
19 24 2.5335107873255738
19 25 2.918196298434092
19 26 2.8642546122913948
19 27 2.481739398475497
19 28 2.604646897287014
19 29 2.227642733470604
20 0 2.092542631317182
20 1 1.961954715856182
20 2 2.3480642726295247
20 3 1.9938599996239514
20 4 2.2777502759887502
20 5 3.1759847362637057
20 6 2.4420004421629833
20 7 2.787435051958391
20 8 3.0585556604918493
20 9 3.1433212569442435
20 10 3.875651569999478
20 11 3.337048157937903
20 12 5.0653639648118745
20 13 5.962709543392316
20 14 10.39310585937602
20 15 6.02886587228837
20 16 5.3620801951495585
20 17 3.9491604542416234
20 18 3.2949616941899342
20 19 2.8919133770174255
20 20 3.140452399014488
20 21 2.761377088358311
20 22 3.052985399918083
20 23 3.0703855091428323
20 24 3.417757194517745
20 25 2.5906122199247217
20 26 2.591736091279474
20 27 2.4803941097512836
20 28 3.204779881605093
20 29 2.3139152261732963
21 0 1.8750577173143579
21 1 2.1093385936397184
21 2 1.9168050131150667
21 3 2.0712362528373816
21 4 1.699701173262402
21 5 2.5445955594741694
21 6 2.5794409220721923
21 7 2.4380021837308474
21 8 2.291022972443167
21 9 2.975376325521171
21 10 3.3385867257665005
21 11 4.05505898000602
21 12 4.124289367477236
21 13 4.556306460393433
21 14 5.052906471048829
21 15 5.935447750570597
21 16 4.272530935081126
21 17 3.3050905380708935
21 18 2.786771465500018
21 19 3.066338132205812
21 20 3.750795919880366
21 21 2.768166524690504
21 22 2.8662268609187125
21 23 2.9987079354771775
21 24 3.144259697371813
21 25 3.517271509114338
21 26 2.765538449501247
21 27 2.8585356932855284
21 28 2.974409597568581
21 29 3.116818459415167
22 0 1.8253489314610567
22 1 1.9665228336671723
22 2 1.945600841196715
22 3 2.706197191469777
22 4 1.9633916392786557
22 5 2.8552294037660015
22 6 2.4951976474459054
22 7 2.6846002924179166
22 8 3.017741845011856
22 9 3.1026172285331475
22 10 3.0181936809216787
22 11 3.537690840490123
22 12 3.6740543540587525
22 13 4.224996271707538
22 14 4.3602837214056525
22 15 3.6188550309767615
22 16 4.3937541201315105
22 17 3.634273908231844
22 18 3.114101347844116
22 19 3.4152477496307596
22 20 2.554854715206202
22 21 3.100469535203719
22 22 3.288983274654594
22 23 2.958430048886388
22 24 3.0652351336637516
22 25 2.964180537739215
22 26 2.3360518543676356
22 27 2.954564657283819
22 28 2.9261328912297104
22 29 2.6512754174534168
23 0 2.313053475489838
23 1 2.021683801502188
23 2 2.3537754902382715
23 3 1.9612257052489954
23 4 1.865722210861752
23 5 2.3521551646452963
23 6 2.5699542397568353
23 7 2.41943718392366
23 8 2.1929703282701807
23 9 3.302830646546385
23 10 2.9657236300221053
23 11 3.1852276270416735
23 12 3.7538955437097523
23 13 3.6876676145494525
23 14 3.8630222232862748
23 15 4.023677127947608
23 16 3.854246527533866
23 17 4.190372801707391
23 18 3.0766155709244978
23 19 2.7950887522432497
23 20 3.9741065178872463
23 21 2.8061111161409213
23 22 3.0413078906238598
23 23 3.640969199977025
23 24 3.226525254355736
23 25 3.5697602105663715
23 26 3.5345364846863707
23 27 2.8621279349204576
23 28 2.6074228393672
23 29 2.369595229544261
24 0 1.9299992356945548
24 1 2.28803361803295
24 2 1.58100027721683
24 3 2.230763168706557
24 4 1.8299898651582265
24 5 2.195230697602024
24 6 2.768864697346628
24 7 2.3811934296721837
24 8 3.127912515408905
24 9 2.6388924364075352
24 10 3.0717278142065103
24 11 2.779994513928894
24 12 3.003812074763029
24 13 3.3581090811276537
24 14 3.896970989838407
24 15 2.9847075996265016
24 16 3.517638801510412
24 17 3.529392623147783
24 18 3.109725195830643
24 19 3.2492319485659973
24 20 3.7495351940862878
24 21 3.2120504611597647
24 22 3.0871004906837802
24 23 4.106816811326399
24 24 3.7830557396260005
24 25 5.141781161735752
24 26 3.8617673250045392
24 27 3.245370095198018
24 28 3.3067689739754034
24 29 3.1073089011905624
25 0 2.071872182583479
25 1 2.005784070328171
25 2 2.1589214125593608
25 3 1.967198988975562
25 4 2.1485398399962783
25 5 1.901010021042374
25 6 2.520052802860147
25 7 2.837633329000522
25 8 2.298392131477983
25 9 2.4820948607806503
25 10 2.7762333411697826
25 11 3.2742555723289155
25 12 3.3526311792652352
25 13 2.8387225207047533
25 14 3.869269614315143
25 15 2.543485165278105
25 16 2.7448883685116625
25 17 2.8308727383268666
25 18 3.145747443063515
25 19 3.418959571386336
25 20 3.3050692166757636
25 21 3.485962557837258
25 22 3.7918666103410783
25 23 4.773737962725385
25 24 4.416327599522305
25 25 7.084631272609153
25 26 3.686250908100193
25 27 3.6205137803877845
25 28 3.0374290466878393
25 29 2.9014764510700273
26 0 1.5297397267383195
26 1 2.035938920381027
26 2 1.9114039232375029
26 3 1.9963220278390434
26 4 2.309276855735664
26 5 2.4588731109284137
26 6 2.123491554152707
26 7 2.520092712333623
26 8 2.308172805658834
26 9 2.3461057976601616
26 10 2.599270495853951
26 11 3.342864899629277
26 12 2.9563372797477023
26 13 2.838376106935872
26 14 3.007513730164108
26 15 2.8801476757301345
26 16 3.351617471987413
26 17 3.005856980577738
26 18 2.426828778413486
26 19 2.846688366151281
26 20 2.6331749480342777
26 21 3.6356575764487986
26 22 3.191112903761575
26 23 3.4103631194095074
26 24 3.417167115519373
26 25 4.547845908883867
26 26 4.385694604271326
26 27 2.6212073654038153
26 28 3.1571739731458863
26 29 2.315027090403002
27 0 1.6957028264821432
27 1 2.078760997707559
27 2 1.9689223872694757
27 3 1.8906435800654053
27 4 1.9007645920067997
27 5 2.2491337045472397
27 6 2.420906852054541
27 7 2.365353939798825
27 8 2.4858969178865875
27 9 1.8665144929724267
27 10 2.3815831981044235
27 11 3.290565024327961
27 12 3.057555949691915
27 13 3.348247475478895
27 14 3.0121996746645743
27 15 3.4367461395102894
27 16 3.103885507073912
27 17 3.3243277138026452
27 18 2.630557692076431
27 19 3.0370210695735342
27 20 2.5999483325402655
27 21 3.1840673581162
27 22 2.582858907510711
27 23 3.6436575728339364
27 24 3.3782612379139763
27 25 3.9654108569739455
27 26 2.6911825307891646
27 27 3.5499844990478726
27 28 2.7477366894466195
27 29 3.349086851034691
28 0 1.5831238506805272
28 1 1.51494226150465
28 2 2.342146258059218
28 3 2.22693672390738
28 4 1.711600920999171
28 5 2.0138994325553643
28 6 2.305278842013479
28 7 1.9901229185323683
28 8 2.283619987714857
28 9 2.5593627261986667
28 10 2.650613072217214
28 11 2.2648012975923537
28 12 2.6692912821109283
28 13 2.895346216126307
28 14 2.8869242520506773
28 15 2.5678523150174577
28 16 2.710429293446959
28 17 2.462757702230295
28 18 2.51735725268806
28 19 2.8838334997061907
28 20 3.2990117232187197
28 21 2.4700033045197842
28 22 2.832002447823739
28 23 3.1552858730495443
28 24 3.23537423214631
28 25 2.5444164270115732
28 26 3.1506569470847103
28 27 2.9722218219817558
28 28 2.204648645296869
28 29 2.6223199688715875
29 0 1.597219282580231
29 1 1.681463238877718
29 2 1.7139304556044448
29 3 2.135901240327509
29 4 1.8432613352011697
29 5 1.87218607660155
29 6 2.237885629298557
29 7 2.5691622113488712
29 8 2.0273830707873257
29 9 2.157904917622351
29 10 2.446902450244695
29 11 2.6680151910237733
29 12 2.2721060598642784
29 13 2.204386871899915
29 14 2.7449744120640776
29 15 2.7917320302774478
29 16 2.692897929750936
29 17 2.284244616073808
29 18 2.3539082127457482
29 19 2.518608569347899
29 20 2.6116118252219565
29 21 2.5122770104632224
29 22 3.4456333025926527
29 23 2.478333045692136
29 24 2.805454207364754
29 25 3.5433320233010033
29 26 3.105500258210248
29 27 3.121813853150691
29 28 2.635718247401624
29 29 2.3597618956150876
