0 0 1.9340537691880786
0 1 1.6963610320656561
0 2 1.9376793589133017
0 3 1.897368638969211
0 4 1.483751900676828
0 5 1.8781989614627028
0 6 1.975967733510346
0 7 2.510307804233504
0 8 2.0143937551100497
0 9 2.185851738408627
0 10 2.007180710167256
0 11 2.166956806043289
0 12 2.211855247808368
0 13 2.155053921656031
0 14 2.363280434975897
0 15 2.781730845196639
0 16 2.307661640789155
0 17 2.3395547414683877
0 18 1.992652363475914
0 19 2.0571316163496696
0 20 2.334904647158066
0 21 2.1781792048597652
0 22 2.2477580337557677
0 23 2.000182708223102
0 24 2.2009256297910342
0 25 1.6436820887382804
0 26 1.6171364388413447
0 27 1.6032023812296752
0 28 1.6865535726300949
0 29 1.7040700469599204
1 0 1.6659015994627364
1 1 1.8536660235144329
1 2 1.8501386334051113
1 3 1.7953319776658434
1 4 2.106602480286044
1 5 2.0207927882831416
1 6 1.6243710817608585
1 7 1.961979284389256
1 8 1.7428653078035727
1 9 2.319253428675422
1 10 2.5399856321807075
1 11 2.223889835552466
1 12 2.1618180880256594
1 13 2.184490700081663
1 14 1.9942483593959837
1 15 2.3079197800728646
1 16 1.9660327053552324
1 17 2.391180084646645
1 18 2.262041520031761
1 19 2.3825874990419424
1 20 1.954014946001964
1 21 2.3218510088322124
1 22 1.948202675488932
1 23 2.0705275508169696
1 24 1.6276732052989846
1 25 2.226885866832163
1 26 2.0109740103571894
1 27 1.758187390052479
1 28 1.7431592666871059
1 29 1.638494973432544
2 0 1.7743811411579642
2 1 2.1338768088484366
2 2 2.193677125463735
2 3 1.7614634192258067
2 4 2.4605593466815554
2 5 2.118485938156846
2 6 1.7436796295437351
2 7 2.4283543195171076
2 8 2.4023509167499504
2 9 2.3659148251826365
2 10 2.1884314881320233
2 11 2.2721744633611864
2 12 2.1982438000951574
2 13 2.3335975970506935
2 14 2.09725203826294
2 15 2.3052441624615243
2 16 2.31945943974456
2 17 2.1818959328769383
2 18 2.1739436215580894
2 19 2.0271116672064027
2 20 2.145823683627359
2 21 2.6244155240153035
2 22 1.8173684712222962
2 23 1.5309618537757979
2 24 2.059623503636912
2 25 2.0091006972451493
2 26 1.699820484127682
2 27 1.6812133454294442
2 28 1.8114182118319797
2 29 1.95886966684311
3 0 1.9373631099371125
3 1 1.8323007647162244
3 2 1.6777724652235568
3 3 1.6696934083321735
3 4 2.2541243080882682
3 5 1.771165928251416
3 6 2.464249867557858
3 7 2.253861578662545
3 8 1.885667857251225
3 9 2.6189987649543336
3 10 2.6819986329860543
3 11 2.5226969123067047
3 12 2.8118601229042683
3 13 2.671379049600875
3 14 2.6151967695045264
3 15 2.141512303048931
3 16 2.9269412897468703
3 17 2.8196860736292697
3 18 2.0397006115608756
3 19 2.318656424972244
3 20 2.0906339393586144
3 21 2.1520972280350996
3 22 2.211819055171373
3 23 2.2443607184897942
3 24 1.9598788793062079
3 25 1.9446919828376348
3 26 1.5299395835099219
3 27 1.9812581255884836
3 28 1.9814836693866744
3 29 1.4496418819162566
4 0 1.8032055381512182
4 1 1.704846696063917
4 2 1.8855991870694575
4 3 2.0579234607635466
4 4 1.9522277609267136
4 5 2.1647347557311076
4 6 2.2852263013064835
4 7 2.3849353894715595
4 8 2.813109402517468
4 9 2.6084510923099153
4 10 2.3507215919016518
4 11 2.447571376640233
4 12 2.670470889425093
4 13 2.8578585627536714
4 14 3.0417803592025225
4 15 2.563504128211784
4 16 2.8429009446596285
4 17 2.2800071935131525
4 18 2.6179998840977152
4 19 3.079359721227001
4 20 2.300004105684654
4 21 1.866329740300408
4 22 2.049179362217474
4 23 2.729944814135307
4 24 2.070765624767862
4 25 1.691891510805428
4 26 2.083066815209403
4 27 2.1215633431649565
4 28 2.353262331772264
4 29 2.019363000164262
5 0 1.550372244577527
5 1 2.089756385118549
5 2 1.9375399272489857
5 3 1.8595695758005515
5 4 2.043453263096493
5 5 2.5160947224592243
5 6 2.3603682103142445
5 7 2.2612549125008927
5 8 2.285259283289222
5 9 2.2583578108914115
5 10 2.8546331065781443
5 11 3.7606781250380377
5 12 3.2101534707009876
5 13 3.0819608349325827
5 14 3.048316032437517
5 15 2.195666301448811
5 16 2.7113973866644425
5 17 2.859403789458289
5 18 2.8317764339545195
5 19 2.9989953382213788
5 20 2.2535060292633777
5 21 2.3030192497992807
5 22 2.4081449757783866
5 23 2.145595967909898
5 24 2.9548041968674843
5 25 2.3958415166483187
5 26 1.9285850726098854
5 27 1.6610465063357858
5 28 1.744656134160741
5 29 2.101352749259653
6 0 1.5878380676863972
6 1 2.0612668084862484
6 2 2.1872893380274823
6 3 1.9476666272404681
6 4 2.0781394231604184
6 5 2.395654095255202
6 6 1.9341441102158923
6 7 2.6932295765566683
6 8 2.759059280295592
6 9 3.099348851111719
6 10 3.0350345161757057
6 11 2.9411869988594326
6 12 2.830895752171938
6 13 3.138831854812699
6 14 3.2104533463412843
6 15 3.1157107481566992
6 16 3.288814605743234
6 17 3.193301623227395
6 18 2.3615295050455978
6 19 3.0220022448269788
6 20 3.1507692486898207
6 21 2.278923545115843
6 22 2.001401510661037
6 23 2.2658206747698277
6 24 2.1114149815609786
6 25 2.5522169404391652
6 26 2.022776099668715
6 27 1.9870456135579644
6 28 2.0003818457446765
6 29 2.1606661965291045
7 0 2.1022900930246946
7 1 2.139722252447188
7 2 2.0782953323791276
7 3 2.310617485837493
7 4 2.3821932368087455
7 5 1.9785451615342207
7 6 3.0854532906993217
7 7 2.091746335913782
7 8 2.6106865670238237
7 9 2.723168815747489
7 10 2.7657359384535454
7 11 3.305841501418007
7 12 3.0233668415189436
7 13 3.783584538711706
7 14 3.506471505377113
7 15 3.7282586221092533
7 16 3.1873524927310064
7 17 3.201073354722969
7 18 3.5126636836275793
7 19 2.7431701150955368
7 20 3.056567443204691
7 21 2.8864344405486486
7 22 2.4494132403997364
7 23 2.016656896459768
7 24 2.509635718028921
7 25 2.2455622133352033
7 26 2.0820948947484847
7 27 2.3638165533888995
7 28 2.4530527672024447
7 29 2.036205404126108
8 0 2.0438548085612784
8 1 1.9920723762812806
8 2 1.7334322609320267
8 3 2.4567169575255
8 4 2.139262544394982
8 5 2.5189655088101532
8 6 2.749571299550481
8 7 3.403032210284533
8 8 2.779640808919705
8 9 2.9426924576363493
8 10 3.9320695530934744
8 11 4.3739339334957394
8 12 3.8995826753990817
8 13 4.169947862471517
8 14 3.1389330949113816
8 15 3.7169409344627384
8 16 3.2860857790557194
8 17 3.001080236680636
8 18 3.093865915382135
8 19 3.028865015968138
8 20 3.0417079376467138
8 21 3.241978003259709
8 22 3.0323712143913455
8 23 2.37120398624969
8 24 2.6682892242242087
8 25 2.039135470757469
8 26 1.7188644456458326
8 27 2.4083401238172053
8 28 2.589872006106519
8 29 2.085485383553584
9 0 2.1150618996727664
9 1 2.088594208560344
9 2 1.9585776663611645
9 3 2.3453087902741365
9 4 2.2317743038516578
9 5 2.693559505644785
9 6 2.5233587175158267
9 7 2.4395711371937856
9 8 3.1908915393709445
9 9 3.1237647359545484
9 10 3.585313174602111
9 11 3.4661291255587034
9 12 4.744542618344615
9 13 4.879642164450376
9 14 4.487232427210849
9 15 4.140249897808811
9 16 3.2756732027884956
9 17 2.9593621718327205
9 18 2.6001628139114183
9 19 2.7490442535954935
9 20 3.09797790516496
9 21 2.067468441600739
9 22 2.8859041092588096
9 23 2.4692701698409447
9 24 3.158968832477748
9 25 2.423378155493259
9 26 2.2671059990646585
9 27 1.7281496547465836
9 28 2.487987032295964
9 29 2.0600732808953914
10 0 1.9591024827801333
10 1 2.1478691382162376
10 2 2.3832921204320603
10 3 2.4531966442141235
10 4 2.202356001652705
10 5 2.5535228024370737
10 6 2.9367808468472703
10 7 2.6169750223661987
10 8 2.874654739784504
10 9 3.613489469877859
10 10 2.8523229575112756
10 11 3.8218029333441788
10 12 5.470548125192184
10 13 13.521774550146036
10 14 5.349952572064286
10 15 4.47576504578768
10 16 3.791298185635042
10 17 3.686941947515785
10 18 2.8050476880257764
10 19 2.99049398195137
10 20 2.5855162722194422
10 21 3.256501557290283
10 22 2.7545397336589
10 23 2.2755941286500807
10 24 2.428482711636079
10 25 3.2811001404931353
10 26 2.7616015049494043
10 27 2.104499987908316
10 28 2.2491897451425165
10 29 1.934043251963287
11 0 1.964733181364583
11 1 1.669125677397147
11 2 1.829053689542438
11 3 2.070586283872809
11 4 2.3233502784324487
11 5 2.442987286421649
11 6 2.2777357207068634
11 7 2.595295805406842
11 8 2.766382481279764
11 9 3.762369673086393
11 10 3.2993571401767903
11 11 4.346461878121701
11 12 5.457874552242497
11 13 5.471152072449525
11 14 4.6853995479595305
11 15 4.136505403670696
11 16 3.6309454921572017
11 17 2.875603859293764
11 18 3.5081085045684226
11 19 2.5776124313351834
11 20 3.0481386058111695
11 21 2.781429707103745
11 22 2.57875877384925
11 23 2.6609131896523035
11 24 2.2943391324827105
11 25 3.1027549421129637
11 26 3.3453187881179915
11 27 2.023962673013188
11 28 2.2383925728233205
11 29 2.2051113533277937
12 0 1.8212170617782921
12 1 1.5647145620987994
12 2 2.542087156176565
12 3 2.035313203369217
12 4 2.014287749105092
12 5 2.3894847921673827
12 6 2.803693516910104
12 7 2.246591628525055
12 8 2.5964271498072766
12 9 3.2618189357423217
12 10 2.5905447119822047
12 11 2.945164991743533
12 12 3.7472660949255343
12 13 5.161755797839271
12 14 4.046952979635625
12 15 3.8404463361284504
12 16 3.473618116007962
12 17 2.946202295506039
12 18 2.856626415774208
12 19 3.221094816373241
12 20 3.326761364218647
12 21 3.024450849497798
12 22 2.5769158320925056
12 23 2.061984105549379
12 24 3.4470809209738964
12 25 2.317331106679286
12 26 2.4538692634573582
12 27 2.756430551502872
12 28 1.9465931678495023
12 29 2.343686143379475
13 0 2.272475853500051
13 1 1.8531787481399429
13 2 2.5038658661053828
13 3 1.8421286809648585
13 4 2.1455057753450877
13 5 2.228243989055608
13 6 2.5552295388274917
13 7 2.6163296011739807
13 8 3.7745602502951026
13 9 3.0832495354539233
13 10 2.767594505232865
13 11 3.427231413781332
13 12 3.3210405809657724
13 13 3.4492225480751055
13 14 4.001550051313828
13 15 3.3223120890439146
13 16 3.291437279822684
13 17 3.46930884188443
13 18 2.65791855524531
13 19 2.7789613349773097
13 20 2.813286860194875
13 21 3.106853076991599
13 22 2.749700947006627
13 23 3.150252062766688
13 24 3.0478785375609267
13 25 2.8711504623086626
13 26 2.4394502660029542
13 27 2.289521442931669
13 28 2.610944246611743
13 29 2.1651882291345608
14 0 1.4801051634886029
14 1 1.6735151673298612
14 2 2.30957919015105
14 3 2.1366752939832145
14 4 2.0688984442857947
14 5 2.593245047430902
14 6 2.4318278140483582
14 7 2.4992039475898076
14 8 2.810426764121067
14 9 2.9190086546578544
14 10 3.319342583373685
14 11 4.144737974380992
14 12 2.7834462906575013
14 13 3.4384965906146197
14 14 3.3982920455403494
14 15 2.6652441400138707
14 16 3.46555640506375
14 17 3.1849921261851954
14 18 3.5487143938936057
14 19 3.2782991865951243
14 20 3.315138558446125
14 21 2.64185299349873
14 22 2.5520148816964086
14 23 2.672379555777611
14 24 2.4639782069882985
14 25 2.82122714338968
14 26 2.559850398024241
14 27 2.628083054722835
14 28 2.275898881778116
14 29 2.380834074423767
15 0 2.1554836562971795
15 1 1.7565206932926538
15 2 2.426170816462965
15 3 2.12384809422964
15 4 2.1895797075661116
15 5 2.291656673294115
15 6 2.35094119961188
15 7 3.0006458669930844
15 8 2.5232109160492735
15 9 2.281581327130564
15 10 2.5110163267772783
15 11 3.6759422342041947
15 12 3.730803596198383
15 13 3.0956094901579996
15 14 3.3699757054727395
15 15 3.588255378558489
15 16 3.4464602391248165
15 17 2.9764610693430633
15 18 4.102947596203137
15 19 3.372568373835481
15 20 3.5475907407720597
15 21 3.392443652302958
15 22 3.1910942696849074
15 23 3.1314575397936384
15 24 2.962163502405651
15 25 2.6847133994089587
15 26 2.7001711299112228
15 27 2.4434401858446453
15 28 2.3725968014814685
15 29 2.9809021524814696
16 0 1.7338038725404123
16 1 1.7441055156634846
16 2 2.0315210831363246
16 3 2.260598599006247
16 4 2.623011749675076
16 5 2.7331386976874086
16 6 2.515032959449385
16 7 2.952813153041937
16 8 2.3038141978906737
16 9 3.7200842194544284
16 10 3.333614857434301
16 11 3.448618526714457
16 12 3.2757296101717097
16 13 3.5644369402186347
16 14 3.46555640506375
16 15 3.00170638268924
16 16 3.0990149283122403
16 17 4.877652864704253
16 18 3.3338963863004647
16 19 2.832250915347959
16 20 3.2534497123208417
16 21 3.0236229721721997
16 22 3.0536611491766186
16 23 3.1472955228048805
16 24 2.44085200838823
16 25 2.5756175733268494
16 26 2.336374119084678
16 27 2.489470324808351
16 28 2.6344361136423036
16 29 2.641533078483445
17 0 1.875152627566395
17 1 2.4250164214271654
17 2 2.1415096668357605
17 3 2.18706097896411
17 4 2.3524293912713703
17 5 2.550867225925291
17 6 2.270933807316666
17 7 2.815085539640582
17 8 2.386511814437533
17 9 2.9360033590526253
17 10 3.1790241061582605
17 11 3.4156049078853914
17 12 3.1956037793392076
17 13 3.46930884188443
17 14 2.8971400312414923
17 15 3.507430235317667
17 16 4.136993060733639
17 17 4.5470479796836765
17 18 3.79794335882295
17 19 4.244643352264872
17 20 3.693333747630512
17 21 3.2311139223108007
17 22 2.561848850768666
17 23 3.2471543251133315
17 24 3.0430070616159766
17 25 2.4537288259928594
17 26 2.9603825564171538
17 27 2.5519639449979854
17 28 2.6482880711442784
17 29 2.181932551223391
18 0 1.9104439864175242
18 1 1.7296647607288238
18 2 1.8665500674029938
18 3 2.494064059236452
18 4 2.058220592368742
18 5 2.343529069184996
18 6 2.5163602305358284
18 7 2.4970581775483653
18 8 2.1455430138593825
18 9 2.5298179301345542
18 10 2.7214715310689095
18 11 2.6158321009260694
18 12 2.856626415774208
18 13 3.070255230321366
18 14 3.5270997130968413
18 15 3.763393136863051
18 16 4.016452467629539
18 17 4.930522838604353
18 18 4.511970503776953
18 19 4.399154318656369
18 20 3.650998867234294
18 21 3.129206354052127
18 22 3.170635718718853
18 23 3.279097686810342
18 24 3.085550466722155
18 25 3.8425279889553647
18 26 2.883092920645219
18 27 2.711062597378334
18 28 2.2536005427328027
18 29 2.5874505144910778
19 0 1.9252405248327973
19 1 1.9494928741284998
19 2 2.0436612964832115
19 3 2.474164228596133
19 4 1.8206643200505428
19 5 2.1865000224419453
19 6 2.364640756970925
19 7 3.0023754367536593
19 8 2.9458592165207307
19 9 2.937452471727375
19 10 3.9948171534748376
19 11 2.5776124313351834
19 12 3.1295553332171346
19 13 2.8180955254973354
19 14 3.3558038720740218
19 15 4.921633176296773
19 16 6.0221899953533855
19 17 7.144651020534814
19 18 5.043356890736122
19 19 5.3416949444887605
19 20 4.426954627828008
19 21 3.6932352717257046
19 22 3.567207422668746
19 23 3.34513400766997
19 24 3.2328157566358238
19 25 3.447621096847354
19 26 2.3103679824090873
19 27 2.430993116057126
19 28 2.695408500890803
19 29 2.2840996296178813
20 0 2.209477988676601
20 1 2.0351299568082784
20 2 2.1409372210278623
20 3 2.095918563010325
20 4 2.0765610280124305
20 5 2.8315769130794726
20 6 3.0262743334933897
20 7 2.4501172738181154
20 8 3.082398225639333
20 9 2.7764734750991114
20 10 2.5855162722194422
20 11 2.800991159608784
20 12 3.3078005562454464
20 13 4.04436939622368
20 14 3.6260359106909847
20 15 4.55280504469172
20 16 5.281259403951495
20 17 11.98429377023336
20 18 7.473580469908394
20 19 4.2170852117933135
20 20 3.9730865976060357
20 21 2.9798074268224375
20 22 3.1996235271764433
20 23 3.6309464195198853
20 24 2.79706852690449
20 25 3.188376666232996
20 26 2.83057888367743
20 27 2.8842448162904866
20 28 3.0145591136444416
20 29 2.992953428512777
21 0 2.191365582091202
21 1 1.987554778742061
21 2 1.8839464424190506
21 3 2.054150861864319
21 4 2.5676443839357734
21 5 1.914887167760396
21 6 2.0834248038792538
21 7 2.4318488413114636
21 8 2.1460962652216207
21 9 2.067468441600739
21 10 2.5574248257768453
21 11 3.370694584540288
21 12 3.0869699400516475
21 13 3.0620759562256055
21 14 3.062368775791702
21 15 4.500719667214429
21 16 5.355990159431297
21 17 5.929207676592971
21 18 5.105835727708075
21 19 4.841436937337503
21 20 4.0849525715276895
21 21 3.212007377911087
21 22 4.286590754567892
21 23 2.7052799138608163
21 24 3.0780250449510005
21 25 3.4342722853012777
21 26 3.2149923837513366
21 27 2.6716523863658215
21 28 2.0299612537017686
21 29 3.3598743897032506
22 0 1.8149363057073717
22 1 2.413306459671997
22 2 2.294583216404392
22 3 1.7223503500501307
22 4 2.404467066485345
22 5 2.195399861958623
22 6 2.3597329823308053
22 7 2.384349095825112
22 8 3.0323712143913455
22 9 3.081112286923286
22 10 3.127588681993372
22 11 2.880064020600005
22 12 3.6122353485777534
22 13 3.4839165568052564
22 14 2.8967944131146863
22 15 4.06386631519096
22 16 4.153956948164342
22 17 4.400908923134979
22 18 4.932217097118766
22 19 3.365926007834767
22 20 3.4587389085609996
22 21 3.115219078443377
22 22 4.121143279987771
22 23 3.806774967207033
22 24 3.367684610119881
22 25 3.184745584802446
22 26 3.244122755755727
22 27 2.9712488480544144
22 28 2.4121124861589602
22 29 2.8623578357088997
23 0 1.7225219093972197
23 1 2.005901149459394
23 2 2.0578548151562774
23 3 2.260105369188793
23 4 2.563712102012516
23 5 2.3765092829866385
23 6 2.4490541852352705
23 7 2.016656896459768
23 8 2.9335784407037897
23 9 2.302043516638582
23 10 2.3221917599374002
23 11 2.863637397221128
23 12 2.4738490862240785
23 13 3.2969588853555094
23 14 3.0922941142858957
23 15 2.872923419292946
23 16 4.285164149470554
23 17 3.7417579038414597
23 18 3.4909785350853744
23 19 3.7381459956499854
23 20 4.1309239401887785
23 21 2.980035759606708
23 22 3.95902233185543
23 23 4.094128179675729
23 24 4.063401788979201
23 25 3.806026710125702
23 26 3.4693495939936536
23 27 2.7031922367209043
23 28 2.4420161249080206
23 29 2.6135196899544466
24 0 1.645864775768046
24 1 1.7703567914001093
24 2 1.8223245116553553
24 3 1.8731891106717529
24 4 1.7914135547885583
24 5 2.82367911098911
24 6 2.1114149815609786
24 7 1.9923627308252914
24 8 3.3375031075111408
24 9 2.2877664576643832
24 10 3.2221415816097227
24 11 2.9115966673293863
24 12 3.0385523315508283
24 13 3.0364270982306856
24 14 2.5553906621004208
24 15 3.550379216770707
24 16 3.117596870044337
24 17 3.313248056497047
24 18 3.321414987301379
24 19 3.5148809382835386
24 20 3.485439095405311
24 21 3.053582314148128
24 22 5.005512482554944
24 23 3.7163301047552664
24 24 3.6100551582109173
24 25 3.895564356659953
24 26 3.64343657205605
24 27 3.322491203565357
24 28 2.5043867483238325
24 29 3.1133111832690803
25 0 1.832349253022046
25 1 1.625270165732045
25 2 1.6016946648830994
25 3 1.581243706546744
25 4 1.7943736657435618
25 5 2.3958415166483187
25 6 2.851958511075823
25 7 1.8822591718801491
25 8 2.258054192654848
25 9 2.355673587061746
25 10 2.92283007215357
25 11 2.789110385185075
25 12 2.4530255712937157
25 13 3.0233478856537466
25 14 2.8745710935401165
25 15 2.7863055707101956
25 16 3.0995912660902714
25 17 3.0540183846128772
25 18 3.6036561355735603
25 19 3.126691864333395
25 20 2.802042359706996
25 21 3.2289092976909277
25 22 3.7847096857314138
25 23 4.648371107658446
25 24 3.9818223737713
25 25 8.315355246771519
25 26 4.96660230463709
25 27 3.1627969620616567
25 28 2.821905958631834
25 29 3.456503664839
26 0 1.847744791383222
26 1 1.6793493951500236
26 2 2.1131477678609216
26 3 1.7451372003490677
26 4 2.083066815209403
26 5 2.397026674577445
26 6 2.717688807930788
26 7 2.27925721130729
26 8 2.4469255690648377
26 9 2.580650521851483
26 10 2.100308606802814
26 11 2.202251044117012
26 12 3.204521439503673
26 13 2.8969601706401096
26 14 2.87915678537275
26 15 2.8276410820418456
26 16 2.742455297042755
26 17 3.027255459563847
26 18 3.3079353936151468
26 19 2.7002033014900286
26 20 2.897962494062149
26 21 3.5061278451258944
26 22 3.387875911507702
26 23 3.1343840030668275
26 24 4.161737368058556
26 25 4.206218009796401
26 26 3.740796020455244
26 27 2.8327344567752455
26 28 3.0737398664591153
26 29 2.5863249762344274
27 0 1.633372178338685
27 1 1.6730543861830613
27 2 1.7682177078384598
27 3 1.9812581255884836
27 4 2.2409828711093485
27 5 2.0005319238762675
27 6 1.894170006143395
27 7 2.461985452680769
27 8 1.9562941610026765
27 9 2.064562559683842
27 10 2.94063187154204
27 11 2.3274511398286717
27 12 2.396047037262595
27 13 2.566620483004111
27 14 2.3308781975417405
27 15 2.8434497517796125
27 16 3.118977174051648
27 17 2.5859431901042442
27 18 2.4051342381601324
27 19 3.2084644554511312
27 20 3.023394686824401
27 21 3.2022477776763463
27 22 2.8590070180486826
27 23 2.6330619104623394
27 24 4.102323943529938
27 25 3.2736260516617626
27 26 2.7185567770514916
27 27 2.952097482702286
27 28 2.8923651662115746
27 29 2.5228784544015332
28 0 1.6427447966668782
28 1 1.4358184868294455
28 2 1.8114182118319797
28 3 2.021190606835053
28 4 2.2761616462392316
28 5 2.2302486073367316
28 6 1.8804460758853
28 7 2.722673982610416
28 8 2.10428529900583
28 9 2.296120908237896
28 10 1.9958142397405247
28 11 3.0683989460695074
28 12 2.54850228047551
28 13 2.287302075123629
28 14 3.2212963134408965
28 15 2.6968949397914486
28 16 2.853327008926389
28 17 2.4645710876246985
28 18 3.2864560144028347
28 19 3.1764085131522
28 20 2.864630759996916
28 21 3.360996806203707
28 22 3.171953779494403
28 23 3.557289662967002
28 24 2.84175123056654
28 25 3.2290494516859494
28 26 2.789140145334499
28 27 2.6121371115825043
28 28 2.121425596984931
28 29 2.864976222280715
29 0 2.15097150943604
29 1 1.638494973432544
29 2 1.501911585190603
29 3 1.5961996643690124
29 4 1.9145308172409135
29 5 1.9464521844203668
29 6 2.1066637943621047
29 7 1.8903622195853664
29 8 2.1664595357669865
29 9 2.6307551519019174
29 10 2.148912885935025
29 11 2.2384215596343764
29 12 2.7421830582216606
29 13 2.0784826287503466
29 14 2.857576629684025
29 15 2.478465101426028
29 16 2.464988592447835
29 17 2.7551002042950627
29 18 2.6958633716569316
29 19 2.5767205423160076
29 20 3.0691960993646057
29 21 2.7314792585398235
29 22 2.9859120475551553
29 23 2.8928285207437265
29 24 2.673778720832961
29 25 2.766264830391685
29 26 2.945719714112158
29 27 3.0514676843974478
29 28 3.278788304915365
29 29 2.710469018752779
