0 0 25.74768031709846
0 1 25.27599259827561
0 2 24.984187617009393
0 3 25.928998857243553
0 4 24.040323121038387
0 5 26.324949894753775
0 6 27.30488484557407
0 7 26.58295568241758
0 8 26.310932123347968
0 9 29.36905857606529
0 10 27.596666743645223
0 11 27.18281854125136
0 12 28.76391120544873
0 13 28.271808394096702
0 14 28.10127595370721
0 15 27.57323324711351
0 16 27.787217454332236
0 17 30.08084061424721
0 18 28.894398364458002
0 19 29.927966278615642
0 20 27.11989963770751
0 21 28.304206925890888
0 22 25.868946918176032
0 23 25.730700990968476
0 24 26.42283443959252
0 25 27.27796863713676
0 26 26.243756242939135
0 27 24.682802968817473
0 28 25.603767011690508
0 29 24.40850919429805
1 0 27.521693029163902
1 1 26.615641481088424
1 2 26.33832025134933
1 3 24.59635734514015
1 4 24.748212920908223
1 5 27.26657200156238
1 6 27.383265565572238
1 7 26.2773668857602
1 8 28.490781424644812
1 9 27.607473371640676
1 10 31.082702757750805
1 11 26.3844431426704
1 12 26.200039268736038
1 13 28.805076994927074
1 14 28.988359223664038
1 15 29.701830631219835
1 16 28.83319754177612
1 17 28.60672266449111
1 18 29.216063334196015
1 19 27.015086608892116
1 20 28.91647450027363
1 21 28.37490207026284
1 22 28.522352070456883
1 23 26.132573323163246
1 24 26.95251551685795
1 25 26.45952199877791
1 26 26.361246761974417
1 27 26.501333257976327
1 28 24.84932139052256
1 29 25.348709965281692
2 0 24.55178195313147
2 1 25.27222709693591
2 2 26.575668463900826
2 3 26.866211896394386
2 4 26.635980517974186
2 5 27.22667920173324
2 6 26.05222849898997
2 7 26.889453820233776
2 8 29.3717928942448
2 9 29.718699863183787
2 10 27.481233340150084
2 11 29.43355577640167
2 12 30.323867104360954
2 13 31.09250207914291
2 14 31.46265615298285
2 15 28.702274653678465
2 16 30.463692461444833
2 17 29.34184794188184
2 18 28.412903417673377
2 19 27.033941269066812
2 20 26.269995638697004
2 21 28.259581154923037
2 22 29.187749976037423
2 23 27.711875514922344
2 24 26.321849906900045
2 25 26.398965118886693
2 26 25.8501865588224
2 27 25.089834790013686
2 28 25.8371942526743
2 29 26.59742554170294
3 0 25.692998553503756
3 1 24.333073732679335
3 2 25.3587886973541
3 3 26.198131727797954
3 4 26.830840842300987
3 5 29.094888488559185
3 6 28.3950558840442
3 7 27.181300048046996
3 8 28.199845140805404
3 9 28.129457330399042
3 10 28.205848579052716
3 11 31.540687964304386
3 12 32.568824106535914
3 13 32.145325954806836
3 14 30.86476698335208
3 15 30.173838360532873
3 16 31.46713915877197
3 17 31.377205056578017
3 18 30.826205827449613
3 19 29.443990598011645
3 20 28.385966045486093
3 21 28.706705931061023
3 22 27.507893016465573
3 23 27.957361672934383
3 24 28.976256465661617
3 25 27.073322880550013
3 26 25.860937157381894
3 27 26.193911437584678
3 28 25.648582138684617
3 29 25.734422836756373
4 0 24.543425364321067
4 1 25.20058321621486
4 2 25.143030511072908
4 3 26.115258076763396
4 4 27.486202464823133
4 5 27.360777636614763
4 6 30.887959644632996
4 7 28.461884765095995
4 8 30.57588983214333
4 9 33.38549459240434
4 10 29.038281724349662
4 11 31.99204393028489
4 12 35.0337930025611
4 13 32.71835595385879
4 14 32.677785863006946
4 15 33.48549805816419
4 16 32.983163733650315
4 17 32.078466605344865
4 18 32.736242082961134
4 19 29.598457040718767
4 20 31.860949495747715
4 21 29.708954463340763
4 22 27.61142679515717
4 23 29.651130650280848
4 24 26.07199549823729
4 25 27.88938583820223
4 26 27.65276662756632
4 27 26.89603815911501
4 28 26.186183743304724
4 29 25.233950312481348
5 0 25.328363889619464
5 1 26.321337129867814
5 2 26.160850019745688
5 3 26.675212547391393
5 4 26.13586957549697
5 5 27.426810772591338
5 6 27.39854319365094
5 7 30.323383293432148
5 8 30.362388124147017
5 9 33.662047883336726
5 10 31.861651823427707
5 11 33.802252889516566
5 12 34.72588909241337
5 13 33.57674825362309
5 14 35.72594465514917
5 15 35.32750860741387
5 16 34.8488597718916
5 17 33.99922193126385
5 18 36.632702077593116
5 19 32.20961679667124
5 20 30.13259103197584
5 21 29.52838631867597
5 22 29.037040959995668
5 23 28.760885982335147
5 24 28.78113161477098
5 25 30.043882230007377
5 26 29.544065249538097
5 27 28.5955234208604
5 28 27.305613745202887
5 29 26.526089106972233
6 0 27.42486704297814
6 1 27.0173814270321
6 2 25.520239942285787
6 3 27.969704830227222
6 4 28.405733614384417
6 5 29.249080800263734
6 6 28.72941463228597
6 7 31.163672470239124
6 8 29.756102847401245
6 9 35.037023437744494
6 10 31.571823090581045
6 11 34.005627899906514
6 12 37.36356638238441
6 13 35.70908053436039
6 14 37.02954287327818
6 15 35.72073766487756
6 16 34.53126552530298
6 17 34.05120428700695
6 18 34.32568396812437
6 19 31.576861701629856
6 20 32.207583255539554
6 21 32.350554674113155
6 22 30.044113215030436
6 23 31.18858404382313
6 24 28.88152505809209
6 25 27.579094795530775
6 26 30.859139693526124
6 27 30.51278063855064
6 28 28.3287711994107
6 29 26.684786340464022
7 0 26.365802195178166
7 1 25.87091272172337
7 2 27.7265529996786
7 3 28.259054079915195
7 4 29.21636754834226
7 5 28.27545802462542
7 6 29.362982214599494
7 7 29.10004577171211
7 8 32.718465954504886
7 9 33.41294660263502
7 10 35.200946618956365
7 11 35.462519279823695
7 12 38.21798828991639
7 13 36.45580849411933
7 14 36.43687826084396
7 15 37.896591153772476
7 16 37.69934244929804
7 17 36.97311913228313
7 18 35.237236631746214
7 19 35.33489830138141
7 20 35.66688844872965
7 21 31.993780770482715
7 22 30.260097939207824
7 23 32.7068905449206
7 24 30.347796414802843
7 25 30.772026162005638
7 26 28.38803963956215
7 27 28.309087949429696
7 28 28.858570886233363
7 29 26.739893180681342
8 0 26.47726755384848
8 1 26.327790479470885
8 2 27.42439072488839
8 3 29.453296835626904
8 4 28.86062592671804
8 5 29.725662664503147
8 6 30.02942340789546
8 7 31.92828742429307
8 8 31.14138699072714
8 9 32.7709514643441
8 10 34.801086003556904
8 11 38.4831293111299
8 12 38.583104475247325
8 13 38.16638446778717
8 14 42.43787915043793
8 15 40.1022539688301
8 16 38.20484503330585
8 17 37.65407366335625
8 18 35.5960962750201
8 19 36.281017923372744
8 20 30.858259482944874
8 21 33.51302046179616
8 22 31.609832104705806
8 23 31.08362927702198
8 24 31.60425051015715
8 25 30.609994102639483
8 26 28.63223791947339
8 27 27.853977679340037
8 28 27.90483483931491
8 29 28.064607685253005
9 0 26.00267714564544
9 1 27.35649702475227
9 2 27.55483843926588
9 3 28.15308693193507
9 4 27.25518735946626
9 5 29.123570931917854
9 6 30.7930769748325
9 7 32.54357109977348
9 8 33.29622186539383
9 9 34.80939596516905
9 10 36.36808651124553
9 11 35.73388970491526
9 12 39.35240339245211
9 13 47.49286510444429
9 14 49.24391643924027
9 15 46.77377113455349
9 16 41.01407313924961
9 17 36.55929008318875
9 18 35.58928126851018
9 19 34.77536160104224
9 20 32.60073166545217
9 21 31.265295363875737
9 22 32.51417183169887
9 23 32.38532416320475
9 24 29.9793663766945
9 25 29.467517930516465
9 26 29.382206314962353
9 27 28.978635085640143
9 28 29.281937812946985
9 29 27.053620903011787
10 0 24.650153492976017
10 1 26.15210393158623
10 2 27.8959807839637
10 3 28.34387422620977
10 4 28.22105728206248
10 5 29.981327002430785
10 6 30.6264705510946
10 7 32.582757145770216
10 8 34.81984588948443
10 9 33.261056396254396
10 10 35.049253799563495
10 11 38.88310437566454
10 12 40.152909146959715
10 13 48.67519471643441
10 14 85.66936826438807
10 15 51.75581626929371
10 16 41.34135849724039
10 17 39.25003533244511
10 18 36.68492892478057
10 19 36.98094981169737
10 20 31.7736580240206
10 21 32.757802117533814
10 22 33.03810783148291
10 23 32.979944689792966
10 24 32.79433780622787
10 25 29.16050235107232
10 26 28.708168347524886
10 27 28.65757775814169
10 28 26.805224603735713
10 29 29.739115650834528
11 0 25.138566763795666
11 1 27.674760000314258
11 2 27.895949582628585
11 3 27.142075590540973
11 4 28.694730227636217
11 5 30.104042828794437
11 6 32.88342725225782
11 7 34.60636722221586
11 8 32.320151527977
11 9 33.30093398068844
11 10 35.368599262790255
11 11 36.079729905228774
11 12 39.67007695811957
11 13 46.107089399500055
11 14 47.230993329611096
11 15 47.219934334915614
11 16 43.34032501018636
11 17 35.69614856768462
11 18 36.021177852232114
11 19 36.88295084391988
11 20 34.87127667483619
11 21 33.013813124894455
11 22 34.147056539484936
11 23 33.87416641837737
11 24 31.23409162348027
11 25 29.613194308033073
11 26 30.85692269961058
11 27 29.336093851057374
11 28 28.853487601226295
11 29 29.197602361505425
12 0 25.295408270903096
12 1 27.851449648487858
12 2 29.524993630162278
12 3 28.869262353578534
12 4 28.358807001053147
12 5 31.162169946504562
12 6 32.684636220737865
12 7 33.31232916087891
12 8 34.79162248911034
12 9 33.84813158314656
12 10 34.08909855142886
12 11 37.73320199589475
12 12 39.603927274913616
12 13 43.14658871140553
12 14 41.60691780159661
12 15 43.21008766002646
12 16 38.53005537443912
12 17 37.76097819545927
12 18 35.796117090464016
12 19 33.267776612041196
12 20 34.81544668783023
12 21 32.258540949992046
12 22 32.98853216078641
12 23 33.70121672535371
12 24 32.430875730351325
12 25 32.08924745186936
12 26 31.07229428963409
12 27 30.623351481027733
12 28 30.009514878346888
12 29 28.60291409363699
13 0 26.193158476710565
13 1 27.36583340913347
13 2 28.013461213912837
13 3 29.224159354215644
13 4 31.332218033664212
13 5 28.63066868459178
13 6 32.01295098426208
13 7 33.442599706389004
13 8 33.46636155927912
13 9 35.19977173318073
13 10 36.43339933468329
13 11 36.00666280679329
13 12 36.66598737857549
13 13 37.883232222393495
13 14 38.072202424531085
13 15 39.75746406619258
13 16 37.5162814901933
13 17 34.97061561130633
13 18 37.18386034100035
13 19 34.27386301543297
13 20 32.76671498621688
13 21 35.86423586800459
13 22 35.913268809018255
13 23 32.49527121493011
13 24 31.944595858318884
13 25 31.00304715766713
13 26 30.511205936324412
13 27 30.03140855678866
13 28 31.763709038700124
13 29 30.603097869251343
14 0 27.049135596496946
14 1 25.96120067827927
14 2 29.309688920539344
14 3 29.584927992783573
14 4 29.56078418222456
14 5 29.95816064897188
14 6 32.34982911989879
14 7 29.899988823512242
14 8 35.10433816446604
14 9 32.05279178569001
14 10 35.66948440647884
14 11 36.19792955253571
14 12 36.44730491883573
14 13 39.62311767840671
14 14 37.39985560814182
14 15 38.92559834728518
14 16 36.18615285204109
14 17 36.97776129349701
14 18 36.77852370244171
14 19 35.05652579864798
14 20 35.3089991145378
14 21 33.15906634888492
14 22 32.18237539076753
14 23 33.06397422486056
14 24 31.683213458225108
14 25 32.405309074501154
14 26 32.159466153909655
14 27 31.45736136580164
14 28 28.92205446618264
14 29 28.580405201386384
15 0 26.483688617265667
15 1 27.396557461932332
15 2 30.872741907308605
15 3 28.22832770660175
15 4 28.977109625252428
15 5 32.49840104516792
15 6 29.762333923443478
15 7 33.49163105974017
15 8 34.53294830225391
15 9 33.0757689485569
15 10 32.79972475195239
15 11 35.48301866025854
15 12 35.575375756372814
15 13 35.64112828702796
15 14 36.32619292320099
15 15 37.01681246454232
15 16 35.077863286334285
15 17 35.445353948245554
15 18 37.19468853829869
15 19 37.918503464616535
15 20 35.45691101137957
15 21 35.40540859667966
15 22 33.58103252018506
15 23 34.66563870689601
15 24 32.51115264993426
15 25 32.47921234150417
15 26 30.581029843456754
15 27 33.16437534385968
15 28 28.201922685441883
15 29 29.753279928945513
16 0 24.20898688802765
16 1 27.228740194758437
16 2 29.160778372128913
16 3 29.442930679622698
16 4 29.96774334049772
16 5 31.308905826268557
16 6 31.20205863286742
16 7 34.17120846457539
16 8 34.73130083180502
16 9 35.91867939224959
16 10 33.39525327174485
16 11 36.624392567371
16 12 35.27192442423219
16 13 34.28513015065367
16 14 36.18615285204109
16 15 35.58661765487164
16 16 36.35491788076736
16 17 37.5099575573372
16 18 34.828799989445635
16 19 34.217901491589885
16 20 36.021519678215775
16 21 35.415499588756006
16 22 33.479439245138984
16 23 31.917947734483207
16 24 34.267210308758166
16 25 34.380453626587986
16 26 33.391473304196914
16 27 33.076512125963525
16 28 31.163196472722497
16 29 29.975940643470363
17 0 25.2652696654546
17 1 28.493488832928772
17 2 29.187420687606142
17 3 28.004692348454583
17 4 28.828720743794605
17 5 30.012473867722537
17 6 29.497075571198778
17 7 30.460548670994587
17 8 32.81962266796848
17 9 33.14571649447453
17 10 35.11203403118475
17 11 35.69539935274228
17 12 35.97419965826058
17 13 34.97061561130633
17 14 37.96572013141713
17 15 37.794068548977314
17 16 39.21168827097821
17 17 38.19236262129682
17 18 38.57876978738795
17 19 35.84568925046369
17 20 35.359823879868976
17 21 35.438525840404125
17 22 34.08949878800444
17 23 33.96526871716205
17 24 34.67084516169119
17 25 33.14655409460636
17 26 34.173767414107346
17 27 33.29130826046202
17 28 31.790367338286003
17 29 29.397821096415914
18 0 27.163865171509425
18 1 26.71951253103586
18 2 29.6553987293922
18 3 28.457079495234524
18 4 28.212340221326105
18 5 30.88760559260862
18 6 29.07848792453968
18 7 33.09514461746452
18 8 32.2858784351959
18 9 33.90726915761508
18 10 36.62182860309407
18 11 35.76448531840017
18 12 35.796117090464016
18 13 38.75501747432446
18 14 37.73918917303268
18 15 38.268563463999314
18 16 43.12333406151674
18 17 40.12714350076962
18 18 36.93778052710284
18 19 38.49449939282658
18 20 36.54711119013082
18 21 35.05047527872242
18 22 34.342951061612375
18 23 35.95111505810178
18 24 33.965707460738194
18 25 33.91707557523591
18 26 32.568906119630896
18 27 33.20525769587805
18 28 32.18903251042917
18 29 32.662100619535565
19 0 26.709196022135714
19 1 26.396311044985215
19 2 27.27416394631326
19 3 28.71082344757614
19 4 27.311746544060334
19 5 29.49706822823499
19 6 30.541837309674
19 7 32.03603930908865
19 8 30.4807667262338
19 9 33.65609093718679
19 10 31.807877843581963
19 11 36.88295084391988
19 12 35.52297296949446
19 13 38.62082102701714
19 14 43.002499954369654
19 15 47.62102144529957
19 16 48.782640410457674
19 17 44.26566184866595
19 18 41.650979655157336
19 19 40.652753027125854
19 20 35.243677768950235
19 21 35.07042017559303
19 22 34.41408236246457
19 23 33.501197115462894
19 24 35.96562031097984
19 25 33.62902983837823
19 26 33.39749415227202
19 27 36.26301304842558
19 28 34.30888987956848
19 29 32.62519846070272
20 0 27.165245043210096
20 1 26.016526827858232
20 2 27.162452838399304
20 3 28.627472800963307
20 4 28.152372283716186
20 5 27.452208529338225
20 6 30.872210039711472
20 7 29.768593066363568
20 8 32.37991960624381
20 9 31.770386437764685
20 10 31.7736580240206
20 11 36.80038384225883
20 12 36.724699864856944
20 13 38.14371840035116
20 14 39.642125879144196
20 15 45.918186427815684
20 16 88.086599925337
20 17 50.234476777634306
20 18 42.66814122140545
20 19 40.34211500242975
20 20 37.24334703777992
20 21 34.35197368454123
20 22 34.435492959863794
20 23 35.90423408753486
20 24 34.28486280785672
20 25 35.593722152025585
20 26 37.434618854067615
20 27 32.907232347839646
20 28 32.467151467155
20 29 33.04407514041594
21 0 25.20970626752357
21 1 27.43823559261704
21 2 26.546602479625466
21 3 27.77610342355238
21 4 27.518253906975627
21 5 31.323486230297924
21 6 30.054964202735285
21 7 32.197293282989264
21 8 31.934967149994765
21 9 31.265295363875737
21 10 34.81481967542247
21 11 34.825863646316506
21 12 36.35805113131373
21 13 37.04675321853103
21 14 41.95271749102132
21 15 50.58670827550451
21 16 49.30582590173837
21 17 48.00699662261321
21 18 41.77920415120211
21 19 39.85059247656777
21 20 37.470208213408846
21 21 35.96867708378171
21 22 36.97776129349701
21 23 36.04785692924848
21 24 38.266288072695346
21 25 37.74827504606648
21 26 36.32714441171606
21 27 35.355029489727265
21 28 34.71879243848097
21 29 34.61498508565433
22 0 26.719695441069764
22 1 24.051571654108567
22 2 27.46748421604493
22 3 29.679669818604708
22 4 27.138679950106596
22 5 29.80526999336926
22 6 30.199077394043655
22 7 28.99651773397429
22 8 31.609832104705806
22 9 33.583585320159855
22 10 34.26857635223386
22 11 33.03395258899861
22 12 35.130825380815686
22 13 37.5071997772636
22 14 37.901292730062714
22 15 40.8590556282877
22 16 40.63755670463344
22 17 44.321579251875974
22 18 37.76618762177916
22 19 36.073013689511235
22 20 39.026786801079844
22 21 38.02096863578649
22 22 36.51947503678252
22 23 37.21178131666041
22 24 39.09275331959048
22 25 39.68218238578333
22 26 38.4975258707586
22 27 36.660575752981494
22 28 37.718436490493666
22 29 34.150129565926896
23 0 26.109851187717837
23 1 26.01954931996749
23 2 26.856730429449026
23 3 27.626361864625313
23 4 28.536732774896908
23 5 30.221903066519307
23 6 27.6523335674
23 7 32.7068905449206
23 8 32.05050363071332
23 9 31.860401900857283
23 10 32.79805511453621
23 11 36.24866600530457
23 12 36.03852072726412
23 13 36.83545721208669
23 14 38.003887380162304
23 15 38.34446565756796
23 16 40.98271810873272
23 17 36.357637414355
23 18 36.41021134576307
23 19 36.856837922065594
23 20 37.588701770586894
23 21 35.17170311758285
23 22 37.90143658662027
23 23 37.556133782403464
23 24 41.23865477442243
23 25 41.4134806533467
23 26 41.920075042669616
23 27 39.31200397134326
23 28 35.9383649947391
23 29 33.875319994624405
24 0 25.86738257476096
24 1 25.178868514385293
24 2 25.662937334859237
24 3 27.42893822096881
24 4 29.934917414474604
24 5 27.684047440450513
24 6 28.88152505809209
24 7 31.61407088834635
24 8 27.5781710540217
24 9 31.192013579340166
24 10 30.9688293015567
24 11 34.29403388883659
24 12 34.51181038332314
24 13 35.88513625243478
24 14 34.816773575987376
24 15 34.23067230257712
24 16 36.69073039206903
24 17 36.42459026391672
24 18 34.79220938122009
24 19 34.86255234748946
24 20 34.42845057033745
24 21 37.35910743800808
24 22 40.036103588177724
24 23 42.80173714641397
24 24 45.00915561965496
24 25 49.42640863198635
24 26 48.09454991361118
24 27 38.868554134513616
24 28 35.63116570011054
24 29 36.061453716029746
25 0 26.275748319830193
25 1 27.24192029306215
25 2 26.67867680827518
25 3 25.960138632288913
25 4 28.285601910528086
25 5 30.043882230007377
25 6 27.278613068016657
25 7 28.968597281940063
25 8 32.5064547505324
25 9 31.302721827970334
25 10 31.58840340743123
25 11 33.29233963777682
25 12 33.61340854716792
25 13 34.4848866446506
25 14 33.83545104194014
25 15 34.97754362572105
25 16 34.28201213699652
25 17 35.796939099467345
25 18 35.04226409936916
25 19 38.17296833397324
25 20 35.153196224055485
25 21 36.73154425276195
25 22 39.29764962401609
25 23 42.336495139223146
25 24 48.50492016245267
25 25 87.2269868948396
25 26 49.11214786857271
25 27 43.50767497594392
25 28 38.57091271021986
25 29 34.20405135339806
26 0 25.973978951310542
26 1 26.425491536133734
26 2 24.752023464900677
26 3 25.994728475258604
26 4 27.65276662756632
26 5 30.115529043315465
26 6 27.81992262093314
26 7 30.01702185322524
26 8 30.366198752859383
26 9 32.22152074335307
26 10 30.95709884293659
26 11 31.806087011088476
26 12 33.90231179261724
26 13 33.040912569265586
26 14 33.79992308351327
26 15 32.75867092893363
26 16 32.55542461713852
26 17 36.151904202121464
26 18 32.318270160160274
26 19 36.935469329123855
26 20 36.44060579696541
26 21 36.37102963554639
26 22 38.3517046956281
26 23 40.72377342450466
26 24 45.37852859497581
26 25 46.78294149096369
26 26 45.32293112432066
26 27 37.129326463500256
26 28 38.00528527142388
26 29 37.12451178445487
27 0 24.6173703657723
27 1 25.558748740979407
27 2 25.180144635937083
27 3 26.193911437584678
27 4 27.582876421682766
27 5 27.80705881279899
27 6 28.385051485282222
27 7 26.780086275301123
27 8 28.192373838384913
27 9 29.574585786764057
27 10 31.83175281741142
27 11 31.75338020796364
27 12 33.32601861132052
27 13 31.217667742024346
27 14 35.107683997931716
27 15 35.779333417245276
27 16 33.645217028231926
27 17 33.79386979186242
27 18 32.916291206686275
27 19 36.1366486932181
27 20 37.355678244489624
27 21 36.03838004167168
27 22 35.18151736336081
27 23 37.65750676846235
27 24 41.137931368972154
27 25 42.651220635512814
27 26 38.81807240184921
27 27 37.50637061267159
27 28 37.53605462546379
27 29 36.471389887864234
28 0 24.04742887866292
28 1 23.772562026878614
28 2 25.8371942526743
28 3 25.98126448632113
28 4 25.364164581418596
28 5 26.266978145600614
28 6 29.595444186336387
28 7 28.235861816714113
28 8 27.210304247129322
28 9 28.243954576321205
28 10 28.812869201094703
28 11 28.371938850768682
28 12 31.459536114758784
28 13 31.657528361064433
28 14 32.3120575322985
28 15 34.30053883907302
28 16 31.987097240693288
28 17 33.71979212681672
28 18 35.06168366359406
28 19 34.182395311437915
28 20 35.50547224634744
28 21 36.336842707300285
28 22 35.9156345530251
28 23 35.693458374427195
28 24 36.61732282520545
28 25 36.65241859948456
28 26 37.79839181685547
28 27 38.21798828991639
28 28 35.85116176304538
28 29 36.50421298883754
29 0 24.87245501144347
29 1 25.348709965281692
29 2 25.6812777948146
29 3 27.23390663152418
29 4 27.974963517109135
29 5 27.12402479474301
29 6 27.31140042241414
29 7 29.847478709392533
29 8 30.107067435565668
29 9 27.159570421526418
29 10 27.509202651598923
29 11 32.23430102727327
29 12 30.24585149594941
29 13 31.775393765520224
29 14 31.66076813317493
29 15 31.66076075917962
29 16 33.0465572342857
29 17 32.88501910217107
29 18 33.41147243203165
29 19 32.46747888911459
29 20 35.21067804362547
29 21 34.40838013648038
29 22 33.96148638383304
29 23 35.50910678852301
29 24 36.55860322701203
29 25 37.370451610266294
29 26 36.530550672075215
29 27 34.26730066349803
29 28 35.40578553591669
29 29 33.773775671500395
