0 0 26.63421504178498
0 1 24.142503091450504
0 2 24.673048127605824
0 3 25.79255019209079
0 4 25.130589708005555
0 5 27.120182313497324
0 6 25.468498949755205
0 7 27.21343850148727
0 8 27.733446542501866
0 9 28.655368101356885
0 10 27.962697790570445
0 11 28.4695152275782
0 12 30.613374539837675
0 13 27.813292602146348
0 14 27.99578361432986
0 15 29.82741698812247
0 16 28.58912402831873
0 17 30.00134903765344
0 18 28.24852554845855
0 19 28.851057523908228
0 20 26.871586876483367
0 21 26.814866327788177
0 22 25.036825439661623
0 23 26.004469639055532
0 24 27.228117829157267
0 25 24.58989885688461
0 26 24.800908039716145
0 27 23.00559470822852
0 28 23.354167289365094
0 29 25.19785487946466
1 0 23.88855561033162
1 1 24.40919011645136
1 2 25.654145147496873
1 3 26.78124154315069
1 4 27.1466132527106
1 5 25.10617692893221
1 6 25.29027386126952
1 7 25.933740393326765
1 8 26.9712720405642
1 9 28.437948583384614
1 10 29.147804272634133
1 11 27.739122700892025
1 12 29.26769103788585
1 13 27.611086462786574
1 14 28.195300624610613
1 15 28.481828194990126
1 16 27.30649416041059
1 17 28.720222924039266
1 18 27.69811452061835
1 19 28.28972907624868
1 20 26.330485234016603
1 21 26.976074473257924
1 22 26.01841093529536
1 23 24.715671364866584
1 24 25.304920713933473
1 25 26.83939595305581
1 26 25.538021676655713
1 27 25.704204378513708
1 28 24.769697754196994
1 29 23.698929790296148
2 0 24.32255942824336
2 1 26.42180407369448
2 2 26.977204955130357
2 3 25.5032933329057
2 4 27.60917280724752
2 5 26.89110376337803
2 6 27.004458874314814
2 7 29.10562289560255
2 8 27.599810350911486
2 9 29.02188852224034
2 10 28.568497977868343
2 11 28.91054667389525
2 12 29.71174684644745
2 13 31.942780796131164
2 14 28.78511677040805
2 15 30.90177587453222
2 16 29.562083809976293
2 17 29.431449364199185
2 18 27.428158600471722
2 19 27.743308687979646
2 20 28.374956235008057
2 21 28.669003598401027
2 22 27.559155690366275
2 23 26.531017610031554
2 24 26.258618588844808
2 25 25.807039942078536
2 26 24.262305867867834
2 27 26.103376628418697
2 28 26.07947358366634
2 29 26.517557123505473
3 0 25.336185159199005
3 1 25.455818149717764
3 2 24.841551434933866
3 3 24.138511811827563
3 4 26.878724704022225
3 5 26.44596994994464
3 6 28.97281638479635
3 7 29.1953697515125
3 8 27.829553160459152
3 9 32.65107089709565
3 10 32.03238267559737
3 11 31.63452966409473
3 12 29.993174644312194
3 13 29.5629614115898
3 14 31.21146273492934
3 15 28.77474960494647
3 16 31.631505868141616
3 17 31.171962577759803
3 18 30.16418254327776
3 19 30.804380632712533
3 20 28.539710789037116
3 21 28.466917427188537
3 22 27.933342009387594
3 23 28.673201574622468
3 24 28.050965203872085
3 25 25.63706613994403
3 26 24.395258410299206
3 27 25.45338867808053
3 28 26.303833370834184
3 29 24.578019179761988
4 0 25.951159079389456
4 1 26.807534017123203
4 2 23.929352912137063
4 3 26.450494501904963
4 4 26.373329927590806
4 5 28.120976556691044
4 6 27.649927408541927
4 7 30.329677411394325
4 8 30.225915414243023
4 9 31.20272708187063
4 10 32.331463125539635
4 11 32.682811839746165
4 12 33.84576278675978
4 13 33.29668359102596
4 14 32.9636663419513
4 15 31.05346030977685
4 16 32.70241468825025
4 17 31.51781259914091
4 18 30.77376354390841
4 19 30.28037059206551
4 20 30.23364175564102
4 21 27.840326021003985
4 22 29.29375392064473
4 23 28.054904567906238
4 24 27.880200074074768
4 25 26.511241195599446
4 26 27.690059887026006
4 27 26.868256119254177
4 28 24.613627215709897
4 29 26.60515919970766
5 0 24.52159903493626
5 1 25.835455954731735
5 2 25.870670108056594
5 3 27.800404573626206
5 4 29.10084816113737
5 5 27.838385976047984
5 6 29.04662073737455
5 7 28.278477567841954
5 8 28.39881482194732
5 9 32.84388381714914
5 10 33.90679966462915
5 11 35.01017764650796
5 12 33.91262926843508
5 13 33.63326827887064
5 14 34.46529967920187
5 15 33.555710311593224
5 16 32.647062770956275
5 17 33.96680297668605
5 18 31.47420303981297
5 19 32.7276810699721
5 20 29.754687365276293
5 21 30.303346624025583
5 22 30.246474926127085
5 23 28.665507498836465
5 24 28.575249288922965
5 25 27.303231209263966
5 26 28.05060940677085
5 27 26.257554380812472
5 28 25.844284169194516
5 29 25.257720705810005
6 0 26.227644911956027
6 1 27.229863070054236
6 2 25.786990090429263
6 3 27.32540787682265
6 4 28.03859585354997
6 5 27.44910626358341
6 6 31.123750177235554
6 7 30.900320675026844
6 8 31.76327224168962
6 9 34.02375826450725
6 10 33.79829367436866
6 11 33.5002615472015
6 12 35.77071301987485
6 13 36.74869806273863
6 14 35.286407106374234
6 15 33.63739276251054
6 16 33.803781941985854
6 17 34.24031509298739
6 18 33.95496477525021
6 19 33.58681689552669
6 20 33.180075315289834
6 21 30.367981194218093
6 22 27.925514790634043
6 23 28.370505613593092
6 24 28.045965038092998
6 25 29.087577994552902
6 26 28.23820905560607
6 27 27.694250588538377
6 28 26.3086868927258
6 29 26.444222890853318
7 0 27.326616196675168
7 1 25.990521234878823
7 2 27.930235573383314
7 3 29.627730752981687
7 4 27.696268621358822
7 5 28.745151109380114
7 6 31.577895328257025
7 7 30.372745065772428
7 8 31.355792224518325
7 9 33.415404834193694
7 10 34.94560773737012
7 11 36.53087672275501
7 12 36.62313194261004
7 13 39.110989688387505
7 14 36.41637166757571
7 15 37.57736752497933
7 16 36.41330364551754
7 17 34.88678922751402
7 18 34.31123818446979
7 19 32.79986006715724
7 20 33.5256714123142
7 21 32.886243048591226
7 22 29.13767412658806
7 23 28.881057121825126
7 24 28.523308022839046
7 25 28.286355375625853
7 26 27.806728952587747
7 27 27.917160225878572
7 28 28.92374128252411
7 29 27.049161429991127
8 0 25.44962893135818
8 1 26.311513051074844
8 2 27.494638435773332
8 3 28.388729286961333
8 4 29.20082424979681
8 5 30.90994439658686
8 6 31.67506137082154
8 7 33.74787498499039
8 8 32.68857591289573
8 9 35.93580131251581
8 10 37.040674856413716
8 11 39.073149340220155
8 12 39.092238036791834
8 13 42.94661380081434
8 14 38.22545524797498
8 15 37.684825154206216
8 16 36.134853482125585
8 17 35.634277636800995
8 18 34.4764983147617
8 19 34.34087319691766
8 20 32.19781180950251
8 21 31.90588965303146
8 22 32.079877529928574
8 23 30.03232849128073
8 24 29.53370287919824
8 25 27.849503469541755
8 26 26.748825175302414
8 27 27.40495675285469
8 28 29.441867430982906
8 29 29.479608555867433
9 0 26.373333003608096
9 1 27.129358327612998
9 2 28.241356998156153
9 3 27.674643725234812
9 4 29.402775678486375
9 5 30.491449189312252
9 6 32.83971130938455
9 7 30.501504799736185
9 8 33.694322931443665
9 9 37.99031651415661
9 10 36.85231738484465
9 11 39.64480340975782
9 12 46.83973989174258
9 13 46.99403129547253
9 14 44.93077253344575
9 15 42.11834843926658
9 16 36.28739775544142
9 17 34.54738858223444
9 18 33.4955267261028
9 19 34.09367446167677
9 20 34.25037156150117
9 21 28.967006265381034
9 22 33.093477760984776
9 23 31.215800435850234
9 24 32.060915719677475
9 25 29.04591817798349
9 26 28.7338510335998
9 27 27.241264101455393
9 28 29.500417668652148
9 29 27.918667778213113
10 0 26.253876336965067
10 1 27.762328404193198
10 2 28.298095420920507
10 3 28.046475109738775
10 4 28.499784105261167
10 5 28.086524564556342
10 6 32.1804363971212
10 7 33.68810615996032
10 8 34.234099697856436
10 9 36.7518902535294
10 10 37.00630407050899
10 11 41.84733044005607
10 12 49.01786969032072
10 13 89.59014875727344
10 14 48.58097661740964
10 15 43.42750341615677
10 16 38.53952039841372
10 17 35.88591511700465
10 18 33.8861037287134
10 19 33.68581165450013
10 20 33.12379224233162
10 21 33.42590387386123
10 22 32.3496714955374
10 23 30.948080149641097
10 24 30.46442875047893
10 25 30.31380407762023
10 26 30.70935339669166
10 27 28.13125428224829
10 28 28.51802846671266
10 29 27.658082583631845
11 0 26.932820605717193
11 1 26.893840837856846
11 2 27.765422792488742
11 3 28.06335335451786
11 4 28.830664818729932
11 5 30.429332982375033
11 6 30.484185502899386
11 7 31.143549664882098
11 8 33.46739177352464
11 9 37.98156321847519
11 10 37.729350001189566
11 11 40.885176451677495
11 12 47.744444963336505
11 13 49.99055675640469
11 14 46.901832797725355
11 15 42.97087185926216
11 16 37.380559275144776
11 17 37.13363116968014
11 18 35.32561807817425
11 19 32.367215939209814
11 20 32.397620230407085
11 21 33.44951888412894
11 22 33.50595601299963
11 23 32.427662071229406
11 24 30.18682214921696
11 25 29.371584704833392
11 26 31.534167801174245
11 27 27.495018346102885
11 28 28.648020532788202
11 29 26.84997655507942
12 0 24.500184435962243
12 1 26.709015826712385
12 2 28.212858811261267
12 3 30.07607666849391
12 4 28.446316945877154
12 5 31.841998459496814
12 6 33.91477495374859
12 7 31.921037286727497
12 8 32.244975310766826
12 9 34.69798385675638
12 10 33.856240422765566
12 11 37.972034569202215
12 12 40.24182708042065
12 13 42.917854080192726
12 14 42.340482932670206
12 15 37.7432603027666
12 16 36.30648018243171
12 17 35.32580047923354
12 18 33.41501162662198
12 19 37.1597000270445
12 20 34.31768718099566
12 21 34.06988293777865
12 22 31.992398822142352
12 23 30.570333161172442
12 24 33.328398514240256
12 25 29.906688244691164
12 26 30.14010445151158
12 27 30.978667227810753
12 28 29.353558344777152
12 29 27.489088424244898
13 0 26.778821603255725
13 1 29.753280902778773
13 2 27.62648907468983
13 3 26.63968037038974
13 4 29.549565724711872
13 5 28.883904145127406
13 6 31.858341198257275
13 7 33.463515943300976
13 8 35.703551547467015
13 9 34.42727335173513
13 10 34.566301027425645
13 11 36.673559077405336
13 12 37.64009872372162
13 13 39.46207302313884
13 14 40.424274241457105
13 15 36.78900424700827
13 16 37.833496738706906
13 17 36.8919795807779
13 18 35.31368822516737
13 19 33.49624298079674
13 20 32.20442848955703
13 21 32.05251942773151
13 22 32.12119892155404
13 23 32.869864076186886
13 24 32.56382646666402
13 25 32.111262618944856
13 26 31.012761670468926
13 27 28.457328669207183
13 28 30.10818590687415
13 29 29.04174079411452
14 0 25.322484911342155
14 1 27.748373780847736
14 2 27.5429145879466
14 3 27.953659508891622
14 4 28.70158265504954
14 5 29.232138877957222
14 6 34.23368657566418
14 7 31.032726442602
14 8 32.155870633404795
14 9 32.77842202650826
14 10 37.685131967834
14 11 37.15971977031234
14 12 35.420435698729655
14 13 36.89622746108946
14 14 38.21147703479745
14 15 34.89571227502381
14 16 33.74319840850494
14 17 35.5542829156876
14 18 36.22136071008646
14 19 34.420974804734
14 20 36.98899367861785
14 21 33.20401717305509
14 22 32.34667530334915
14 23 32.20318336231761
14 24 31.03412767828003
14 25 32.14702504729832
14 26 30.805422847773833
14 27 30.793525792509005
14 28 28.23657595697595
14 29 28.978151877272133
15 0 27.407698112799807
15 1 27.7977383898532
15 2 27.963228950100586
15 3 29.441451603028316
15 4 30.153453147031268
15 5 29.848938557742226
15 6 31.904993282019294
15 7 33.76233847038951
15 8 33.13224379014655
15 9 32.707274944077746
15 10 33.98956423036553
15 11 36.632422418403415
15 12 37.01412259099997
15 13 35.34571205390566
15 14 35.965527954577155
15 15 36.24616366394548
15 16 36.17588223258892
15 17 34.33534914899508
15 18 36.10404262586146
15 19 36.0493221995469
15 20 35.536470348797465
15 21 34.38536636709248
15 22 34.646166356578995
15 23 32.1397110779684
15 24 33.26188414749478
15 25 31.421744325977222
15 26 31.20392094420483
15 27 30.620984456648852
15 28 28.49692737489778
15 29 29.383178360174487
16 0 25.867847558194182
16 1 26.93638646494537
16 2 26.26405315919704
16 3 28.83884101829767
16 4 29.199811597380403
16 5 30.544255333253812
16 6 29.220594949362468
16 7 30.802597997689748
16 8 33.4523340490569
16 9 34.28429616649201
16 10 34.67699227566887
16 11 35.44750518122194
16 12 37.74619464594412
16 13 35.78191919761727
16 14 33.74319840850494
16 15 34.41508038439545
16 16 35.817275339683526
16 17 36.76108277834532
16 18 38.26649637339827
16 19 35.69255484909488
16 20 36.574236418680606
16 21 35.45610458375025
16 22 37.16702525669513
16 23 33.317374634501775
16 24 31.242905707369346
16 25 32.953731290716696
16 26 31.683512444172703
16 27 30.490042827295305
16 28 30.744407086228875
16 29 30.342452601272306
17 0 25.622523494921836
17 1 28.66738572731746
17 2 27.64397101632822
17 3 28.870498403437516
17 4 28.785734880252257
17 5 30.917475852659415
17 6 29.16357099922455
17 7 33.92401494754174
17 8 31.832187831136547
17 9 33.71051180293161
17 10 33.47406569668235
17 11 36.079940822887316
17 12 35.21973305664079
17 13 36.8919795807779
17 14 35.87164254450047
17 15 37.802303647312634
17 16 38.43463553091109
17 17 39.95665870129865
17 18 39.78376396064118
17 19 37.48869008720336
17 20 38.57481914191868
17 21 34.55907468975561
17 22 33.0429990634761
17 23 35.17674615312114
17 24 32.12912034923338
17 25 32.36701481237278
17 26 32.6608378182759
17 27 31.006144558306016
17 28 30.487609014148763
17 29 30.02851331131106
18 0 24.85048371331222
18 1 24.897010509389187
18 2 27.697469800183395
18 3 26.643484329360444
18 4 27.69439314176203
18 5 28.68199756315965
18 6 30.028712444325887
18 7 30.427610876507355
18 8 29.49391485439369
18 9 34.52350639006939
18 10 32.99698254013795
18 11 33.91305730845996
18 12 33.41501162662198
18 13 35.058640920592694
18 14 36.403752793479185
18 15 36.76889780744931
18 16 40.20519761267645
18 17 44.110065707743374
18 18 39.22568951481766
18 19 40.09607094725715
18 20 36.49061997808706
18 21 36.04390907135289
18 22 35.85328836181788
18 23 35.36120406473859
18 24 34.99812099873019
18 25 32.78719886812175
18 26 32.670654789554064
18 27 32.1846211399842
18 28 31.300486314361525
18 29 31.920429119365178
19 0 24.277324962379588
19 1 26.03829702302941
19 2 26.92824296542584
19 3 28.06053849555129
19 4 26.416380591451436
19 5 27.436380949266542
19 6 30.766701298878207
19 7 32.60482158199838
19 8 32.07315414461173
19 9 33.55796357231274
19 10 34.94035838872096
19 11 32.367215939209814
19 12 34.610859883513314
19 13 35.48499875983379
19 14 38.57946120574702
19 15 41.32444087727966
19 16 47.7522991334994
19 17 49.11123193807623
19 18 48.254668670056894
19 19 41.53523255315405
19 20 38.63167493608494
19 21 38.23023384633895
19 22 34.551485507524504
19 23 35.40018442661024
19 24 34.06195819561544
19 25 34.52966245834715
19 26 31.2977849350351
19 27 30.625725272297114
19 28 30.905627127719967
19 29 31.302838288520196
20 0 26.66438209061989
20 1 26.241799939962647
20 2 26.83704060610545
20 3 28.50705757909811
20 4 27.589827434422414
20 5 31.338434056413305
20 6 30.446684756072425
20 7 30.47071004553602
20 8 32.38525487430037
20 9 32.61454880814476
20 10 33.12379224233162
20 11 34.222010801556834
20 12 35.8031821570885
20 13 35.214319535328364
20 14 37.395037010935596
20 15 41.88683355274187
20 16 48.58099181158295
20 17 88.67706000965951
20 18 52.62279895576675
20 19 42.17598551441736
20 20 39.23330646414689
20 21 35.968141010762004
20 22 35.50670608098213
20 23 34.13043760104605
20 24 33.4293710624711
20 25 34.234971801674966
20 26 31.072586222684325
20 27 33.3058496433182
20 28 31.7820660838514
20 29 30.838299902053244
21 0 26.012552966842616
21 1 25.312959803683245
21 2 26.77509957917519
21 3 27.73529835894811
21 4 29.48926693791119
21 5 27.50513635770639
21 6 29.32065902003892
21 7 29.877628841307178
21 8 31.671582150102925
21 9 28.967006265381034
21 10 32.96034553434598
21 11 34.31477601638556
21 12 35.948338346621156
21 13 36.20988416254304
21 14 37.26821888873809
21 15 43.17441630004682
21 16 46.67362853218702
21 17 48.44475892200522
21 18 47.774895799740904
21 19 42.10121680519069
21 20 38.263368691575906
21 21 37.076286943840145
21 22 35.840467342162
21 23 32.847865756117116
21 24 33.58337135428236
21 25 34.33827719309653
21 26 33.50268019570382
21 27 31.816556223972807
21 28 30.72466778907931
21 29 32.52068654688042
22 0 26.824425582519044
22 1 26.244707748932967
22 2 26.758889567774748
22 3 27.455666245928594
22 4 28.186172658372694
22 5 28.176992631834185
22 6 29.464069282141544
22 7 31.277049904058824
22 8 32.079877529928574
22 9 32.01318117986718
22 10 33.15605573858869
22 11 31.575391869725973
22 12 36.94986686035519
22 13 36.77046713758591
22 14 34.66481194191331
22 15 37.962458505320434
22 16 41.554794736187695
22 17 42.37189978939054
22 18 42.33993771436109
22 19 38.201650290539696
22 20 38.567837215015395
22 21 36.71187669092028
22 22 36.23084929680086
22 23 36.432043851331464
22 24 36.20934492800896
22 25 34.28975900352362
22 26 33.6284757234044
22 27 34.17261257193436
22 28 29.563400008297005
22 29 30.333337420915115
23 0 26.11592253958387
23 1 24.910347642635763
23 2 28.486259913174536
23 3 27.967745841946712
23 4 28.829507328366848
23 5 27.856896527583217
23 6 29.73480629140774
23 7 28.881057121825126
23 8 31.778599162612696
23 9 31.35756574015798
23 10 31.6213346034029
23 11 33.43637570469622
23 12 32.52397495110241
23 13 34.438021605330455
23 14 36.166293038412135
23 15 36.05047722106875
23 16 37.493961975253214
23 17 40.8836284651309
23 18 37.641855508746644
23 19 37.32350420462931
23 20 37.8715509735008
23 21 33.56682409254729
23 22 37.42240598603021
23 23 36.79057362565432
23 24 37.314493393682554
23 25 35.48170608186791
23 26 34.02538959899125
23 27 30.94301585119372
23 28 31.316020981291988
23 29 31.17555630159947
24 0 25.58900760113035
24 1 24.229221695352468
24 2 25.05172547057247
24 3 27.50857795840746
24 4 27.117416559216377
24 5 28.215415794894966
24 6 28.045965038092998
24 7 28.005935379705402
24 8 30.41176602096709
24 9 29.44947247047511
24 10 34.64303917777762
24 11 32.99208607562091
24 12 33.17105290977319
24 13 34.49898022245077
24 14 34.17776614977455
24 15 37.4360677494226
24 16 36.29654415544361
24 17 36.80643551154037
24 18 37.73317900985825
24 19 37.35357687535172
24 20 36.89806207023454
24 21 34.948088385755646
24 22 36.37066290684791
24 23 37.50911061621267
24 24 38.31768084235194
24 25 38.36987752992822
24 26 35.90330328114492
24 27 34.22833452487033
24 28 29.11402925138302
24 29 33.12969183065684
25 0 24.995017385061562
25 1 25.572853354364582
25 2 25.460162751236236
25 3 24.779117844955618
25 4 27.23897267856658
25 5 27.303231209263966
25 6 30.392321202929732
25 7 28.71740369574943
25 8 29.968164314078216
25 9 29.21561655462053
25 10 32.71091581129325
25 11 33.19242335099356
25 12 32.26810843415042
25 13 34.313177208263
25 14 34.13639341777136
25 15 34.426970908592146
25 16 35.043312826541246
25 17 35.72431589395904
25 18 33.91347712082405
25 19 36.45569966467775
25 20 32.623942821944844
25 21 34.66589742827079
25 22 37.096001768167206
25 23 36.153997504010135
25 24 35.99107814871639
25 25 62.9823004143404
25 26 39.28130913667517
25 27 33.91376050980824
25 28 32.33292248986596
25 29 32.760910345278916
26 0 25.00929768804343
26 1 26.390071479723694
26 2 25.74443871833709
26 3 23.78991107390173
26 4 27.690059887026006
26 5 27.798733377961746
26 6 27.65861174251757
26 7 29.30841476234685
26 8 29.363106828778054
26 9 28.903285844736608
26 10 28.390378409196654
26 11 29.378095294700064
26 12 33.25387870972774
26 13 32.0036561907798
26 14 34.04286010377843
26 15 34.51452399658162
26 16 34.20755907177996
26 17 33.38904887827336
26 18 35.61970211135868
26 19 33.248670138650596
26 20 35.46274228303198
26 21 34.40177647655196
26 22 34.434877944937114
26 23 35.20391885217914
26 24 38.355412250597524
26 25 38.78511629933318
26 26 36.869561237877825
26 27 34.18052480072782
26 28 32.13782247160831
26 29 33.01762924205769
27 0 24.315228214717077
27 1 24.610887413735323
27 2 24.995227364198932
27 3 25.45338867808053
27 4 26.171328932133104
27 5 27.272127669988848
27 6 28.339412022523675
27 7 27.512794105520967
27 8 28.723809766818665
27 9 28.069403429251313
27 10 31.36093560708935
27 11 29.75280289483432
27 12 30.499957866591267
27 13 31.61650145153853
27 14 32.23934978209074
27 15 33.31410844829489
27 16 33.766806954260666
27 17 33.09287090277877
27 18 30.659842064022623
27 19 35.49027721672201
27 20 32.46358896767204
27 21 32.319433626042795
27 22 33.489338557835836
27 23 33.45845972863016
27 24 35.8904533695184
27 25 34.8899618663951
27 26 33.87082374427047
27 27 32.69363131705347
27 28 30.211954050559328
27 29 31.787850484290402
28 0 23.16576264815205
28 1 24.023294453923523
28 2 26.07947358366634
28 3 26.650693786124556
28 4 26.346779494930296
28 5 26.83005843412609
28 6 25.95521534338544
28 7 27.61690494510752
28 8 26.928025965179522
28 9 27.74229074925189
28 10 29.307922248477407
28 11 30.332198498725322
28 12 31.58657839314291
28 13 30.819310110111086
28 14 33.972439149553274
28 15 30.814071141439946
28 16 32.58158020449279
28 17 32.440942921173345
28 18 33.9327137508673
28 19 34.217678346274226
28 20 32.499577261763626
28 21 33.54862001081562
28 22 32.5909536684315
28 23 33.065689429599544
28 24 30.461163834081912
28 25 31.0809366150367
28 26 31.703650845293815
28 27 30.696300520291576
28 28 30.709363232168837
28 29 29.377969686712923
29 0 25.730335938962693
29 1 23.698929790296148
29 2 24.12913868647979
29 3 25.456650368010518
29 4 25.670892084695065
29 5 24.837855833760482
29 6 26.847910326557052
29 7 27.58200750271268
29 8 26.391608779964386
29 9 27.89665544073483
29 10 27.10178523606744
29 11 30.132597918155067
29 12 30.068859023275998
29 13 28.72085087000479
29 14 31.282944156540903
29 15 32.329326084915174
29 16 30.82330318087524
29 17 32.44798460002834
29 18 31.317529687625004
29 19 30.553791379733543
29 20 32.82516111944557
29 21 32.04935663353393
29 22 32.29272509234506
29 23 31.53783971873131
29 24 32.247521172568
29 25 32.26177572131652
29 26 33.602712501139116
29 27 30.93383449293017
29 28 32.212949394670396
29 29 29.900055485706744
