0 0 25.336109193732334
0 1 23.9391944838103
0 2 23.741085155262038
0 3 24.326017963156858
0 4 26.02526667605716
0 5 25.75946987322228
0 6 28.356696783541114
0 7 26.356386763051923
0 8 26.673992864813265
0 9 28.37038613456619
0 10 27.94829191571115
0 11 29.106511089932496
0 12 29.944197899746758
0 13 30.02479953359153
0 14 28.96941724887528
0 15 26.770408418691137
0 16 30.684991594017255
0 17 28.094010001529313
0 18 27.81376668653456
0 19 26.965221750156193
0 20 27.099438767604603
0 21 26.41961377419117
0 22 26.06234564856513
0 23 24.889257591713594
0 24 24.83989436686528
0 25 24.096438780422528
0 26 24.18328303243556
0 27 25.54806151452117
0 28 23.817867414707603
0 29 23.874056346484206
1 0 24.912477129389398
1 1 24.780616587724108
1 2 24.414167781798373
1 3 24.918954276396406
1 4 25.886147611563032
1 5 26.929914666856508
1 6 26.950869784347297
1 7 26.04787085573506
1 8 31.49614667582133
1 9 27.55853275379994
1 10 28.626978040401994
1 11 28.81191430021108
1 12 29.311970383316524
1 13 29.057476062971443
1 14 28.051770331831147
1 15 29.37360452374946
1 16 28.003688309223712
1 17 27.836294800781776
1 18 28.225271951233182
1 19 27.3163701386905
1 20 26.47951942751942
1 21 25.716463522536767
1 22 25.517267534386214
1 23 25.53853561922004
1 24 26.479163855747846
1 25 26.879546028903057
1 26 25.639589941844502
1 27 24.001320852469497
1 28 24.493297698525385
1 29 25.324178131882928
2 0 25.2282885957558
2 1 25.86152943115933
2 2 26.573541082339773
2 3 25.958794183636957
2 4 27.093550702714687
2 5 26.31833594842655
2 6 28.139244968877673
2 7 28.651456006002995
2 8 28.52330755535196
2 9 28.193987600760444
2 10 29.402848330232995
2 11 30.70342866435278
2 12 29.12338504146873
2 13 30.86390715732981
2 14 31.810343885131758
2 15 30.294677389738922
2 16 29.30405561219502
2 17 28.59844984281597
2 18 28.390833161615934
2 19 29.16297063623536
2 20 28.720686232914034
2 21 27.770681310010005
2 22 27.477984311664756
2 23 25.02880946941935
2 24 26.656572820984422
2 25 24.793987502591772
2 26 26.360163849226147
2 27 25.051525893064685
2 28 24.909503052650813
2 29 24.606737956556064
3 0 24.807477448885322
3 1 25.436104992270465
3 2 26.02800919004505
3 3 24.484849640480885
3 4 27.47454033702303
3 5 30.131325278133023
3 6 29.441868886386754
3 7 29.279081036008996
3 8 29.66497338608389
3 9 32.15054821459239
3 10 32.723976227643966
3 11 30.71253672084286
3 12 31.617387273481043
3 13 31.97101728063008
3 14 30.719022058631634
3 15 30.06945524102501
3 16 30.66985898374621
3 17 30.2345824313801
3 18 29.81040824546695
3 19 28.272563523446323
3 20 28.191642506614986
3 21 26.825008003190437
3 22 25.513568431239115
3 23 27.160618654105097
3 24 29.467703763756624
3 25 26.379075219707737
3 26 24.830868423425546
3 27 26.906133789971953
3 28 26.533151142182906
3 29 25.49229446873223
4 0 25.096302280852644
4 1 26.85605264476541
4 2 26.149886601173254
4 3 26.82920670053806
4 4 27.734720289549074
4 5 29.028453951943977
4 6 26.91365149565033
4 7 30.320663551128295
4 8 29.742138957129868
4 9 30.15780703773348
4 10 31.880515642220768
4 11 31.92799047983417
4 12 31.561218622636225
4 13 31.871936690837135
4 14 33.57343112383729
4 15 31.86091264349768
4 16 33.2745173275592
4 17 30.987656613220526
4 18 33.27775048365198
4 19 32.109043398971295
4 20 28.33168914379326
4 21 26.520624152632234
4 22 28.661950118645702
4 23 27.41692715283104
4 24 27.568695084832463
4 25 28.111783321569554
4 26 26.203545754111957
4 27 25.13787397242549
4 28 23.887765393784274
4 29 25.96989482201148
5 0 24.571142925679617
5 1 25.413568635705243
5 2 26.536386752899567
5 3 28.587119081016137
5 4 28.04095678351043
5 5 27.35493250100461
5 6 30.00614620470036
5 7 32.288304203582
5 8 33.56183600464644
5 9 30.893664838393793
5 10 34.39844982488661
5 11 34.10130843280746
5 12 32.667886817568
5 13 34.50848652150571
5 14 32.43346488079569
5 15 34.237355362481296
5 16 34.58045816226947
5 17 33.331814013919434
5 18 30.876413962535356
5 19 31.558198029278074
5 20 29.8194735582053
5 21 29.046161237828063
5 22 28.711815648172983
5 23 28.272148977400366
5 24 26.703352163776223
5 25 28.50104949929291
5 26 25.681334987604256
5 27 27.84098876560508
5 28 25.198996321273988
5 29 25.10704075693571
6 0 24.55449469784436
6 1 26.959432805251463
6 2 27.840168087948697
6 3 30.729992547192953
6 4 28.563067601892588
6 5 30.744836369201593
6 6 31.564000730385498
6 7 32.05974227808364
6 8 33.53722017870003
6 9 33.27398316102191
6 10 34.82417089555906
6 11 34.57620677394637
6 12 37.76786137977081
6 13 35.637323268285996
6 14 34.26990610530717
6 15 32.31938174238893
6 16 33.88400758795617
6 17 33.973037027808616
6 18 30.024438775921553
6 19 31.68185066557044
6 20 28.805930130159386
6 21 30.01634782020382
6 22 29.884979074545903
6 23 27.282658431574102
6 24 29.168155388698143
6 25 29.28146380615427
6 26 28.248447573423597
6 27 28.545035431992112
6 28 26.718465277235794
6 29 25.182552231310773
7 0 26.014528652503145
7 1 26.383321108300738
7 2 26.481471858896313
7 3 27.557955784331934
7 4 29.437742585171197
7 5 31.051306657034864
7 6 32.88555789285229
7 7 32.27983198137933
7 8 33.12940272003683
7 9 33.95833974456573
7 10 33.61981442039799
7 11 35.65300312874584
7 12 35.39995725178741
7 13 37.034369080334095
7 14 36.5630390802551
7 15 38.153401056731504
7 16 33.47806530870599
7 17 34.03468310955755
7 18 33.9183878051835
7 19 32.415518680434054
7 20 29.079958689113635
7 21 29.909689918827972
7 22 30.239556154637107
7 23 28.04643721583022
7 24 29.273893338333508
7 25 29.500008353486017
7 26 27.570690773214082
7 27 27.714669097231265
7 28 28.2970695112742
7 29 27.52455824164142
8 0 25.41433488588417
8 1 27.32696562052247
8 2 29.74448240725266
8 3 28.51307574454711
8 4 28.395774157750584
8 5 29.49297398612814
8 6 33.013477430249424
8 7 34.099950612057604
8 8 35.135389695211245
8 9 37.87205708227133
8 10 38.26879011036988
8 11 40.54602411641092
8 12 41.93479619677645
8 13 39.863506218872395
8 14 37.47882275180656
8 15 37.15124565122978
8 16 36.13871958594825
8 17 32.635387208258216
8 18 35.08524676589415
8 19 32.16991187540022
8 20 33.11429144933053
8 21 29.37965614519866
8 22 32.16998195068358
8 23 28.602106945756407
8 24 27.81781194948764
8 25 29.166680692201933
8 26 27.276669429403825
8 27 29.265467122220908
8 28 27.57668523395042
8 29 26.91720042256325
9 0 25.305453207175795
9 1 25.235292106814
9 2 29.410655512560435
9 3 27.971122786302008
9 4 29.06526523134142
9 5 30.91272107334092
9 6 33.877686685058336
9 7 35.2037697542666
9 8 34.284971610323105
9 9 36.79548305540868
9 10 40.446863899781185
9 11 45.26275756497363
9 12 48.222777859844264
9 13 45.35207884683119
9 14 41.42055531420225
9 15 38.12150152459644
9 16 36.1253454939086
9 17 33.73879204888687
9 18 33.70285257913733
9 19 32.812886464513674
9 20 32.97668240717833
9 21 31.022523048132626
9 22 31.461152011012125
9 23 31.173422679132248
9 24 31.144594886171127
9 25 29.05221666999638
9 26 27.83488980264642
9 27 27.45559113321575
9 28 29.02929929642679
9 29 27.32731709649198
10 0 26.506616063927233
10 1 29.454937440538025
10 2 29.117211692858454
10 3 28.640315651544313
10 4 30.52986167338009
10 5 33.07336065555752
10 6 34.18326905299347
10 7 34.228244574611494
10 8 38.22902232827842
10 9 38.18747131292434
10 10 42.781047221333175
10 11 49.146717673532066
10 12 87.92505992716374
10 13 49.10578815608574
10 14 39.61920761507763
10 15 38.76371715052643
10 16 34.91604204553282
10 17 37.362893103944586
10 18 34.056865787107995
10 19 35.216001700475566
10 20 34.2093937213552
10 21 32.17069635056825
10 22 33.88286599003651
10 23 30.66889550495415
10 24 28.17731676174574
10 25 30.18422258267368
10 26 30.410012112495625
10 27 28.585855580147108
10 28 29.65836585254687
10 29 28.192174169474832
11 0 26.109233019158097
11 1 28.125560566700702
11 2 28.46586291698391
11 3 28.223605191265108
11 4 31.150985387093485
11 5 32.198333713233296
11 6 32.08947408971247
11 7 32.053349152232045
11 8 34.810522044117434
11 9 36.994905664808364
11 10 39.58915732994494
11 11 46.07847183704515
11 12 47.17268537200137
11 13 45.91628381895966
11 14 40.618637714566795
11 15 36.65376825533934
11 16 37.04003804586721
11 17 36.849079617935644
11 18 32.524346908424754
11 19 31.031954580342052
11 20 33.829410968189286
11 21 33.1860009692042
11 22 29.554035498612897
11 23 31.100930584892513
11 24 31.714029788107965
11 25 28.55877814674104
11 26 32.55691771855859
11 27 29.70620294665345
11 28 28.586706519213195
11 29 28.467722896638833
12 0 27.4310425149248
12 1 26.139841594843027
12 2 28.95153724987856
12 3 29.21420008055635
12 4 32.04764452871759
12 5 32.09485015348719
12 6 31.769545081171405
12 7 35.332048499949316
12 8 36.94747947160585
12 9 36.57970405271723
12 10 38.811471261076456
12 11 39.48671005772086
12 12 42.033778002804226
12 13 40.70925290226027
12 14 40.3537421386143
12 15 37.18296510033064
12 16 36.13705671964018
12 17 34.39210008124535
12 18 33.437080256785315
12 19 33.8472527274379
12 20 32.237171080745966
12 21 32.54552622563638
12 22 31.666822463895464
12 23 31.245575842899196
12 24 32.18785812236535
12 25 30.2283625212663
12 26 28.944173118118734
12 27 32.21111095725273
12 28 27.45376146864071
12 29 26.893032804959407
13 0 27.749520277968657
13 1 25.992405975938734
13 2 29.430836261025103
13 3 27.444242754542998
13 4 30.054675346680405
13 5 32.21573784577173
13 6 33.03069135069606
13 7 32.578949506061925
13 8 34.65845195236642
13 9 36.92926737947658
13 10 34.572821087768595
13 11 37.0106021152667
13 12 37.58362938062395
13 13 38.21034526704533
13 14 33.79781117998648
13 15 36.2010383167932
13 16 36.93348114366013
13 17 35.82064088245651
13 18 35.74568178601421
13 19 34.860728952184616
13 20 33.47365371851278
13 21 31.604372402176196
13 22 31.123318369475797
13 23 33.0549048249152
13 24 32.1810958983437
13 25 32.23498132193387
13 26 30.669352722645993
13 27 30.17111092699938
13 28 30.217924156371602
13 29 30.287351486931264
14 0 25.523042072512403
14 1 29.119298536666655
14 2 28.938700062804884
14 3 30.846879582928135
14 4 32.61741009358254
14 5 31.645702327692913
14 6 33.3606055361633
14 7 34.332103508712976
14 8 34.95105636092303
14 9 35.42840515343522
14 10 35.586561140674284
14 11 37.02087610171478
14 12 35.81620895823083
14 13 36.80485480913641
14 14 35.20095251457069
14 15 33.432525083903215
14 16 34.133840425584545
14 17 35.84460834401242
14 18 35.40140186632598
14 19 35.54899667681233
14 20 35.52176285476016
14 21 33.14143921409814
14 22 33.370949302054534
14 23 31.597775764437827
14 24 32.41879040420239
14 25 30.92794852464492
14 26 31.27170917003161
14 27 31.772319297146733
14 28 29.745155192144583
14 29 29.789602097697596
15 0 27.089601977106717
15 1 28.35802629117003
15 2 26.296233626746993
15 3 28.923523569704237
15 4 29.38074409028759
15 5 29.02404955577005
15 6 30.51713309366949
15 7 33.46284612971846
15 8 33.95822053788166
15 9 35.093301078825576
15 10 35.64487101871734
15 11 33.24799329957985
15 12 35.61477597517349
15 13 35.89522794011845
15 14 33.32945004331509
15 15 37.823449342710084
15 16 36.1748783338667
15 17 35.26947911707573
15 18 33.66561448450563
15 19 35.8852278955854
15 20 35.79448222971571
15 21 34.16686757622592
15 22 32.876398177345855
15 23 34.22460197659095
15 24 33.943807062469176
15 25 31.864323518439992
15 26 31.102821196088357
15 27 29.689248622124754
15 28 31.81413183043286
15 29 27.75975569434866
16 0 26.306119965623346
16 1 27.91389732906328
16 2 28.094556984920363
16 3 28.91072940409027
16 4 28.139288385769284
16 5 31.12224174779387
16 6 30.7782355542477
16 7 33.68628971808403
16 8 33.861698556485315
16 9 36.18597651876022
16 10 33.931512149127336
16 11 32.97918968812324
16 12 36.99352840528508
16 13 33.9431874181997
16 14 34.133840425584545
16 15 36.57217598819795
16 16 36.024030795228626
16 17 37.074064823417
16 18 37.606057122186904
16 19 37.097523878327834
16 20 34.067390974590154
16 21 36.141476867338696
16 22 36.08089973031572
16 23 32.55882659693957
16 24 31.77200527256057
16 25 33.67930439387937
16 26 32.493926118144834
16 27 29.869276155326844
16 28 31.39347629279252
16 29 30.21555448162705
17 0 26.767560897959815
17 1 27.60043316296478
17 2 28.81243931186313
17 3 28.702299684825828
17 4 29.588955069896027
17 5 30.688264660885523
17 6 31.77329137730294
17 7 30.78327446085392
17 8 31.80893349876548
17 9 32.07743727405027
17 10 29.6218908248716
17 11 32.365395755710594
17 12 34.18099326593727
17 13 35.82064088245651
17 14 37.369778044690584
17 15 36.7960712901887
17 16 35.89802039025241
17 17 40.62921941416406
17 18 41.237319047161826
17 19 40.721479462637404
17 20 36.27725148313822
17 21 37.633951697713265
17 22 37.35473346569486
17 23 35.748394820023236
17 24 33.884150665450534
17 25 31.929057197571225
17 26 30.39097618982653
17 27 31.85492462586305
17 28 31.630786940985196
17 29 30.401678804922337
18 0 24.342038880703747
18 1 26.90998931994588
18 2 27.419593750550423
18 3 27.80381838371354
18 4 27.833605324601645
18 5 29.616098234073558
18 6 29.03080244898228
18 7 30.67650445588204
18 8 31.505440016450635
18 9 32.85290063998452
18 10 33.33119272375457
18 11 31.842170908256804
18 12 33.437080256785315
18 13 34.44848057318291
18 14 35.9082204765625
18 15 36.988696735127256
18 16 39.02252563281271
18 17 43.49366011524754
18 18 43.22535137727474
18 19 42.24915479427226
18 20 38.03801833354883
18 21 35.70921929208577
18 22 36.24750162193062
18 23 36.519680382328396
18 24 33.685571636937325
18 25 34.342388679693315
18 26 33.112350327075774
18 27 32.01988556255224
18 28 31.744345816300083
18 29 28.801914819095067
19 0 24.8292065004678
19 1 27.19986112865709
19 2 26.57763482814937
19 3 28.574211379386
19 4 26.767869185787095
19 5 28.576192035843526
19 6 31.8368843583894
19 7 31.57858992833895
19 8 32.0153854677135
19 9 31.585158646025235
19 10 33.88385744506782
19 11 31.031954580342052
19 12 33.191893367207776
19 13 35.2125967558855
19 14 36.13942667072445
19 15 35.61269123629919
19 16 41.93940382334638
19 17 48.297128165129
19 18 48.755366335088745
19 19 49.776651772307915
19 20 39.50794880209307
19 21 36.07395197506932
19 22 35.7065212424249
19 23 34.17905119028358
19 24 34.505795013803095
19 25 34.32446878781955
19 26 31.470847188067353
19 27 31.41806796797972
19 28 31.572807711070574
19 29 30.702734717688184
20 0 24.874586083409582
20 1 24.990432930845955
20 2 28.996651740260205
20 3 29.235145784583725
20 4 26.159150204286945
20 5 29.143985158792763
20 6 28.631507856472346
20 7 29.577350429571702
20 8 30.865533764623883
20 9 32.15279390407213
20 10 34.2093937213552
20 11 33.334648912536615
20 12 34.334352471959264
20 13 35.521060345302544
20 14 37.58270679516743
20 15 42.294864921493364
20 16 41.919545226737576
20 17 49.19371257534525
20 18 89.10670398238526
20 19 47.344378295523384
20 20 42.65787721974108
20 21 38.266248974232155
20 22 39.22297690884165
20 23 35.18058525840317
20 24 35.46559961775725
20 25 35.23619622986726
20 26 31.3828496597131
20 27 33.220660250364894
20 28 30.088942238158797
20 29 32.39184373940894
21 0 25.884292057391587
21 1 25.54692643131073
21 2 27.2878794783992
21 3 28.83432819569091
21 4 26.943624858218143
21 5 27.705768125568998
21 6 28.71006485597949
21 7 31.24351469189792
21 8 28.95273899272659
21 9 31.022523048132626
21 10 34.236021069756305
21 11 32.97658711760994
21 12 32.52352914280148
21 13 35.94810251602139
21 14 34.63524663165718
21 15 38.37642926113277
21 16 41.29873015151595
21 17 46.03214750807845
21 18 52.00323264192972
21 19 49.68278271686102
21 20 43.2677941968635
21 21 39.36078815402172
21 22 34.551632500662265
21 23 33.713663098070136
21 24 33.65829529811377
21 25 35.123184828552894
21 26 31.176844329527214
21 27 33.00101767351606
21 28 34.176672169189935
21 29 30.193143513418004
22 0 25.237585242961675
22 1 25.695213089935645
22 2 25.386722448104884
22 3 26.925586205140416
22 4 28.09599366757677
22 5 27.362024550369533
22 6 27.54084555795249
22 7 29.596204565210893
22 8 32.16998195068358
22 9 30.851298547162514
22 10 32.756299109340866
22 11 34.702975802601586
22 12 34.66385737915501
22 13 36.14996736915339
22 14 37.50173048704801
22 15 35.816817775162406
22 16 39.06438902370121
22 17 41.852622109634616
22 18 41.40111792898006
22 19 43.2653270351362
22 20 39.23937536680636
22 21 39.706756431011364
22 22 36.57025783973371
22 23 37.413680883395266
22 24 34.76060743780492
22 25 38.15261315687784
22 26 35.80875196005979
22 27 33.32061457366733
22 28 33.89487530158264
22 29 30.254854794373102
23 0 24.35987880386581
23 1 26.65711761825889
23 2 24.83965769672196
23 3 27.410669070564023
23 4 29.304482671401104
23 5 29.106446757119386
23 6 28.584690434545315
23 7 28.04643721583022
23 8 31.149016490116594
23 9 32.44919189307143
23 10 33.83170224480603
23 11 32.84700644989663
23 12 32.918113633991744
23 13 34.07153712484323
23 14 36.28348977592385
23 15 35.32088647903436
23 16 37.104141138532704
23 17 37.40647537993262
23 18 40.91274258577999
23 19 38.25698413706518
23 20 39.45162599708274
23 21 36.6727291149217
23 22 36.52442034123475
23 23 38.02377024779824
23 24 37.89341910083395
23 25 34.11898313399318
23 26 36.50209613278151
23 27 32.92322151282956
23 28 31.153658626065884
23 29 32.121053077796795
24 0 25.964269395802226
24 1 27.02761051359704
24 2 25.130070908433098
24 3 25.51727681221243
24 4 28.671581898965872
24 5 27.288484594215507
24 6 29.168155388698143
24 7 29.492899114639958
24 8 29.780607785580976
24 9 29.122169234442943
24 10 32.67855057123703
24 11 30.289634129287702
24 12 32.83753934592645
24 13 32.13123523511313
24 14 32.665955027614515
24 15 33.2534679199249
24 16 37.38706956032258
24 17 37.80870480362054
24 18 37.595928778666824
24 19 36.137467212002505
24 20 38.032902089233936
24 21 36.220894225816664
24 22 36.3350563299104
24 23 36.582618101370834
24 24 38.5582963483989
24 25 37.74438125258042
24 26 37.67521186991584
24 27 33.886233317739666
24 28 31.532725854648113
24 29 32.38876302336939
25 0 25.44675597166201
25 1 25.487952325142125
25 2 25.28227125954228
25 3 25.02673719362774
25 4 27.40016449464709
25 5 28.50104949929291
25 6 27.36880311226802
25 7 27.293101291065692
25 8 29.74959211738887
25 9 28.680252787927458
25 10 31.171711169509987
25 11 30.513341865579253
25 12 32.7883215400875
25 13 31.510107728538138
25 14 29.499916915691806
25 15 33.75953934562823
25 16 34.841432005029404
25 17 35.90521425445327
25 18 34.888034465390554
25 19 34.901721239948344
25 20 34.67600590207408
25 21 35.736852200354114
25 22 37.44832567212718
25 23 38.55909895508701
25 24 38.53869963163805
25 25 56.92640683237356
25 26 39.745008316155555
25 27 37.127024903379265
25 28 33.084992505128824
25 29 32.24590229871887
26 0 24.979420347872853
26 1 27.68582179881082
26 2 26.16042085138452
26 3 25.25463914681493
26 4 26.203545754111957
26 5 29.022969575691654
26 6 28.90978308465199
26 7 26.989872212760222
26 8 28.507206536727583
26 9 29.844357727904846
26 10 29.063954340134348
26 11 33.5142531757437
26 12 32.65821789487395
26 13 32.46835638231839
26 14 30.95554772451974
26 15 32.494510338131334
26 16 33.75549962236224
26 17 34.6497660354798
26 18 35.934048333289496
26 19 33.51708382756638
26 20 33.062622611350704
26 21 34.783570130546664
26 22 34.92325900480645
26 23 39.34932538307106
26 24 37.4466119653582
26 25 39.2049955411464
26 26 35.88384896137139
26 27 34.8402294186615
26 28 31.287990540380935
26 29 31.683727727800488
27 0 24.43119785300106
27 1 24.1938474906318
27 2 26.037513200546734
27 3 26.906133789971953
27 4 26.767909941327023
27 5 27.05072576636141
27 6 27.002211070632967
27 7 27.26253467157484
27 8 28.96550468249301
27 9 28.16625840335914
27 10 30.493354264379654
27 11 30.13649716302116
27 12 29.950692519577952
27 13 30.2345824313968
27 14 33.22716048559645
27 15 32.05146802712517
27 16 33.19375938737635
27 17 34.506401665688315
27 18 32.8050637448123
27 19 34.0192112420519
27 20 35.24947193004218
27 21 32.80995524575179
27 22 33.10079716957189
27 23 34.34357072923209
27 24 36.963769000035285
27 25 35.20516338668235
27 26 34.19283006417814
27 27 32.22588149142017
27 28 33.23732773091572
27 29 30.61068909941402
28 0 23.200478927937272
28 1 24.65585320197708
28 2 24.909503052650813
28 3 25.497988730764195
28 4 24.432182130117607
28 5 27.767929399807343
28 6 25.78313754267163
28 7 28.609178975173982
28 8 27.07039987194558
28 9 29.137012493785534
28 10 27.99923358831976
28 11 28.074542229802397
28 12 31.95271859500712
28 13 30.939434741392795
28 14 31.86750205882175
28 15 30.77078698785801
28 16 32.09341702318595
28 17 33.38123904498884
28 18 32.848056697251934
28 19 32.049914860897545
28 20 34.22675313451739
28 21 33.4737605598571
28 22 34.161432192069576
28 23 32.411306855258154
28 24 31.252375943186873
28 25 34.272245573203364
28 26 30.30109952706711
28 27 32.27904890383859
28 28 30.376973815256804
28 29 29.23840657763522
29 0 24.687638382079378
29 1 25.324178131882928
29 2 25.181403720826353
29 3 25.021953152096945
29 4 24.43204796394205
29 5 26.28111457743019
29 6 27.230938223899322
29 7 27.654153954548956
29 8 26.918017008836994
29 9 28.481492252215272
29 10 27.656008056315702
29 11 29.304261566617136
29 12 28.44914537124329
29 13 30.068042488374626
29 14 28.6811968973746
29 15 31.06454792959857
29 16 30.446220509724338
29 17 32.57588129714921
29 18 31.273105797310635
29 19 30.666233010557786
29 20 30.878734240018645
29 21 32.3082041187046
29 22 30.62991601935511
29 23 32.15041637746344
29 24 33.58572131558706
29 25 31.617083359271827
29 26 30.866859259744118
29 27 30.9971586644693
29 28 27.86126755115827
29 29 30.668091938385633
