0 0 24.205658301250715
0 1 25.278690622753764
0 2 24.36764508143769
0 3 25.14134904562468
0 4 24.48674822780084
0 5 24.589496870320026
0 6 25.660405989634384
0 7 27.1434663617258
0 8 27.42735336732453
0 9 26.696134047599955
0 10 26.78632325461692
0 11 26.972920186580275
0 12 26.619888671368805
0 13 26.973472994736163
0 14 27.20863746297496
0 15 29.8272083461579
0 16 27.787837935465795
0 17 27.6226133099324
0 18 28.363484977266822
0 19 28.158385029173523
0 20 28.152038237872613
0 21 28.741027069855843
0 22 27.10062693514814
0 23 28.50668515608412
0 24 26.331931179423563
0 25 26.041911446234224
0 26 25.02986330728248
0 27 24.17614261401509
0 28 25.667028597531047
0 29 25.97148285575318
1 0 25.12799510466523
1 1 26.49318239033703
1 2 25.75469764732821
1 3 23.788727628617874
1 4 25.43800847314239
1 5 26.238461479599984
1 6 25.42192908473505
1 7 26.90701214803965
1 8 27.32323564869661
1 9 27.129145878165644
1 10 27.16963949157872
1 11 29.511967985431568
1 12 27.17888075327946
1 13 27.138935982284693
1 14 30.601901386095573
1 15 28.48165204773959
1 16 27.056823281663583
1 17 27.155421432683905
1 18 29.617620179848814
1 19 27.70403428403354
1 20 27.023380191536265
1 21 29.304789129350432
1 22 29.059082719241488
1 23 29.434864265031937
1 24 28.344709652078713
1 25 24.90243368456181
1 26 24.80270916595523
1 27 26.56315504877107
1 28 25.587289620106375
1 29 24.59112291967266
2 0 25.516084663286968
2 1 24.92528578242844
2 2 24.577863591820044
2 3 24.311823660241036
2 4 25.329064420603085
2 5 28.623719475120254
2 6 27.219517511979113
2 7 25.852133412529113
2 8 27.507636801285923
2 9 27.467019399943847
2 10 28.702821889709927
2 11 29.27181475619009
2 12 28.371339367581886
2 13 28.69371964152936
2 14 29.650102017797874
2 15 30.90161011211526
2 16 31.35664319346851
2 17 31.392505021136767
2 18 30.456170302294055
2 19 29.546969399680357
2 20 28.797328314679383
2 21 27.549622921996388
2 22 29.429183499273314
2 23 28.239735392995875
2 24 28.72430882147019
2 25 28.975226028289466
2 26 26.319310374598622
2 27 25.637943730888928
2 28 26.74254473472948
2 29 26.504762153626878
3 0 25.19951002926576
3 1 24.873963929319004
3 2 24.878788004486555
3 3 24.636664827330005
3 4 27.7625135806389
3 5 24.743328619044586
3 6 26.168082406840398
3 7 27.597597626377727
3 8 27.0053556455696
3 9 27.44625836017547
3 10 29.32303172102147
3 11 27.61327703781248
3 12 29.863930807877086
3 13 30.479076121750165
3 14 29.577361782510884
3 15 28.774618907660273
3 16 31.589106604101733
3 17 29.382802693377254
3 18 31.737258436621694
3 19 31.921175063110017
3 20 30.997800671987093
3 21 29.300749578222447
3 22 29.237612703161144
3 23 29.177745093853027
3 24 26.944044858213093
3 25 27.581408602298342
3 26 27.18592052066195
3 27 26.647093472578796
3 28 26.019467087029522
3 29 25.489029271429132
4 0 25.798056390723897
4 1 25.86046222078045
4 2 25.79385256750256
4 3 26.332371890184426
4 4 25.58548729836959
4 5 24.867645900153224
4 6 28.101467805921626
4 7 28.724143851038193
4 8 27.80627283154735
4 9 28.972472709026167
4 10 28.583018755792033
4 11 30.88186586324224
4 12 29.524796600390534
4 13 32.72226435974061
4 14 32.12283192524528
4 15 31.053344472153576
4 16 33.93253453182373
4 17 33.69928616415863
4 18 32.71259557144472
4 19 35.57610887699108
4 20 32.31326909235049
4 21 31.202608753851866
4 22 28.96267380693961
4 23 30.594036404906902
4 24 28.768357611339034
4 25 27.202511524478904
4 26 28.366181252010755
4 27 28.41022185422503
4 28 26.922429961687506
4 29 25.346926462051393
5 0 24.681105107760764
5 1 24.44396271427186
5 2 25.559888581877335
5 3 25.652246756057977
5 4 27.492130309394344
5 5 26.672975630629384
5 6 27.11780461225431
5 7 27.45636837666007
5 8 28.47104967511092
5 9 29.3906348678091
5 10 31.489095422173918
5 11 29.619071739137997
5 12 31.744584775160405
5 13 29.34063351260049
5 14 33.584443864710956
5 15 33.55561146188511
5 16 33.738647661697854
5 17 33.98781169430121
5 18 35.60724567140853
5 19 35.2878007641963
5 20 33.1356807425122
5 21 28.89961733945418
5 22 31.042542204376215
5 23 30.91221393257779
5 24 29.24024131668591
5 25 28.55337691703188
5 26 27.389883175876292
5 27 28.07427947998918
5 28 26.770764362622632
5 29 27.99239818645116
6 0 25.439609340842566
6 1 26.043897539246945
6 2 26.894556689712033
6 3 25.68662998455619
6 4 26.641552881162333
6 5 28.762183409028548
6 6 28.562355926486003
6 7 29.55078082336717
6 8 30.113702521238626
6 9 30.032048110349916
6 10 31.7527340153846
6 11 30.485754242453798
6 12 32.86066168765934
6 13 33.79718805640074
6 14 32.45826534842734
6 15 33.63731832837089
6 16 35.41971486074166
6 17 37.03528883940602
6 18 34.15164116517242
6 19 33.36801143535556
6 20 32.39851395769023
6 21 35.44208819923194
6 22 31.872259778650772
6 23 30.253830221908792
6 24 29.6508291828926
6 25 29.51992287565403
6 26 30.244678254570363
6 27 27.996315137638998
6 28 28.225635234365615
6 29 27.483340167502828
7 0 26.032490891683047
7 1 24.82642215242198
7 2 25.139495996964563
7 3 25.78343887094986
7 4 27.703884538099175
7 5 27.650413388808893
7 6 28.50556266739883
7 7 29.264588764122035
7 8 29.260589734688164
7 9 30.095080136297877
7 10 31.728776944671594
7 11 33.72693374336209
7 12 33.20546776579369
7 13 33.74561262213832
7 14 36.01391256042541
7 15 37.577308745589654
7 16 38.06182284334417
7 17 38.303524590116034
7 18 38.24861068952572
7 19 36.74333044682909
7 20 35.24942298806604
7 21 33.58334099976241
7 22 34.31309596185516
7 23 31.47676973052397
7 24 31.542041611063393
7 25 28.939113709697434
7 26 27.905534693162636
7 27 29.230204572613786
7 28 27.177021582066143
7 29 27.85646376501187
8 0 25.775033963337084
8 1 26.043214060457974
8 2 26.572917012749507
8 3 27.18344979731977
8 4 26.782493202044318
8 5 27.555843911845148
8 6 27.899256532573677
8 7 29.593625714480396
8 8 32.41570179221034
8 9 31.226370843540522
8 10 34.00541198591154
8 11 31.446905900253945
8 12 32.24487830149181
8 13 37.66013856351285
8 14 36.23151014846086
8 15 37.68478582821006
8 16 40.72236640017767
8 17 44.096215823948704
8 18 39.25459319108941
8 19 38.10223259725467
8 20 35.82332910275418
8 21 36.50254348055565
8 22 34.76395264732878
8 23 34.23976795301684
8 24 32.285448893689384
8 25 29.686874757884
8 26 31.11000385853861
8 27 29.35909909457709
8 28 28.833125383784665
8 29 28.097143611127805
9 0 25.260864776908942
9 1 26.758082219561064
9 2 26.436247653552982
9 3 27.206492138575932
9 4 28.40689536509591
9 5 27.95485436505172
9 6 29.37268117501248
9 7 28.856158291376065
9 8 32.87981215049365
9 9 30.816433439289305
9 10 30.87052781551771
9 11 32.748898992526605
9 12 33.70134610876502
9 13 36.03772481156603
9 14 38.425355036477264
9 15 42.11831874197546
9 16 47.05615159004526
9 17 47.345711548958626
9 18 48.24237065712608
9 19 39.42148751182361
9 20 36.04901219251686
9 21 34.44474953719893
9 22 33.545069880668905
9 23 33.19270900632276
9 24 32.49712709591048
9 25 31.48693894084989
9 26 31.475198517011545
9 27 29.27274331820578
9 28 27.86277362365787
9 29 27.895987313178274
10 0 26.89835549419596
10 1 26.713364836693888
10 2 25.86915610835589
10 3 27.29257068792853
10 4 28.813028864407553
10 5 29.44460136213089
10 6 29.325210981379104
10 7 30.13459747630681
10 8 30.886145894202606
10 9 32.47003615710574
10 10 33.19649122645286
10 11 34.03689070342678
10 12 34.675320813267355
10 13 36.576670509094946
10 14 38.499997540474304
10 15 43.42747685096391
10 16 48.58096990661864
10 17 87.1194371275964
10 18 49.72125909089799
10 19 40.69743346560762
10 20 37.30184372346808
10 21 36.42659110365863
10 22 32.682174358343445
10 23 34.99074736077405
10 24 32.34283388699221
10 25 32.55670194037774
10 26 28.077406908630145
10 27 29.47296749617082
10 28 28.056765433521548
10 29 26.63592499946606
11 0 26.038648752564818
11 1 25.091755674427525
11 2 25.089610248195317
11 3 28.934961882299056
11 4 28.74998195255449
11 5 29.022307663725776
11 6 30.731245560149034
11 7 29.305049253768523
11 8 32.037068402006646
11 9 29.83107798846104
11 10 35.4157335214991
11 11 34.01593050811048
11 12 36.30358533058348
11 13 37.40190907284156
11 14 37.20361507471556
11 15 42.97083610065634
11 16 47.83730340587227
11 17 48.23186724875319
11 18 46.97916075921353
11 19 42.895895442431886
11 20 36.5134958018521
11 21 35.04222093493201
11 22 34.4384534510991
11 23 34.44486839255679
11 24 32.091332225981475
11 25 33.404398146735865
11 26 30.062568975318886
11 27 29.525516001620815
11 28 30.17808534734269
11 29 28.29379740460326
12 0 24.98468904620342
12 1 26.92910786261439
12 2 26.809763690983882
12 3 27.331217189852307
12 4 29.012062435213224
12 5 28.139577079618384
12 6 30.645957581748384
12 7 33.32944644105621
12 8 33.07031782544298
12 9 32.47219672188393
12 10 33.63872927109084
12 11 33.78299483519821
12 12 35.23780746029069
12 13 36.43258135995027
12 14 34.070060522057524
12 15 37.743206754205296
12 16 44.008034574069676
12 17 43.86333482109827
12 18 41.21735640827994
12 19 38.9247668945793
12 20 38.62084327675853
12 21 35.20956155189647
12 22 36.94958084490993
12 23 34.445321473934094
12 24 33.62613831699099
12 25 33.63949369388849
12 26 30.117374735846063
12 27 30.98092910050276
12 28 27.574970645949325
12 29 27.95542851289894
13 0 26.026524361329553
13 1 26.7152003233073
13 2 29.74775425687934
13 3 29.387606391312595
13 4 28.73329473104604
13 5 30.00478787496872
13 6 28.84461637586744
13 7 31.635968413353947
13 8 34.23200236087124
13 9 35.38670520712681
13 10 32.66416883235173
13 11 32.97551432170647
13 12 34.43064223258467
13 13 34.213264725310594
13 14 35.409883907264756
13 15 36.78891860191055
13 16 39.69530774432322
13 17 40.58950110275488
13 18 37.10906923258692
13 19 35.45104286705848
13 20 34.35626693158748
13 21 36.39819523878411
13 22 32.45093821337647
13 23 33.62731894906926
13 24 32.86498510696236
13 25 33.395709860631904
13 26 31.130491299452228
13 27 28.691351615113753
13 28 30.1753232724237
13 29 28.831239104139794
14 0 25.81694386674172
14 1 25.91580240998594
14 2 27.78956908512079
14 3 27.092360624452528
14 4 27.455268753228776
14 5 29.681393491024522
14 6 30.233503740649457
14 7 32.920512072399866
14 8 33.63344845042462
14 9 33.478287445948986
14 10 32.88287206203526
14 11 36.17532731015564
14 12 34.263228564127196
14 13 36.21813166938581
14 14 36.112335005557924
14 15 34.895596174456635
14 16 33.82835792386052
14 17 34.3655614214717
14 18 37.55479699176955
14 19 36.892830686150496
14 20 36.008868485056965
14 21 34.97219837739997
14 22 32.22914799577999
14 23 33.71529543678906
14 24 32.24504867609058
14 25 31.0390190905884
14 26 31.40144798248982
14 27 32.32876256942621
14 28 26.286830108191438
14 29 28.430308951161873
15 0 27.407413687027876
15 1 27.79746827751527
15 2 27.962976023815596
15 3 29.441205338770565
15 4 30.15322155523321
15 5 29.848729641244027
15 6 31.904791338601466
15 7 33.762146572478485
15 8 33.13207553746973
15 9 32.70712664400723
15 10 33.989425606776415
15 11 36.63228533985574
15 12 37.01399098738003
15 13 35.345586938622795
15 14 35.96539499873967
15 15 36.24601807560752
15 16 36.17571894610165
15 17 34.33516832603189
15 18 36.103810881136255
15 19 36.04902861385381
15 20 35.536093548320174
15 21 34.38488793184418
15 22 34.64553853671902
15 23 32.13896644881941
15 24 33.260923408946056
15 25 31.420644989242685
15 26 31.202637618673418
15 27 30.619546694332616
15 28 28.4954405550205
15 29 29.38151518307903
16 0 26.134169455517178
16 1 28.669075792949616
16 2 28.884546957857758
16 3 27.95344131940267
16 4 29.718288291612595
16 5 30.04690432511632
16 6 33.373625379736716
16 7 31.902645144476296
16 8 31.476645109765023
16 9 33.72651135384984
16 10 36.93168990543306
16 11 36.32114426022598
16 12 35.93953690610047
16 13 36.741595179110654
16 14 33.82835792386052
16 15 34.41494057976795
16 16 39.3223203393874
16 17 35.74382402573559
16 18 34.63974755934248
16 19 34.8873512604209
16 20 36.396789773962766
16 21 33.972769809771776
16 22 33.10764251779635
16 23 32.77691114735531
16 24 32.50857045367621
16 25 31.301018758663158
16 26 31.257840918587405
16 27 31.017035711772046
16 28 30.875394153233565
16 29 29.80997481941697
17 0 24.08716893954631
17 1 28.455698985527498
17 2 27.023448752507637
17 3 28.70874031304171
17 4 31.62239522515831
17 5 30.05613887455432
17 6 32.00200956803696
17 7 32.15179737003873
17 8 34.00326099806485
17 9 35.42207035357285
17 10 34.6616559709771
17 11 33.85991779037493
17 12 37.915360614958466
17 13 40.58950110275488
17 14 39.59680822138502
17 15 37.80217271594757
17 16 35.3906498584312
17 17 36.18893353788169
17 18 34.411858467052916
17 19 35.81951302026384
17 20 35.00126710938646
17 21 34.348063499215364
17 22 31.79588200311385
17 23 33.88802040213934
17 24 32.102694591480564
17 25 31.373427321950842
17 26 32.003185414787794
17 27 29.680792605375718
17 28 30.859659965231067
17 29 30.262517265929905
18 0 24.804728102323846
18 1 28.80929010459673
18 2 28.471157191923886
18 3 29.449287661809766
18 4 29.11463503960427
18 5 31.557048846160345
18 6 30.75935226207587
18 7 32.35994354082755
18 8 34.47635776872425
18 9 34.64105409949547
18 10 36.35472559201282
18 11 36.80087599314089
18 12 41.21735640827994
18 13 42.26008265800307
18 14 40.733869340047534
18 15 36.768803629361486
18 16 36.36473354808938
18 17 38.3028762647623
18 18 35.14383997373902
18 19 36.15763697629234
18 20 33.36360335013737
18 21 32.79891530268093
18 22 34.687887719121136
18 23 33.044579377510864
18 24 33.098339909889134
18 25 33.35125760780856
18 26 32.01211431892026
18 27 30.444464711256067
18 28 31.178509397570483
18 29 29.452653190715
19 0 26.136961349128182
19 1 28.1571948824153
19 2 26.472609419471116
19 3 28.045758418980114
19 4 29.8513565469104
19 5 30.500442467838162
19 6 32.885940339617974
19 7 33.472782117363316
19 8 31.954551982009924
19 9 34.73684210325385
19 10 37.31749866322438
19 11 42.895895442431886
19 12 49.78515588148341
19 13 46.605085946835466
19 14 48.47513411795097
19 15 41.32436603246785
19 16 38.323850710882866
19 17 36.922643195440976
19 18 34.290899511748556
19 19 35.201671005143844
19 20 34.81205624559321
19 21 34.58885452638419
19 22 34.221820970565425
19 23 31.73531060237037
19 24 34.03643673033678
19 25 32.35159340785051
19 26 30.686240508715112
19 27 30.735893119919908
19 28 32.52798180767382
19 29 33.878094361913796
20 0 26.828792622800513
20 1 27.267269794442957
20 2 28.590687918739125
20 3 27.07198195042853
20 4 31.19125466728558
20 5 30.081110272038863
20 6 31.114853594237832
20 7 34.23845546680593
20 8 33.280475033094305
20 9 36.67530207232802
20 10 37.30184372346808
20 11 39.609156990493155
20 12 47.65503523831435
20 13 87.76397057120377
20 14 46.866347439326475
20 15 41.88676693430377
20 16 39.999741165837314
20 17 36.05853299402074
20 18 35.89694458177052
20 19 34.924327288873926
20 20 35.421750528485
20 21 33.04696073074774
20 22 33.97297618874116
20 23 33.192242850854115
20 24 33.319325738856065
20 25 31.61603214122877
20 26 32.89717231010749
20 27 31.499320305443014
20 28 32.268547088115966
20 29 32.02233008833458
21 0 27.184067631072296
21 1 26.975777591168683
21 2 28.825931230391774
21 3 29.96764523673067
21 4 30.351084284254824
21 5 28.67782750512894
21 6 35.36293031734346
21 7 32.368841435838696
21 8 34.2163442084637
21 9 34.44474953719893
21 10 37.44003385864152
21 11 40.25376402468952
21 12 48.24237065712639
21 13 49.14810168220612
21 14 46.54605780587195
21 15 43.17432287629892
21 16 36.05196659369768
21 17 36.381669162905446
21 18 32.858812456062324
21 19 36.37743279544277
21 20 34.322794022130466
21 21 33.34855297022042
21 22 33.804001465121814
21 23 33.46891818927142
21 24 33.142437048000055
21 25 34.11703898083341
21 26 32.23684558696281
21 27 33.13873478566337
21 28 32.03829501192348
21 29 30.859195323805476
22 0 26.191476279635264
22 1 27.552889013324357
22 2 28.798800234510395
22 3 28.215238090886245
22 4 30.444361884083115
22 5 29.385575133472518
22 6 31.046463368846226
22 7 33.27398418425072
22 8 34.76395264732878
22 9 36.23803229591453
22 10 36.78943830185843
22 11 39.25144190076092
22 12 41.609056898518624
22 13 41.4685083633047
22 14 43.40200367077932
22 15 37.96231712836843
22 16 37.295435967028865
22 17 35.501638917351244
22 18 35.85243677353922
22 19 33.80954472448237
22 20 35.03587901585791
22 21 34.2292502378846
22 22 33.530433895520154
22 23 32.240922801804494
22 24 32.15802154891276
22 25 33.52225316997162
22 26 32.63528085448164
22 27 31.906574200127498
22 28 32.39365121597193
22 29 28.439726036722323
23 0 24.482689769085553
23 1 25.1590351787463
23 2 28.443457096589533
23 3 26.967109537732092
23 4 28.621061223753305
23 5 31.885962483792476
23 6 32.0600026567707
23 7 31.47676973052397
23 8 33.89061137560181
23 9 33.07931086802734
23 10 33.95795705962546
23 11 36.646739147023176
23 12 37.602320800764495
23 13 39.4851243204048
23 14 36.749346193576976
23 15 36.05024733052231
23 16 36.20405993403838
23 17 35.878095903155796
23 18 35.5456977359998
23 19 35.21782784959119
23 20 33.48949050114697
23 21 32.6192983168162
23 22 34.13735469077046
23 23 34.69171285871
23 24 34.978592685256544
23 25 35.06965474688124
23 26 34.710836259607134
23 27 30.574452135432253
23 28 30.99136529987423
23 29 29.8217789654759
24 0 24.801104624419832
24 1 28.548848124759864
24 2 27.90159470901178
24 3 27.46288811288664
24 4 29.480309591040843
24 5 31.22232033043205
24 6 29.6508291828926
24 7 30.72065490189163
24 8 34.39949543708513
24 9 33.54472069168685
24 10 37.15751226369012
24 11 34.33109495726173
24 12 36.437305939197486
24 13 36.767748053160794
24 14 36.71532573246927
24 15 37.4356896677075
24 16 35.24253796612472
24 17 36.30751988366182
24 18 35.26776898113484
24 19 34.560136536308164
24 20 32.59114890241879
24 21 33.49456659857795
24 22 32.30219834441367
24 23 36.599909504997065
24 24 38.07165657594489
24 25 37.75677822797416
24 26 36.47294811662721
24 27 34.84476529920165
24 28 33.01076428670895
24 29 30.656531566877362
25 0 24.97300716379314
25 1 25.953216861606037
25 2 27.348306233386577
25 3 29.10201393318971
25 4 27.821900260668276
25 5 28.55337691703188
25 6 29.34592893590379
25 7 30.28934260981607
25 8 33.272713254983
25 9 33.20729615043273
25 10 33.94342032848318
25 11 34.880491416450496
25 12 32.5903137682922
25 13 35.443632294064024
25 14 35.22903518955675
25 15 34.42646388525995
25 16 35.03664477623156
25 17 35.31439378087053
25 18 36.0012450064262
25 19 32.76319515663888
25 20 33.01133387442075
25 21 32.95260434756029
25 22 33.36124830565159
25 23 33.18939624031056
25 24 39.66536023036158
25 25 56.035378187926845
25 26 37.366302581826304
25 27 34.606174407945204
25 28 30.718612013169622
25 29 33.02341195001007
26 0 25.967595659905967
26 1 25.699433386354954
26 2 25.26514470022485
26 3 27.91598284176295
26 4 28.366181252010755
26 5 27.47973457186309
26 6 29.03052368920857
26 7 28.77779101603043
26 8 29.567545372935726
26 9 33.014836174293045
26 10 33.307801716910724
26 11 34.174901519694195
26 12 33.69945599651283
26 13 32.43624936605441
26 14 32.78072974977516
26 15 34.51383447200074
26 16 33.96980422311424
26 17 32.34469977101003
26 18 32.48619613861185
26 19 31.05883930666907
26 20 32.392917447589596
26 21 31.951602494758333
26 22 33.51278404750625
26 23 33.308331783036664
26 24 36.866124637486756
26 25 36.11568192861123
26 26 36.9306310129822
26 27 33.542824423618995
26 28 33.21104034744538
26 29 31.647650058538147
27 0 25.701216999239147
27 1 27.712006906246668
27 2 26.069957644118478
27 3 26.647093472578796
27 4 28.483740847026258
27 5 29.456875562781125
27 6 28.608541837874018
27 7 29.439820648592168
27 8 30.276155237474622
27 9 30.9492491007781
27 10 32.60298022347817
27 11 32.154176340951366
27 12 31.89909148248417
27 13 31.25523619835949
27 14 32.398622433949605
27 15 33.31325892241931
27 16 31.720648868229183
27 17 31.84672697340899
27 18 32.22904116742875
27 19 31.733353294342074
27 20 32.648862516136255
27 21 33.06694769065128
27 22 33.12107231893433
27 23 33.434566327406856
27 24 32.188606876468754
27 25 34.890115970426606
27 26 31.549072465418046
27 27 32.46576048023481
27 28 31.537425007815102
27 29 30.375887077141602
28 0 25.330939155779575
28 1 27.320037323448616
28 2 26.74254473472948
28 3 26.581878542809577
28 4 28.796821215794434
28 5 29.368168362402738
28 6 27.709497911015028
28 7 28.984253248242453
28 8 28.819342514984193
28 9 28.390832782217
28 10 31.280767637238686
28 11 30.41339758675485
28 12 31.147550186933763
28 13 32.84766918832834
28 14 30.327975034425638
28 15 30.813117528772167
28 16 32.9308390644192
28 17 34.01452567057865
28 18 29.734002219043553
28 19 32.19031023346436
28 20 32.05321144858406
28 21 31.346735890406407
28 22 33.480138588531766
28 23 33.0276271358552
28 24 31.267029410431277
28 25 33.38595517086251
28 26 32.1157196020523
28 27 31.34334701159108
28 28 30.153244729342862
28 29 30.56998513059196
29 0 25.13953911885721
29 1 24.59112291967266
29 2 25.304096961551473
29 3 25.272705245141825
29 4 26.47196015673289
29 5 26.412186135469003
29 6 28.6518768849181
29 7 27.667056090520123
29 8 27.971955515381673
29 9 28.1776818551532
29 10 29.373996380887753
29 11 30.83078216351794
29 12 33.20604342860573
29 13 28.4168345573159
29 14 30.524299663414002
29 15 32.32816122548817
29 16 31.50862439016679
29 17 30.44008696609522
29 18 31.157965777699253
29 19 31.19935005237309
29 20 31.86351163591212
29 21 32.514076844133506
29 22 30.950513830618778
29 23 31.054333569729415
29 24 30.301732095537027
29 25 32.32685209687806
29 26 29.71916058463684
29 27 29.78130787145488
29 28 30.38660117874293
29 29 29.94170890790184
