0 0 26.216242535370373
0 1 23.890261481105437
0 2 24.46060012537819
0 3 26.345409537745095
0 4 24.816899652024834
0 5 26.967023314852735
0 6 25.152058153350463
0 7 26.271664166175857
0 8 28.809821410546313
0 9 26.528373215554307
0 10 26.509649228308025
0 11 29.30074546652867
0 12 29.383221831132293
0 13 29.62676707057112
0 14 29.30892067716472
0 15 27.681152595296385
0 16 28.034505330372493
0 17 26.614419348658608
0 18 27.6963090989938
0 19 27.442925546711354
0 20 26.311767963895722
0 21 28.142260971810213
0 22 25.67880072132234
0 23 25.4325437755089
0 24 24.559357129349916
0 25 25.408941331084563
0 26 25.545642379259565
0 27 24.292058028702375
0 28 24.70984009944881
0 29 24.80025451355785
1 0 25.04172210337431
1 1 25.68226714373899
1 2 27.155056561920254
1 3 25.447201940502072
1 4 26.693791456658897
1 5 25.91093336020557
1 6 28.139727471194583
1 7 28.091583676544825
1 8 30.09009843459933
1 9 27.784443254448135
1 10 28.004083141440113
1 11 29.082064589525935
1 12 28.287107118058046
1 13 28.472620354964175
1 14 28.801495630184906
1 15 28.322160728757552
1 16 27.758738960550954
1 17 29.098731560899452
1 18 28.121808906895122
1 19 28.786974433203397
1 20 26.694561560315417
1 21 26.260446707174882
1 22 25.679960949979534
1 23 28.98659388564932
1 24 27.069286764045867
1 25 27.606911885023443
1 26 25.221063069092473
1 27 25.599937604781555
1 28 25.24052505693661
1 29 24.445497165561235
2 0 23.9182847003291
2 1 24.635447019105793
2 2 27.54738453763902
2 3 27.399579183409323
2 4 26.01260282589207
2 5 28.713274977605277
2 6 30.361840474952817
2 7 26.52054246368118
2 8 28.205677757291046
2 9 29.927717566481107
2 10 29.28310682798589
2 11 30.185536694589995
2 12 28.577397827813797
2 13 30.97922823952029
2 14 29.627477928437127
2 15 27.185707808787996
2 16 26.773149651305733
2 17 27.882055005155628
2 18 27.83266925057753
2 19 27.421054673131763
2 20 25.835585693416068
2 21 27.58326305681257
2 22 24.78425397371064
2 23 25.212324759320154
2 24 24.61749254770284
2 25 25.279428335644173
2 26 26.54975245711829
2 27 26.09392958515683
2 28 25.988251201526904
2 29 25.165459005057095
3 0 24.673911781957564
3 1 26.613917138052933
3 2 26.95336560547793
3 3 27.078537587196138
3 4 27.62218231750987
3 5 28.25951587936961
3 6 27.757292008317272
3 7 30.293656468937378
3 8 29.453936134322635
3 9 29.299729392136733
3 10 30.925697172257475
3 11 31.148325497076936
3 12 29.04122840309087
3 13 30.218473417407054
3 14 30.572137245841958
3 15 29.76915957418905
3 16 30.577528219921614
3 17 30.225580706787838
3 18 28.603542394022515
3 19 27.38470491003759
3 20 27.647414697003438
3 21 28.732956248494894
3 22 28.178630776979166
3 23 28.07479942069844
3 24 26.848824909743435
3 25 26.877074240710144
3 26 24.90929175278686
3 27 26.044506641712818
3 28 25.63667618617996
3 29 25.49643754975346
4 0 26.744034670195553
4 1 26.2961440291561
4 2 25.951312432882478
4 3 27.594574935278423
4 4 28.819556311778324
4 5 28.556480364671412
4 6 29.368665898316213
4 7 32.654999773011575
4 8 31.291136795016065
4 9 32.82275015894883
4 10 34.11764579468808
4 11 30.940126469618534
4 12 32.3663610585048
4 13 32.08218923280496
4 14 32.78631192552708
4 15 31.588945597028985
4 16 30.424118814095625
4 17 31.218115405594098
4 18 30.598442888953834
4 19 30.693480609099232
4 20 27.80048327755434
4 21 27.088412917895976
4 22 27.641517944784482
4 23 27.667329738224698
4 24 26.92009846821725
4 25 26.941683696139627
4 26 26.11274064432696
4 27 25.51089624541388
4 28 25.396930693676804
4 29 26.520821393927353
5 0 26.774502646106573
5 1 26.73278814989525
5 2 26.873904834408282
5 3 30.890691982995914
5 4 28.200692677814704
5 5 30.45395803022353
5 6 32.133107841009156
5 7 35.16870825777612
5 8 31.991220394202337
5 9 33.78666239514731
5 10 33.971995807359505
5 11 31.96213217639112
5 12 33.22643862039384
5 13 34.213985211035336
5 14 32.31088640090987
5 15 30.70639923981052
5 16 33.15736969628289
5 17 29.922765478322244
5 18 30.03518734997488
5 19 31.02295087837222
5 20 31.07068304370669
5 21 27.219309592826576
5 22 30.99921684553783
5 23 29.834047341645086
5 24 28.111705558905335
5 25 26.177246299885514
5 26 26.317825587076143
5 27 25.8406603794001
5 28 25.686155395741416
5 29 24.658108161442396
6 0 28.202101942113224
6 1 28.11941670842886
6 2 26.925529274467735
6 3 29.468697574389452
6 4 29.964119391641972
6 5 32.552041009617106
6 6 33.91874210175476
6 7 32.90569391027064
6 8 33.16091977480908
6 9 32.448897574562864
6 10 33.45787590104229
6 11 34.39230998130215
6 12 36.08034792765888
6 13 34.46328289163714
6 14 35.38599207249834
6 15 34.348372128816536
6 16 33.44931447611969
6 17 34.48802357529072
6 18 32.485052513429736
6 19 30.974074351883672
6 20 30.618910768131528
6 21 29.905810182623817
6 22 29.995963401823087
6 23 26.62376687541433
6 24 26.49484402061883
6 25 27.61166781276971
6 26 27.58752547500766
6 27 26.60899772404206
6 28 28.063767127603107
6 29 24.838444788523596
7 0 27.816215655892453
7 1 27.89783374760986
7 2 27.896413095585903
7 3 28.146552939804714
7 4 32.02781534795887
7 5 30.105623104591363
7 6 34.32372018514942
7 7 32.75257481953813
7 8 34.263207191353516
7 9 38.471096381076045
7 10 35.68127875376493
7 11 34.95726874383594
7 12 37.082255862627534
7 13 36.5501478472133
7 14 34.31779906339766
7 15 33.51853967500885
7 16 34.22256796253169
7 17 32.19967636630557
7 18 31.49860717033833
7 19 30.92591864445362
7 20 29.249455900211718
7 21 32.73842112318161
7 22 28.66372258884549
7 23 29.52803833416132
7 24 28.637479917858144
7 25 28.54750725880574
7 26 27.13853938984923
7 27 28.564030922794746
7 28 25.716312632636082
7 29 26.15280899682071
8 0 26.246771843731388
8 1 28.411651154174173
8 2 28.84849393550538
8 3 29.99555532097546
8 4 30.832923805124622
8 5 31.25023100365507
8 6 33.31183318083725
8 7 33.81056101971472
8 8 35.49977390779254
8 9 37.78231627923983
8 10 41.08621828608384
8 11 42.52361418889213
8 12 38.252880610327665
8 13 38.20130236479785
8 14 37.34873596586308
8 15 35.155585094640436
8 16 31.949990205039406
8 17 31.025660218423152
8 18 31.771858972554732
8 19 32.80901094635919
8 20 31.650604587622077
8 21 28.690863859476355
8 22 31.178311759732512
8 23 29.978163393188876
8 24 26.91949596038973
8 25 26.663850351691913
8 26 25.95316807031175
8 27 28.402587349450137
8 28 29.42614447755682
8 29 27.460037111101002
9 0 28.501865395667895
9 1 28.29653422361808
9 2 26.95759558993634
9 3 29.938777296453832
9 4 32.43204734973053
9 5 32.74213354591047
9 6 32.752137931344045
9 7 36.16565721364465
9 8 38.345823626552374
9 9 40.23488681033607
9 10 46.87345424293862
9 11 45.80292747499589
9 12 45.73026022526916
9 13 41.14693881898346
9 14 35.41989877642737
9 15 37.918011590216054
9 16 33.081834872561906
9 17 33.02518329224015
9 18 32.44910723541676
9 19 29.578068259177652
9 20 32.371469879508965
9 21 30.633489503373955
9 22 29.57091248980717
9 23 32.23361414762675
9 24 30.320653110214568
9 25 28.48615135463574
9 26 26.008194230444893
9 27 27.611277267573282
9 28 28.636771132360717
9 29 28.575292555392128
10 0 27.26155461941415
10 1 28.15316354936038
10 2 29.37068664472055
10 3 30.988859739547124
10 4 29.601936291904494
10 5 32.96720228790303
10 6 35.10672067517427
10 7 34.28495374136447
10 8 37.18550482645412
10 9 42.60736673481719
10 10 48.17686778894066
10 11 87.60274995019093
10 12 48.487325218162674
10 13 42.03211216150262
10 14 37.441976005780816
10 15 37.764726659832746
10 16 35.134869003588804
10 17 34.38816768515869
10 18 33.11546217995927
10 19 33.20875701363507
10 20 31.85728181567242
10 21 30.28492969885051
10 22 31.328042712103528
10 23 30.76331011322067
10 24 30.88678743959859
10 25 28.54766951992855
10 26 27.477690421495648
10 27 29.41231637205401
10 28 26.381280073857102
10 29 27.084610809274924
11 0 27.8997585997282
11 1 29.089815725922353
11 2 27.35453590029627
11 3 29.260440948956962
11 4 31.40224721253596
11 5 32.71578173180448
11 6 33.29798915296929
11 7 35.12056435656688
11 8 38.714566258937246
11 9 39.79864995065971
11 10 48.23915615698098
11 11 48.79547454804659
11 12 44.46317485382773
11 13 40.580491995254725
11 14 38.35083801323928
11 15 35.90636609160001
11 16 34.60604493849693
11 17 33.10809794008556
11 18 32.33335373876117
11 19 33.453318354902315
11 20 31.958366713616073
11 21 32.649202957353026
11 22 32.97790514550012
11 23 31.143789391550015
11 24 32.908568013233726
11 25 30.498339862936344
11 26 30.107901068259192
11 27 29.206555912400596
11 28 28.914917764528756
11 29 28.171766110309544
12 0 27.265579795724058
12 1 28.942981844156133
12 2 27.723106835581742
12 3 28.360300002392407
12 4 31.361801719207183
12 5 33.43926126150946
12 6 34.552345824017316
12 7 33.46066485717466
12 8 35.07500842001211
12 9 35.237019579837835
12 10 40.88849377564575
12 11 42.63151133349078
12 12 40.33981799106676
12 13 37.892595615374965
12 14 37.1464500647766
12 15 36.29575974872243
12 16 33.106157199115074
12 17 32.61422565638805
12 18 32.66995698039608
12 19 33.46389990614467
12 20 33.575327409416765
12 21 34.09887669571889
12 22 33.619344382972045
12 23 31.06974305089618
12 24 33.877027059072155
12 25 30.133976966760468
12 26 27.990699731896225
12 27 31.1408700595901
12 28 28.970701956945483
12 29 26.920448972288824
13 0 26.083109106365217
13 1 30.430254956937013
13 2 29.999758685138296
13 3 29.230134839391653
13 4 32.61456576504479
13 5 33.31400311562186
13 6 32.26982740084906
13 7 32.59338086624505
13 8 36.16603045930795
13 9 36.84605511531882
13 10 35.748712592252666
13 11 38.65946337986959
13 12 37.12840774534195
13 13 36.30481729844758
13 14 35.46433719593451
13 15 37.84732682260534
13 16 36.640624887850215
13 17 38.551982358074866
13 18 33.43746483271517
13 19 34.390655432830535
13 20 33.531528690558574
13 21 33.67516851135724
13 22 33.13745906673442
13 23 32.940638271242015
13 24 32.21320522355684
13 25 31.522340521261558
13 26 31.939921550685312
13 27 29.8366924737605
13 28 30.212525039514954
13 29 29.205217554188
14 0 27.261406744209285
14 1 30.322387144534446
14 2 28.290881006830283
14 3 28.256168586471766
14 4 30.26561445024878
14 5 32.17975267725136
14 6 33.03005876333959
14 7 33.15628543121081
14 8 35.59856627092873
14 9 35.402198712611714
14 10 36.94441537954291
14 11 37.07561774584061
14 12 35.181329463120505
14 13 36.85471825775308
14 14 36.52312307762259
14 15 35.33733810195239
14 16 35.777606143342645
14 17 35.74600196024478
14 18 35.92143247227322
14 19 32.26954062879544
14 20 35.845611983218
14 21 34.34381779461179
14 22 32.080012895783916
14 23 33.197769076180016
14 24 34.82889357652006
14 25 32.83411247065983
14 26 33.54736170275245
14 27 30.819184739816375
14 28 28.543414593622487
14 29 29.08786359207244
15 0 26.88837879403496
15 1 28.704169162000163
15 2 29.367962251812568
15 3 28.53337841297681
15 4 31.247657687865036
15 5 30.88347327966711
15 6 32.3054324917669
15 7 32.32993471220897
15 8 34.62282913513855
15 9 33.50379556924979
15 10 35.0638455141749
15 11 37.13620886588941
15 12 33.41752980932314
15 13 35.52221608713373
15 14 37.71780120187307
15 15 35.88849271890646
15 16 34.63726365351417
15 17 35.23999509068122
15 18 36.243138305041896
15 19 37.23031988684207
15 20 35.70136997807555
15 21 34.267361782898725
15 22 34.45672814249737
15 23 34.4122016936884
15 24 32.21509291546601
15 25 34.99412076483309
15 26 30.71713718385336
15 27 30.87906719051693
15 28 27.720998607262622
15 29 29.734839508968303
16 0 27.644601597140475
16 1 27.15323817361753
16 2 29.044176253130853
16 3 27.857476765926055
16 4 27.83305742946392
16 5 30.45585783763075
16 6 31.138177487634273
16 7 31.769324764065804
16 8 32.57242923925654
16 9 35.00533595437136
16 10 32.05584898343951
16 11 32.789418153305924
16 12 35.99591963136267
16 13 34.36469431269351
16 14 35.777606143342645
16 15 35.675854379673254
16 16 36.52312307762494
16 17 36.05435726146577
16 18 36.388531944701995
16 19 37.516994147581684
16 20 36.5621658670862
16 21 37.410028067107895
16 22 36.291072554865366
16 23 33.58112919998304
16 24 33.15765832811972
16 25 31.351861948444135
16 26 34.266650438125154
16 27 29.522157471526786
16 28 32.866835314868425
16 29 29.392041175371673
17 0 25.544478416990845
17 1 28.079315475553656
17 2 28.355409100806785
17 3 28.987187574718106
17 4 29.877025686965336
17 5 31.487080632518083
17 6 28.444331323216254
17 7 33.17362428729446
17 8 33.769508694700974
17 9 32.29325014911348
17 10 33.494942188981916
17 11 32.66192729877083
17 12 30.86819583782859
17 13 38.551982358074866
17 14 34.67472523878442
17 15 35.257374887194544
17 16 36.72750301079532
17 17 36.32422126280045
17 18 38.89549219647216
17 19 40.020434284573085
17 20 35.29768659685327
17 21 38.25800368405025
17 22 37.325929438299006
17 23 36.46197595761229
17 24 35.579553288141206
17 25 32.75242938178507
17 26 31.685274028216682
17 27 31.824838837862615
17 28 32.60008680856998
17 29 32.157284182701375
18 0 25.67965552510231
18 1 25.288906610311162
18 2 28.45703702860983
18 3 29.708907613617313
18 4 28.859976121069366
18 5 30.18653622889759
18 6 31.387886457012584
18 7 30.500634992713678
18 8 29.284831148719597
18 9 33.21529924563935
18 10 34.13794100384134
18 11 34.358949630706924
18 12 32.66995698039608
18 13 38.29110452490766
18 14 33.25621343571395
18 15 34.62086365124892
18 16 38.756452861321065
18 17 37.71395058628472
18 18 43.34600785143071
18 19 42.83686543432892
18 20 41.193025755110476
18 21 40.01324101895644
18 22 36.582364153776304
18 23 36.31360692011562
18 24 34.27444491929548
18 25 34.33170341940107
18 26 32.72535831574474
18 27 31.033461862849837
18 28 33.02285533481828
18 29 30.707586834125422
19 0 26.38195036212354
19 1 26.411030728396447
19 2 26.562170918105654
19 3 28.794470467412424
19 4 27.738698054833268
19 5 29.192014626077118
19 6 30.786000460131532
19 7 30.030880298140698
19 8 30.042978312157434
19 9 32.84620857036685
19 10 32.8420913010676
19 11 33.453318354902315
19 12 32.26003547631647
19 13 35.96128601103033
19 14 36.728999921155385
19 15 36.32744287945825
19 16 38.13494281460092
19 17 42.48968431135017
19 18 46.886120328655224
19 19 49.19111353086942
19 20 47.26162259609268
19 21 42.984977356200304
19 22 37.95084947387207
19 23 39.61538712673862
19 24 35.458261379933646
19 25 33.99516984427455
19 26 33.38062475749463
19 27 33.871177098571685
19 28 31.434950026352965
19 29 31.981481932100852
20 0 26.32277815609479
20 1 26.342566677497867
20 2 26.958476677774993
20 3 28.745796709919546
20 4 28.07989403122295
20 5 30.45315716991389
20 6 29.12531621915108
20 7 30.67551527841701
20 8 29.489376548409982
20 9 31.976327888966743
20 10 31.85728181567242
20 11 32.232028866176826
20 12 33.791287938737035
20 13 32.46538841674508
20 14 34.57150926542779
20 15 37.97559569194809
20 16 38.58554346672981
20 17 43.61319307818094
20 18 47.91585175684333
20 19 89.32150408777899
20 20 48.660394746677696
20 21 42.48422405639894
20 22 38.858754117231406
20 23 38.21960581422248
20 24 34.58441027198271
20 25 34.906449481387945
20 26 34.946480412794585
20 27 33.560917359714935
20 28 33.3638390330318
20 29 31.945010300589328
21 0 26.94667965187153
21 1 24.72829549765742
21 2 27.132241834367118
21 3 26.18222779715258
21 4 28.901798460155874
21 5 27.607268281981124
21 6 29.939043059622712
21 7 29.911257332003174
21 8 29.184134799689055
21 9 30.633489503373955
21 10 31.318594067553104
21 11 33.736640242059984
21 12 33.940602074717546
21 13 35.84328314930829
21 14 34.07354146094195
21 15 34.21403664132813
21 16 36.02754507530796
21 17 41.81681991470779
21 18 51.46779287435242
21 19 47.69306747636452
21 20 45.00361563306932
21 21 41.350831729442426
21 22 38.73730727769004
21 23 38.564011323654526
21 24 36.69728181861892
21 25 36.30304600642023
21 26 34.067125637327855
21 27 34.544743034546144
21 28 32.31062884806292
21 29 31.651991216057073
22 0 26.96575374935092
22 1 25.88706728266579
22 2 25.419609931975945
22 3 28.504206624394413
22 4 27.45276018467608
22 5 28.00132966193229
22 6 28.731385111566258
22 7 30.012900546597464
22 8 31.178311759732512
22 9 28.19771211726476
22 10 31.792615152236333
22 11 32.54037821481656
22 12 32.00707205151484
22 13 33.42492910190929
22 14 35.22119339067071
22 15 35.11774269949743
22 16 36.7301233618803
22 17 38.340000039364504
22 18 38.313760526423025
22 19 43.01616570459916
22 20 40.80216541892985
22 21 39.80212564009961
22 22 38.14440089281094
22 23 37.07463861825094
22 24 38.91621155625406
22 25 37.231223441506025
22 26 35.25553250453543
22 27 33.70525297579426
22 28 31.082376103760517
22 29 32.571558765656675
23 0 24.67953597172809
23 1 25.186038492148946
23 2 26.604816263351346
23 3 27.046461393241724
23 4 27.68131017764109
23 5 27.933215411033622
23 6 27.555848482110015
23 7 29.52803833416132
23 8 29.55076740197293
23 9 31.16193214454084
23 10 30.079102506921625
23 11 33.18705374396883
23 12 30.00637863430812
23 13 34.436017525578514
23 14 32.52801669636617
23 15 35.21970370760446
23 16 35.26790424234977
23 17 37.245605205838295
23 18 36.04457922023027
23 19 38.106572234284585
23 20 40.085166696516666
23 21 38.76064301720072
23 22 38.588794810282515
23 23 37.33830811831084
23 24 36.79898846814505
23 25 35.830567630842076
23 26 37.44297433964544
23 27 35.21837436644821
23 28 32.157398886723776
23 29 34.35168177711457
24 0 25.33181857477008
24 1 26.465562161026053
24 2 24.424325584576792
24 3 26.92796993650207
24 4 27.671942627620624
24 5 29.54754120185509
24 6 26.49484402061883
24 7 26.692517725965743
24 8 27.937416893858146
24 9 29.470373225980406
24 10 28.179925898928616
24 11 29.470478509567343
24 12 31.253476346721676
24 13 33.1359055574524
24 14 34.597710558963946
24 15 32.59590416307333
24 16 35.44201211273312
24 17 34.5388188541545
24 18 35.83283102896489
24 19 36.60747264530829
24 20 36.502961307318365
24 21 36.278622113955365
24 22 35.3604636386009
24 23 36.87865639507602
24 24 40.724268207020955
24 25 40.05853808681873
24 26 39.07901690505928
24 27 34.91095704419785
24 28 31.56607065473592
24 29 33.057460618555844
25 0 25.056799348099503
25 1 27.618404178135087
25 2 26.30129309777079
25 3 26.726530366530362
25 4 27.14130799688727
25 5 26.177246299885514
25 6 27.907751225952417
25 7 26.995966047256843
25 8 27.954343714765788
25 9 29.643421134179427
25 10 30.355813231823255
25 11 31.145918407345835
25 12 32.248865662927805
25 13 32.38804406699805
25 14 34.275236428854626
25 15 34.58337792274458
25 16 32.40273087620096
25 17 34.584266436285525
25 18 33.74763765760341
25 19 36.53081501377935
25 20 35.944083187254876
25 21 35.80239649545578
25 22 35.98783130900235
25 23 36.112347489247036
25 24 38.70334106756955
25 25 57.42746429186432
25 26 38.86600137749653
25 27 32.125623927167325
25 28 31.818014250055295
25 29 32.434417295929386
26 0 26.29059815030282
26 1 23.06158382080257
26 2 25.678382989496935
26 3 25.1947142306291
26 4 26.11274064432696
26 5 26.033537054698236
26 6 30.488026091835053
26 7 29.163780271090207
26 8 27.949406139720633
26 9 27.553080737969694
26 10 27.454059809930992
26 11 30.798117474824767
26 12 31.107831433043984
26 13 33.094033905040604
26 14 33.330995347935534
26 15 31.373321395022067
26 16 32.24349219168489
26 17 33.283224110523136
26 18 33.55361470910804
26 19 33.5367564688925
26 20 33.89859188918093
26 21 34.767398147457456
26 22 35.516252784910435
26 23 36.971979995967864
26 24 39.95132906561745
26 25 37.51227119203726
26 26 36.996429823249684
26 27 34.74808403045517
26 28 29.942504378564372
26 29 31.901911167555735
27 0 23.252105717438916
27 1 24.872972538881655
27 2 24.94423863002454
27 3 26.044506641712818
27 4 25.641917980811453
27 5 23.81449355201427
27 6 28.61519496959995
27 7 27.16152281304353
27 8 30.185316613852017
27 9 28.647441497765566
27 10 30.554952396950053
27 11 31.400666692055776
27 12 29.822938233004578
27 13 32.66256198189137
27 14 33.259457988801316
27 15 33.44370699929459
27 16 32.42823898175511
27 17 31.132555353555595
27 18 32.07833706657812
27 19 33.34237613838893
27 20 33.97875670735789
27 21 35.975843664291496
27 22 34.368861390359136
27 23 35.58442941579468
27 24 36.611516801728825
27 25 34.012532685107175
27 26 32.655404018230314
27 27 32.741349630888166
27 28 33.0830002351704
27 29 30.28072349964909
28 0 24.2859279179858
28 1 23.97255088338755
28 2 25.988251201526904
28 3 26.638240379286064
28 4 24.08039345830034
28 5 26.07877784823811
28 6 26.91021619083291
28 7 27.75205860766531
28 8 28.841703464642073
28 9 28.46701516955045
28 10 28.518249022706588
28 11 30.135670361340782
28 12 30.700591718378373
28 13 29.879834647291013
28 14 32.06490721450583
28 15 30.81865907829342
28 16 30.314849516340203
28 17 33.224868642771526
28 18 32.43968718091365
28 19 33.18104796969751
28 20 32.133518073127405
28 21 32.434936383399844
28 22 32.513901604470064
28 23 33.395590741206846
28 24 33.19630782790263
28 25 31.736634256802414
28 26 30.49102587232714
28 27 33.29525977936609
28 28 31.65918702123871
28 29 30.18094327883063
29 0 26.218246850011806
29 1 24.445497165561235
29 2 23.67116598604023
29 3 25.1237360714047
29 4 25.320033885587456
29 5 25.287003323262343
29 6 26.103715649468537
29 7 24.989019772172515
29 8 26.923623980290607
29 9 27.442589002687818
29 10 28.764959850451053
29 11 26.007189579776483
29 12 29.372809546893706
29 13 30.70002270599152
29 14 28.43325037457189
29 15 30.405949378361274
29 16 32.04231728008231
29 17 32.52516509265181
29 18 31.08607875626567
29 19 32.126757272259
29 20 31.83235667959988
29 21 31.952981821946008
29 22 33.20166840578353
29 23 31.639812052445883
29 24 32.94449121966336
29 25 32.57276619410742
29 26 32.005311185667715
29 27 32.73958494377229
29 28 30.063926398268904
29 29 29.391742294229793
