0 0 24.91467410425869
0 1 24.926609462318893
0 2 25.565069291267168
0 3 25.43386427547362
0 4 22.392494555955093
0 5 26.437877624266417
0 6 27.349446613436644
0 7 24.805884610198035
0 8 26.644287128544175
0 9 26.771166781925288
0 10 27.967790910663414
0 11 27.130986681137173
0 12 30.04773359329385
0 13 28.9107972437011
0 14 26.720882412278538
0 15 27.497079579704558
0 16 26.582343513682876
0 17 27.579381061493873
0 18 28.426332282379125
0 19 29.19418439937333
0 20 27.882163783460154
0 21 27.726069498119358
0 22 27.475869700466088
0 23 26.663381739334827
0 24 24.84634589879816
0 25 26.605009479682288
0 26 24.52037937919456
0 27 26.409565301306415
0 28 24.084486973101814
0 29 22.995350580813174
1 0 25.799502837102118
1 1 25.363205877871135
1 2 23.783850321591803
1 3 22.487862002980894
1 4 25.206955490998993
1 5 26.663700779853386
1 6 25.364154599883953
1 7 26.03792609360542
1 8 27.058037898369157
1 9 27.962720034761215
1 10 29.402368231220336
1 11 27.905420026518414
1 12 27.874434060694227
1 13 29.810463437961946
1 14 28.06184880389697
1 15 29.481954322406622
1 16 28.11440007635004
1 17 28.44670236604056
1 18 28.205653175698313
1 19 28.652115985677263
1 20 27.08613802626435
1 21 28.341067114281614
1 22 27.348809891261677
1 23 26.922308319392393
1 24 26.683103846303496
1 25 26.495597059939183
1 26 24.655361087953324
1 27 26.011479170195265
1 28 25.354036397115483
1 29 23.98247157161444
2 0 25.39097202148325
2 1 26.047497103694738
2 2 24.423556993952417
2 3 25.121660392805193
2 4 29.108317852270403
2 5 25.824690917419176
2 6 25.46247834918844
2 7 26.432211218390336
2 8 29.326691823603284
2 9 27.32586417347984
2 10 29.67223314109715
2 11 28.6950653674686
2 12 31.00004093167306
2 13 27.910574787783872
2 14 30.24656475100143
2 15 30.62595335486459
2 16 30.548144400183922
2 17 29.025583860485753
2 18 28.760564376411683
2 19 28.747721256816384
2 20 28.38062414041768
2 21 28.505655163546813
2 22 28.240527635456424
2 23 29.46430483347643
2 24 26.892203351564987
2 25 27.042374391384765
2 26 26.20086579133098
2 27 25.82321710603823
2 28 25.53600634209033
2 29 24.74349720022064
3 0 24.53003732213647
3 1 25.34056833177209
3 2 25.814982605812304
3 3 26.131960882367817
3 4 25.66353784842622
3 5 27.132335106014196
3 6 27.323837026793075
3 7 30.402834090797768
3 8 28.01852770117329
3 9 27.470851532373626
3 10 30.823325677784855
3 11 30.656745844369457
3 12 31.962202282838053
3 13 29.47426361285694
3 14 29.83312737429138
3 15 32.47612325516657
3 16 29.923095465866112
3 17 30.227715916105282
3 18 30.23017533151009
3 19 29.680420656973748
3 20 30.62936349363685
3 21 28.78399736908309
3 22 27.392813084926164
3 23 27.935419639330572
3 24 29.499480858271948
3 25 26.97925422735095
3 26 28.01196657358678
3 27 24.369710800568246
3 28 24.364164382627305
3 29 26.500728152564808
4 0 24.616577012745744
4 1 25.42104140054753
4 2 27.22916411821138
4 3 24.245541274449533
4 4 25.725801157008544
4 5 27.285486178268002
4 6 29.875823306991958
4 7 27.42277231412028
4 8 29.701191175169058
4 9 27.956866215740277
4 10 33.14938327175563
4 11 30.07958834654409
4 12 29.50756067655014
4 13 30.616240507876274
4 14 31.471337853318808
4 15 31.515992831103173
4 16 33.062277916170395
4 17 32.747176348333916
4 18 31.589385299458513
4 19 32.64911555503345
4 20 30.49387401956263
4 21 28.239623184327936
4 22 31.015413807399558
4 23 28.048399147698746
4 24 28.376013755780974
4 25 28.192169781082207
4 26 27.50879896266149
4 27 25.56069125967568
4 28 26.140694664711376
4 29 24.07348835764363
5 0 25.809057179750422
5 1 26.61414592020615
5 2 26.99964168640596
5 3 26.602195964448253
5 4 25.643988769080757
5 5 27.689264417607166
5 6 27.836226659172198
5 7 25.54717706762695
5 8 30.256032436346448
5 9 30.215272538523806
5 10 33.20735999630917
5 11 33.07264168701716
5 12 32.39961120411206
5 13 35.09350928605834
5 14 34.490785182616854
5 15 34.46746747861955
5 16 32.869663074359885
5 17 32.92564356523495
5 18 32.877430009741474
5 19 35.36607092664917
5 20 30.306451343078557
5 21 31.321152474827077
5 22 32.092953906586835
5 23 30.499143640373482
5 24 30.194952106072616
5 25 26.536996720403774
5 26 26.070557191254935
5 27 26.70382174308035
5 28 27.066918983274334
5 29 26.06319605723673
6 0 24.123828423889844
6 1 26.919687915593762
6 2 25.93276265274691
6 3 28.03371135856931
6 4 27.33338261617471
6 5 27.687504735053697
6 6 27.468770659011163
6 7 29.3573492211205
6 8 32.317731455604175
6 9 31.81981309248794
6 10 32.09596447670693
6 11 32.854172026128374
6 12 35.92496295984689
6 13 36.1506758207897
6 14 35.61640519297335
6 15 37.90725844855188
6 16 35.502067393942184
6 17 35.41367959446385
6 18 33.16006953046529
6 19 34.95713823043091
6 20 32.11418583657935
6 21 32.10778349227455
6 22 29.790694787567215
6 23 30.801456504010893
6 24 29.26515866308774
6 25 27.480128152499177
6 26 28.430170805158678
6 27 28.56075489253713
6 28 26.287113491271327
6 29 26.735458137436837
7 0 24.990759071818736
7 1 26.57974151135295
7 2 26.761663175899972
7 3 28.252895001619756
7 4 28.92055862671631
7 5 27.080311457008186
7 6 30.603170991383323
7 7 29.579900974148938
7 8 30.85401841154973
7 9 34.261375579200944
7 10 33.47855506027117
7 11 33.85504179210277
7 12 35.58703536974994
7 13 35.180407206360094
7 14 38.458814707504345
7 15 37.229177841815215
7 16 40.5159601209096
7 17 36.340201912392246
7 18 35.01673239915516
7 19 35.57490414618879
7 20 33.92027911488626
7 21 32.12004803350209
7 22 33.86417914171337
7 23 31.404305808223498
7 24 30.568135600452642
7 25 29.927240172635862
7 26 28.6109078408603
7 27 28.423537148218028
7 28 27.76039613409297
7 29 27.65507007222831
8 0 26.907720444284504
8 1 25.68929207391027
8 2 26.328572399618817
8 3 27.00567386388652
8 4 29.295265314788644
8 5 27.1302714119606
8 6 29.958542385667155
8 7 29.670404187605556
8 8 34.20248386281255
8 9 33.368602145464635
8 10 33.37077513367355
8 11 33.66081740029389
8 12 36.68710208678606
8 13 37.94249702124129
8 14 39.83278536588311
8 15 41.55643428942848
8 16 39.264325897228225
8 17 38.97332848937625
8 18 37.46068548273464
8 19 34.9285414302718
8 20 35.13495693387381
8 21 33.14932140586607
8 22 31.211130458600042
8 23 32.26902942389211
8 24 31.24350791713197
8 25 30.214471779005336
8 26 29.657819905423143
8 27 27.091277946905546
8 28 25.63262626832408
8 29 27.57602745810778
9 0 25.82461008827508
9 1 25.139394714583695
9 2 27.9749591984925
9 3 29.20399088931334
9 4 30.13992014237974
9 5 29.293774558806597
9 6 29.689009503703375
9 7 30.425569014937228
9 8 33.734972505903436
9 9 32.42025294611728
9 10 34.22487782176701
9 11 38.452613057589126
9 12 36.7684278819995
9 13 39.640773068282144
9 14 44.46537871794657
9 15 45.4575005718609
9 16 47.65362303715425
9 17 40.0672369317257
9 18 35.90559710989317
9 19 37.631632598277996
9 20 31.21548691975986
9 21 32.76926259703739
9 22 32.088053916502936
9 23 30.675709714076167
9 24 33.25666230499823
9 25 30.307551289382932
9 26 30.018773864398085
9 27 27.50532610505997
9 28 26.681757448009993
9 29 28.110927620782924
10 0 25.870077765945997
10 1 25.98158892653675
10 2 27.076024593232855
10 3 28.99082332193665
10 4 28.593981123330117
10 5 31.553097413577426
10 6 33.42784131539094
10 7 33.62155475893081
10 8 31.232141437159598
10 9 35.112510724146354
10 10 35.12443506711887
10 11 36.17363064516384
10 12 37.91545690218881
10 13 42.975537590825034
10 14 48.09902900859593
10 15 87.65659607175999
10 16 49.98957594282497
10 17 41.35265700791273
10 18 39.355536044154476
10 19 35.809406304782996
10 20 37.97490438079689
10 21 33.841397732744575
10 22 33.73653692657728
10 23 34.821708995140604
10 24 30.701233919499575
10 25 29.32812086998631
10 26 30.34644589645073
10 27 28.97367611949979
10 28 25.967798423488865
10 29 27.1995342274976
11 0 24.629198881766552
11 1 25.834299816387635
11 2 28.348335596513582
11 3 28.401194143605796
11 4 27.51250520104636
11 5 30.00955600741457
11 6 31.017700298627727
11 7 30.873553805014293
11 8 31.61550425958747
11 9 34.17921347615987
11 10 34.37007853018657
11 11 39.064449985899216
11 12 37.1055613342945
11 13 40.59260449854254
11 14 46.35393026849329
11 15 46.08195688184491
11 16 48.09751868455871
11 17 42.279729213368405
11 18 37.2234215523152
11 19 34.81540643893067
11 20 35.382626648094444
11 21 33.20215123854654
11 22 32.79656267434864
11 23 32.07551380508016
11 24 31.780319205877184
11 25 32.41387384765683
11 26 29.215790579620336
11 27 28.4873651356617
11 28 31.11492830651935
11 29 28.765081466523174
12 0 26.086634046336858
12 1 26.355631628240328
12 2 26.586590430717298
12 3 29.26301952038222
12 4 27.962762251547773
12 5 30.218680269478
12 6 29.85773924088196
12 7 32.00581245868556
12 8 32.72559987808162
12 9 34.86554280954582
12 10 32.372135967238435
12 11 34.65893793534373
12 12 33.18104268947851
12 13 39.25453067304941
12 14 43.17158941488398
12 15 41.38093345961175
12 16 41.360905962371206
12 17 37.9420707496457
12 18 36.172779594681096
12 19 34.65894454113584
12 20 34.65371889731622
12 21 34.12883426421046
12 22 35.705635900157915
12 23 33.63934468620501
12 24 33.070772498224564
12 25 31.04447287364895
12 26 28.763245268434968
12 27 31.470318957299536
12 28 29.18548347844152
12 29 29.493291508331907
13 0 25.685618262491992
13 1 27.54780704290149
13 2 28.43912883840793
13 3 28.751650909819197
13 4 27.844830042431287
13 5 29.799109572258136
13 6 30.59940898315883
13 7 31.308188180416213
13 8 33.52398277066188
13 9 36.130454555646324
13 10 32.57321124087591
13 11 35.370813973967614
13 12 35.970711692633266
13 13 37.08121075633011
13 14 40.395913058756975
13 15 39.108322178720684
13 16 41.34269351348036
13 17 34.489620608368725
13 18 34.78065069993612
13 19 37.110062112759756
13 20 35.79700537436729
13 21 33.18855570800675
13 22 33.72377680222208
13 23 32.74438322673026
13 24 32.99697657413996
13 25 30.519973156073807
13 26 30.80526513171729
13 27 28.372054073460767
13 28 31.758835720385424
13 29 28.92274940784199
14 0 25.680491883991625
14 1 26.94942208028147
14 2 28.94906754280831
14 3 29.300148899184403
14 4 29.58123592254641
14 5 30.19593021338307
14 6 30.320341434012235
14 7 32.90175416586408
14 8 33.23051716335869
14 9 34.497675386928535
14 10 33.6860780470918
14 11 35.90154454678239
14 12 36.00134148656695
14 13 37.81799268366778
14 14 37.80925449141295
14 15 37.214104245198115
14 16 35.4074389427887
14 17 36.645197104196754
14 18 35.37341882242135
14 19 34.378233103663156
14 20 36.08295631926809
14 21 33.965274708061465
14 22 34.900249449196565
14 23 32.937703260578175
14 24 31.386143610843487
14 25 31.37429732462507
14 26 29.093524819962106
14 27 30.457061459302473
14 28 28.692381442036133
14 29 29.10617315765154
15 0 26.98207777611334
15 1 27.734865704678413
15 2 27.772136499263272
15 3 29.062770347993812
15 4 26.779984792502393
15 5 29.17881849939382
15 6 30.037250848570825
15 7 31.804477874395715
15 8 34.02009158356434
15 9 32.86285559477735
15 10 34.094214699611726
15 11 34.66844769039425
15 12 36.96987402701554
15 13 38.96352539560847
15 14 36.56158795234345
15 15 39.82417806526533
15 16 36.561590569797026
15 17 34.98297439217674
15 18 36.45773119296659
15 19 35.43803972105372
15 20 36.24716827743247
15 21 34.99136226078262
15 22 33.80241126010994
15 23 33.52758352393022
15 24 32.18665385291806
15 25 32.69655641057296
15 26 31.310217835543114
15 27 29.114695017601054
15 28 28.457152363624907
15 29 30.06182126424394
16 0 26.758939339664813
16 1 25.472045093044215
16 2 29.188742258662405
16 3 27.09012163883884
16 4 29.006337338759657
16 5 29.791443717571514
16 6 30.58677858971651
16 7 34.06848502207604
16 8 33.50275159157457
16 9 32.88203300154959
16 10 34.29922965368715
16 11 34.133738432440104
16 12 34.97382078313216
16 13 34.29959444622585
16 14 35.4074389427887
16 15 38.88446826922489
16 16 35.62050617654121
16 17 35.62621074465189
16 18 36.61025758237128
16 19 36.033211512976045
16 20 33.74184983157059
16 21 34.95671188423195
16 22 33.08538822188727
16 23 31.788953746974084
16 24 33.304523913601294
16 25 32.2360849645977
16 26 32.56041598135433
16 27 32.11465149833486
16 28 31.243260108068196
16 29 29.64964067882539
17 0 27.15096498766595
17 1 27.412023265174902
17 2 28.593134821274074
17 3 27.61263329098062
17 4 30.335021779521824
17 5 30.519917664861637
17 6 31.931366142200673
17 7 32.88796293894779
17 8 33.14261937617123
17 9 33.519504142233025
17 10 34.43667068585301
17 11 35.673293471704866
17 12 36.02829854163548
17 13 34.489620608368725
17 14 37.65420100888133
17 15 38.77135550000408
17 16 36.56935219150777
17 17 37.68527550387106
17 18 35.52925075335737
17 19 34.33107647860089
17 20 35.66658854282485
17 21 33.979233232837075
17 22 34.41392267761651
17 23 30.033699121715987
17 24 31.416474093208617
17 25 32.91104724762172
17 26 32.87764950772872
17 27 30.702003985656415
17 28 31.947200504354914
17 29 29.975233570286957
18 0 25.750036964133916
18 1 27.78026542456397
18 2 27.90310194778897
18 3 26.79713651788283
18 4 27.562553509214407
18 5 30.32409974088854
18 6 28.40213509474806
18 7 32.74179019482668
18 8 33.87036542330762
18 9 34.589275946245714
18 10 37.290611216928625
18 11 36.276740036265245
18 12 36.172779594681096
18 13 37.30572701400447
18 14 41.48297643799909
18 15 41.36036879857545
18 16 41.74746021516859
18 17 36.17224250455971
18 18 37.8046471020469
18 19 39.16977026267836
18 20 35.53272215554127
18 21 34.62618118051847
18 22 34.37925110527578
18 23 34.08822563943288
18 24 30.763235478303
18 25 32.23934621049596
18 26 31.80856002809525
18 27 31.022190533008274
18 28 30.24574675738892
18 29 29.20517890347725
19 0 25.9237091163574
19 1 26.596629907391105
19 2 28.51911570105077
19 3 28.056735369035053
19 4 27.14753229595792
19 5 30.62379407095915
19 6 29.971369840018667
19 7 33.92324432401878
19 8 34.086608435275174
19 9 35.045683685315716
19 10 37.01393708795455
19 11 34.81540643893067
19 12 38.48057289830214
19 13 41.547966418713926
19 14 46.65161751932052
19 15 51.094689800165376
19 16 48.14004754004269
19 17 39.65757894179127
19 18 39.30559067379378
19 19 34.94941228785052
19 20 35.58893454018512
19 21 35.654142790461236
19 22 31.942696895086037
19 23 33.313503982737465
19 24 33.03970852055847
19 25 32.133367654294034
19 26 32.18809947213741
19 27 30.29614220598702
19 28 30.790794161988778
19 29 29.62936015970837
20 0 26.340145589045683
20 1 26.607455684510292
20 2 29.616542350326934
20 3 27.6152293375761
20 4 29.045108700800014
20 5 30.974954566283223
20 6 29.798238137140427
20 7 32.45725868501721
20 8 34.62576511956471
20 9 32.73606856388336
20 10 37.97490438079689
20 11 36.231146448624415
20 12 39.039905297758374
20 13 40.20226215472614
20 14 49.374049906764704
20 15 87.656596088796
20 16 49.59388155148612
20 17 44.783311581298086
20 18 39.63173271217198
20 19 36.46121912720789
20 20 35.574582407094795
20 21 34.007309399502944
20 22 36.440738570327575
20 23 33.44272848039603
20 24 34.49059154118141
20 25 32.25438766878969
20 26 32.49846620443613
20 27 32.70555403172914
20 28 30.912923363786994
20 29 29.58501055272582
21 0 23.71306729846003
21 1 27.30048110574828
21 2 28.383363396226652
21 3 28.757877271817193
21 4 27.924014581350193
21 5 29.48604770682154
21 6 30.37781962775769
21 7 31.62259299219472
21 8 32.08805032200941
21 9 32.76926259703739
21 10 33.77628085922463
21 11 37.24978344388959
21 12 36.90570233541153
21 13 43.01186744964942
21 14 48.46131362386819
21 15 48.974523254359376
21 16 48.03621580083289
21 17 40.43278636789882
21 18 39.611878888717335
21 19 35.41693106848757
21 20 35.77640585141426
21 21 33.44905356996438
21 22 35.834668747453854
21 23 32.14113497716143
21 24 33.327949331708815
21 25 33.26222079920811
21 26 35.24791868702205
21 27 32.465045294610185
21 28 32.400060518245546
21 29 32.383119082653
22 0 26.188631731938692
22 1 26.363121132907313
22 2 26.8548162336286
22 3 27.81003774251
22 4 28.950018725766352
22 5 30.371280615934356
22 6 30.15217703289507
22 7 30.417961601509045
22 8 31.211130458600042
22 9 32.69247054471907
22 10 35.43208675749389
22 11 36.30979579169784
22 12 37.7121060674622
22 13 41.03499598189581
22 14 39.1831222989037
22 15 40.2013385068396
22 16 40.42155607748555
22 17 38.715637900876935
22 18 36.01025390430624
22 19 35.647615146969905
22 20 35.80361947346976
22 21 33.40539252373986
22 22 34.11283165098464
22 23 34.476840814353146
22 24 34.57152145159852
22 25 33.160833398148846
22 26 34.32055552158721
22 27 32.072845488241704
22 28 31.94857914368099
22 29 30.154261109684068
23 0 26.342074974667167
23 1 25.08443377318661
23 2 28.911413156615787
23 3 30.18079538785233
23 4 28.387237684519132
23 5 29.21550500359631
23 6 32.33841890481854
23 7 31.404305808223498
23 8 31.552818040346466
23 9 34.60618279715452
23 10 33.36813967674585
23 11 34.13546663309743
23 12 35.301894918853925
23 13 37.905933885131574
23 14 38.47841787830979
23 15 35.94882129069853
23 16 37.302913308355606
23 17 35.87631330032774
23 18 36.613640680315235
23 19 35.612391231778254
23 20 37.527842401885955
23 21 36.294207782138734
23 22 33.57817100783361
23 23 35.88703012415542
23 24 35.70653530556862
23 25 34.11479099967931
23 26 35.272847049644824
23 27 34.824102451109276
23 28 30.60579549773556
23 29 29.67239188717337
24 0 24.75605320280998
24 1 25.998369553068116
24 2 26.75952230637737
24 3 27.829722770079222
24 4 27.110618990128653
24 5 28.240580539460694
24 6 29.26515866308774
24 7 31.752448812974578
24 8 31.783866805147948
24 9 34.08753407101994
24 10 32.76996123116072
24 11 32.07941331153842
24 12 33.79526304356677
24 13 34.90346666415661
24 14 35.40680370466617
24 15 35.02074711655275
24 16 35.692662231949114
24 17 35.79167466327337
24 18 33.851368692283245
24 19 35.197087577854454
24 20 32.62445951768013
24 21 35.851795779020655
24 22 35.379727856636435
24 23 37.549155795303996
24 24 39.42407418050907
24 25 39.01046955270863
24 26 36.30667880681925
24 27 33.240322328716445
24 28 33.40974929260435
24 29 31.57819725850539
25 0 25.394403527168933
25 1 26.33032346240604
25 2 26.797918783595414
25 3 26.466747616251954
25 4 29.755919620239737
25 5 26.536996720403774
25 6 28.582014755054413
25 7 29.711737780473456
25 8 29.584874452979832
25 9 32.35569229964346
25 10 32.43260427595113
25 11 32.79963784933719
25 12 32.98771613466347
25 13 33.3888866400142
25 14 35.068456164405966
25 15 34.37414544315864
25 16 32.5156690450951
25 17 34.463600751461016
25 18 36.29576660794279
25 19 35.584677448070394
25 20 33.98245826104832
25 21 32.85568437067402
25 22 34.23142971694375
25 23 36.189707731796084
25 24 39.28435567563697
25 25 58.611914150545466
25 26 36.50140442153849
25 27 34.71950213722174
25 28 32.60088703111188
25 29 32.593319141809445
26 0 23.872641127172876
26 1 25.554154579302427
26 2 25.604811277049738
26 3 25.678711844545553
26 4 27.50879896266149
26 5 26.395949012991874
26 6 29.720693061794876
26 7 26.970961751658585
26 8 31.40093161114504
26 9 31.491262960155492
26 10 33.2919902828145
26 11 32.73898414956476
26 12 34.10570396256588
26 13 32.80184823113036
26 14 32.51371646911293
26 15 35.1419402893249
26 16 33.90352954576711
26 17 32.47406750635769
26 18 34.540281389103065
26 19 33.76339134581256
26 20 33.20321589686499
26 21 32.428488989802396
26 22 34.52133751913586
26 23 35.315726366647745
26 24 39.31620582282441
26 25 37.863375606217026
26 26 37.91403195258482
26 27 33.62524849594278
26 28 33.42811693963362
26 29 30.89629613889682
27 0 24.958385465423238
27 1 24.826816365711455
27 2 26.281942216423907
27 3 24.369710800568246
27 4 26.744842752620844
27 5 27.081326941867793
27 6 27.221076656546234
27 7 28.763662151478744
27 8 29.739297755366756
27 9 31.287738470009785
27 10 27.84329694343737
27 11 32.21890941326501
27 12 32.85504147417103
27 13 31.734658404875276
27 14 34.06164064949486
27 15 33.88114636956867
27 16 33.251965911176406
27 17 33.1519346464539
27 18 29.980338455599146
27 19 31.491300889172688
27 20 33.87432134492999
27 21 32.829107002079326
27 22 32.90380360978115
27 23 33.407330551062266
27 24 34.77990528984694
27 25 34.07845588167252
27 26 33.23748703255605
27 27 32.59702583788887
27 28 31.18698829358395
27 29 32.31957589732703
28 0 24.685232783709846
28 1 25.618347091845752
28 2 25.53600634209033
28 3 26.023659669641862
28 4 27.242857724342592
28 5 26.264430705969104
28 6 30.347357339806322
28 7 27.631369534362715
28 8 27.481951765027826
28 9 29.373170383126983
28 10 32.44750084829621
28 11 29.870989669054083
28 12 33.221936925784895
28 13 32.35295982847853
28 14 29.85634597689041
28 15 32.84530484367866
28 16 30.583718022586883
28 17 31.238026312230478
28 18 33.04573795432365
28 19 31.275243697286072
28 20 31.365675300472496
28 21 32.99984517003076
28 22 33.01719101135441
28 23 32.120953792849036
28 24 30.11101935459283
28 25 30.055151984560567
28 26 32.556240769980064
28 27 31.23721004107153
28 28 31.265869693123147
28 29 31.809702769027307
29 0 24.01743067692304
29 1 23.98247157161444
29 2 25.337511806133378
29 3 26.709558131606524
29 4 25.70844809095441
29 5 26.20980864500221
29 6 26.446389693893195
29 7 26.48014430721358
29 8 28.682925719818165
29 9 29.49331548333918
29 10 28.140579843689917
29 11 31.083249756079983
29 12 30.227864371299013
29 13 29.967881628760097
29 14 32.0907796583417
29 15 32.058649557523644
29 16 30.391686966715753
29 17 32.80040422093878
29 18 30.977595724986724
29 19 32.81996852419921
29 20 31.304125453788412
29 21 30.405237742863935
29 22 31.796515649712102
29 23 32.60375484666258
29 24 32.36605030009349
29 25 31.72568582526836
29 26 31.627353724822648
29 27 29.320413957127382
29 28 31.040982054258304
29 29 30.722974667531435
