0 0 25.172139137118723
0 1 23.14061745142142
0 2 24.403013809084914
0 3 24.821928611174158
0 4 24.46718714493843
0 5 25.108052094617467
0 6 25.621151055095833
0 7 26.289445135638207
0 8 25.32198196435768
0 9 25.5294851873148
0 10 27.370234993465186
0 11 25.841096786816184
0 12 29.618585142713126
0 13 28.606164377026893
0 14 28.637711163108953
0 15 27.3962464506121
0 16 27.303158134120057
0 17 27.32037917622797
0 18 27.794047308422304
0 19 29.72269391485551
0 20 30.08673986926324
0 21 28.357336515817877
0 22 28.552944996462536
0 23 25.344955757822856
0 24 24.928094907497343
0 25 25.551228617736058
0 26 25.280616148876902
0 27 24.347768417611597
0 28 25.80187623762465
0 29 24.69594932786207
1 0 24.063745820426263
1 1 25.940983723778377
1 2 25.6817681132016
1 3 25.189795308894748
1 4 23.49521943259
1 5 26.33742830217617
1 6 26.11407331837319
1 7 26.480693461947535
1 8 25.011162550147695
1 9 28.418256099566033
1 10 28.069445434474172
1 11 27.776034306746734
1 12 28.472732895141434
1 13 28.648959705648952
1 14 29.989089471053088
1 15 29.533239636209466
1 16 29.601032239799768
1 17 27.389561088171757
1 18 26.933195247585815
1 19 29.48102296425241
1 20 27.71420685660961
1 21 26.94412515779189
1 22 27.833563944868974
1 23 28.361158693141192
1 24 27.36420285371246
1 25 27.05066137062556
1 26 25.614723157593776
1 27 26.3650308677016
1 28 24.088343795180887
1 29 24.18173006199617
2 0 26.347736626561026
2 1 24.730008496432195
2 2 25.231423770724753
2 3 24.343497874805937
2 4 26.22616263770388
2 5 25.069530030697074
2 6 25.137654110210278
2 7 26.333095342628482
2 8 27.801208247531754
2 9 30.701379816921673
2 10 27.74642123709807
2 11 27.314550750743006
2 12 28.689530938733192
2 13 29.526633576478105
2 14 30.038193389348624
2 15 28.561258208385905
2 16 29.13108443287854
2 17 29.56534190616168
2 18 29.881908307928857
2 19 29.99760128395945
2 20 28.290745037065324
2 21 27.95678647598074
2 22 28.096758809368563
2 23 28.363287629914705
2 24 27.765992890436056
2 25 28.500500722486635
2 26 25.021874805738832
2 27 26.47160938438896
2 28 27.05554004861289
2 29 25.448544817249513
3 0 27.18299352035427
3 1 25.537289650372873
3 2 24.955993217543
3 3 26.995731840786945
3 4 26.323086550513764
3 5 25.01970802643895
3 6 28.423366664357793
3 7 28.06836731484663
3 8 28.07454241667004
3 9 28.969786761740398
3 10 27.247980584896382
3 11 31.089212351838018
3 12 31.877473736877313
3 13 28.702186353654458
3 14 29.944420651223375
3 15 30.049036329813713
3 16 31.75191596213639
3 17 31.840956120008645
3 18 29.947908403307974
3 19 30.46505462378239
3 20 32.251159929101
3 21 28.91280483595624
3 22 28.790053145573978
3 23 28.852977830095266
3 24 28.499501200518385
3 25 28.135550834357737
3 26 25.96331932953698
3 27 26.001091642906175
3 28 25.322791311110294
3 29 25.606508727011523
4 0 23.866022687542443
4 1 25.251811279889914
4 2 25.140590663776962
4 3 24.495341338715086
4 4 26.398571639759968
4 5 27.074180040194715
4 6 27.594346612123132
4 7 28.33620306472786
4 8 27.75636157109629
4 9 28.64669470887388
4 10 30.174279729409744
4 11 29.621607024667675
4 12 31.38698406122936
4 13 33.80683620874152
4 14 33.06079121775405
4 15 33.3731392306761
4 16 30.047671077248335
4 17 32.90870818157746
4 18 33.828327161936826
4 19 31.718766600062594
4 20 32.44823321666218
4 21 32.44481777081506
4 22 29.622286433132373
4 23 28.508548710994994
4 24 26.826704268763404
4 25 27.51872685551923
4 26 28.138175661755078
4 27 27.874374452298724
4 28 25.418097565434632
4 29 25.041004753411077
5 0 25.515813351323093
5 1 25.241790044837124
5 2 25.538662086255375
5 3 27.109545203629466
5 4 27.622285016101568
5 5 27.5687585458959
5 6 28.643500960511552
5 7 28.373084817093883
5 8 30.12462545559901
5 9 31.972702543568662
5 10 30.243276875097024
5 11 31.787081572678414
5 12 32.32243994546574
5 13 33.98885435163198
5 14 34.8566072036768
5 15 35.23612012079178
5 16 34.03463667573944
5 17 33.813167135138116
5 18 33.748585498468046
5 19 34.074300461155836
5 20 33.10561611205135
5 21 33.448647209975235
5 22 29.255502855833225
5 23 31.291136066054193
5 24 29.786412643619904
5 25 27.629022138496335
5 26 27.666070706683517
5 27 29.109012701179015
5 28 27.482172346062377
5 29 25.905424504870467
6 0 25.37914834944824
6 1 25.593026241472543
6 2 24.79024276398701
6 3 26.047547896790526
6 4 25.642734425310906
6 5 29.58762621708688
6 6 26.83429420217711
6 7 29.621483695949617
6 8 27.395802138433222
6 9 30.650351449284067
6 10 31.9599991998822
6 11 34.032626893583405
6 12 32.370669655223864
6 13 32.98148444603936
6 14 36.04103223833004
6 15 35.65451161248371
6 16 35.266273163403476
6 17 36.3914230893335
6 18 37.14147495677145
6 19 32.06213645574851
6 20 33.10921613172933
6 21 32.867860193612756
6 22 33.112728979332644
6 23 28.130068620734484
6 24 30.325660970939264
6 25 31.607841045227378
6 26 28.952207225165576
6 27 26.837534019448018
6 28 28.652981061523594
6 29 27.422756067412607
7 0 25.352133952964195
7 1 27.14566942094784
7 2 27.70569569965195
7 3 24.782439755441295
7 4 25.777266616300423
7 5 27.988609046432416
7 6 29.780605539957325
7 7 30.44533958351382
7 8 31.588777443666554
7 9 32.605616298247476
7 10 31.8836866636693
7 11 33.22794015043236
7 12 34.319692735071065
7 13 36.94563476272795
7 14 38.0446752019534
7 15 37.851462847769646
7 16 38.191969773733774
7 17 40.31458132530071
7 18 36.29248811596099
7 19 36.008986373845275
7 20 32.52488081930102
7 21 33.66726738785919
7 22 30.3209864122086
7 23 30.929440968606347
7 24 30.211878251725892
7 25 30.097093298566406
7 26 28.327810204247054
7 27 26.369853921936507
7 28 26.60382940999991
7 29 28.499730602017234
8 0 26.48617700180414
8 1 27.188684140640806
8 2 26.081474591603826
8 3 27.91391218480642
8 4 27.706246527561994
8 5 28.68476448678869
8 6 29.905146923744365
8 7 29.93286218431183
8 8 30.593114171563965
8 9 30.11110752251506
8 10 34.29040281078444
8 11 32.6748591864546
8 12 36.479472389818746
8 13 35.148240277187554
8 14 35.982690129754374
8 15 40.07640852308767
8 16 39.029543713118166
8 17 39.666751746236294
8 18 38.568899610240436
8 19 35.6862146653391
8 20 37.324443662281496
8 21 33.057482196132604
8 22 33.357110159828714
8 23 32.98865622377441
8 24 34.133593521305684
8 25 30.51430421722097
8 26 29.311873578744837
8 27 27.39755778472867
8 28 29.423881497133983
8 29 28.4701760636906
9 0 26.131099361724093
9 1 25.490139167369566
9 2 26.13578865824239
9 3 27.243674271777774
9 4 29.326760035588585
9 5 27.99912438762202
9 6 30.153312127299113
9 7 30.86409683179468
9 8 32.42418799724936
9 9 31.540319602730545
9 10 34.32978503651037
9 11 33.21281507821825
9 12 38.245870872627314
9 13 35.60082668622356
9 14 40.29329225873256
9 15 46.76091331712114
9 16 45.14918929584697
9 17 45.27082335933731
9 18 39.87743661974535
9 19 38.085701960106256
9 20 34.816690122604705
9 21 33.846947627732604
9 22 32.108704178388834
9 23 30.82718323326617
9 24 30.86419131996746
9 25 30.359050303382205
9 26 28.188253880140394
9 27 29.22373136070391
9 28 27.489163861426714
9 29 27.10463050947094
10 0 26.487954620207493
10 1 25.345488062239323
10 2 26.33529491533627
10 3 29.76472348387425
10 4 29.11382989709336
10 5 28.045714757067962
10 6 29.43581467014844
10 7 30.801606618360807
10 8 30.606232638155266
10 9 32.681601474375704
10 10 35.66409325309356
10 11 34.49639472774722
10 12 37.48678367564475
10 13 38.69733227458364
10 14 41.54071318202754
10 15 51.74822337294433
10 16 86.58235992398167
10 17 48.88872266524334
10 18 41.85792907120255
10 19 37.59970951370855
10 20 38.09102395418881
10 21 35.969144535598204
10 22 33.14545975110193
10 23 31.69349865281146
10 24 31.96475915577107
10 25 33.365484338982526
10 26 30.57945228135668
10 27 31.711663222654984
10 28 27.31203332942496
10 29 27.21482716102609
11 0 27.258810006563202
11 1 25.12543954470063
11 2 26.323328916123273
11 3 28.750388899450275
11 4 26.949536614103184
11 5 28.220877260856255
11 6 32.59827684772058
11 7 32.341114104721875
11 8 31.52637051336197
11 9 32.93149624776209
11 10 33.70116084776824
11 11 34.925427647934534
11 12 36.23523646929876
11 13 37.321534668145915
11 14 42.163789265412575
11 15 47.204459664918936
11 16 46.74023211564875
11 17 49.155486895947085
11 18 43.64624006965759
11 19 36.5059154843419
11 20 35.60654221859061
11 21 34.63488501342192
11 22 33.5526505042528
11 23 32.942067462415594
11 24 34.385596857153395
11 25 31.561112922835633
11 26 28.497559347354084
11 27 31.10611673553049
11 28 29.5018092302548
11 29 28.28083711675138
12 0 26.175757595631154
12 1 25.913817086080414
12 2 28.0959939225007
12 3 28.65241125209511
12 4 27.596162223340674
12 5 27.599568410745942
12 6 31.06168695860497
12 7 31.160212212711198
12 8 32.93911314332639
12 9 34.179641904047216
12 10 35.5957281419899
12 11 35.975982839656915
12 12 34.859387784397455
12 13 36.59809019606794
12 14 40.64084907639676
12 15 43.17158585160924
12 16 41.10621199785283
12 17 40.164449341402666
12 18 39.32055924888653
12 19 38.11633138279297
12 20 36.5550322969025
12 21 35.38737571953089
12 22 33.690059397991895
12 23 32.69461840444618
12 24 33.44616545280009
12 25 30.203765317629106
12 26 31.44322635812675
12 27 30.72282886204071
12 28 28.7123095755505
12 29 28.46821027085917
13 0 26.51336500552864
13 1 27.766118385286532
13 2 28.242795136954935
13 3 28.46004110846729
13 4 28.53372602763263
13 5 30.81182675013952
13 6 29.335167045181276
13 7 32.11669264468732
13 8 32.11158604673924
13 9 32.68650069518575
13 10 31.1259133346653
13 11 37.127419219212776
13 12 37.350808727509445
13 13 38.85277874735131
13 14 37.19139913701026
13 15 39.685822013893386
13 16 41.08440741379204
13 17 39.59680830877481
13 18 38.639960310793526
13 19 34.92844882405925
13 20 35.443876006792195
13 21 36.690881093314275
13 22 32.08400964775581
13 23 33.08328391070304
13 24 34.15781592276044
13 25 31.614832108108065
13 26 30.018960219977632
13 27 30.634394427487305
13 28 28.680456977828374
13 29 29.885163724681217
14 0 25.985010441586606
14 1 26.28714138015686
14 2 27.988508660789893
14 3 27.103024937369494
14 4 28.527565069009846
14 5 32.60709281322327
14 6 30.972028049304694
14 7 31.286796746871236
14 8 33.33841529828516
14 9 33.44454251371779
14 10 32.96227416675285
14 11 32.6136002828711
14 12 37.06662617706042
14 13 35.88305045095686
14 14 36.23705882913255
14 15 38.816458122765624
14 16 35.61882040658967
14 17 35.179947695779354
14 18 35.2966594575133
14 19 35.99325416229816
14 20 35.58170159074911
14 21 34.70926202766616
14 22 32.207372836041586
14 23 34.192601204692274
14 24 31.803265838983492
14 25 29.392932037966435
14 26 30.834124883306348
14 27 30.151653007284313
14 28 28.465102954738807
14 29 29.521845383945088
15 0 26.22394063076011
15 1 27.14292275097242
15 2 30.604373171391945
15 3 27.99928104763437
15 4 28.7590699599809
15 5 32.273249153676694
15 6 29.57392884238607
15 7 33.299418675950875
15 8 34.35457379568899
15 9 32.92283748904642
15 10 32.66414865599772
15 11 35.3510468804146
15 12 35.45403662538575
15 13 35.525626864117
15 14 36.208381564535344
15 15 36.888878396159996
15 16 34.939935102485
15 17 35.27706225584231
15 18 36.97159849079219
15 19 37.62388269020861
15 20 35.09816680103257
15 21 34.943770943560885
15 22 33.02835326904667
15 23 33.964329450535615
15 24 31.725730799276725
15 25 31.568978420396675
15 26 29.613646155137204
15 27 32.00905592257816
15 28 27.142961524190625
15 29 28.57060448642687
16 0 27.29866175193327
16 1 25.72957967976475
16 2 28.447954294124372
16 3 28.16230037669289
16 4 28.47704209034516
16 5 29.42819584723719
16 6 30.484810578456585
16 7 32.463154126846675
16 8 32.57191549887537
16 9 34.026517138955086
16 10 34.778123089445565
16 11 37.923491663249415
16 12 37.249077657739164
16 13 36.51222889648936
16 14 35.61882040658967
16 15 35.465536361327516
16 16 37.508534631685116
16 17 34.239843756320525
16 18 34.94745218912
16 19 37.256638913965695
16 20 34.22150744582085
16 21 33.40791149830209
16 22 32.17881886325943
16 23 31.752961863329602
16 24 31.610993551160902
16 25 32.185223347991744
16 26 32.41135596351762
16 27 32.62721008501272
16 28 29.820174251515585
16 29 30.973997946053018
17 0 25.90131325393596
17 1 26.24519417944259
17 2 28.23446821332903
17 3 28.920944536039812
17 4 30.682941240298273
17 5 30.026146569254507
17 6 32.10549113495321
17 7 30.934314836946392
17 8 31.974257968556064
17 9 32.51724684861958
17 10 37.10118785695917
17 11 35.138976412628026
17 12 37.66764120920121
17 13 39.59680830877481
17 14 38.35072940432825
17 15 37.69364112150535
17 16 36.23577331783238
17 17 34.87133073861853
17 18 35.92810163012873
17 19 36.284891106082455
17 20 33.400713139062034
17 21 33.41774295168763
17 22 34.4259354936065
17 23 32.15247838398662
17 24 30.25632098038389
17 25 31.81198458028501
17 26 30.429021140513697
17 27 29.477088860565853
17 28 30.140467055422743
17 29 31.22628463915649
18 0 25.557574524336736
18 1 28.12808756214099
18 2 28.969587678527517
18 3 28.161150189277283
18 4 29.38080191994823
18 5 29.567896192655365
18 6 31.302180180407817
18 7 30.939566727990872
18 8 33.157917781628605
18 9 34.772105127882995
18 10 34.48516288737758
18 11 37.86416225062179
18 12 39.32055924888653
18 13 42.78784882665846
18 14 44.86931196208218
18 15 38.20746384922557
18 16 38.094579592017666
18 17 38.387157432699176
18 18 34.78310925306819
18 19 34.68174816207327
18 20 34.80060337012023
18 21 36.571487422456144
18 22 36.38644080798526
18 23 32.481621068293606
18 24 31.362228855637415
18 25 31.697476275515694
18 26 31.1715167785696
18 27 32.0081021129615
18 28 29.05187511784571
18 29 30.351349629298127
19 0 26.215740488676797
19 1 26.70023688493937
19 2 29.07325249215285
19 3 27.905542557653277
19 4 29.42359861192473
19 5 29.565362346550547
19 6 30.22143651951803
19 7 31.420828346991055
19 8 34.655751236633485
19 9 34.63488495846858
19 10 37.51778976660244
19 11 36.5059154843419
19 12 44.62157505209858
19 13 45.711201057055916
19 14 49.554319474378694
19 15 47.58719854548052
19 16 41.20829361339757
19 17 40.68224171947835
19 18 37.001714498796254
19 19 34.23030123502498
19 20 35.51285319949222
19 21 34.33555344370062
19 22 33.34589412202419
19 23 32.91131783794979
19 24 32.61591955275882
19 25 32.04773659477919
19 26 31.902990148696897
19 27 32.11662750968291
19 28 31.076866332961654
19 29 29.217204124760563
20 0 26.92938162958691
20 1 26.416887293648195
20 2 30.068921514949462
20 3 27.39127280090109
20 4 30.68417613171052
20 5 31.37167145042705
20 6 32.643340462697864
20 7 32.797612429536386
20 8 34.652907107601116
20 9 34.134175138700556
20 10 38.09102395418881
20 11 36.0815251345723
20 12 41.385538323754396
20 13 47.481852953833744
20 14 87.7102938933387
20 15 45.90071810879897
20 16 43.102085246834385
20 17 38.953867516167215
20 18 34.20621077578255
20 19 33.82036358447002
20 20 35.64563457749876
20 21 33.13652506029973
20 22 34.0568496414703
20 23 34.28523095303342
20 24 34.59104578852966
20 25 31.618977742260352
20 26 30.979885411093974
20 27 29.79900073822095
20 28 34.00296956610178
20 29 30.323468816287424
21 0 26.049008108699017
21 1 27.460600877519592
21 2 28.275545076408655
21 3 27.77462044408691
21 4 27.177797107386006
21 5 30.975388159965842
21 6 32.111589233672476
21 7 32.19968810068223
21 8 31.723619748487682
21 9 33.846947627732604
21 10 35.80872733864984
21 11 38.497333349761085
21 12 43.93827540293287
21 13 47.26869069581339
21 14 44.75352941840312
21 15 50.5442963325224
21 16 41.91802186575136
21 17 38.89611001183728
21 18 36.12534595551352
21 19 34.39163683901927
21 20 36.24312918290287
21 21 33.00942227640765
21 22 33.391542929703
21 23 33.078804818528155
21 24 32.240721471516835
21 25 32.53530458338253
21 26 33.39323062388422
21 27 31.824176148864893
21 28 30.782913297716174
21 29 31.82059088883007
22 0 25.210796276363283
22 1 27.86118801763297
22 2 26.609423011654798
22 3 28.722690699924055
22 4 27.60910898065295
22 5 29.53110442511554
22 6 32.180057915814814
22 7 32.43105076870689
22 8 33.357110159828714
22 9 31.87023257769774
22 10 35.150020691203764
22 11 36.59480197293881
22 12 37.1815291609668
22 13 39.70735234815589
22 14 41.18530498005763
22 15 40.76668107826838
22 16 40.14597673216608
22 17 38.47542676499341
22 18 35.040739178476954
22 19 35.81595871313455
22 20 34.27210658249752
22 21 33.613241773212955
22 22 33.82189715929552
22 23 34.71577572652961
22 24 33.59305446558364
22 25 32.68609890263783
22 26 30.746564847926965
22 27 33.622817988873685
22 28 34.978282191115845
22 29 29.153533648133852
23 0 25.53778497825885
23 1 24.33191897144418
23 2 28.474942516053233
23 3 27.656606555375664
23 4 26.613596641248378
23 5 30.814107063977787
23 6 29.99974097931109
23 7 30.929440968606347
23 8 30.900945534716183
23 9 35.11986936619955
23 10 35.831545967763134
23 11 34.92586653841966
23 12 36.71763980977364
23 13 36.27920542972423
23 14 38.97983928557572
23 15 38.16493266094676
23 16 35.84086802281022
23 17 36.26110463008959
23 18 35.06780665947376
23 19 33.375293700591556
23 20 33.282574357803135
23 21 31.833995971440412
23 22 32.51160353390466
23 23 34.80221946998546
23 24 33.88830570589679
23 25 33.92458525183558
23 26 34.66070886920049
23 27 32.0354497641542
23 28 30.08337814345083
23 29 30.81311111209498
24 0 27.640010687502333
24 1 25.908615968902524
24 2 26.245452323127644
24 3 29.333253620693124
24 4 26.64154856696782
24 5 31.08568504196008
24 6 30.325660970939264
24 7 31.150985688174167
24 8 35.413722157215766
24 9 33.17724766600646
24 10 34.38122954835794
24 11 31.7073429699497
24 12 34.91223090667974
24 13 36.01036121039016
24 14 37.77027431475508
24 15 33.958492849381805
24 16 37.04269738595249
24 17 36.04605358068603
24 18 33.45953578659321
24 19 34.451884335426286
24 20 35.20284333570982
24 21 35.3726500161006
24 22 35.880927988861764
24 23 37.53805323714513
24 24 35.51351696042725
24 25 40.17204463204073
24 26 36.45235558878457
24 27 32.98683867296447
24 28 32.21893836396873
24 29 32.237547283809135
25 0 26.906241663926885
25 1 26.22400239074825
25 2 26.53625849686655
25 3 27.849324356638352
25 4 26.327389831686798
25 5 27.629022138496335
25 6 30.83461488421601
25 7 31.926131005382718
25 8 29.896914702481048
25 9 31.39636219185098
25 10 32.57810918286703
25 11 34.31309626429405
25 12 34.193133463666435
25 13 32.78852591593349
25 14 38.02992619715293
25 15 34.56531122044604
25 16 34.504520791012425
25 17 36.52561124062002
25 18 34.61687924320545
25 19 35.19477433537839
25 20 34.117419435880535
25 21 33.19290663822718
25 22 34.61091417873428
25 23 36.31342071736508
25 24 37.43322359478027
25 25 56.67705018087322
25 26 36.331960591062355
25 27 36.01125697279771
25 28 32.103385155068715
25 29 31.148753642455002
26 0 25.239149823663556
26 1 25.60897940466966
26 2 25.905936561370776
26 3 28.314942035174887
26 4 28.138175661755078
26 5 27.845716139857732
26 6 27.555502251231857
26 7 32.60369946581625
26 8 30.399033050436042
26 9 33.40640968812496
26 10 30.76027882140116
26 11 35.68135091782914
26 12 35.630805582548135
26 13 32.23225170066307
26 14 33.98444738620752
26 15 32.23936731626811
26 16 34.88232314595596
26 17 34.277634121889506
26 18 32.53748214021044
26 19 32.79599001003731
26 20 32.04912178564642
26 21 35.154922958761844
26 22 32.97700860328935
26 23 35.27783216685379
26 24 35.067204606157425
26 25 37.33573030529917
26 26 37.31643039010053
26 27 31.949768559573805
26 28 31.112969405110057
26 29 29.297424306120718
27 0 25.345642247382088
27 1 27.320264598185588
27 2 27.700989929133122
27 3 26.001091642906175
27 4 26.642542890976383
27 5 28.135550904792467
27 6 28.4995013046136
27 7 29.773078948660437
27 8 30.574127088589304
27 9 28.190425380586504
27 10 31.701222905121824
27 11 33.8738571724717
27 12 34.592524498273924
27 13 33.31607427581955
27 14 33.859105461102544
27 15 35.06920537123327
27 16 32.7612424041443
27 17 33.381697768151206
27 18 32.285933395408954
27 19 31.971428775989796
27 20 32.89033206522715
27 21 32.362651836590885
27 22 32.635588470152065
27 23 33.970297794990906
27 24 35.10324413671017
27 25 37.174139773382215
27 26 33.21928436442875
27 27 32.862952443216564
27 28 30.854403823445942
27 29 31.021381535108013
28 0 23.979488443077738
28 1 25.945586674135686
28 2 27.05554004861289
28 3 25.163126823812203
28 4 25.866067679119407
28 5 28.075627532333012
28 6 26.790847247444212
28 7 27.553892219809967
28 8 29.500730315678833
28 9 31.253001740020515
28 10 32.465077231921015
28 11 30.737847961097778
28 12 30.483439132242783
28 13 31.853242291962314
28 14 33.764365425982405
28 15 33.49295454751613
28 16 31.825971393421273
28 17 30.655490682014342
28 18 30.98961151521831
28 19 30.44070728228851
28 20 32.15668269158457
28 21 31.71958828791171
28 22 32.68915467404722
28 23 32.72463943959555
28 24 33.72581202200682
28 25 31.467423008004168
28 26 32.88733546359339
28 27 31.914465805799903
28 28 29.97991253491877
28 29 29.221899700178444
29 0 24.538537065366114
29 1 24.18173006199617
29 2 25.315986693307998
29 3 25.413887414209345
29 4 25.346154728776472
29 5 25.395876971442895
29 6 28.21349548588162
29 7 28.46366912124502
29 8 27.936651466950778
29 9 28.89584734112811
29 10 29.588430338065283
29 11 27.947731372422087
29 12 29.06547982734073
29 13 29.123299844842567
29 14 33.1938166732601
29 15 30.811963239266078
29 16 32.472152308749926
29 17 30.0613566268034
29 18 30.348912528906435
29 19 31.44261204514665
29 20 31.700751117356464
29 21 29.856293739338057
29 22 32.16208182135897
29 23 32.20351462275964
29 24 31.973338573357346
29 25 32.247879394578774
29 26 32.453726558990745
29 27 30.721298130474967
29 28 31.13442179743168
29 29 29.939479050616423
