0 0 3.085617055517779
0 1 3.0374100304272296
0 2 3.0011771015205237
0 3 3.2366575239172146
0 4 3.2654666661787326
0 5 3.3695239009603513
0 6 3.2633079397411415
0 7 3.0443951180745463
0 8 3.308930553753682
0 9 3.6009653091887808
0 10 3.5236617993457364
0 11 3.3286691318561297
0 12 3.0616191378646556
0 13 3.2285455422503966
0 14 3.1776445810514913
0 15 3.4007192773318278
0 16 3.434550190411993
0 17 3.209452021415247
0 18 3.4007952785647317
0 19 3.2326015713662457
0 20 3.062799190003525
0 21 3.1082687053020046
0 22 3.1645044946855108
0 23 3.341889233284836
0 24 3.5545304477368505
0 25 3.1456699709950824
0 26 3.1058446737357843
0 27 3.010277093895231
0 28 3.2252345297030813
0 29 3.442080038466148
1 0 3.107826251367721
1 1 3.2917846528831216
1 2 3.193747782518897
1 3 3.2232504352357925
1 4 3.5155408949011795
1 5 3.1686956809833697
1 6 2.9233113990345228
1 7 3.4010929022817846
1 8 3.5626860201622907
1 9 3.368248125053986
1 10 3.1429690205216714
1 11 3.2795955824513383
1 12 3.2159943119054653
1 13 3.6486882643986873
1 14 3.916942298259995
1 15 3.5252458343933304
1 16 3.612500160111739
1 17 3.738920263634699
1 18 3.7249430481127366
1 19 3.565339435023729
1 20 3.5835840425108856
1 21 3.1974558781001434
1 22 3.3073833699921464
1 23 3.0795776231558434
1 24 3.405662738776752
1 25 3.3855540604309766
1 26 3.3340264660400156
1 27 3.187165123880383
1 28 3.3449120645339847
1 29 3.2453993108443018
2 0 2.923207735974822
2 1 3.0686271354521653
2 2 3.335925126408117
2 3 3.679395739963406
2 4 3.144377986955084
2 5 3.081077230099103
2 6 3.569919544290307
2 7 3.7411743868653407
2 8 3.0185148991767976
2 9 3.3717156164873927
2 10 3.7222397075737788
2 11 3.892410804713457
2 12 3.2438132441437926
2 13 3.622480508225323
2 14 3.325530691233867
2 15 3.432672958585511
2 16 3.4683032425799176
2 17 3.4828398421250752
2 18 3.750719100817595
2 19 3.513966954165344
2 20 3.420145866229224
2 21 3.7387623835236248
2 22 3.455762669721072
2 23 3.510968588675689
2 24 3.274009174003204
2 25 3.282146214687079
2 26 3.2016012213483305
2 27 3.766081309756224
2 28 3.1485613842771163
2 29 3.2307722912523795
3 0 3.14329026281438
3 1 3.770301657631053
3 2 3.399880234447228
3 3 3.0819430700588812
3 4 3.3597677562077473
3 5 3.5485495906916538
3 6 3.4549386038360566
3 7 3.2597737101594495
3 8 3.5028390615260623
3 9 3.6059989828052235
3 10 3.487040602182881
3 11 3.5773767334478763
3 12 3.633943210812546
3 13 3.6949376489808747
3 14 3.5501810882928853
3 15 3.8708376888929195
3 16 3.5434994132446596
3 17 3.7844865218908583
3 18 3.40724706384941
3 19 3.776899346665465
3 20 3.616724549254932
3 21 3.479755609446287
3 22 3.8611204324942014
3 23 3.897408858517682
3 24 3.6248987696850397
3 25 3.377976467954804
3 26 3.3112146953954946
3 27 3.281752568742292
3 28 3.3077058756245257
3 29 3.057307328517458
4 0 3.113049057396118
4 1 3.521243217706251
4 2 3.4386889519383055
4 3 3.4102921243498985
4 4 3.1329290766456492
4 5 3.4119252659076307
4 6 3.1900607224729307
4 7 3.5010147296609224
4 8 3.9285257834952896
4 9 3.3198940438789846
4 10 3.769574072292176
4 11 3.6692628809905923
4 12 3.624513551744198
4 13 3.388379338811332
4 14 3.7682926629051625
4 15 3.9270584382398313
4 16 3.543098326293451
4 17 3.903338442648215
4 18 3.6163355664906898
4 19 3.4830933089059037
4 20 3.8921718592758867
4 21 3.9821472963767937
4 22 3.285725901291277
4 23 3.3491857026191942
4 24 3.9823600450719283
4 25 3.6958390195264257
4 26 3.1544465737313416
4 27 3.249186201354578
4 28 3.513702931158279
4 29 3.232444576240856
5 0 3.170873110898382
5 1 3.126105012968869
5 2 2.980906132035053
5 3 3.262249376183023
5 4 3.467640881707895
5 5 3.3092771579595883
5 6 3.360699571179153
5 7 3.6769467693922184
5 8 3.390991870656433
5 9 3.35996320977768
5 10 3.673290564965297
5 11 3.752516365464376
5 12 3.8240633174917207
5 13 3.768369465702842
5 14 3.8567418257656745
5 15 3.756997736305999
5 16 3.6732390378232225
5 17 3.572272616067622
5 18 4.00787606324425
5 19 3.7862885081163054
5 20 4.044978781822758
5 21 3.656758054104532
5 22 3.487676421455148
5 23 3.84304186606063
5 24 3.2887344165169776
5 25 3.6894958291146813
5 26 3.340266136034913
5 27 2.9343076399799606
5 28 3.108002281300232
5 29 3.475015681964016
6 0 3.5497632331907996
6 1 3.0551362049507342
6 2 3.203823747040694
6 3 3.323643416655126
6 4 3.4120692997774897
6 5 3.258161220333972
6 6 3.5578393620220297
6 7 3.510451644497864
6 8 3.351707924212693
6 9 4.074091046565448
6 10 3.6797236959278123
6 11 3.568230698671104
6 12 3.7833450851316375
6 13 3.802681067857796
6 14 3.933424139802013
6 15 4.206698791264446
6 16 3.4453906437417214
6 17 3.612944294929249
6 18 3.9318766405788694
6 19 3.870051124317926
6 20 3.995780955764105
6 21 3.85141800303062
6 22 3.446995538429443
6 23 3.967174870233085
6 24 3.478660964999772
6 25 3.5223771098721866
6 26 3.509097183038234
6 27 3.326914050022338
6 28 3.443867916048509
6 29 3.3100780713272577
7 0 3.2085254830564103
7 1 3.0478172946406583
7 2 3.5032612791251934
7 3 3.6264913555769134
7 4 3.4125780422476075
7 5 3.658190578202017
7 6 4.1664128878593125
7 7 3.263255526623019
7 8 3.8398998423445794
7 9 3.768398141239389
7 10 3.703867019119988
7 11 4.171911554364152
7 12 4.074879048857552
7 13 3.722134845498711
7 14 3.784169294096737
7 15 3.8351055136909458
7 16 4.579490960491543
7 17 3.7292946646278535
7 18 4.321569571316175
7 19 3.947687028583829
7 20 4.327154233067546
7 21 3.891226357703824
7 22 3.8422290014275093
7 23 3.5531290991263362
7 24 3.8891826889290204
7 25 3.4670242570835503
7 26 3.478208358666337
7 27 3.5771727668989994
7 28 3.004412640371633
7 29 3.2903774229682416
8 0 3.098115477383576
8 1 3.1613772634191672
8 2 3.486409825028754
8 3 3.397641173288022
8 4 3.3988676575581707
8 5 3.6722041492748807
8 6 3.5568073635195665
8 7 3.333472491192156
8 8 3.7817727139192776
8 9 3.7638884403143824
8 10 3.835712747711147
8 11 3.9612226189494515
8 12 3.8452998594613037
8 13 4.0187379843619775
8 14 4.250021595904184
8 15 3.920849238106032
8 16 4.124176535177597
8 17 3.778390055664396
8 18 4.040716550892996
8 19 3.962987002380561
8 20 3.4152622272034425
8 21 4.178562213624506
8 22 4.313340762598201
8 23 3.7211168245874218
8 24 3.9203906190573514
8 25 3.722113057566655
8 26 3.1796519649735067
8 27 3.527951850420463
8 28 3.609755896713611
8 29 2.9540133660855448
9 0 3.0197887538140846
9 1 3.257821617494063
9 2 3.336934729726924
9 3 3.51014404238793
9 4 3.5516911940867786
9 5 3.6628277248239236
9 6 3.5170093551619965
9 7 3.505874374621913
9 8 3.9119514109941047
9 9 3.8722589046480573
9 10 4.3004218929712215
9 11 4.350410989118728
9 12 4.1861271003818485
9 13 4.418229317394963
9 14 3.764802949829914
9 15 3.610686431702706
9 16 3.904393743269143
9 17 3.6291047364351385
9 18 4.025306420501281
9 19 4.657804903896165
9 20 3.9919958400849502
9 21 4.060513573652422
9 22 3.5895367463847023
9 23 3.6073402758318203
9 24 3.2499173741218623
9 25 3.433883299976525
9 26 3.6999260925802324
9 27 3.3769453446622135
9 28 3.609234900649077
9 29 3.646581387335795
10 0 3.2251304645097676
10 1 3.7883236151616035
10 2 3.4215481612081504
10 3 3.182957620684883
10 4 3.6284298388068876
10 5 3.621191572890534
10 6 3.3869661231342345
10 7 3.7746631307411294
10 8 3.4910514914631006
10 9 3.871386811622178
10 10 3.721932092212728
10 11 3.6759223015549916
10 12 4.081531845953644
10 13 3.7000253959635043
10 14 4.347701991664974
10 15 3.5750020501380932
10 16 3.904128589934502
10 17 3.8908740610378016
10 18 3.7662893736171577
10 19 4.056706991319105
10 20 4.435813686972843
10 21 4.051443856788163
10 22 3.8329608198029685
10 23 3.7942602256399782
10 24 3.63398239564213
10 25 4.117752463040744
10 26 3.6391642697847417
10 27 3.542719869560911
10 28 3.4011615172771363
10 29 3.5588946622770394
11 0 3.266777030497145
11 1 3.3266690648854973
11 2 3.3457888128826587
11 3 3.553008783496879
11 4 4.0484924058782905
11 5 3.2043364505941274
11 6 3.794753412806217
11 7 3.8265863658341726
11 8 3.4859158253345948
11 9 3.788216138135423
11 10 3.706573093789102
11 11 3.5625251305753554
11 12 3.8347840816596586
11 13 3.992067788029036
11 14 4.167587656417346
11 15 3.6519666429954176
11 16 3.896851431090659
11 17 3.311404448115813
11 18 3.8302217193344767
11 19 4.2467567004970315
11 20 4.1044041553635715
11 21 3.8288294683260187
11 22 4.157311285081734
11 23 4.043054733911094
11 24 3.3375832708281687
11 25 3.238678837283147
11 26 3.656109315410081
11 27 3.6871474578753816
11 28 3.9405743154008266
11 29 3.836778232636192
12 0 3.082838502953669
12 1 3.5250412947977035
12 2 3.0041889005833067
12 3 3.55358734147606
12 4 3.6382676138791123
12 5 3.843975422689552
12 6 3.9401670352299845
12 7 3.7633322199592465
12 8 3.89629098620032
12 9 4.00086219670104
12 10 4.044969107044307
12 11 3.8522249612588837
12 12 3.9831808662286754
12 13 4.137217688211187
12 14 4.018331626741139
12 15 3.601022948037151
12 16 4.138381773170527
12 17 3.8766319775720923
12 18 4.234559974693755
12 19 4.197160917532738
12 20 3.914236899843651
12 21 3.8151431805105416
12 22 4.126390036559601
12 23 4.245143798086987
12 24 3.7452737356000103
12 25 3.3625975569261057
12 26 3.5830246822768115
12 27 3.6824123044502315
12 28 3.406799575533882
12 29 3.52451408520643
13 0 3.162665682802345
13 1 3.5364909488895795
13 2 3.284592624508152
13 3 3.97768291082909
13 4 3.229823040604973
13 5 3.616792590474094
13 6 3.454322206407215
13 7 3.392828881754224
13 8 4.088531753839477
13 9 3.7887456762176996
13 10 4.022511081574392
13 11 3.3747944096132643
13 12 4.457816176213671
13 13 3.8924906430669415
13 14 3.844443919707995
13 15 4.127364938572163
13 16 4.429846001884882
13 17 3.7208194872238023
13 18 3.964631056045813
13 19 4.392372057600875
13 20 4.1738836450612755
13 21 3.837424684620521
13 22 3.827582108775886
13 23 3.7223209039812573
13 24 3.685260704310361
13 25 3.391401238844367
13 26 3.516481806909487
13 27 3.294928157702201
13 28 3.9431339998674027
13 29 3.1764680282209548
14 0 3.385044729217711
14 1 3.31136470874069
14 2 3.312401483708162
14 3 3.782770916815981
14 4 3.56376862163989
14 5 3.739708353645957
14 6 3.578644788218372
14 7 3.4827852539138897
14 8 3.6124166033128287
14 9 3.5578326304981824
14 10 4.233707826614534
14 11 3.8520368876008773
14 12 4.025484797942626
14 13 4.155784596955867
14 14 4.009483183845408
14 15 3.9997997017720066
14 16 3.9821530979876716
14 17 4.1320026382528985
14 18 3.6559988917489377
14 19 4.163257579235329
14 20 3.746917630748528
14 21 3.591329145207085
14 22 3.9803537312227397
14 23 3.720111774904612
14 24 4.013269260633631
14 25 3.799746163276405
14 26 3.334834571184322
14 27 3.686787749384664
14 28 3.1551680383565905
14 29 3.6859792551671067
15 0 3.60052175219761
15 1 3.3270050898577654
15 2 3.236506709264644
15 3 3.4783057474298866
15 4 3.4008603045459522
15 5 3.82287464402185
15 6 3.71452458626181
15 7 3.960258710584282
15 8 3.8219690440338825
15 9 3.5756736865544974
15 10 3.829862139771064
15 11 3.902327305741835
15 12 3.860297727804173
15 13 4.1060970770016825
15 14 4.3698942453483145
15 15 4.141816265644008
15 16 4.434757989493077
15 17 4.244719686068831
15 18 4.066591291156273
15 19 3.958678620549908
15 20 3.704445212258268
15 21 3.9224474744743683
15 22 4.153524348809568
15 23 3.7670754291367876
15 24 3.707855869758519
15 25 4.137596167759742
15 26 3.6363046073887557
15 27 3.471824572596052
15 28 3.544949599316247
15 29 3.5628274630976993
16 0 3.623230909287806
16 1 3.237454548271787
16 2 3.0072694299771316
16 3 3.708411021654508
16 4 3.3981264971388274
16 5 4.024557041421144
16 6 3.701472470879226
16 7 3.61202131100597
16 8 4.137562852962904
16 9 4.165664991387803
16 10 4.050595475355898
16 11 3.843916788471825
16 12 4.287663615279328
16 13 4.011324988495856
16 14 3.9821530979876716
16 15 4.316975104604517
16 16 3.891486387057213
16 17 3.747371292806006
16 18 3.722745651439827
16 19 3.962028246315573
16 20 3.9698244906373614
16 21 3.8600424058482266
16 22 4.305457112827716
16 23 4.002737852054395
16 24 3.5253978630540903
16 25 3.7946395905230577
16 26 3.9012056613798753
16 27 3.4677200136650423
16 28 3.3017027030775363
16 29 3.404762383872604
17 0 3.271411796160804
17 1 3.346559918862819
17 2 3.477848378039162
17 3 3.6951655645987436
17 4 3.4575096799111735
17 5 3.3847816605846863
17 6 3.754415062543514
17 7 3.9796553602989264
17 8 3.6400900090060966
17 9 4.117985624867966
17 10 3.6324322882796958
17 11 3.887584195977706
17 12 4.2466035875370745
17 13 3.7208194872238023
17 14 3.578047778231813
17 15 3.7402703807773166
17 16 3.954145877389944
17 17 4.207448206879649
17 18 3.677698365122074
17 19 3.7258479515533582
17 20 3.546282804216581
17 21 3.699625672783251
17 22 3.7698569067315946
17 23 3.936307871161411
17 24 3.6801818991069983
17 25 3.415006894063966
17 26 3.7210345851828177
17 27 4.328908736906199
17 28 3.4598281454005546
17 29 3.426240900113857
18 0 3.3950243386288896
18 1 3.2970574220738116
18 2 3.49684706214316
18 3 3.877134383772656
18 4 3.6223505044076565
18 5 3.495070166739355
18 6 3.4638756749295463
18 7 4.0529023082280435
18 8 3.782333039700164
18 9 4.176381527424017
18 10 3.8643891231174763
18 11 3.6637262526056302
18 12 4.234559974693755
18 13 3.820706795773982
18 14 3.6448604698804155
18 15 4.295287968672922
18 16 3.608044059270081
18 17 3.8187832020497976
18 18 4.481376466267009
18 19 3.997591983256823
18 20 3.9640697914290777
18 21 3.4690876736228993
18 22 3.9481815112831224
18 23 3.8704735385116216
18 24 4.013092418393288
18 25 3.9972093701030147
18 26 3.6447764607458883
18 27 3.667595033776839
18 28 3.712563359654196
18 29 3.5377445054797136
19 0 3.1547398321181004
19 1 3.150576965337769
19 2 3.2313137351242998
19 3 3.9639537746573508
19 4 3.5949557092657445
19 5 4.097469572520745
19 6 3.433644879546068
19 7 4.23320958277185
19 8 3.6057608547929663
19 9 4.039333220102326
19 10 3.89655597996234
19 11 4.2467567004970315
19 12 3.5635285631884277
19 13 3.4256824513107604
19 14 3.4049357713373563
19 15 3.6174138304512393
19 16 3.905842827071538
19 17 3.7906219186687857
19 18 3.877898483528685
19 19 3.773881317555238
19 20 4.150252755484646
19 21 3.865712867798476
19 22 3.9475521607177475
19 23 3.3477064638899927
19 24 3.5896915246005516
19 25 3.5756641770483597
19 26 3.8233360886671224
19 27 3.286801919607255
19 28 3.605615042605817
19 29 3.5781775595500314
20 0 3.5556383343005233
20 1 3.658637025566315
20 2 3.3069820430379355
20 3 3.7047344521723473
20 4 3.4668057361552913
20 5 3.853087037675482
20 6 3.6004997378509067
20 7 3.73769700148966
20 8 3.6721051430999063
20 9 3.8524994705362805
20 10 4.435813686972843
20 11 4.35985095376082
20 12 4.179631289768744
20 13 3.6160948198637275
20 14 3.4509408344439754
20 15 3.374406240278085
20 16 3.6081047290158668
20 17 4.230362385399365
20 18 4.345320662206813
20 19 4.009243545410522
20 20 4.038054150092105
20 21 3.94417452323996
20 22 3.5898974754003654
20 23 3.4280787558664185
20 24 3.826832379961954
20 25 3.3662707147045374
20 26 3.5096426236076206
20 27 3.7077393816748465
20 28 3.5448095772661112
20 29 3.8663688327945778
21 0 3.590357153781304
21 1 3.494022441900448
21 2 3.278014370254752
21 3 3.8362616281079664
21 4 3.832766258733924
21 5 3.684820905328512
21 6 3.7288291049644644
21 7 3.6276569530143257
21 8 3.9241934255354702
21 9 4.060513573652422
21 10 3.925224107579757
21 11 4.557347252453896
21 12 3.779118072722218
21 13 3.310296122245025
21 14 3.6983208863685286
21 15 3.4061074378833953
21 16 4.193833098487237
21 17 3.7611341879827527
21 18 4.124039692303797
21 19 3.959809655091106
21 20 4.167039979658629
21 21 4.071766648930503
21 22 3.7126594807837696
21 23 3.4925867165786624
21 24 4.078328477762603
21 25 4.0842930433199225
21 26 3.538769215366471
21 27 3.5891927987441608
21 28 3.61466027359546
21 29 3.4766941897055075
22 0 3.3716502676527793
22 1 3.305027084969667
22 2 2.9914279235057437
22 3 3.121376887776348
22 4 3.4772013434569997
22 5 3.520205967440943
22 6 3.680638522655971
22 7 3.4940275162625145
22 8 4.313340762598201
22 9 3.9907356130833684
22 10 4.181037291738802
22 11 4.165969268446019
22 12 3.99612250377395
22 13 3.8697413299423395
22 14 3.572404320304101
22 15 3.966529041666675
22 16 3.974947325826815
22 17 3.8567311268328615
22 18 3.961250498701406
22 19 4.202845700055812
22 20 3.771670031669675
22 21 3.7909671172796564
22 22 3.7193383743212634
22 23 4.094590731344621
22 24 3.731590597503698
22 25 3.990492864173392
22 26 3.476165397262134
22 27 3.6255724922112904
22 28 3.4673829057924315
22 29 3.6190014407677675
23 0 3.4517874941925277
23 1 3.5709031569569167
23 2 3.2383017810595187
23 3 3.3519910085338216
23 4 3.718457956218666
23 5 3.265910609646908
23 6 3.732289519302919
23 7 3.5531290991263362
23 8 3.957767730876039
23 9 3.9854616152480387
23 10 3.73167429982309
23 11 3.6697812705289974
23 12 4.42785748495494
23 13 4.478581717802754
23 14 4.168321621429996
23 15 4.168167055244571
23 16 4.144221187912589
23 17 4.045385427399875
23 18 3.265981726885656
23 19 3.748273878626038
23 20 3.937771829723706
23 21 3.889525719734898
23 22 3.875393789146523
23 23 3.4828571478670454
23 24 3.2874441398054732
23 25 3.1642527062845116
23 26 3.496024585942815
23 27 3.4502655001823026
23 28 3.233457264017207
23 29 3.675803200600461
24 0 3.1543849054996995
24 1 3.8547478142044094
24 2 3.185312890960986
24 3 3.4209308746160905
24 4 3.862593449191451
24 5 3.3679059661922035
24 6 3.478660964999772
24 7 3.951626036741432
24 8 3.7818080197077495
24 9 3.821844218245396
24 10 3.4749929060940867
24 11 3.8210336014287147
24 12 3.2942750348226615
24 13 3.805856958611341
24 14 4.379612399983936
24 15 4.380588408390372
24 16 3.775142246348985
24 17 3.8517329156655817
24 18 4.212431904737948
24 19 3.9077368806386295
24 20 3.5581174814752763
24 21 3.762242183702387
24 22 3.3627344630662606
24 23 3.294191357170324
24 24 2.893052357264074
24 25 2.78352062890958
24 26 2.977311784233632
24 27 3.418851417105604
24 28 3.369795066236688
24 29 3.1782615557509915
25 0 2.984494937041395
25 1 3.554660170612934
25 2 3.5809591351595853
25 3 3.0747458508055026
25 4 3.6642097321154705
25 5 3.6894958291146813
25 6 3.450332260415106
25 7 3.589484894804079
25 8 3.4364525764249296
25 9 3.9087930853816766
25 10 3.9926828395529386
25 11 3.40513395074599
25 12 4.081967381936885
25 13 3.763228542624185
25 14 3.365191063837416
25 15 3.8851037139962266
25 16 3.7223929183107525
25 17 3.6236090165109323
25 18 3.5440873870115
25 19 4.070297288018275
25 20 4.074987433929739
25 21 3.63848723538372
25 22 3.7217685563081986
25 23 3.3815787115393197
25 24 2.725197274827178
25 25 2.275980577915501
25 26 2.888305979231067
25 27 3.017797283769096
25 28 3.4707493862222174
25 29 3.448493158332692
26 0 3.0200692096691433
26 1 3.138478151110445
26 2 3.1541318865305326
26 3 3.558430776413361
26 4 3.1544465737313416
26 5 3.5215881737443686
26 6 3.427085450011519
26 7 2.835104301375326
26 8 3.592452512057918
26 9 3.338860243349376
26 10 3.501607921875789
26 11 3.772597193898264
26 12 3.5753701820505315
26 13 3.6176726065052214
26 14 3.685005407583116
26 15 3.963631801361947
26 16 4.280598401723055
26 17 3.974612091788033
26 18 3.9615732743916445
26 19 3.270236361115058
26 20 3.7209348761894954
26 21 3.6290791851765754
26 22 3.756681652894506
26 23 3.1254467069018776
26 24 3.196497389564203
26 25 2.7886931648955797
26 26 2.5414212952497133
26 27 3.2969709936344227
26 28 3.175941850132883
26 29 3.1606233776764356
27 0 3.157871930365283
27 1 3.005312297836341
27 2 3.2114055737069385
27 3 3.281752568742292
27 4 3.2072085968981288
27 5 3.219767451566676
27 6 4.021203819204473
27 7 3.4482086333397546
27 8 3.297038304461718
27 9 3.882790620779219
27 10 3.838473478509085
27 11 3.685432827247316
27 12 3.844361036452811
27 13 3.660810537326824
27 14 3.8384158784029143
27 15 3.6076837747215342
27 16 3.2765727787825045
27 17 3.79317178358005
27 18 4.106777831511727
27 19 3.6369264660325036
27 20 3.546180581619789
27 21 3.605999781254549
27 22 3.8138200925283576
27 23 3.6157779092395628
27 24 3.060883605852701
27 25 3.1105410671033615
27 26 3.195779255312133
27 27 3.259550216900931
27 28 3.763340046316912
27 29 3.49568683033399
28 0 3.2177146665977423
28 1 3.1292929010711226
28 2 3.1485613842771163
28 3 3.5354193187456144
28 4 3.1066295384843152
28 5 3.5221996404818503
28 6 3.667489066839625
28 7 3.53680038415217
28 8 3.5402609676717987
28 9 3.464077829582352
28 10 3.635001218971167
28 11 3.8334185387263573
28 12 3.341589997737873
28 13 3.3254359297009652
28 14 3.4616462976164923
28 15 3.7120766626418167
28 16 3.648569718280845
28 17 3.8076835736362753
28 18 3.467676076065505
28 19 3.355376297538543
28 20 3.8980427992768556
28 21 3.71255518522144
28 22 3.5630492568380427
28 23 3.2682029231991905
28 24 3.4090003362274603
28 25 3.7377035354611694
28 26 3.2824573373014014
28 27 3.5670821726373063
28 28 3.410380502902943
28 29 3.4100443203051705
29 0 3.2210930589647533
29 1 3.2453993108443018
29 2 3.1997515946735127
29 3 3.0766155561358164
29 4 3.3214373291103607
29 5 3.4045503287015784
29 6 3.2145719570759157
29 7 3.568636787334966
29 8 3.608054617502868
29 9 3.6011859955918775
29 10 3.3276137931519165
29 11 3.5326699100739267
29 12 3.4212673939879426
29 13 3.944692297084058
29 14 3.5730672514577098
29 15 3.4223350300577655
29 16 3.422953050316531
29 17 3.8208786373830015
29 18 3.483089274210498
29 19 3.720622616178313
29 20 3.3688501798167905
29 21 3.595081241548734
29 22 3.5563021918667834
29 23 3.1344246290948363
29 24 3.6767655665913166
29 25 3.6479785685845534
29 26 3.215816286149352
29 27 3.217041596681813
29 28 3.076377391889083
29 29 3.5314492257295234
