0 0 3.116369775622554
0 1 3.3551903741138367
0 2 3.4609082703670078
0 3 3.183367277651932
0 4 3.364276975323988
0 5 3.1397068638805643
0 6 3.2149879273012516
0 7 3.480675946410531
0 8 3.7887497461448962
0 9 3.527570145229805
0 10 3.6094378043002537
0 11 3.1700099298698774
0 12 3.227716503240592
0 13 3.242090001910261
0 14 3.2535228666278875
0 15 3.3786581714192745
0 16 3.363921972334136
0 17 3.328545990180295
0 18 3.0918811053497923
0 19 3.283915913003714
0 20 3.2604833724055444
0 21 3.293110191773863
0 22 3.205376707643936
0 23 3.292817884211711
0 24 3.275887390308074
0 25 3.1564203300722316
0 26 3.320641207453636
0 27 3.1585641656540546
0 28 3.329301947528333
0 29 3.4697610840799946
1 0 3.116622451408486
1 1 2.9197274426810504
1 2 3.0824795587052614
1 3 3.425950151784506
1 4 3.2595201065946973
1 5 3.139625548951841
1 6 3.345954727634692
1 7 3.4737076450809323
1 8 3.3480473568936553
1 9 3.078306818094869
1 10 3.333910507111477
1 11 3.386158621761724
1 12 3.721820933057047
1 13 3.8596245184340763
1 14 3.531816644872489
1 15 3.7838388164979366
1 16 3.4726977041348257
1 17 3.726308200222738
1 18 3.7632233493843468
1 19 3.3232113313690825
1 20 3.582388070161638
1 21 3.334116739551789
1 22 3.1128726705501095
1 23 3.346155503373628
1 24 3.3205922166146062
1 25 3.440140576389629
1 26 3.205196941433932
1 27 2.995890811774886
1 28 3.313875031044103
1 29 3.458061999231246
2 0 3.2477301801881047
2 1 3.1424539043826907
2 2 3.366333229451973
2 3 3.173614012388954
2 4 3.1511602755777717
2 5 3.422574868639624
2 6 3.648742510766893
2 7 3.3340046068562663
2 8 3.4955830495212026
2 9 3.4526012511253894
2 10 3.853026744645409
2 11 3.4793863664224163
2 12 3.6347459823897093
2 13 3.2100700711060877
2 14 3.38167237868601
2 15 3.5863435232942877
2 16 3.2885379025459316
2 17 3.471123557705956
2 18 3.8573718316002794
2 19 3.5452012783131317
2 20 3.5715776228370033
2 21 3.4330836978008676
2 22 3.2930041382003523
2 23 3.2612017631820205
2 24 3.4891782829562166
2 25 3.371840771908904
2 26 3.5755190488169766
2 27 3.1151552330376
2 28 3.231433832463804
2 29 3.1775338299149256
3 0 3.2474705219114512
3 1 3.2317925602979445
3 2 3.4832716355226387
3 3 3.188871270166914
3 4 3.4761506993506877
3 5 3.5127443256375748
3 6 3.4604483256502827
3 7 3.284869205468573
3 8 3.363266197380293
3 9 3.823420779720899
3 10 3.4253037831291238
3 11 3.31064452806885
3 12 3.533251830567922
3 13 3.7111918958671817
3 14 3.7988655107944918
3 15 3.868135035522474
3 16 4.062019724244903
3 17 3.704464888234861
3 18 3.633692073220498
3 19 3.8675966810036817
3 20 3.4253044666890946
3 21 3.7533877347914766
3 22 3.623985741248163
3 23 3.8370222003064463
3 24 3.265585678634199
3 25 3.3043632620825485
3 26 3.4824889083115647
3 27 3.428039553041367
3 28 3.1497478081921506
3 29 2.767743340511772
4 0 3.3767198487933636
4 1 3.7619980279442475
4 2 3.3701533079889545
4 3 3.1487168518800073
4 4 3.6253851795520293
4 5 3.3358431377819815
4 6 3.1677337176340292
4 7 3.710242008279265
4 8 3.6863646569181063
4 9 3.523325032720112
4 10 4.030056071142872
4 11 3.5173712179426553
4 12 3.4395316126040036
4 13 3.572046501848444
4 14 3.920202238410935
4 15 3.6442083517661423
4 16 3.812768222080491
4 17 3.6448991472248746
4 18 3.7812222661457864
4 19 3.6431525474865336
4 20 3.9565400539701363
4 21 3.5034451165788565
4 22 3.5001858237446677
4 23 3.6906931654228754
4 24 3.4306359279467884
4 25 3.378612579953723
4 26 2.9610165550087024
4 27 3.2751743253245382
4 28 3.491566199610712
4 29 3.3294449603133596
5 0 3.1328314105561446
5 1 3.2140671829609055
5 2 3.0828513662793853
5 3 3.7655399921032338
5 4 3.1820385265692357
5 5 3.2418797159745036
5 6 3.470856610695848
5 7 3.729275419546571
5 8 3.6694049846181986
5 9 3.596313061145137
5 10 3.862630384812143
5 11 3.9816402691441954
5 12 4.125758772162881
5 13 3.812296481312832
5 14 3.805911871177467
5 15 3.7506243389857534
5 16 3.7709739595655227
5 17 3.8192449521013248
5 18 3.9833331216386045
5 19 3.9657142064558357
5 20 3.371637757178106
5 21 3.5561815345493444
5 22 4.084477485359496
5 23 3.3049487980926804
5 24 3.4903699663108063
5 25 3.6804389489088836
5 26 3.2353595598113327
5 27 3.1517113645724986
5 28 3.471626565246056
5 29 3.4039936554574877
6 0 3.487556919557178
6 1 2.9692063989041655
6 2 3.2837761426746046
6 3 3.669968125852729
6 4 2.9925341312536107
6 5 3.575438540614378
6 6 3.9720714397395507
6 7 3.3152495446166372
6 8 3.779448357865604
6 9 3.92123403706211
6 10 3.6249131276190014
6 11 3.8023954008342007
6 12 3.8157429456831653
6 13 4.417261094150336
6 14 3.7922229178179223
6 15 3.5986088769237976
6 16 4.1995534631991465
6 17 3.7251449253248063
6 18 3.6499428645152996
6 19 3.8462075572796013
6 20 3.875378920438036
6 21 3.336311863722194
6 22 3.450221596140737
6 23 3.88100113040103
6 24 3.496820209743201
6 25 3.610007401165576
6 26 3.605182147760854
6 27 3.0707061621812612
6 28 3.0813120034296704
6 29 3.3838111176455143
7 0 3.1572103834056713
7 1 3.1040500911646385
7 2 3.66259005040187
7 3 3.375930916935694
7 4 3.367756901356168
7 5 3.680144890311369
7 6 3.474844587080036
7 7 4.00524257950864
7 8 3.769404252804747
7 9 3.5976259049664123
7 10 4.009972613390095
7 11 3.811262642388156
7 12 3.466979474122941
7 13 3.7210046083650097
7 14 4.207351226916229
7 15 4.355715317603909
7 16 3.898779528075923
7 17 4.453124476365619
7 18 3.645200020378937
7 19 3.991193922864586
7 20 3.9294517585611595
7 21 4.241842501599499
7 22 3.384178219783658
7 23 3.664278490736738
7 24 3.448555435429505
7 25 3.8320407587641334
7 26 3.443029423723492
7 27 3.42071980685337
7 28 3.1378557520472468
7 29 3.209063416643747
8 0 3.309114470424361
8 1 3.345925008642903
8 2 3.7069645375672207
8 3 3.1254190046845856
8 4 3.9316421187054296
8 5 3.9401622498584397
8 6 3.4191814679294037
8 7 3.8511899856587597
8 8 3.572519718547201
8 9 3.887825907145455
8 10 3.5678131177278964
8 11 4.162664321565292
8 12 4.213601669561683
8 13 3.887916524707914
8 14 3.8142632775816967
8 15 3.834320209264214
8 16 3.613779736146135
8 17 4.1555361060963865
8 18 4.261950729611588
8 19 3.7937012766898675
8 20 4.405797321649874
8 21 3.9746292203836107
8 22 3.4351164801793495
8 23 3.622033914926665
8 24 3.821829102257622
8 25 3.4740543892382862
8 26 3.5065452085501025
8 27 3.5939155836071794
8 28 3.7897243803995706
8 29 2.9753303908297415
9 0 3.1128626371817627
9 1 3.461098667890972
9 2 3.5925871415947257
9 3 3.1936502962828706
9 4 3.5684038135255736
9 5 3.670461012738297
9 6 3.547757158867588
9 7 4.185079002788635
9 8 3.8368101777100474
9 9 3.8872158808623625
9 10 4.378578716411208
9 11 4.214704236575372
9 12 4.370540460907008
9 13 3.871169244949428
9 14 4.152688033947807
9 15 4.0006117524558436
9 16 3.7063338613308527
9 17 4.20117062354321
9 18 4.257784146633291
9 19 3.8137588084759155
9 20 4.102873879573227
9 21 3.5749538861818397
9 22 3.922778164919352
9 23 3.41908208883595
9 24 3.527890756995962
9 25 3.6376926828736003
9 26 3.28925434500325
9 27 3.4081381145461864
9 28 3.633007152519218
9 29 3.7481236827710567
10 0 3.2421536460404417
10 1 3.558513522408964
10 2 3.399422168309698
10 3 3.421811293633092
10 4 3.9516257286640983
10 5 3.4032144212034505
10 6 3.837650744232514
10 7 3.889227531717023
10 8 4.058272881397336
10 9 3.91930044940301
10 10 3.5888621254510804
10 11 4.092776970186794
10 12 4.196937281967049
10 13 3.582150749235237
10 14 3.569506323249892
10 15 3.7933499372353245
10 16 3.2809781044268367
10 17 4.51941606643855
10 18 4.1969374904229895
10 19 3.8363797841245706
10 20 3.656842644076738
10 21 3.6590896160404958
10 22 4.035590316862626
10 23 3.833253973744902
10 24 3.4658399883172097
10 25 3.983561220318481
10 26 3.9082543957550184
10 27 3.277808314706022
10 28 3.4953372795897684
10 29 3.68538465162689
11 0 3.284593673396
11 1 3.2970495749275037
11 2 3.274574307609325
11 3 3.5695254616508802
11 4 3.6237254165623285
11 5 3.459434928632513
11 6 3.937066590220329
11 7 3.453317319851976
11 8 4.240384084242084
11 9 3.737775368010472
11 10 3.745457275725459
11 11 3.8088317232699382
11 12 3.9826112019736417
11 13 3.9129075443011714
11 14 3.263912062483358
11 15 3.685347338892773
11 16 3.550966233563795
11 17 3.369165921690295
11 18 4.417212095818934
11 19 3.902139080669044
11 20 3.6423292137744285
11 21 3.703210510851214
11 22 3.683935225608968
11 23 3.9982271472635578
11 24 3.655534763566649
11 25 4.071477386386782
11 26 3.7106313436936
11 27 3.569532300100295
11 28 3.2382921405728493
11 29 3.51940263525924
12 0 3.1787825841947575
12 1 3.5806516908058166
12 2 2.9984715734964924
12 3 3.573813079315978
12 4 3.5671227514419996
12 5 3.3073642794937403
12 6 3.763282234879296
12 7 3.5138181653324163
12 8 3.5501188651750115
12 9 3.6583034551220486
12 10 4.046516995904804
12 11 3.887472857382733
12 12 4.1403452711915145
12 13 3.847898523422016
12 14 3.842617318914332
12 15 4.108271102662746
12 16 3.951970478696806
12 17 3.919984641784019
12 18 4.609018237829265
12 19 3.916022976023448
12 20 3.5252164123821412
12 21 3.8102550396160493
12 22 3.318443641865821
12 23 3.6933271980718683
12 24 3.6789681160800005
12 25 3.3490960053986027
12 26 3.715035005935188
12 27 3.813081796949512
12 28 3.2848629251878014
12 29 3.476782495231766
13 0 3.278074396286888
13 1 3.4668142874384653
13 2 3.167745924314241
13 3 3.788107667890344
13 4 3.5437291517415677
13 5 3.9973879286089637
13 6 3.7716479876949256
13 7 3.4220890893875233
13 8 3.986194051007737
13 9 3.592360080819033
13 10 4.206751966606256
13 11 3.832940958429681
13 12 4.254006925762993
13 13 4.3745306436133
13 14 3.8536872626243377
13 15 4.041160255543172
13 16 3.824100527159354
13 17 3.928796471843132
13 18 3.742950820357364
13 19 3.9558229735583184
13 20 3.5126160921750307
13 21 4.065827911874234
13 22 3.813674274887796
13 23 3.812548458210986
13 24 4.2045393993151965
13 25 3.8171942232215006
13 26 3.3456537950430665
13 27 3.837734504005984
13 28 3.4885951683693848
13 29 3.316186716876249
14 0 3.6924132441467616
14 1 3.2689122561147967
14 2 3.2634039032216644
14 3 3.619353985263129
14 4 3.728141629814447
14 5 3.7129387107166574
14 6 3.594656764914016
14 7 3.358832923233669
14 8 3.6796763270731705
14 9 3.743062038057507
14 10 4.108568123642125
14 11 3.7989062328182515
14 12 3.822288303971531
14 13 3.8476491031108364
14 14 4.014327865443306
14 15 3.974392526708593
14 16 4.007064513834471
14 17 3.797180707281668
14 18 4.49779014209244
14 19 4.120968451225487
14 20 3.7532220270299455
14 21 3.8486328165823704
14 22 4.035851779129009
14 23 3.352106857718242
14 24 4.160839921245097
14 25 3.7349307143033905
14 26 3.5517618998022598
14 27 3.761809674288847
14 28 3.5351890022556454
14 29 3.1479328174443726
15 0 3.328519900551146
15 1 3.36707723573331
15 2 3.240367960841908
15 3 3.7839450698182673
15 4 3.6393424356108897
15 5 3.3659411635452035
15 6 3.4304814134418926
15 7 3.2419208894259177
15 8 3.896434489370902
15 9 3.3716078813737234
15 10 4.090099381832844
15 11 3.7986069850262787
15 12 3.9691873474361223
15 13 3.7102423801933164
15 14 3.939660313190247
15 15 4.097703399520699
15 16 4.329535376189103
15 17 4.0499299539083164
15 18 4.049805207959608
15 19 4.052005733465292
15 20 3.665548251302055
15 21 3.782168089147256
15 22 3.6923192117189334
15 23 3.4169238294262394
15 24 3.508203165536047
15 25 3.5198484947100126
15 26 3.896353624637356
15 27 3.3803093414563503
15 28 3.6427552138154025
15 29 3.443522181539807
16 0 3.4038449285971617
16 1 3.347451259310894
16 2 3.451718567684931
16 3 3.5783478072972272
16 4 3.3535855481749155
16 5 3.5590575102382145
16 6 3.463659596396469
16 7 3.666221320210238
16 8 4.022235818788037
16 9 3.534221860858903
16 10 4.01102177762173
16 11 3.7565918743140005
16 12 3.8651019295830906
16 13 4.121623071417975
16 14 4.007064513834471
16 15 3.7728810995489184
16 16 4.113597063209864
16 17 4.30667631235943
16 18 3.7866118809209386
16 19 3.921150626542539
16 20 3.8438024140452454
16 21 3.559470859535436
16 22 3.693294845394438
16 23 3.969131788424418
16 24 3.5347201380302176
16 25 3.5260965823250623
16 26 4.117960581911519
16 27 3.2503135185814718
16 28 3.4774176490144395
16 29 3.572476035399709
17 0 3.6044085033253803
17 1 3.51773487412229
17 2 3.5933921678441387
17 3 3.975787746506038
17 4 3.5698504390367245
17 5 3.643578880208856
17 6 3.689511299244822
17 7 4.030211615607958
17 8 3.736489828299853
17 9 3.7003840968866686
17 10 4.0996036530777396
17 11 3.7407805753649184
17 12 3.8197290409086095
17 13 3.928796471843132
17 14 4.105175790976127
17 15 4.231944989392061
17 16 4.442959321001685
17 17 3.892261521146972
17 18 4.438757016052886
17 19 3.9109259066688105
17 20 4.237037915321212
17 21 3.9853889627799974
17 22 3.8704312773968437
17 23 4.27482044432673
17 24 3.689526564649005
17 25 3.6304119960651096
17 26 3.9007380771881532
17 27 3.8248069889382252
17 28 3.2939668436466634
17 29 3.7065920899838134
18 0 3.8688168281897277
18 1 3.2456949301745603
18 2 3.071136450595339
18 3 3.5953687026889125
18 4 3.7237288200580068
18 5 3.7509822101272903
18 6 3.6323668086017635
18 7 3.8189779955862804
18 8 4.070258505805207
18 9 3.6375835992457555
18 10 3.4223580003500196
18 11 4.139659474232786
18 12 4.609018237829265
18 13 4.146185544999964
18 14 3.923996606414456
18 15 3.915455101953656
18 16 3.7993850853717026
18 17 3.639098613707766
18 18 4.050497903790739
18 19 3.844651891672026
18 20 3.9273008698229828
18 21 3.5454999347073435
18 22 3.6432557328793838
18 23 3.6866083942593613
18 24 3.8187772834794766
18 25 3.601670830055407
18 26 3.606304193557298
18 27 3.778620067006914
18 28 3.761483485938701
18 29 3.139726332465869
19 0 3.7805409128021212
19 1 3.1996423399735634
19 2 3.2382858172525464
19 3 3.7460650354604814
19 4 3.6693487554315722
19 5 3.3892379541283586
19 6 3.5092217793453813
19 7 3.38828808656745
19 8 3.7043748905872738
19 9 3.8921725239675333
19 10 4.1251601617781155
19 11 3.902139080669044
19 12 4.095558677537517
19 13 3.7401300494341303
19 14 3.569571691456669
19 15 3.1466985704168113
19 16 4.069258656349677
19 17 3.811274244790294
19 18 4.643107943787109
19 19 4.280154612744016
19 20 4.0032863668754075
19 21 3.9290533517151247
19 22 3.622625252251296
19 23 3.7403691870763387
19 24 3.5824053253638275
19 25 3.6920028510497587
19 26 3.908368719652754
19 27 3.408100704382991
19 28 3.8830043386479196
19 29 4.004368214837659
20 0 3.447805863830629
20 1 3.32804634833274
20 2 3.28859562799039
20 3 3.486293741091877
20 4 3.6978726355185207
20 5 3.5981229038746703
20 6 3.662810763292291
20 7 3.4279844817026315
20 8 3.672635857480036
20 9 3.963053882839284
20 10 3.656842644076738
20 11 4.116740052826504
20 12 3.9552809561397444
20 13 3.7516290884041195
20 14 3.0638950159195595
20 15 3.8672027686233528
20 16 3.704152943894243
20 17 3.5539050016351235
20 18 4.088440320854974
20 19 4.176649903964469
20 20 3.886574698930098
20 21 3.5577798633689093
20 22 3.8972353625387686
20 23 4.072865767664728
20 24 3.445960666685027
20 25 3.8675481140061514
20 26 3.498400025877968
20 27 3.557287849797038
20 28 3.3184929452162404
20 29 3.473997451267047
21 0 3.2678785322966117
21 1 3.2606094085019395
21 2 3.1501619596681407
21 3 3.375962024600258
21 4 3.9211340996130306
21 5 3.6770167672333027
21 6 3.6537275787746353
21 7 3.780865108459439
21 8 4.1693652526412395
21 9 3.5749538861818397
21 10 4.226708084832413
21 11 3.8137592224074557
21 12 3.9244174707089443
21 13 3.599553118720661
21 14 3.3051466089962735
21 15 3.266983177145046
21 16 3.7541577946115527
21 17 4.08694035988932
21 18 3.6621378131029516
21 19 3.935479739348787
21 20 3.530443393514038
21 21 4.011222994695755
21 22 3.368549353848408
21 23 3.9015121459908984
21 24 4.106384854065872
21 25 3.8453434449951573
21 26 3.233078985658825
21 27 3.3824905146406095
21 28 3.694781060937008
21 29 3.461178004141744
22 0 3.0958942844030335
22 1 3.2427481265716662
22 2 3.2125625614501976
22 3 3.561824064713781
22 4 3.685646391145567
22 5 3.1015995121264
22 6 3.476389354347213
22 7 3.508566811408701
22 8 3.4351164801793495
22 9 3.7736138443177683
22 10 4.215452669785699
22 11 3.4696762914552326
22 12 3.626164044948289
22 13 4.101021639495022
22 14 3.7229041717935054
22 15 4.201327319694613
22 16 3.8218774141570337
22 17 4.118368547827539
22 18 4.300633841015091
22 19 3.966364822284271
22 20 4.025121639457765
22 21 3.62287695176774
22 22 3.3405526504496974
22 23 3.7177852994827125
22 24 3.469914035716069
22 25 3.417587204525456
22 26 3.5520393855968657
22 27 3.540592268078977
22 28 3.4100270114170668
22 29 4.078827078872768
23 0 3.002896450563705
23 1 3.393875165561752
23 2 3.675287225778807
23 3 3.181864522235421
23 4 3.58711458013469
23 5 3.6063702700517726
23 6 3.2864246854490387
23 7 3.664278490736738
23 8 3.6193465327370733
23 9 3.860757939221093
23 10 3.595863369743089
23 11 4.028583274607062
23 12 4.182238493348338
23 13 3.9553807859485204
23 14 3.6930660743693458
23 15 3.942059101808791
23 16 3.9208222299551814
23 17 4.112438391511167
23 18 3.840059925972834
23 19 3.8112736285452975
23 20 3.922570579647839
23 21 3.5046594389627717
23 22 3.4671163767426916
23 23 3.491723007514382
23 24 3.361182201690124
23 25 3.6523659829809336
23 26 3.335864986219459
23 27 3.4145877035905166
23 28 3.758012500275052
23 29 3.587234240040495
24 0 3.061232385293707
24 1 3.5576054986036345
24 2 3.332286037521772
24 3 3.289585434337403
24 4 3.21960021666904
24 5 3.642412698097516
24 6 3.496820209743201
24 7 3.7951484854109934
24 8 3.723837698195525
24 9 3.739010138993871
24 10 4.112183850991958
24 11 3.809315036706546
24 12 3.9161592125526172
24 13 4.013331744883736
24 14 4.13047615876555
24 15 3.6033901918505418
24 16 4.316277627088347
24 17 4.072389593418908
24 18 3.7947346940507916
24 19 3.7816577324214693
24 20 3.6181090294244647
24 21 3.5545831658416565
24 22 3.815155512709475
24 23 3.0248909511460886
24 24 2.6624333282301755
24 25 2.669433172517462
24 26 3.1669777665532846
24 27 3.28365076712704
24 28 3.5835330838468935
24 29 3.396540845709267
25 0 3.1929606002482167
25 1 3.207808113642841
25 2 3.2299561771005454
25 3 3.2533102276215016
25 4 3.3142702902703953
25 5 3.6804389489088836
25 6 3.1868599582774566
25 7 3.5346119149915416
25 8 3.695901480170764
25 9 3.2707966237304955
25 10 4.015787043334782
25 11 3.690414302970652
25 12 3.726049830809482
25 13 4.083282959652125
25 14 3.654516984720574
25 15 4.215080572402533
25 16 3.619580923787807
25 17 3.798407609704037
25 18 3.866188303871374
25 19 3.7313856147592994
25 20 3.882937303953294
25 21 3.6632661116325607
25 22 3.4818733658165826
25 23 3.777781990619671
25 24 3.0582454451550425
25 25 2.554660535161435
25 26 2.7102890327031037
25 27 3.277182274903613
25 28 3.837623757014588
25 29 3.5189764391067317
26 0 3.271328852520314
26 1 3.262896202386516
26 2 3.458072942256881
26 3 3.63978458269289
26 4 2.9610165550087024
26 5 3.2866634504997174
26 6 4.038325028843068
26 7 3.5494967382579032
26 8 3.798075851961879
26 9 3.576343626016536
26 10 3.2013242797379844
26 11 4.011513837206549
26 12 3.982619358686038
26 13 3.6585626115648586
26 14 3.9407794708064325
26 15 3.804449241848488
26 16 4.203653643113924
26 17 3.911276498592436
26 18 3.781237565591668
26 19 3.6094844260724313
26 20 3.742713547150643
26 21 3.9674091434390397
26 22 3.552894001017663
26 23 3.217432993910268
26 24 2.77412044374863
26 25 2.7173647728241197
26 26 2.7730581166037065
26 27 3.2883267084798606
26 28 3.3641648247739995
26 29 3.4481730612742947
27 0 3.303073455985056
27 1 3.107495372877769
27 2 3.143493723220753
27 3 3.428039553041367
27 4 3.4824893950625215
27 5 3.2193097510982915
27 6 3.7067089122468166
27 7 3.604085142105652
27 8 3.719584874137046
27 9 3.7665219576725546
27 10 3.7030350589752046
27 11 3.5724823798455003
27 12 3.7631521688486655
27 13 3.7336211308731864
27 14 4.174485277698261
27 15 3.498890314879699
27 16 3.6144419114759523
27 17 3.8950832305797096
27 18 4.015383329483536
27 19 3.9120041902206486
27 20 3.7934478809620322
27 21 3.58274987749359
27 22 3.204774849737665
27 23 3.671182631579802
27 24 3.0154006556714585
27 25 3.1496625786792936
27 26 3.058457118908309
27 27 3.5186156237216553
27 28 3.548145325914431
27 29 3.1200821347034937
28 0 3.22311342280653
28 1 3.2002300531131413
28 2 3.231433832463804
28 3 3.392847156865214
28 4 3.344434723716333
28 5 3.3845262041417046
28 6 3.1445172566064037
28 7 3.524584179600204
28 8 3.443864407192163
28 9 3.4395930469314377
28 10 4.005756559808488
28 11 3.5846942655136877
28 12 3.870602523996701
28 13 3.5087386684878936
28 14 3.9094428072829617
28 15 3.715070291102573
28 16 3.8939246554279703
28 17 3.690157782492949
28 18 3.2203724087024312
28 19 3.9115992923864384
28 20 3.7548919860957963
28 21 3.6109846351275774
28 22 3.4374947560776947
28 23 3.3769829420881954
28 24 3.3489785517332615
28 25 3.651185106734391
28 26 3.12830682153461
28 27 3.599796130401559
28 28 3.3416124672018235
28 29 3.1776688028218767
29 0 3.4395282359820865
29 1 3.458061999231246
29 2 3.150660918489351
29 3 3.116392127987693
29 4 3.6356225356193654
29 5 3.320357413334148
29 6 3.117681010109692
29 7 3.2249822506457124
29 8 3.9616473881054755
29 9 3.5512359459530853
29 10 3.364164835428839
29 11 3.3991877875713166
29 12 3.920121684253671
29 13 3.658564312029201
29 14 3.5055498248502364
29 15 3.593233001253334
29 16 3.4924164778034315
29 17 4.056339967621428
29 18 3.6673673048081494
29 19 3.540302160249267
29 20 3.5694654368897334
29 21 3.8457982410904683
29 22 3.895458009264084
29 23 3.339886467403946
29 24 3.2911403028504154
29 25 3.427702277491567
29 26 3.1280489248189416
29 27 3.4136508029733763
29 28 3.301616701457985
29 29 3.3390070782997983
