0 0 3.1339264959953286
0 1 3.3480331179355236
0 2 3.247944390211221
0 3 3.40014712258076
0 4 3.2384620019593346
0 5 3.106749867155431
0 6 2.837533148233273
0 7 3.410369555274831
0 8 3.2652827268463946
0 9 3.4342850754269896
0 10 3.194538960456425
0 11 3.445556689697544
0 12 3.2672429369550664
0 13 3.229135231704052
0 14 3.2816781627080536
0 15 3.4226887982945104
0 16 3.314531029366228
0 17 3.186640177722462
0 18 3.3106359253818107
0 19 3.3435689808961473
0 20 3.6439674671935562
0 21 3.4651210903211873
0 22 3.3318656862908367
0 23 3.3992774622658417
0 24 3.1948071147294357
0 25 3.025727647405176
0 26 3.076622288570059
0 27 3.2402458442782773
0 28 3.6216403338197405
0 29 3.287837819483816
1 0 3.2477088118801265
1 1 3.104325913835517
1 2 3.4177902867459347
1 3 3.2070318870843644
1 4 3.085068579255391
1 5 3.2063311430408663
1 6 3.5191173579740713
1 7 3.5447789589838488
1 8 3.345246484022313
1 9 3.555178878962853
1 10 3.38358169408138
1 11 3.5652285388668172
1 12 3.589106653681647
1 13 3.6358486549220297
1 14 3.7292775201871744
1 15 3.545369759509485
1 16 3.749283237395385
1 17 3.6855286868362778
1 18 3.7438548224658366
1 19 3.8627216578682035
1 20 3.414955797076132
1 21 3.3070931082195805
1 22 3.373912122930251
1 23 3.358617918090034
1 24 3.5416730541601766
1 25 3.3456275009679897
1 26 3.3754224619899937
1 27 3.072892689674874
1 28 3.3407508106779744
1 29 3.677565476365341
2 0 3.3577927925068094
2 1 3.294833178891198
2 2 3.4459279159390697
2 3 2.94192628695571
2 4 3.4549384053087526
2 5 3.587298948877015
2 6 3.7795533083465287
2 7 3.3850045361650603
2 8 3.534202379411355
2 9 3.6556630805155277
2 10 3.7987208369482635
2 11 3.692476762563025
2 12 3.5771853779323806
2 13 3.5725195798671368
2 14 3.4445722616467194
2 15 3.449621208376884
2 16 3.7857187915726564
2 17 3.7253857725484805
2 18 3.7945715229759687
2 19 3.5331444062614157
2 20 3.9291232650815973
2 21 3.445387936556005
2 22 3.5185529459243927
2 23 3.304572220140771
2 24 3.3502484857072288
2 25 4.033649243682509
2 26 3.40536294680939
2 27 3.265144436537327
2 28 3.257001360190539
2 29 3.1591775139325797
3 0 3.4264282973544375
3 1 3.5765423029498504
3 2 3.3154674636770385
3 3 3.457405840860495
3 4 3.467146577932776
3 5 3.496981789490287
3 6 3.0553288153618987
3 7 3.316921650050693
3 8 3.544759212291078
3 9 3.7795085840404
3 10 3.6259571609837193
3 11 4.166596563466347
3 12 3.7312818109892585
3 13 3.950443849783143
3 14 3.6998845600283654
3 15 3.8869143576704395
3 16 3.890589155727319
3 17 3.735915790846853
3 18 4.143499276922544
3 19 3.8980433873724705
3 20 3.3915757005528704
3 21 3.9019888333861217
3 22 3.623820402137427
3 23 3.3884426407255304
3 24 3.458178227003068
3 25 3.351996487824752
3 26 3.4225200660429502
3 27 3.456848882975669
3 28 3.1574638855631854
3 29 3.115817545882618
4 0 3.469730495740478
4 1 3.158495556845111
4 2 3.361163721389214
4 3 3.4094920266885547
4 4 3.478749358235511
4 5 3.205799974669815
4 6 3.3156566850171014
4 7 3.9117500770322753
4 8 3.489446823940951
4 9 3.846842273267801
4 10 3.735682115066088
4 11 3.7992821750352515
4 12 3.523015028868077
4 13 4.018727437437953
4 14 3.921701676083183
4 15 3.940279839994937
4 16 3.805222257242778
4 17 3.402881555286371
4 18 3.642629586080043
4 19 3.7536225065275164
4 20 3.918059747939909
4 21 3.1698393378296617
4 22 3.5875533860756055
4 23 3.6256753340764254
4 24 3.4129508411697844
4 25 3.1972757574253174
4 26 3.2528882579108336
4 27 3.7822553661255487
4 28 3.347569046951325
4 29 3.1817087383286093
5 0 3.399089948383116
5 1 3.569102313129956
5 2 3.2998925163163273
5 3 3.7094145982916533
5 4 3.374947467490231
5 5 3.4980067390122445
5 6 3.6750930533791406
5 7 3.4226787834857295
5 8 3.7930620402587905
5 9 4.018034298473969
5 10 3.861811035013109
5 11 4.386464015976094
5 12 4.032009983524199
5 13 3.6882134483262288
5 14 3.137014915044201
5 15 3.7667418947487152
5 16 3.656807018730492
5 17 3.712611727437248
5 18 3.7492281207721363
5 19 3.3102314392189562
5 20 3.822724354235456
5 21 3.904892970476688
5 22 3.4152122627278705
5 23 3.5731625747284506
5 24 3.887633156752777
5 25 3.751151193028186
5 26 3.292249978215739
5 27 3.3494306884595924
5 28 3.2511759026728924
5 29 3.273332972813352
6 0 3.032233456840335
6 1 3.1863719620864126
6 2 3.580776638488392
6 3 3.2401827287940153
6 4 3.485645534385748
6 5 3.7786626677180934
6 6 3.4586610788868257
6 7 3.8262956963387813
6 8 3.7826701391064197
6 9 3.475858956206675
6 10 4.186778647550707
6 11 3.717318569960887
6 12 4.287156932933166
6 13 3.7980262032804477
6 14 3.860435150891786
6 15 4.214512474356879
6 16 3.8902131965217217
6 17 4.0455716705875755
6 18 3.7627655456153604
6 19 3.8669750155200715
6 20 3.6543916566675088
6 21 3.7565780053042057
6 22 3.711017538704885
6 23 3.646909742383622
6 24 3.7658211938222688
6 25 3.6586291263812147
6 26 3.3833358123583985
6 27 3.2523145841457404
6 28 3.333426296665845
6 29 3.5059992270437244
7 0 3.1268219931981793
7 1 3.5251457341072774
7 2 3.4615350469314445
7 3 3.281919483608733
7 4 3.4168515715078267
7 5 3.7278588937938983
7 6 3.5882168223527513
7 7 3.7228299297452683
7 8 3.378240717648295
7 9 4.248072612352121
7 10 3.550521012031702
7 11 3.75230762911178
7 12 3.7516518884595143
7 13 3.8877697869602783
7 14 4.187382045804512
7 15 3.8396779080491523
7 16 4.022618589543742
7 17 3.9593636596555775
7 18 4.289730151721501
7 19 3.8063640447692273
7 20 4.003845763999941
7 21 3.5450735896106904
7 22 3.7399869568355233
7 23 3.7709695328325257
7 24 3.5401356590148203
7 25 3.6080113154968214
7 26 3.6724417088863723
7 27 3.4543312876594876
7 28 3.3407493412698632
7 29 3.60552302484235
8 0 3.426046688753252
8 1 3.5019883223583763
8 2 3.35716813150067
8 3 3.1185843708310843
8 4 3.631614195200286
8 5 3.625242262305424
8 6 3.45927181414482
8 7 3.715636390016006
8 8 3.7324810539297446
8 9 3.95687850399501
8 10 3.672869106662817
8 11 3.7820127712082514
8 12 4.044282994802596
8 13 3.8161306449630197
8 14 3.961861539758333
8 15 3.9233778104003614
8 16 3.9271603693326727
8 17 3.9654991370891777
8 18 3.4741789964419616
8 19 4.1595328547693935
8 20 4.246000820327686
8 21 4.014107035779436
8 22 3.4134478433114115
8 23 3.631181720937987
8 24 3.959384045004982
8 25 3.4526350326857145
8 26 3.16194939806265
8 27 3.646717775973446
8 28 3.4233499423850127
8 29 3.1495394334658933
9 0 3.282138308990471
9 1 3.6160641367040594
9 2 3.3087333344649728
9 3 3.462690750804784
9 4 3.728965344518615
9 5 3.711263560245155
9 6 4.093062339169233
9 7 3.635089696659935
9 8 4.120637402126087
9 9 4.018988055655943
9 10 3.8962394311509105
9 11 3.9638911149878546
9 12 3.8600705444325767
9 13 3.4333472311404445
9 14 3.4569669018172022
9 15 3.6116792597646703
9 16 4.036878234530948
9 17 4.140177530914578
9 18 4.37922466631493
9 19 4.0557164698136114
9 20 3.820687337636705
9 21 3.901309503324062
9 22 3.700340606819455
9 23 3.694203067593016
9 24 4.043035842171359
9 25 3.9482766310435853
9 26 3.3943026399672926
9 27 3.689893892899275
9 28 3.9267962786456434
9 29 3.7028458183057875
10 0 3.3063653504965247
10 1 3.386680343889153
10 2 3.0362972281865255
10 3 3.6343319392262528
10 4 3.742758452544845
10 5 3.7676238592551705
10 6 3.8036389905284445
10 7 3.945639233282409
10 8 4.094282726411834
10 9 3.934734168772476
10 10 4.028649862018793
10 11 4.399021262805195
10 12 4.043032177412653
10 13 3.6028218311452975
10 14 3.9544872968436184
10 15 3.5755266018665632
10 16 4.260565165864282
10 17 4.088545347129699
10 18 4.085454525642514
10 19 3.7669274476728964
10 20 3.7860049851824664
10 21 3.9158962777678994
10 22 4.036730345618688
10 23 3.695175199490578
10 24 3.7087771797734574
10 25 4.205671235739762
10 26 3.6303504298365445
10 27 3.376499883996077
10 28 3.6073914280027446
10 29 3.3560366977913527
11 0 3.5654073463198013
11 1 3.4807650929187823
11 2 3.6618831650261674
11 3 3.7194050953661733
11 4 3.459367752627099
11 5 3.8629081505975162
11 6 3.8702231419232986
11 7 3.7415975070787777
11 8 3.8025064119316556
11 9 4.361953324231021
11 10 4.143411296960607
11 11 4.627873852222972
11 12 3.6040600414283417
11 13 3.394762059684131
11 14 3.721529618732159
11 15 3.6531638387485392
11 16 3.7795612068742335
11 17 4.636758404682696
11 18 3.8755442819937564
11 19 4.053538226065401
11 20 4.033270661297089
11 21 3.7979679165964932
11 22 4.218299717844372
11 23 3.7783418566340434
11 24 3.7295440729413833
11 25 3.799529437959772
11 26 4.1422545228560335
11 27 3.511015426452193
11 28 3.68314507084097
11 29 3.6019066008464278
12 0 3.6428111507222494
12 1 3.689373833516595
12 2 3.357863005069685
12 3 3.680569453139655
12 4 3.404112378848501
12 5 3.815322688718275
12 6 3.8431385446362105
12 7 3.76649220872458
12 8 3.8263417533682755
12 9 4.158551525305092
12 10 3.859053451313345
12 11 4.320762509699843
12 12 4.271694315563887
12 13 3.5947010524301892
12 14 3.7450341443573607
12 15 3.6042344560908024
12 16 4.099048031691235
12 17 4.257126284684263
12 18 3.902638166747781
12 19 3.7176363178280165
12 20 3.9328042707159754
12 21 3.8779374584883297
12 22 3.737695677409147
12 23 4.067700620882746
12 24 3.7435807051466274
12 25 3.3433744039148414
12 26 3.8196727480328763
12 27 3.4550553616202757
12 28 3.2488371004993963
12 29 3.5055584921045333
13 0 3.5508930704773425
13 1 3.5301067234665897
13 2 3.460613534218708
13 3 3.7031508608899446
13 4 3.298591174234722
13 5 3.9207320794811635
13 6 3.8311463201457148
13 7 3.7266814512749002
13 8 4.231511001217853
13 9 4.202193796280037
13 10 3.7797999180163258
13 11 4.3449702321463395
13 12 4.144893100314524
13 13 3.706933465511551
13 14 3.9629611434601797
13 15 4.134815783226043
13 16 4.105481559635536
13 17 3.9202021501360913
13 18 3.8070097914478827
13 19 3.8555740624150476
13 20 3.7181922597478603
13 21 4.1250338266522535
13 22 3.4676459806666857
13 23 4.03690554544739
13 24 4.137538454515158
13 25 3.983030364005846
13 26 3.780465025424182
13 27 3.5544848970697323
13 28 3.3667416350675494
13 29 3.693930627688843
14 0 3.6451605904599162
14 1 3.478938160952493
14 2 2.980682966181693
14 3 3.5019872778729524
14 4 3.6533330837936657
14 5 3.7137115614913307
14 6 3.579988014792124
14 7 3.4930105053512563
14 8 3.82494451439898
14 9 4.18955927314402
14 10 3.64993343985854
14 11 3.986138020992396
14 12 3.7354169140749884
14 13 4.345573971080755
14 14 4.142850429566125
14 15 4.011045937482231
14 16 3.875707076300341
14 17 4.173670514445044
14 18 3.943274204516836
14 19 3.924765697602803
14 20 3.803801651566142
14 21 3.9572166939558024
14 22 4.158422648707033
14 23 3.708514502719382
14 24 4.168963190446192
14 25 4.082203840586492
14 26 3.3727128153055674
14 27 4.263933112649358
14 28 3.9097020963930302
14 29 3.5439350257418423
15 0 3.6361849001840643
15 1 3.3580940032393576
15 2 3.2648875295313062
15 3 3.5067598462676557
15 4 3.4266442552602934
15 5 3.8495446409885896
15 6 3.738188513685662
15 7 3.9831182918457855
15 8 3.8418133257994
15 9 3.59228322076612
15 10 3.8457583984619945
15 11 3.9168953914286453
15 12 3.8735093453300524
15 13 4.119446878169674
15 14 4.3841125880641325
15 15 4.156180470477383
15 16 4.452264550781979
15 17 4.26496941816288
15 18 4.091129479424208
15 19 3.98967778590511
15 20 3.742308963945898
15 21 3.9742664223928013
15 22 4.223027260686089
15 23 3.844859531181522
15 24 3.7996498472596936
15 25 4.25689620761488
15 26 3.755091120353789
15 27 3.597134933692124
15 28 3.6832530022416603
15 29 3.7103101160649636
16 0 3.6751863885041978
16 1 3.386445962509314
16 2 3.1980978057703586
16 3 3.871893382543523
16 4 3.6252718218001045
16 5 4.064136813986784
16 6 3.7885661112072695
16 7 3.5429625460564904
16 8 3.4940854850464915
16 9 3.300063188652352
16 10 3.9720816565557246
16 11 3.833058539359734
16 12 3.843917988882062
16 13 3.880566674630054
16 14 3.875707076300341
16 15 4.331713495264618
16 16 3.9532080805839773
16 17 4.11174302076292
16 18 3.860240131500193
16 19 4.02689768807799
16 20 4.139074724430536
16 21 3.9308958317329608
16 22 4.191893183355589
16 23 3.9021581105199354
16 24 3.784052903079444
16 25 3.6325399797567464
16 26 4.203375912411114
16 27 3.3351248950539203
16 28 3.31556709598434
16 29 3.7870435700108787
17 0 3.213453069402517
17 1 3.328238247622618
17 2 3.147874540450722
17 3 3.5919061925191746
17 4 3.3558980732017596
17 5 3.6388134933906375
17 6 3.5979115922824887
17 7 3.5058452306873575
17 8 3.9364444871295348
17 9 3.5503419290046554
17 10 3.7337902784617447
17 11 3.8624566080450187
17 12 4.1277965992207415
17 13 3.9202021501360913
17 14 3.7579412572120123
17 15 3.750235608895774
17 16 4.079584842275659
17 17 4.477520773148928
17 18 3.837844942754969
17 19 4.1022971425692045
17 20 3.8177946623121866
17 21 4.090691080860045
17 22 3.901613183202426
17 23 4.07175121977994
17 24 3.923522504335
17 25 3.239905986142694
17 26 3.8611978264871682
17 27 4.079772722109753
17 28 3.4959486487295512
17 29 3.9031384956621675
18 0 3.4146066435087334
18 1 3.4897121186834954
18 2 2.950453550911186
18 3 3.709149250447235
18 4 3.4017672799457452
18 5 3.779272496751426
18 6 3.5457224858966887
18 7 3.4803861323257523
18 8 3.9221800828350672
18 9 3.57486579620847
18 10 4.1501640790054575
18 11 3.8487334701176157
18 12 3.902638166747781
18 13 3.9764364305877704
18 14 4.288770771710858
18 15 4.302156795174044
18 16 3.5035134704945254
18 17 4.1166495617854055
18 18 3.7546097107057825
18 19 3.615572907202954
18 20 3.5145146336279245
18 21 4.19401317424648
18 22 3.7970859958651886
18 23 3.8799190406860493
18 24 3.7045475519609834
18 25 3.9714787239814138
18 26 3.682402450390471
18 27 3.972281860725907
18 28 4.271271959317254
18 29 3.4804987055209513
19 0 3.4935900073454693
19 1 3.4534033880097237
19 2 3.4846015963605717
19 3 3.610537842916486
19 4 3.422710874519725
19 5 3.682725717975244
19 6 4.1668173499074745
19 7 3.5869948721919607
19 8 3.830507068497685
19 9 3.7275864076423484
19 10 4.1642107755478435
19 11 4.053538226065401
19 12 3.8922369543591997
19 13 3.743855099557784
19 14 3.73370427515745
19 15 3.619984930018583
19 16 3.6180091738143765
19 17 3.5141189484427717
19 18 4.032136790246701
19 19 3.982804338724126
19 20 4.199936078805335
19 21 4.037963911675667
19 22 3.8855371991155363
19 23 3.997088054717097
19 24 3.8651790858189354
19 25 3.6571569949236324
19 26 3.949216492532723
19 27 3.684983805570769
19 28 3.8024157366527103
19 29 3.6687426880307785
20 0 3.4634839576002885
20 1 3.4355813806472897
20 2 3.0708184419361237
20 3 3.504830494915275
20 4 3.41650767175291
20 5 3.548109964569115
20 6 3.8545880419047465
20 7 3.7636390992994273
20 8 3.42044592596717
20 9 3.8613661717179397
20 10 3.7860049851824664
20 11 3.993785246470782
20 12 4.08266196714718
20 13 4.117562962693509
20 14 3.5666598724943563
20 15 3.3756904294395147
20 16 3.6590851340936483
20 17 3.274368533393304
20 18 3.711839988010778
20 19 3.8217800875825425
20 20 3.8859879175890017
20 21 3.5799280611540594
20 22 3.804474401953978
20 23 4.352675997516627
20 24 4.1954843875967445
20 25 3.713201466524478
20 26 3.758070057416783
20 27 3.9168591403785245
20 28 4.051436686651413
20 29 3.9146851107844065
21 0 3.2697276849667487
21 1 3.7280211403012284
21 2 3.2840052033214766
21 3 3.128484579752944
21 4 3.822947299101994
21 5 3.592807382216767
21 6 3.6572481484176995
21 7 3.910692895976625
21 8 3.6351313003034202
21 9 3.901309503324062
21 10 4.034722785522698
21 11 3.849941841505951
21 12 4.120259356437796
21 13 4.200468301729354
21 14 4.109820045192195
21 15 3.40896551772481
21 16 3.367508738271048
21 17 3.64680808785476
21 18 3.6480378258854524
21 19 3.8416762226170174
21 20 4.145020442260512
21 21 3.950303238546346
21 22 4.173670514445044
21 23 3.6456399307779965
21 24 4.070010110502673
21 25 4.140164487304789
21 26 4.339395420020758
21 27 3.565932237398527
21 28 4.189469878032726
21 29 3.7561434888521696
22 0 3.363200121930982
22 1 3.5188605982628784
22 2 3.146602384475222
22 3 3.3564240200150737
22 4 3.522642355879713
22 5 3.246270226216702
22 6 3.5806216032996208
22 7 4.083483175044167
22 8 3.4134478433114115
22 9 3.8225219063596585
22 10 3.6406906022410905
22 11 4.136258644531323
22 12 3.9536451640652537
22 13 3.8289004433418365
22 14 4.0615629801234565
22 15 3.975516928972465
22 16 3.9531597882925062
22 17 4.26208201215765
22 18 3.6185115054940282
22 19 3.9779212300119275
22 20 4.058030844829545
22 21 4.634468652840033
22 22 4.204290041018772
22 23 4.011742565831565
22 24 3.9082896346993503
22 25 4.08493053971299
22 26 4.1363212487542595
22 27 3.7824403554663446
22 28 3.9922017378026298
22 29 3.8536169558254043
23 0 3.257406337614992
23 1 3.5515921038507483
23 2 3.325057989714705
23 3 3.0963543808421896
23 4 3.5194437431092496
23 5 3.448195179455553
23 6 3.476343653444621
23 7 3.7709695328325257
23 8 3.8360222466289997
23 9 3.604445695435247
23 10 3.5202940440671897
23 11 3.797943308415488
23 12 3.678696962951529
23 13 4.245831516657967
23 14 4.102030022053562
23 15 4.187774675897116
23 16 3.5092689781511472
23 17 3.8246538001671597
23 18 4.060236933484851
23 19 4.067228567332514
23 20 4.418938580392879
23 21 4.062737983879207
23 22 4.194693065697843
23 23 4.079046642900376
23 24 3.7121913447607553
23 25 3.770703582327434
23 26 3.755933008793992
23 27 4.184345877252825
23 28 3.9861555782574505
23 29 3.660979951853295
24 0 3.4437951589853357
24 1 3.414047992073258
24 2 3.454953880904854
24 3 3.308540624996472
24 4 3.3316198478458103
24 5 3.64103515205171
24 6 3.7658211938222688
24 7 3.4102706502180102
24 8 3.5431527979334154
24 9 3.284436187374228
24 10 4.091724729252387
24 11 3.50253578411334
24 12 4.2092681353446295
24 13 3.6379616476385657
24 14 3.8473677583968544
24 15 4.415699099637999
24 16 3.8315963849236123
24 17 3.7600821077097724
24 18 4.082317937755037
24 19 3.609942507928983
24 20 3.760808704879217
24 21 4.078579256497639
24 22 3.629321181217394
24 23 3.6983185105696657
24 24 3.3634559226644334
24 25 3.987862484709308
24 26 3.4710147097245914
24 27 3.5480508446102665
24 28 3.9118742629182486
24 29 3.9680969330006244
25 0 2.9654658447220497
25 1 2.945015406759276
25 2 3.407053949082276
25 3 3.441685045947394
25 4 3.6217793681846295
25 5 3.751151193028186
25 6 3.7983984265644195
25 7 3.621074660242508
25 8 3.8304208074624353
25 9 3.995616150997357
25 10 3.424786161311691
25 11 3.6624308459684656
25 12 3.725363392515393
25 13 4.124808639607992
25 14 3.9554316728846137
25 15 3.931438191893714
25 16 3.996570851697068
25 17 3.865519575690628
25 18 4.387397711412626
25 19 3.847238280173224
25 20 4.222017446387512
25 21 4.269363958176379
25 22 3.5720632096464446
25 23 3.841759216350788
25 24 3.7269192962537296
25 25 3.786639517294453
25 26 3.8114676081977588
25 27 3.7463230518119794
25 28 4.434373208441048
25 29 4.000207853550402
26 0 3.401653432936785
26 1 3.284238909844537
26 2 3.2485971932886413
26 3 3.311131807422284
26 4 3.2528882579108336
26 5 3.2442402631954663
26 6 3.6122430778117876
26 7 3.408438085288193
26 8 3.3215786840358974
26 9 3.9476697599472304
26 10 3.8270646224475744
26 11 3.767937012393152
26 12 3.8392865181590987
26 13 4.068162360090825
26 14 3.6428703323332714
26 15 4.027476984598051
26 16 3.948161452493948
26 17 3.9506059910315185
26 18 3.833337212667094
26 19 3.95939181169781
26 20 4.037075459640338
26 21 4.278944663005458
26 22 3.6859592918178783
26 23 3.994570932186365
26 24 3.692055776617936
26 25 3.883006128214972
26 26 3.882317212279109
26 27 4.377116987354653
26 28 3.642663436102676
26 29 3.6194013095769946
27 0 3.442507100844515
27 1 3.0395095414699558
27 2 3.3733963051833884
27 3 3.456848882975669
27 4 3.3688194018737394
27 5 2.8396045680045967
27 6 3.3750518534329474
27 7 3.6328223737152143
27 8 3.524046729798114
27 9 3.696823223345507
27 10 4.052365401992986
27 11 3.8773350126964634
27 12 3.809396686147832
27 13 4.381188099338786
27 14 3.5230981015094067
27 15 3.680736967756633
27 16 3.8069793514136396
27 17 4.011402671076769
27 18 4.058777578915932
27 19 3.918854103629511
27 20 3.691253920423445
27 21 3.936624846894316
27 22 3.8607341913246085
27 23 4.135867333079802
27 24 3.84651853338833
27 25 3.85216949381438
27 26 3.641098627959953
27 27 4.1577329136336765
27 28 4.256665988454657
27 29 4.163832784291713
28 0 3.2827904554753657
28 1 3.356618793231804
28 2 3.257001360190539
28 3 3.287857085646827
28 4 3.4003301175425267
28 5 3.4139366152406274
28 6 3.3656635086760605
28 7 3.416816611798508
28 8 3.5822539966372977
28 9 3.5129405901717097
28 10 3.601608650136838
28 11 3.946472697287373
28 12 3.6127494571809406
28 13 3.455796952482673
28 14 3.756480107630114
28 15 3.801582495802982
28 16 3.861534200548612
28 17 3.7568246663029496
28 18 3.6645352148399253
28 19 4.26816765304743
28 20 3.9875951207760014
28 21 3.7021107927113084
28 22 3.7770701939416704
28 23 3.8748740816803435
28 24 4.238479659459103
28 25 4.58648402819169
28 26 3.832309704835567
28 27 3.7516518884595143
28 28 3.9890126245108224
28 29 3.5479812342431156
29 0 3.077924798228527
29 1 3.677565476365341
29 2 3.2038694048397054
29 3 2.9721213893536453
29 4 3.3993819304123525
29 5 3.3734546865240564
29 6 3.2810541467919054
29 7 3.1964046018218606
29 8 3.711355087103141
29 9 4.040356775135553
29 10 3.543915137514657
29 11 3.1757932046574644
29 12 4.102259916972611
29 13 3.9585507384654823
29 14 3.75602066775144
29 15 3.5166123555001243
29 16 3.4031807436292576
29 17 3.813282170875718
29 18 3.9050000548633386
29 19 3.8978410565719113
29 20 3.6643133449599734
29 21 4.405894287519258
29 22 3.6336908907910006
29 23 3.6197451773059894
29 24 3.673546885454857
29 25 3.770582745805074
29 26 3.843059760980207
29 27 4.079891322090511
29 28 3.62104624799148
29 29 4.018488079076223
