0 0 3.1737842451846454
0 1 3.405774411423237
0 2 3.216301587524113
0 3 3.0474481217528804
0 4 3.1506819503761956
0 5 3.279600993501848
0 6 3.3765017008780345
0 7 3.4231995545946687
0 8 3.3174294355576834
0 9 3.1564969430731065
0 10 3.1862559168639453
0 11 3.230173681153618
0 12 3.2362185904359215
0 13 3.3815974659267036
0 14 3.35544040399599
0 15 3.460144074412048
0 16 3.1658770536591185
0 17 3.358811421968301
0 18 3.532172016768546
0 19 3.2695342357857067
0 20 3.4364584840738246
0 21 3.240890966118573
0 22 3.232822341949169
0 23 2.8838242492340456
0 24 3.0657794933047224
0 25 3.190545196343195
0 26 3.160370281495801
0 27 3.3879737728456036
0 28 3.0866952759275237
0 29 3.0169590662326504
1 0 3.1966389289784845
1 1 3.1497120081944048
1 2 3.4784534527846764
1 3 3.3120277791577664
1 4 3.2941636778466177
1 5 3.718381629765125
1 6 3.3517101952761603
1 7 3.3383636485604335
1 8 3.389699130414136
1 9 3.549362336647957
1 10 3.4917700421364932
1 11 4.031155613605317
1 12 3.7698649251338954
1 13 4.0765630523556835
1 14 3.8680774530556863
1 15 3.8615208412369473
1 16 3.4157949811269863
1 17 3.1982777440456056
1 18 3.410262018569244
1 19 3.2274495921112223
1 20 3.466220088171916
1 21 3.3669945737897056
1 22 3.382259254701166
1 23 3.0379054324760864
1 24 2.963304455104652
1 25 2.9599547631826604
1 26 3.1567566676570125
1 27 2.926997356030989
1 28 3.5617094538730982
1 29 3.444259878603127
2 0 3.3090020529241064
2 1 3.2411745182878784
2 2 3.132499731284044
2 3 3.3461395286952773
2 4 3.536838890162931
2 5 3.0168806516030817
2 6 3.3148487059208938
2 7 3.6933704008210353
2 8 3.9257590768798165
2 9 3.8115905779729253
2 10 3.596209839440528
2 11 3.4497123189574737
2 12 3.421580877555201
2 13 3.631483447312488
2 14 3.707840969182011
2 15 3.6724398702316905
2 16 3.7919896399476563
2 17 3.40056839081571
2 18 3.7382332769048503
2 19 3.393269610240303
2 20 3.3127474711051854
2 21 3.0187782504413634
2 22 3.152976375236722
2 23 3.07795559103108
2 24 3.3428580125109737
2 25 3.3014800181432524
2 26 3.068054259440714
2 27 2.979276884525254
2 28 3.0617870177414828
2 29 3.264156127441659
3 0 3.319068860540349
3 1 2.8958476504976645
3 2 3.413865953189087
3 3 3.549982549652219
3 4 2.927397844232026
3 5 3.4757809860884117
3 6 3.634360622924453
3 7 3.9725034329885753
3 8 3.590477553254414
3 9 3.8638235079581658
3 10 3.6614265452926786
3 11 3.4484361513074493
3 12 3.6638492825991036
3 13 3.813155527611715
3 14 3.946447080260831
3 15 3.8476239342310534
3 16 3.363439882817402
3 17 3.368381492628546
3 18 3.84545187788092
3 19 3.7519815355566672
3 20 3.2752810036975917
3 21 3.341488885148625
3 22 3.065297644870546
3 23 3.352909027200883
3 24 3.4297018662117433
3 25 3.4370355679862055
3 26 3.3259565692641546
3 27 3.1582277853540113
3 28 3.0788741336135743
3 29 3.08861284989774
4 0 3.3661757563777956
4 1 3.1617376016968213
4 2 3.428057030119212
4 3 2.8531961090719156
4 4 3.149142382828167
4 5 3.9786408641166497
4 6 3.6333514265072275
4 7 3.976637383219183
4 8 3.8346538816165823
4 9 3.2168476069401675
4 10 3.397617348066516
4 11 3.6526538193299656
4 12 3.8288930230750955
4 13 3.393833404377836
4 14 3.95806055944208
4 15 3.8363139277392997
4 16 3.535510876257009
4 17 3.6412285967692664
4 18 3.444959593338732
4 19 3.649210691735236
4 20 3.7738506505278204
4 21 3.6893764417242374
4 22 3.8678454488022225
4 23 3.247977861094602
4 24 2.9211350567742023
4 25 3.0376664279745444
4 26 3.571473496197185
4 27 3.540406507639793
4 28 2.88074702783557
4 29 3.177144985312881
5 0 3.4949018940714334
5 1 3.5059044484576862
5 2 3.3527780310235333
5 3 3.4612881219685736
5 4 3.9292086604836842
5 5 3.5936558346160274
5 6 3.949320516772075
5 7 3.883438373149685
5 8 3.751406001812982
5 9 4.227956042742504
5 10 3.9278957364889244
5 11 3.9160138605846764
5 12 3.850823243470015
5 13 3.901838410836416
5 14 3.836802954513957
5 15 3.588025459482898
5 16 3.5744690278891156
5 17 3.921222102980139
5 18 3.845159229577415
5 19 3.5221413652965063
5 20 3.4130674555586893
5 21 3.794167439267254
5 22 3.9845691464193673
5 23 3.4279234911173866
5 24 3.363121969448847
5 25 3.3249665652049547
5 26 3.245613069287408
5 27 3.401406460030996
5 28 3.2294729356781686
5 29 3.346870985360097
6 0 3.270424472202889
6 1 3.086277443608046
6 2 3.4587617186977044
6 3 3.593903660534581
6 4 3.5419783775855582
6 5 3.6927845091399703
6 6 3.54567910012324
6 7 4.076425049113321
6 8 4.016963581490364
6 9 4.282499854317308
6 10 3.9157895145844437
6 11 3.709442650676259
6 12 3.803192347519716
6 13 4.0246505020713235
6 14 3.807028566638839
6 15 3.938441165146257
6 16 3.561394994971054
6 17 3.477196835903919
6 18 3.5385503630700246
6 19 3.4560592669898758
6 20 3.485204098177722
6 21 3.638075772798806
6 22 3.701923972312653
6 23 3.7383274986459756
6 24 3.96312302565027
6 25 3.4748078266838878
6 26 3.486428403053294
6 27 3.4226557798038324
6 28 3.2241612293386974
6 29 3.6112043726630225
7 0 3.449330051079188
7 1 3.2505881240467684
7 2 3.358787268756252
7 3 3.7140256183851688
7 4 3.440140066226116
7 5 3.541970804671854
7 6 3.7724922158624428
7 7 3.951932761378534
7 8 4.320844649961663
7 9 4.0464142392790095
7 10 3.865634971952042
7 11 3.7963869419861247
7 12 4.41012573023065
7 13 3.9819763345702124
7 14 3.64365336124391
7 15 4.072979270324905
7 16 3.985418806723786
7 17 4.072686338821257
7 18 3.440665494990581
7 19 3.2826518422977182
7 20 3.5458566408901806
7 21 4.026615599620852
7 22 3.3916419325393634
7 23 3.554940835139667
7 24 3.693427978015128
7 25 3.517247420036661
7 26 3.229062147714092
7 27 3.1447413028932822
7 28 2.988222116536755
7 29 3.4941252937912948
8 0 3.4132764816310837
8 1 3.0897239104478595
8 2 3.7762207352056727
8 3 3.37405834293658
8 4 4.169696359534493
8 5 3.5835961527606197
8 6 3.7848050331087295
8 7 4.02821137148945
8 8 4.11413230782941
8 9 4.428234003115832
8 10 3.61660168370096
8 11 3.994284947641473
8 12 3.789774776646521
8 13 4.230279074110135
8 14 4.120056600789114
8 15 4.0704226283555025
8 16 3.9240498441180596
8 17 4.006412734817039
8 18 4.136583859681279
8 19 3.563860905199497
8 20 3.652334208582862
8 21 3.4982951713250405
8 22 3.691823370876908
8 23 3.406412106308904
8 24 3.4598454743962446
8 25 3.4315775251654945
8 26 3.6722965982614464
8 27 3.4465870754997634
8 28 3.8129414897978373
8 29 3.1605816632292516
9 0 3.2631640186481636
9 1 3.359781034803064
9 2 3.686770454626271
9 3 3.833137832852188
9 4 4.130369465107649
9 5 3.7366754472012995
9 6 3.9730576411033827
9 7 4.297051113673831
9 8 3.6554785922708812
9 9 3.4847916337242664
9 10 3.6281243481331686
9 11 3.549507095591092
9 12 3.8250217660541117
9 13 3.966000578075428
9 14 3.9962544897864576
9 15 4.016617164295923
9 16 3.943437047167659
9 17 3.651557494526832
9 18 4.228933538247981
9 19 4.093313006957102
9 20 3.874672214767577
9 21 3.5502974829054788
9 22 3.6787832571296972
9 23 3.7498204974013247
9 24 3.72503447106326
9 25 3.5456900430830633
9 26 3.649108884373646
9 27 3.6874580084698145
9 28 3.987425260239424
9 29 3.3556229793883467
10 0 3.262048058246995
10 1 3.45205226485469
10 2 3.7961218427210373
10 3 3.332588450811343
10 4 3.6147653207515593
10 5 3.4943039050995996
10 6 3.670163279936524
10 7 3.8510884669095327
10 8 3.917371868959434
10 9 3.6994112976641613
10 10 3.442382261607131
10 11 3.6590664257245598
10 12 3.5414869790464465
10 13 3.8218011119001827
10 14 4.11092785529505
10 15 4.217380642214825
10 16 3.9435181671585506
10 17 4.370162976655584
10 18 4.018423430552145
10 19 4.022220773914541
10 20 3.760181700794105
10 21 3.433983430726509
10 22 3.5381064039276064
10 23 3.639095902377274
10 24 4.039611598360826
10 25 3.6788903606157923
10 26 3.178774768548103
10 27 3.1510144282960244
10 28 3.5777701258464507
10 29 3.40665715035712
11 0 3.4103513276080544
11 1 3.253124481849799
11 2 3.7892686974562135
11 3 3.6619885187634016
11 4 3.9117919637609226
11 5 3.4520632818964088
11 6 3.5569999598529836
11 7 3.402066598802472
11 8 4.2126813689700935
11 9 3.848454358436434
11 10 3.3230828387876215
11 11 3.6569130981672306
11 12 3.92665944275558
11 13 3.9834079041888555
11 14 3.8910202846083353
11 15 3.909315178149948
11 16 3.541389506463991
11 17 3.992610579792075
11 18 3.7506873632619073
11 19 3.568384243315558
11 20 3.997050238659798
11 21 4.132640473071427
11 22 3.4752201822017716
11 23 3.647868695039749
11 24 3.878948348574791
11 25 3.699077629006914
11 26 3.767810996695561
11 27 3.3718033023501865
11 28 3.4438758186525997
11 29 3.6420980675963586
12 0 3.3825075437534555
12 1 3.3475594661352135
12 2 3.592197518206688
12 3 3.337026560830817
12 4 4.095155173002883
12 5 3.282912223522375
12 6 3.5918691939042127
12 7 4.050327514825985
12 8 4.0727592421584315
12 9 4.317922182765561
12 10 4.002057763418157
12 11 3.8580901694506644
12 12 4.103042917520385
12 13 3.5580134961005565
12 14 3.7607143636076055
12 15 4.249097201836541
12 16 3.603694307014155
12 17 3.617618886800723
12 18 3.927385031145587
12 19 3.886159773489235
12 20 3.352995534534999
12 21 3.9738445012263623
12 22 3.63821487895109
12 23 4.028217974257576
12 24 3.4159482730226483
12 25 3.672578442823932
12 26 3.61836297000056
12 27 3.937896726371989
12 28 3.569971251786722
12 29 3.4521566903384895
13 0 3.2561127187700185
13 1 3.050365369902951
13 2 3.5776326529687905
13 3 3.364730950337581
13 4 3.951723756052345
13 5 3.460018811899823
13 6 3.9923568515153005
13 7 3.665353682564398
13 8 4.083414848126384
13 9 4.356731713766701
13 10 4.5666382034672734
13 11 4.509448885317696
13 12 4.2483655345840114
13 13 3.948706745181231
13 14 4.179452042721101
13 15 3.9274636100880413
13 16 3.803079678254765
13 17 3.5503513164861613
13 18 3.969428177349687
13 19 4.098832796573318
13 20 4.175434491882157
13 21 3.6116254565703736
13 22 4.060918859744906
13 23 3.7008932551749054
13 24 4.048872786790878
13 25 3.841124128115135
13 26 3.321611983924581
13 27 4.052485105021218
13 28 3.7744161901955224
13 29 3.3329260395148834
14 0 3.309521122438056
14 1 3.409114975127701
14 2 3.5863824400571294
14 3 3.7408213234423573
14 4 4.027709561093625
14 5 3.615272829442319
14 6 3.7231730145762207
14 7 3.6411881702659783
14 8 4.087190804108339
14 9 3.76231231636838
14 10 4.073346367183178
14 11 4.106719563980275
14 12 4.136584693818703
14 13 3.9065239104650367
14 14 4.170354014627502
14 15 4.24555831640008
14 16 3.788850362772877
14 17 3.777596421255633
14 18 3.4473588317416173
14 19 3.820171452459529
14 20 3.95614283878734
14 21 3.923170197511834
14 22 3.6566472914182344
14 23 3.46714173222087
14 24 3.9616970638415623
14 25 3.6583413151431126
14 26 3.6923196842652066
14 27 3.7130235995892398
14 28 3.539866903625293
14 29 3.6231425148159686
15 0 3.4908914837094156
15 1 3.119925029352651
15 2 3.579978869539135
15 3 3.8139324059676825
15 4 3.72027503456967
15 5 3.7733063056537723
15 6 3.737799970209327
15 7 3.908816965204926
15 8 3.7418862511457047
15 9 4.14141553069034
15 10 3.7946768641343023
15 11 3.7032686742847143
15 12 3.539074640883081
15 13 3.929927375635624
15 14 4.2944383963038995
15 15 3.7915666993823773
15 16 3.8788475837585006
15 17 4.261537046470527
15 18 3.9558518940014546
15 19 4.056185002838456
15 20 3.8157714236020874
15 21 3.8108472308835064
15 22 3.9333637843437343
15 23 3.5686220307348044
15 24 3.3809586437501835
15 25 3.6437315479725982
15 26 3.9833247844922104
15 27 3.3631750476066133
15 28 3.0620521444701443
15 29 3.4055066046522047
16 0 3.4937818050440126
16 1 3.023922252468598
16 2 3.848526029974161
16 3 3.8741753569873714
16 4 3.5978138828199966
16 5 3.700493216285554
16 6 3.513794625870122
16 7 3.9124004814028104
16 8 3.7181993343524233
16 9 3.656725383160053
16 10 4.0277786028067375
16 11 4.001200233316776
16 12 3.726685678337534
16 13 3.9502598771992203
16 14 3.788850362772877
16 15 4.144473594581177
16 16 3.9811150349509568
16 17 4.3900753457241946
16 18 3.8635269896527333
16 19 3.706122503709316
16 20 4.235802409980648
16 21 4.053542281701817
16 22 4.101228093648723
16 23 3.9436584621542234
16 24 3.9214080526865063
16 25 3.842492839261092
16 26 3.5186888715329605
16 27 3.279262875783053
16 28 3.4363154974518335
16 29 3.6718515682890316
17 0 3.5739416870690475
17 1 3.516311605345381
17 2 3.512184541443169
17 3 3.9137904276271605
17 4 3.5772886958427628
17 5 3.86977278770309
17 6 3.6999852854027395
17 7 3.4432644874102905
17 8 3.8916198522502996
17 9 3.777546575719778
17 10 3.386538051739638
17 11 4.119522362007132
17 12 3.9763596584508236
17 13 3.5503513164861613
17 14 3.917757157783823
17 15 4.203945705383317
17 16 3.5287302593097376
17 17 3.854112418976356
17 18 3.988211434835138
17 19 4.028671120070997
17 20 4.049429045694556
17 21 4.139136900094416
17 22 4.494608543544538
17 23 4.296102882243017
17 24 3.4660184986122053
17 25 4.14160628728463
17 26 3.7037637012678553
17 27 3.874404950033746
17 28 3.7346994523736488
17 29 3.2748791692506707
18 0 3.222611172992471
18 1 3.3756781421189883
18 2 3.3623650099237397
18 3 3.6920477522149278
18 4 3.6314021158363636
18 5 3.4097821320656956
18 6 4.179461259110084
18 7 3.8125793740892098
18 8 3.7053819228693374
18 9 3.8588892717518024
18 10 3.917877732166002
18 11 3.386119238592396
18 12 3.927385031145587
18 13 3.844879560458872
18 14 3.6505868809508337
18 15 4.01118582435443
18 16 4.005609367298699
18 17 4.0840238595410945
18 18 3.9837093673204538
18 19 3.514122050551072
18 20 4.177163651608664
18 21 3.98101029701975
18 22 3.9688869720453295
18 23 3.939327285558848
18 24 3.8975601891333986
18 25 4.321059223476341
18 26 4.072728255303759
18 27 3.5892951470010295
18 28 3.5266065714421275
18 29 3.7627606402379037
19 0 3.3460854825128004
19 1 3.400843459978613
19 2 3.4566624862939164
19 3 3.6873062211549303
19 4 3.8542782599569603
19 5 3.518369304574927
19 6 3.9381521956122674
19 7 3.6213708594816723
19 8 3.8620969011410202
19 9 3.747584047627733
19 10 3.886584665227934
19 11 3.568384243315558
19 12 4.046251608748216
19 13 3.6266984732916994
19 14 4.034553827656327
19 15 4.086358827589218
19 16 4.214863082571048
19 17 3.879316301848892
19 18 3.6291047353208885
19 19 3.384911297477163
19 20 3.7879425484503235
19 21 3.7901060062655367
19 22 4.205337938345731
19 23 3.57109859916514
19 24 3.657098780716633
19 25 4.05063414878352
19 26 3.4554162346625303
19 27 3.7661734221513936
19 28 3.421506050918502
19 29 3.859162309484016
20 0 3.129076270305985
20 1 3.457251068429618
20 2 3.1597269972612536
20 3 3.029246413099429
20 4 3.6003172953636042
20 5 3.3021234843656626
20 6 3.407400393003978
20 7 3.770788154573585
20 8 3.7193210979446945
20 9 3.663212395965984
20 10 3.760181700794105
20 11 3.897868810696468
20 12 3.4887221601614993
20 13 4.141370731976593
20 14 3.793288903648242
20 15 4.200606969206524
20 16 4.125715365566282
20 17 3.793567524102603
20 18 3.442578110741095
20 19 3.74970385094893
20 20 3.494581194544604
20 21 3.8918217327027294
20 22 4.035483583603059
20 23 4.256968838503167
20 24 4.0269199393011155
20 25 3.8853549311371935
20 26 3.871195467972418
20 27 3.439018421307998
20 28 3.8946371154700508
20 29 3.5624313654993247
21 0 3.0845099539549348
21 1 3.431218991437859
21 2 3.376738508669677
21 3 3.4110049859188387
21 4 3.7175965584486637
21 5 3.713711806970619
21 6 3.382452721104536
21 7 3.5337365455715952
21 8 3.390897590054233
21 9 3.5502974829054788
21 10 3.4084623743035003
21 11 4.012301864433895
21 12 3.7355579587862358
21 13 3.8887015184469234
21 14 3.723577567670207
21 15 3.942633128590546
21 16 4.241273158688662
21 17 4.168994849506365
21 18 3.4425195894488407
21 19 3.8022583748438072
21 20 3.67062068017598
21 21 3.7840677711192408
21 22 3.4646303123552995
21 23 3.8592563158296915
21 24 3.600874255528783
21 25 4.047113969402859
21 26 3.9596744790749607
21 27 3.782206480961847
21 28 3.310658640766598
21 29 3.7013803935717013
22 0 3.0213787937852317
22 1 3.1794071000042017
22 2 3.554115991316835
22 3 3.524918599941823
22 4 3.329350106195586
22 5 3.5408907380214436
22 6 3.321796777163066
22 7 3.215357762551421
22 8 3.691823370876908
22 9 3.7955071588198352
22 10 3.6789611894477834
22 11 3.9757644269065917
22 12 4.023500648646475
22 13 4.088830368219863
22 14 3.3501953080044307
22 15 4.077518077447035
22 16 4.173218621445216
22 17 4.084151166983983
22 18 4.030757777839392
22 19 3.848058716418102
22 20 4.098477083353471
22 21 3.8688260183753544
22 22 3.7087515291150313
22 23 3.761707925961211
22 24 3.708507802770409
22 25 3.3699892800142477
22 26 3.543010916371228
22 27 3.495506778084533
22 28 3.5907910630818227
22 29 3.4802546561343544
23 0 2.9709918219827136
23 1 3.1253356831753325
23 2 3.587542961787768
23 3 3.39977729327454
23 4 3.388077026950863
23 5 3.717745453682926
23 6 4.079724919352892
23 7 3.554940835139667
23 8 3.7634180674525557
23 9 3.748540460332625
23 10 3.334031975349074
23 11 3.801199557047932
23 12 3.6384307226591406
23 13 3.3590571477564044
23 14 4.305449548570551
23 15 4.266930664151124
23 16 3.802795978717806
23 17 4.020612854494344
23 18 3.903524161886697
23 19 3.8874214960078537
23 20 3.535343376249181
23 21 3.4094116398969505
23 22 3.754059868773182
23 23 3.5674581708146462
23 24 3.4562079353489494
23 25 3.3229961915700312
23 26 3.157358326214155
23 27 3.2258588408828373
23 28 3.4413982177990627
23 29 3.6206087444190773
24 0 3.108679821838636
24 1 3.1836709814157755
24 2 3.533012919915286
24 3 3.7479234964614005
24 4 3.266943806250513
24 5 3.2137196393396987
24 6 3.96312302565027
24 7 3.6437950791402045
24 8 3.256482185924951
24 9 3.894983577222144
24 10 3.4917840933292617
24 11 3.385301815587305
24 12 4.140951748965979
24 13 3.722831609147944
24 14 3.987486398721477
24 15 3.947664680757042
24 16 4.068455421001964
24 17 3.495898764557327
24 18 3.698473659604904
24 19 3.857438432108647
24 20 4.201266271423633
24 21 3.7401127582379883
24 22 3.6418295115401427
24 23 3.5867022429126303
24 24 3.0239220989281934
24 25 3.135171809120428
24 26 2.7831410363770703
24 27 3.2570435487976566
24 28 3.95874542152441
24 29 3.3863321951062133
25 0 3.33569669588127
25 1 2.9272200835508446
25 2 3.094392021379639
25 3 3.382602615964091
25 4 3.5880304998981005
25 5 3.3249665652049547
25 6 3.2951371917975183
25 7 3.724981698889224
25 8 3.4620379523671474
25 9 3.4197287815423114
25 10 3.6549898614135268
25 11 3.6275421044088634
25 12 3.2718165465271345
25 13 3.814036077387801
25 14 3.8223830209979908
25 15 3.981638905579146
25 16 3.63474510891625
25 17 3.438986879304088
25 18 3.88805174612902
25 19 4.05587149846708
25 20 3.920919012274309
25 21 4.135491175772882
25 22 3.717031481355184
25 23 3.370788214134491
25 24 3.21331078436686
25 25 2.639195077420635
25 26 3.228583975187607
25 27 3.811330451023573
25 28 3.453985845769403
25 29 3.572053589038539
26 0 3.3047642469169616
26 1 3.212149175040358
26 2 3.133226293205864
26 3 3.1264576856535284
26 4 3.571473496197185
26 5 3.3403819751223756
26 6 3.310056077358132
26 7 3.5710751352355357
26 8 3.5321617918312795
26 9 3.601175605509156
26 10 3.6049692100579733
26 11 3.67536990816496
26 12 3.5481546863212223
26 13 3.877930577241723
26 14 3.907787242170344
26 15 3.425280292626622
26 16 3.9716310527917127
26 17 3.8282986726360333
26 18 3.6211236342300865
26 19 3.812657428442795
26 20 3.9133067508040718
26 21 3.998341658358934
26 22 3.385509607102545
26 23 3.428058464984666
26 24 2.8232272539703
26 25 2.823977263753274
26 26 2.8745458845939167
26 27 3.4061243483358896
26 28 3.4987165442344237
26 29 3.626761466599121
27 0 3.24329318688645
27 1 3.3818875096154226
27 2 3.2210711317521774
27 3 3.1582277853540113
27 4 3.3821523310729393
27 5 3.330347306290119
27 6 3.219419716229977
27 7 3.219722855251035
27 8 3.4670599575487775
27 9 3.4804503551016674
27 10 3.443023563310602
27 11 3.535604284372873
27 12 3.6189926506464376
27 13 3.701494041023519
27 14 3.3700564858679316
27 15 3.5125655639519198
27 16 3.64527672648513
27 17 3.5398271055424466
27 18 3.760443714947603
27 19 3.763156530182246
27 20 3.475100117797966
27 21 3.5282279514047072
27 22 3.8731747939912498
27 23 3.1319960251594523
27 24 3.331314238736962
27 25 3.1423675122965493
27 26 3.545740372742168
27 27 3.5564175634180146
27 28 3.556465092187966
27 29 3.529512344302011
28 0 3.171973170801896
28 1 3.325435654239514
28 2 3.0617870177414828
28 3 3.1854552156344402
28 4 3.049409770355996
28 5 3.174500017445971
28 6 3.3365823091090245
28 7 3.1830770251519156
28 8 3.4276995178523917
28 9 3.5498792797252836
28 10 3.799727756994834
28 11 3.5221279498716425
28 12 3.8570101863410087
28 13 3.654633845304562
28 14 3.3793897309405656
28 15 3.5781059906532295
28 16 3.7981686457972756
28 17 3.7972541463731693
28 18 3.3772885684662284
28 19 3.8418761471324436
28 20 3.8374325302205863
28 21 3.701237637109522
28 22 3.327883114465094
28 23 3.323814688752907
28 24 4.156059492335635
28 25 3.6474670154966846
28 26 3.6440808214043194
28 27 3.5719134243856785
28 28 3.481495312463851
28 29 3.6423827704268033
29 0 3.1415714512027435
29 1 3.444259878603127
29 2 3.4023214232352363
29 3 3.1897292365165772
29 4 2.969124494726868
29 5 3.486076883441229
29 6 3.514762095978345
29 7 3.610779547066761
29 8 3.1049560114598562
29 9 3.4683210562627758
29 10 3.453492229832914
29 11 3.649533488571913
29 12 3.410262018571673
29 13 3.7944573773600005
29 14 3.8179075548581176
29 15 3.659653815813614
29 16 3.4041695152779123
29 17 3.51540788125466
29 18 3.8398392160947186
29 19 3.6483817490555563
29 20 3.4917700421472135
29 21 3.8654910460091614
29 22 3.346241449273995
29 23 3.375144064675573
29 24 3.7262751111629173
29 25 3.677708485901456
29 26 3.594213470252179
29 27 3.3543269845492802
29 28 3.638189079656283
29 29 3.9204306627536467
