0 0 2.955193905145565
0 1 3.2798516284833394
0 2 3.423075172176009
0 3 3.565668898485423
0 4 3.17114593951957
0 5 3.243189985679824
0 6 3.344832189545392
0 7 3.527280535690358
0 8 3.4586133835163824
0 9 3.516171946592927
0 10 3.2863842331399074
0 11 3.2491894064296303
0 12 3.355740675036649
0 13 3.3118132626749732
0 14 3.1631284943581
0 15 3.251431692605206
0 16 2.982068619738084
0 17 3.068229280215831
0 18 3.280368277870137
0 19 3.2473879913492008
0 20 3.751351103604229
0 21 3.5909950163421516
0 22 3.3626128072955654
0 23 3.1007240762312542
0 24 3.057217768229573
0 25 3.183640676205447
0 26 3.438586278692973
0 27 3.2611059919112972
0 28 3.11589909329394
0 29 3.392308516579516
1 0 3.1409227966715236
1 1 3.224390631506719
1 2 3.405266033993125
1 3 3.26429882455159
1 4 3.1235330274096427
1 5 3.398197301711719
1 6 3.5810196731587416
1 7 3.225815905942702
1 8 3.2418682325154378
1 9 3.592700134886167
1 10 3.584918057955829
1 11 3.5861824113802494
1 12 4.049219325652298
1 13 3.6365606337845287
1 14 3.5239490300033984
1 15 3.7087444287404736
1 16 3.463545506607616
1 17 3.6006394377953432
1 18 3.459274864676001
1 19 3.4038356454186953
1 20 3.096807930472128
1 21 3.2463642523914737
1 22 3.3099035021041643
1 23 3.442077450322228
1 24 3.1616288704733626
1 25 3.116830476449798
1 26 2.915469501451673
1 27 3.1277441440118
1 28 3.4466739152690824
1 29 3.4896163040714403
2 0 3.5936609248891775
2 1 3.3455323706598326
2 2 3.06294140404423
2 3 3.3909945731072755
2 4 3.5231852771477223
2 5 3.399308567751243
2 6 3.229873385333685
2 7 3.1266815219187656
2 8 3.909041382278898
2 9 3.601245139079654
2 10 3.759288450875643
2 11 3.499092418470672
2 12 3.338902091386412
2 13 3.4236600056055826
2 14 3.303994282841132
2 15 3.4187314196365737
2 16 3.4435337968494597
2 17 3.430678428761751
2 18 3.5944636538000587
2 19 3.5957009855844104
2 20 3.1907102079926926
2 21 3.2813297335090237
2 22 3.101462846055486
2 23 3.5993691080769223
2 24 3.2501870452807093
2 25 3.1389288423513673
2 26 3.180754323231812
2 27 3.100436372904045
2 28 3.173329195033042
2 29 3.3132325974438013
3 0 3.2594222640053596
3 1 3.318118055464608
3 2 3.1329227576769116
3 3 3.714928005166973
3 4 3.569628364613217
3 5 3.3075190391513836
3 6 3.754405479658536
3 7 3.6379038374320487
3 8 3.6372799457713305
3 9 3.2992628815002307
3 10 4.034524162713084
3 11 4.018777661906661
3 12 3.62826164428891
3 13 3.605280632601986
3 14 3.582092618920998
3 15 3.91938564453978
3 16 3.613964275154808
3 17 3.3468959098368076
3 18 3.627663650459397
3 19 3.396888408547155
3 20 3.7986897054646955
3 21 3.611058769660251
3 22 3.174243359747264
3 23 3.167889542833396
3 24 3.316172106938514
3 25 3.4883850266672707
3 26 3.2624955737906967
3 27 3.527277878793391
3 28 3.2216466206261933
3 29 2.9810863373735064
4 0 3.434407187967151
4 1 3.3717765655511567
4 2 3.5856139240060267
4 3 3.773929331277732
4 4 3.118642128628335
4 5 3.7071063788599528
4 6 3.672445246625062
4 7 3.8034126611614627
4 8 3.7782735293641467
4 9 3.6093600693752323
4 10 3.5849667119068847
4 11 4.048078312410325
4 12 3.743892382989529
4 13 3.803524554919999
4 14 3.809783331162122
4 15 3.306022256544752
4 16 3.7683256049646663
4 17 3.4341530788974963
4 18 3.7459595457993884
4 19 3.2275912059961573
4 20 3.476080321873096
4 21 3.4578946961411807
4 22 3.316240929294415
4 23 3.3054052361824335
4 24 3.2360113919619384
4 25 3.3030501711868188
4 26 3.5040112800192924
4 27 3.2402335893454883
4 28 3.3944680511827134
4 29 3.3390454031795254
5 0 3.428776019146428
5 1 3.547557863256386
5 2 3.4923047643555
5 3 3.05797637725414
5 4 3.5573698279701897
5 5 3.8261722308479116
5 6 3.5307883826472803
5 7 3.872080999372243
5 8 3.6889869796773853
5 9 3.983246424012026
5 10 4.003746412512017
5 11 3.9671623142696992
5 12 3.6777025636282645
5 13 3.5779508758468888
5 14 3.6050046273128844
5 15 3.932793369603326
5 16 3.746671546543941
5 17 3.5622474392581647
5 18 3.9310249257857515
5 19 3.896073830775071
5 20 3.883292750623172
5 21 3.5915656779527954
5 22 3.5651945786022026
5 23 3.5748122757724494
5 24 3.497883190782189
5 25 3.312547618039472
5 26 3.0964208031314184
5 27 3.2853874378184695
5 28 3.389289987692833
5 29 2.8444157321924197
6 0 3.0882972712752697
6 1 3.58054966944746
6 2 3.4370842927826857
6 3 3.275466897489317
6 4 3.612001416834423
6 5 3.37794491808591
6 6 3.8446208276002225
6 7 3.251384627635678
6 8 4.093215882128661
6 9 3.9027920271546157
6 10 4.2916779714784505
6 11 3.781772615900384
6 12 3.562825567692087
6 13 3.854678405355093
6 14 4.071204391231365
6 15 4.140336981882627
6 16 3.963284656597814
6 17 3.850003994898601
6 18 3.3878927537695267
6 19 3.9981603093452276
6 20 3.846095643529568
6 21 3.69506150882474
6 22 3.5334030119424544
6 23 3.386589484109159
6 24 3.821782852590299
6 25 3.4408700924043996
6 26 3.6347238564366195
6 27 3.292687499005572
6 28 3.6700269889569817
6 29 3.282873970748434
7 0 3.374526122376587
7 1 3.5263144393942407
7 2 3.424402570295104
7 3 3.416437470418521
7 4 3.624665192638524
7 5 3.7052894646748955
7 6 4.042898781632267
7 7 3.734477435025977
7 8 3.8030726236190926
7 9 4.2210652882603705
7 10 4.161441704535191
7 11 4.197206230491427
7 12 3.8392612147377894
7 13 4.134786447427571
7 14 3.7538955292492355
7 15 3.875697379392693
7 16 4.189433871033599
7 17 3.673884648060658
7 18 3.714654535768756
7 19 3.611462737067216
7 20 3.508192690692488
7 21 3.6549429455643265
7 22 3.5460208272716445
7 23 3.1239843433474253
7 24 3.7906159708259985
7 25 3.8329477211025917
7 26 3.2657330239234006
7 27 2.9175558114239495
7 28 3.2413235761357235
7 29 3.2403911748114216
8 0 3.766343354249857
8 1 3.535725814936021
8 2 3.4283974635103722
8 3 3.7826589602859477
8 4 3.6666817409307217
8 5 3.7852304758792115
8 6 3.7103763567211137
8 7 3.704805980585249
8 8 4.413163536408183
8 9 3.922876896907886
8 10 4.340397843133954
8 11 3.985097840770868
8 12 3.876864724261455
8 13 3.8488377631128707
8 14 4.523818769486963
8 15 4.054049906110902
8 16 3.8594978813961234
8 17 4.081747858810642
8 18 3.6596752174868703
8 19 3.607354432034825
8 20 3.7387825007994127
8 21 3.723432583278044
8 22 3.6652684353647684
8 23 3.7104257638473634
8 24 3.3993296960676016
8 25 3.562047479940395
8 26 3.817112140895138
8 27 3.5479716079517525
8 28 3.242829509795636
8 29 3.1219265415472925
9 0 3.4329761906309675
9 1 3.5232482096783992
9 2 3.2863851217261475
9 3 3.6409779190816054
9 4 3.473458894404813
9 5 4.107001504650794
9 6 3.610816578682688
9 7 3.8393529315334405
9 8 3.7975367860045384
9 9 3.955661297068948
9 10 3.9853250869641395
9 11 3.697521040518973
9 12 3.5414289346706505
9 13 3.6155212810764557
9 14 3.8704869395930412
9 15 4.179344142196305
9 16 4.078668039634842
9 17 3.91076037137139
9 18 3.920329079393913
9 19 3.985656178789667
9 20 3.9714144251961896
9 21 3.467983083424935
9 22 3.7383303168615614
9 23 3.7827783141414693
9 24 3.9322007362565303
9 25 3.2733372466120403
9 26 3.8200129709142985
9 27 4.142594229414993
9 28 3.4912931302924473
9 29 3.348730083658936
10 0 3.721644585355637
10 1 3.1837953516266686
10 2 3.6179610476525554
10 3 3.4791314815678063
10 4 3.951733404899824
10 5 3.9787162750486775
10 6 3.991253882594293
10 7 3.3471974031637264
10 8 3.9399786137081945
10 9 3.9856573011619716
10 10 3.777213382305808
10 11 3.516759761970094
10 12 3.7429918226476624
10 13 3.8109740472521776
10 14 4.033292843655194
10 15 3.8048610409199926
10 16 4.1510761525286615
10 17 3.556804587485671
10 18 4.291794058994598
10 19 3.8996972837404216
10 20 3.6504477188133913
10 21 3.844550384688109
10 22 3.63854768358171
10 23 3.893030722464401
10 24 3.581122093092298
10 25 4.338656922064382
10 26 3.4376909561239395
10 27 3.295574952194186
10 28 3.821823174076763
10 29 3.5071705015074417
11 0 3.514704444886667
11 1 3.3309975900238844
11 2 3.5842687148519374
11 3 3.4226386892392386
11 4 3.596223997554503
11 5 4.135152538996666
11 6 4.162204318966555
11 7 3.850504130271039
11 8 4.358464185288252
11 9 3.6936121386739282
11 10 4.062964159310375
11 11 3.5626862738398035
11 12 3.783596677379187
11 13 3.6297247509663713
11 14 3.3806532515062786
11 15 3.997342893870073
11 16 4.069517889286627
11 17 3.5809818949793253
11 18 3.82216705045556
11 19 3.869829539736985
11 20 3.4936489331418654
11 21 3.579411486651293
11 22 4.0264475038092105
11 23 3.354672333424484
11 24 3.637372813273589
11 25 3.458833725241731
11 26 3.6980787642099453
11 27 3.3380887693374293
11 28 3.649955455661899
11 29 3.752870833167352
12 0 3.560760326456585
12 1 3.559449520716963
12 2 3.872636723208741
12 3 3.274761023435713
12 4 3.9904286065312116
12 5 3.8545285723550786
12 6 4.073837414917585
12 7 3.6788753230645757
12 8 3.9799416251096162
12 9 3.786608708788682
12 10 4.3952950016535866
12 11 3.9227730863669454
12 12 3.967631171452379
12 13 4.275691003151774
12 14 3.9017558407042756
12 15 4.29575922560638
12 16 4.049924760334345
12 17 3.7258108421349134
12 18 3.8499082684548647
12 19 4.113636897376793
12 20 3.886056044447955
12 21 3.6387706405051783
12 22 3.8216260122410652
12 23 4.074640048380352
12 24 3.5031853805779822
12 25 3.7851052896637705
12 26 3.433650033421909
12 27 4.198548735809732
12 28 3.275829969889145
12 29 3.232335673673006
13 0 3.434683269699552
13 1 3.313388385546646
13 2 3.8239300203774524
13 3 3.432718182547669
13 4 3.703734285213707
13 5 4.105356470474109
13 6 3.2799167813191183
13 7 3.9272560030992345
13 8 4.133362111553154
13 9 3.699592670687635
13 10 4.12791736377069
13 11 4.287634077942369
13 12 4.1326192579587815
13 13 3.8618407369099463
13 14 4.015677795550753
13 15 4.00207661137401
13 16 4.17327470549832
13 17 4.019725825299262
13 18 3.7696885625037133
13 19 3.8469720112266295
13 20 4.019131162229651
13 21 3.7640498219344853
13 22 4.109180149940935
13 23 3.6533897784031004
13 24 4.0159880005371065
13 25 3.4713243244721594
13 26 3.539609245333788
13 27 3.7238685021582856
13 28 3.361594086879399
13 29 3.651998164973885
14 0 3.493922758762094
14 1 3.265215460912989
14 2 4.1165041531991715
14 3 3.3103223208334733
14 4 3.7045192642792504
14 5 3.873209198365459
14 6 3.5720940586949745
14 7 4.15668904967711
14 8 3.797014602008067
14 9 3.874981813656978
14 10 3.878631330300279
14 11 3.892269905880338
14 12 4.450563310903213
14 13 3.913159850396687
14 14 4.273307585034206
14 15 3.900778396243687
14 16 3.8717500538166507
14 17 4.064051904550253
14 18 3.584626075221235
14 19 3.6452153480806775
14 20 3.8970387931497683
14 21 3.8377676566408616
14 22 3.7828588363235838
14 23 3.4275934821395166
14 24 4.0099975204318
14 25 3.771054831531519
14 26 3.3927267013653486
14 27 3.8718178401135415
14 28 3.7546810780835687
14 29 3.695990987221496
15 0 3.2442256435349175
15 1 3.363135426635144
15 2 3.573701258454632
15 3 3.508848038352357
15 4 3.3694722962396204
15 5 3.8188371013364106
15 6 3.6307494472847517
15 7 4.1783215052216205
15 8 4.0339138867893976
15 9 4.016089233809632
15 10 3.6865137458366504
15 11 4.205447311122494
15 12 3.8793990833743703
15 13 3.9393732723505597
15 14 3.976486036044352
15 15 4.073513413413736
15 16 4.004940318949977
15 17 4.093440217418668
15 18 3.8226273894716902
15 19 4.259604807290945
15 20 4.0091129195377775
15 21 3.92807805106285
15 22 3.843678175084286
15 23 3.996951065496147
15 24 3.630749447287103
15 25 3.3217891578763696
15 26 3.944962349447365
15 27 3.548004433080706
15 28 3.675006420791872
15 29 3.9379025357669777
16 0 3.5864292171782313
16 1 3.0735980412728505
16 2 3.49247667537451
16 3 3.7113953764099086
16 4 3.0449229969675717
16 5 3.6209191590793095
16 6 3.535217380434303
16 7 3.432094589796776
16 8 3.6578995354227968
16 9 3.4847113728152266
16 10 4.345452509561267
16 11 4.171280909169738
16 12 3.3832688952934773
16 13 3.880498894385143
16 14 3.8717500538166507
16 15 3.872236115295672
16 16 3.725386287737179
16 17 4.569359260199411
16 18 4.217209450818427
16 19 3.6958599783225625
16 20 3.814541338919062
16 21 4.26670213017193
16 22 3.824797635682853
16 23 3.685948013816923
16 24 4.282902415292611
16 25 3.498598291445758
16 26 4.01102413198327
16 27 3.882045753968911
16 28 3.1635496484477046
16 29 3.4600578261273602
17 0 3.4408805031977034
17 1 3.335264913177121
17 2 3.2866063284055653
17 3 3.490586716637458
17 4 3.713866931255354
17 5 3.664663907098873
17 6 3.743379543545247
17 7 3.6265594985114076
17 8 4.255775490085824
17 9 3.736757617786769
17 10 3.8242503015391507
17 11 3.969428177349429
17 12 3.499593520347665
17 13 4.019725825299262
17 14 3.902960321165019
17 15 3.7357513692503788
17 16 4.29278873301637
17 17 3.8913392021189326
17 18 3.79440609288121
17 19 3.6961516436072768
17 20 3.8107577305432168
17 21 3.9400423873807857
17 22 3.616106717073845
17 23 3.540288842678848
17 24 3.929090621777523
17 25 3.7425262750520143
17 26 3.3807084753971273
17 27 3.627435785005559
17 28 3.8304259377466328
17 29 3.3198221494088447
18 0 3.5035870276946524
18 1 3.5799442313633105
18 2 3.2886428641625898
18 3 3.731565098866817
18 4 3.5117368314004103
18 5 3.513959676768769
18 6 3.908840578830922
18 7 3.82567131656326
18 8 3.4831711571972317
18 9 3.67267223032298
18 10 3.4005839403611744
18 11 4.237804808197378
18 12 3.8499082684548647
18 13 3.6365417299022877
18 14 4.057075892930786
18 15 3.997071614103169
18 16 4.1948221610120076
18 17 4.074990118274361
18 18 3.6363532289817626
18 19 3.5343042952900836
18 20 3.6912545163356496
18 21 4.27021135359043
18 22 3.8569725434087188
18 23 3.9618657325341022
18 24 3.686070135786208
18 25 3.5915665648003876
18 26 3.859558518831179
18 27 3.2024269446117763
18 28 3.484505719043322
18 29 3.4306395260072984
19 0 3.1770975863512723
19 1 3.550012950290857
19 2 3.362641177808777
19 3 3.380967237791996
19 4 3.745600804402423
19 5 3.7461628956190363
19 6 3.755839720339213
19 7 3.540428744766853
19 8 3.5961571559485983
19 9 4.0673086553715585
19 10 3.8611626520825806
19 11 3.869829539736985
19 12 4.271833762274017
19 13 3.820811279935492
19 14 3.971312925507763
19 15 4.110289928955106
19 16 4.051196045193646
19 17 3.847614523718464
19 18 3.6159863670523436
19 19 3.4511032585518775
19 20 3.9284625350488223
19 21 4.301049678722279
19 22 3.9438262584231984
19 23 4.256065703318182
19 24 3.6015995591330285
19 25 3.4346991405134393
19 26 3.980502411138954
19 27 3.5849946270725463
19 28 3.4605984262752587
19 29 3.569386198992569
20 0 3.406445671584018
20 1 3.298636039253605
20 2 3.314933197047009
20 3 3.0456836564009637
20 4 3.6270005957588642
20 5 3.5541445315600932
20 6 3.554918760702942
20 7 3.7521861966086125
20 8 3.2303203824965765
20 9 3.6968552011085154
20 10 3.6504477188133913
20 11 3.634846648545088
20 12 3.7298835221760704
20 13 3.6437278171669476
20 14 3.9544336080418003
20 15 3.8960987975722663
20 16 3.745750642198072
20 17 3.8466933425761476
20 18 3.736277935970268
20 19 3.4425781107411098
20 20 3.700232131308147
20 21 3.8896470264595218
20 22 4.0140473444720985
20 23 4.245852215036847
20 24 3.860730950125175
20 25 3.8480449591184964
20 26 3.4386078194532756
20 27 3.5712648499467803
20 28 3.732920241628553
20 29 3.3920409006008834
21 0 3.2355365071739484
21 1 3.594373607035172
21 2 3.370830837054424
21 3 3.593652621201443
21 4 3.7557390566520676
21 5 3.726468968291095
21 6 3.7409162338840627
21 7 3.592215654424607
21 8 3.5153112016794337
21 9 3.467983083424935
21 10 3.613852197786284
21 11 3.5127431809643794
21 12 4.08386807154299
21 13 3.650979161783422
21 14 4.539547976198311
21 15 4.171990457489012
21 16 3.5989183477660776
21 17 4.08306848568309
21 18 3.5167021228692965
21 19 3.5540827242921322
21 20 3.351123131687188
21 21 3.769627721218498
21 22 3.4927814828053707
21 23 3.73457980727241
21 24 3.919335716748039
21 25 3.864090134186339
21 26 3.6642107877332784
21 27 3.3474213359753415
21 28 3.620006287697539
21 29 3.523248209697854
22 0 3.090231680211029
22 1 3.4378855950133764
22 2 3.346010448742424
22 3 3.028704556607813
22 4 3.2538267271457
22 5 3.46536947234187
22 6 3.695770287003681
22 7 3.503322093127129
22 8 3.6652684353647684
22 9 3.7588938459761225
22 10 3.944628096295625
22 11 3.980529028452737
22 12 3.941364861887274
22 13 3.6656699164837248
22 14 4.0866663649124115
22 15 4.254697575883223
22 16 4.224047646208179
22 17 4.008677432906322
22 18 3.8922592896791492
22 19 3.6045983652045344
22 20 4.097751529029816
22 21 4.186011408765425
22 22 3.5210909071297563
22 23 3.5567063036725957
22 24 3.7649741694742893
22 25 3.4244121771445806
22 26 3.553894787538048
22 27 3.4089820786280844
22 28 3.5926838489305064
22 29 3.642739308151034
23 0 3.192155663542661
23 1 3.002679080905257
23 2 3.3336331148725673
23 3 3.360889183636624
23 4 3.0256368419428052
23 5 3.847920173137697
23 6 3.3792479876282098
23 7 3.1239843433474253
23 8 3.992006184092708
23 9 3.959154119562248
23 10 3.6616900246548343
23 11 3.7755179827467398
23 12 3.539606555809748
23 13 3.6738846480614495
23 14 3.6260111238697097
23 15 4.1513447711836
23 16 4.104162486612439
23 17 3.8679470615375355
23 18 4.006613626663247
23 19 3.62452619671146
23 20 3.80660879817667
23 21 3.6468675368552446
23 22 3.8240583094755483
23 23 3.4339758724031104
23 24 3.4914916812254564
23 25 3.642865815534818
23 26 3.1005641502748773
23 27 3.632006182764531
23 28 3.5537066321515387
23 29 3.4750846897031624
24 0 3.2352041592796215
24 1 3.2288519940136684
24 2 3.5780673149731754
24 3 3.397818006636065
24 4 3.2581343067006676
24 5 3.6772169861275112
24 6 3.821782852590299
24 7 3.572215166476078
24 8 3.461647750777228
24 9 3.4824749332879166
24 10 3.71347165582239
24 11 3.422532318380034
24 12 3.662891367183586
24 13 3.628896601468509
24 14 3.9402154793196043
24 15 3.649941738682768
24 16 4.21761661411926
24 17 4.021341461795662
24 18 4.272047547321834
24 19 3.7127534806851887
24 20 3.8693523217334773
24 21 3.753581340342741
24 22 3.7457872153681695
24 23 3.4625429868787565
24 24 2.9882679670009145
24 25 2.735581622472818
24 26 2.5277438661559812
24 27 3.258124915337943
24 28 3.6345931966175966
24 29 3.457155800904839
25 0 3.075845746089243
25 1 2.9520646536430046
25 2 3.3767987469513816
25 3 3.4989690303339986
25 4 3.2923168131252614
25 5 3.312547618039472
25 6 3.7452944408621134
25 7 3.587694482172024
25 8 3.2733199466371183
25 9 3.6198800222915732
25 10 3.723043812921756
25 11 3.4466971332491947
25 12 3.7880785648493465
25 13 3.738105224235563
25 14 3.5122200463667017
25 15 4.086705259653825
25 16 3.727718336529595
25 17 3.948083725074737
25 18 3.931900140952438
25 19 3.7251770470104866
25 20 3.7932663873666947
25 21 3.7952060056202557
25 22 3.51418575051242
25 23 3.238712761721544
25 24 2.8219642834513565
25 25 2.370467651626186
25 26 2.8498146300310925
25 27 3.0126889980263027
25 28 3.3084992505128823
25 29 3.7573596724256406
26 0 3.497857399238109
26 1 3.169927600176716
26 2 3.1995505210594732
26 3 3.484189400126135
26 4 3.5040112800192924
26 5 2.9803383728526387
26 6 3.3527199995412613
26 7 3.715377978655284
26 8 3.591340630493953
26 9 3.6093669293898842
26 10 3.7724733775324353
26 11 3.8423704833301544
26 12 3.2636091730988532
26 13 3.5835610375264872
26 14 3.889667037684645
26 15 3.4010619107389553
26 16 3.866679736946699
26 17 3.990845283754168
26 18 3.5151879002205932
26 19 4.107440994944954
26 20 3.5986064077123325
26 21 3.774243226502823
26 22 3.702080587521833
26 23 3.1746943299688657
26 24 2.9921181597437556
26 25 2.7928759067602065
26 26 3.0213197323430467
26 27 3.3879592861573835
26 28 3.360183867169785
26 29 3.551126382917436
27 0 3.5771917873788364
27 1 3.3755512421117566
27 2 3.2815362052402253
27 3 3.527277878793391
27 4 3.0725486146002323
27 5 3.102185962343433
27 6 3.2380700267628963
27 7 3.443912090131962
27 8 3.94323905928334
27 9 3.376769837582205
27 10 3.5023226840260113
27 11 3.564555336406477
27 12 3.7526043320782683
27 13 3.415289959413474
27 14 3.9491661213172153
27 15 3.756449908750115
27 16 3.6157167674120783
27 17 4.0503215087005175
27 18 3.751977943386377
27 19 3.5110952965746915
27 20 3.7680933217899515
27 21 3.8339172309844396
27 22 3.8962950119346265
27 23 3.644498225106682
27 24 3.3660939310112394
27 25 3.216605557833865
27 26 3.3634404447552115
27 27 3.819363732316464
27 28 3.3550408465651946
27 29 3.574327171185693
28 0 3.272750143714466
28 1 3.4135095568474245
28 2 3.173329195033042
28 3 3.048762433355803
28 4 3.103884362448614
28 5 3.6819238516742137
28 6 3.2984779380730562
28 7 2.9892707665913782
28 8 3.634294587576132
28 9 3.7211175832845975
28 10 3.197151749463813
28 11 3.2523277383140314
28 12 3.67699514555105
28 13 3.5289473843937573
28 14 3.461091649226026
28 15 3.8066725736411735
28 16 3.6335091075726647
28 17 3.729462646887694
28 18 3.6160353991102796
28 19 3.9398008939702
28 20 3.5560836697581952
28 21 3.313057531752418
28 22 3.510695619943593
28 23 3.4247715487497543
28 24 3.8611471661961647
28 25 3.5818361914851637
28 26 3.369632407993105
28 27 3.5583203516042543
28 28 3.1029111064753314
28 29 3.295380729912146
29 0 3.1184171756456283
29 1 3.4896163040714403
29 2 3.389331746744276
29 3 3.098935974264638
29 4 3.244235211190342
29 5 3.2539710174142695
29 6 3.4957508118717384
29 7 3.1083638438590624
29 8 3.2002062541070315
29 9 3.6301604180905707
29 10 3.8065374837068315
29 11 3.3095821725455754
29 12 3.635790445825508
29 13 3.890420629788978
29 14 3.5286905631612453
29 15 2.950434757062042
29 16 3.491178270274074
29 17 4.039164217795369
29 18 3.705582874779319
29 19 3.647409915973359
29 20 3.2969027301207015
29 21 3.8471468151580805
29 22 3.6988049039209936
29 23 3.368036246513094
29 24 3.482439837788985
29 25 3.756126547331282
29 26 3.415768659849565
29 27 3.4979140209361748
29 28 3.3613406122155665
29 29 3.8023278304844985
