0 0 3.1612764468826327
0 1 3.0322324701890055
0 2 3.3658246480321914
0 3 3.467748390651741
0 4 3.2900130359397273
0 5 3.272108953041525
0 6 3.1687452566309458
0 7 3.5803796902754126
0 8 3.618428251884684
0 9 3.5068058326555684
0 10 3.2476700761075348
0 11 3.437763064495183
0 12 3.01764114493171
0 13 3.223380501603044
0 14 3.568726590911405
0 15 3.453928430943457
0 16 3.2415097627159812
0 17 3.416868092089401
0 18 3.201099603261307
0 19 3.4868807687918673
0 20 3.288837482985156
0 21 3.9038046720108026
0 22 3.4389856059521766
0 23 3.2861640515204678
0 24 3.2326095187555817
0 25 3.2479572882828354
0 26 2.9391222577027123
0 27 3.5021909801365743
0 28 3.3281323833233873
0 29 3.2941963057052073
1 0 3.1753998369005587
1 1 3.210537132854143
1 2 3.223426679247172
1 3 3.2135813929281256
1 4 3.2521136839233273
1 5 3.530556130631092
1 6 3.6583012543924784
1 7 3.0829570603251626
1 8 2.9572627933152207
1 9 3.4116868193786116
1 10 3.497649452368806
1 11 3.5940330577509663
1 12 3.9516634281116807
1 13 3.707611784700006
1 14 3.690782364370613
1 15 3.7328854018602775
1 16 3.5615270959539354
1 17 3.6964473243129787
1 18 3.7087965648704304
1 19 3.3016162814185543
1 20 3.2848864955254937
1 21 3.3592284779159622
1 22 3.572234595839412
1 23 3.411892218598141
1 24 3.4565783844662272
1 25 3.0359043278161324
1 26 3.1051347019130606
1 27 3.2130255473142135
1 28 3.1844994377287414
1 29 3.1564522867247886
2 0 3.0713225110783164
2 1 3.2444910543894356
2 2 3.2046943502719256
2 3 3.3606867866808154
2 4 3.5572051934353173
2 5 3.3250832718852914
2 6 3.2250548018688074
2 7 3.363335661791074
2 8 3.500070646615748
2 9 3.7087905546612996
2 10 3.302462004223375
2 11 3.4038411221558627
2 12 3.7582877872594627
2 13 3.686729283553472
2 14 3.4828572432463836
2 15 3.413619714662315
2 16 3.5894296272853077
2 17 3.501130797725067
2 18 3.426336054469756
2 19 3.6676932039760195
2 20 3.7023014259767817
2 21 3.57933368279438
2 22 3.2955801502798683
2 23 3.2718478398560333
2 24 3.3814084952237535
2 25 3.5088519219492746
2 26 3.2933370507930566
2 27 3.318893422974772
2 28 2.8970319722526257
2 29 2.8983066379573974
3 0 3.3973898349941654
3 1 2.975138299835694
3 2 3.368167669997385
3 3 3.4749964335847263
3 4 3.5071271194971825
3 5 3.37457114927319
3 6 3.227148683195823
3 7 3.581718012603269
3 8 3.7163279006969887
3 9 3.6338053929992444
3 10 3.9014942707610936
3 11 3.9565566137954176
3 12 3.77611910989542
3 13 3.5760920891455688
3 14 3.7507723229007306
3 15 3.8457524604491273
3 16 3.9204492027425664
3 17 4.213987533660122
3 18 3.39766245733234
3 19 3.4823677308893153
3 20 3.543521138236152
3 21 3.493509915122773
3 22 3.6827860967173836
3 23 3.3089386638571017
3 24 3.2159397078502083
3 25 3.177243239565713
3 26 3.225334645592443
3 27 3.229565268300303
3 28 3.014671079025076
3 29 3.059897495067553
4 0 3.26264572240879
4 1 3.170490286464712
4 2 3.4794801142559724
4 3 3.365961768122571
4 4 3.4963991141789768
4 5 3.421991910010155
4 6 3.5043049591736137
4 7 3.8286809348540656
4 8 3.4491167456953304
4 9 3.7343689326706873
4 10 3.8696493897457955
4 11 3.514403138391413
4 12 3.684747258034795
4 13 3.8371727860191407
4 14 3.9993355586810027
4 15 3.499205901475588
4 16 3.3385978450421594
4 17 3.492490072665785
4 18 3.4453235271984415
4 19 3.9863550414159885
4 20 3.4236702336527287
4 21 3.5976391259933185
4 22 3.421783681846267
4 23 3.6184645885472704
4 24 3.399764458574102
4 25 3.1360342021312126
4 26 3.0867262807193883
4 27 3.3543495341908236
4 28 3.617205350957367
4 29 3.032144852856676
5 0 3.061018160568442
5 1 2.9934917573119537
5 2 3.660623380358632
5 3 3.2245386081239267
5 4 3.4842390204805955
5 5 4.18404313032864
5 6 3.5713780197105454
5 7 3.6482617378273132
5 8 3.749938499288167
5 9 3.685167373506911
5 10 3.841363199687953
5 11 4.063846638502643
5 12 3.5383852613963023
5 13 3.653558415976097
5 14 3.5722817370199778
5 15 3.7567201908754972
5 16 3.7339158926523046
5 17 4.118361031154494
5 18 3.7606712514618934
5 19 3.943578382203243
5 20 4.130874576960949
5 21 3.504975963027858
5 22 3.3435581100012466
5 23 3.9328730920843404
5 24 3.520480997428047
5 25 3.208640326026345
5 26 2.9208817209280675
5 27 3.567785100207965
5 28 3.410009716768721
5 29 3.140620002348583
6 0 3.2469925082939803
6 1 3.088729033024009
6 2 3.4067138032825697
6 3 3.5468826817443757
6 4 3.5677984036076986
6 5 3.6044502550405646
6 6 3.433549406667662
6 7 3.55955175701573
6 8 3.5840498229210453
6 9 4.089482585122149
6 10 3.7208916627980404
6 11 4.041181494420023
6 12 3.590404368608312
6 13 3.8602376540162266
6 14 3.5057769479335095
6 15 3.954283390761421
6 16 4.304890140898282
6 17 3.7493606486593327
6 18 3.8933324272373366
6 19 3.249610169306863
6 20 3.478556283054579
6 21 3.4691752804040594
6 22 3.1974276731282396
6 23 3.2685114331449814
6 24 3.4282229991280753
6 25 3.7342738651149263
6 26 3.2793169716559967
6 27 2.799784164249312
6 28 3.1901377498106203
6 29 3.1931232615372314
7 0 3.197079481138105
7 1 3.4460343510670763
7 2 3.501975768507084
7 3 3.1851970015049553
7 4 3.4533075951174395
7 5 3.7894543896497113
7 6 3.806583111897499
7 7 3.2513136665312112
7 8 4.176639283567577
7 9 3.6658939241982047
7 10 4.033463827839119
7 11 4.28865924508282
7 12 4.181304101469114
7 13 4.221761537989965
7 14 4.571635684733987
7 15 3.9408877593390748
7 16 3.848116096742356
7 17 4.372539936692442
7 18 3.812103866494193
7 19 3.8818016210299726
7 20 3.642727694987516
7 21 4.0130104693078215
7 22 3.752245799534187
7 23 3.5316035861204593
7 24 3.528634358711354
7 25 3.5744369839417915
7 26 3.43748113124801
7 27 3.4007638328522485
7 28 3.1656362188576534
7 29 3.3435536943650246
8 0 3.324558053740213
8 1 3.754535556577099
8 2 3.1171745979384093
8 3 3.1196405809847616
8 4 3.8384106861048144
8 5 3.7153079668202524
8 6 3.905513519361499
8 7 3.7697579036284488
8 8 3.86370072439839
8 9 4.147165293426508
8 10 4.574533005871647
8 11 4.3095385301713405
8 12 3.8995826753990817
8 13 3.6002688314138696
8 14 3.806305288898199
8 15 4.108458712892813
8 16 4.270218900524209
8 17 3.6046097795462213
8 18 4.174743188599785
8 19 3.692788564441879
8 20 3.9908292852036378
8 21 3.5056261110368596
8 22 3.7290867012865125
8 23 3.5677634839320658
8 24 3.39620200119091
8 25 3.675186022876834
8 26 3.444146555681133
8 27 3.555168754206351
8 28 3.2647572194241787
8 29 3.129799259697694
9 0 3.4381635273761995
9 1 3.3293959693827824
9 2 3.59896708396113
9 3 3.9653091213338643
9 4 3.580938405884952
9 5 3.962554949310769
9 6 3.8706520327608844
9 7 4.2246231887989945
9 8 3.58946162938733
9 9 3.676559105703942
9 10 3.9722527112053445
9 11 4.031975974021069
9 12 3.2808007467276594
9 13 4.0004273600449025
9 14 3.379372200954529
9 15 4.04886486021156
9 16 4.577606189824942
9 17 4.187055599049846
9 18 4.013752678540128
9 19 3.8173495581753167
9 20 3.922439767023377
9 21 4.038410126427502
9 22 3.7745581844732237
9 23 3.642283539293016
9 24 3.706552518218021
9 25 3.412202992154348
9 26 3.533765600814799
9 27 3.722660230385057
9 28 3.50137630820563
9 29 3.1452623166755744
10 0 3.372658888326295
10 1 3.248465439427339
10 2 3.440380134101565
10 3 3.805934510083968
10 4 3.813165558527999
10 5 3.8024559255122248
10 6 3.553030786270256
10 7 3.88303129961961
10 8 3.7557481031168276
10 9 3.7163220623363284
10 10 3.9287177178156174
10 11 3.8705700627824187
10 12 3.90439421692521
10 13 3.4643672630960056
10 14 3.442984372263251
10 15 4.0340945995022635
10 16 4.341369425320543
10 17 4.082742481894512
10 18 3.8105421691606445
10 19 4.37018865523187
10 20 3.8235544872239897
10 21 3.6351121189683226
10 22 3.887581178759079
10 23 3.313972032014681
10 24 3.5321394173751086
10 25 3.821797648754413
10 26 3.5133947383560673
10 27 3.435176719724392
10 28 3.5711191896932597
10 29 3.20865781344236
11 0 3.5231887420269583
11 1 3.077850673665839
11 2 3.3349530169749046
11 3 3.523152068933345
11 4 3.6566365177601607
11 5 4.088718922397582
11 6 3.6750780508530956
11 7 4.048844869565797
11 8 4.22311047142202
11 9 3.8053136515997443
11 10 4.179349126301209
11 11 4.442937083360383
11 12 3.281633433310362
11 13 3.698729628084912
11 14 3.452259791718338
11 15 3.569895634003272
11 16 4.073144537210176
11 17 3.5345964103819183
11 18 3.552782808581023
11 19 3.8258901496547373
11 20 3.9719555576099035
11 21 3.7085729428049934
11 22 4.109896795822242
11 23 3.4081863104129924
11 24 3.3030571993501088
11 25 3.819613352193838
11 26 3.7256651102812772
11 27 3.6148316384536385
11 28 3.5363198251258163
11 29 3.6413907788669695
12 0 3.517562761970391
12 1 3.3727817300356113
12 2 3.4749038838244064
12 3 3.750807015081272
12 4 3.1357798364889318
12 5 3.6420731888063362
12 6 3.2927622413228796
12 7 3.7500358990138323
12 8 3.891154027553609
12 9 3.6668814179586886
12 10 3.9778177212960397
12 11 4.046810532041873
12 12 3.9123998550408965
12 13 4.023548820018068
12 14 3.8995137379152314
12 15 4.19093367165862
12 16 4.161535489577068
12 17 3.72151868906026
12 18 3.768115765544268
12 19 3.8379495472265757
12 20 4.108584675864794
12 21 3.3715933701078233
12 22 4.318075178100956
12 23 4.063878010505306
12 24 3.4404646428146375
12 25 3.6793096722087153
12 26 3.9062477144436034
12 27 3.8465321814653968
12 28 3.1700136410129978
12 29 3.2837011819165
13 0 3.264832627514506
13 1 3.09609943989759
13 2 3.21218217732522
13 3 4.005950630110011
13 4 3.4191939531343927
13 5 4.061243902324572
13 6 3.5508027012730317
13 7 3.811780463329194
13 8 3.6498195810687037
13 9 4.068763085599013
13 10 4.292157340443038
13 11 4.290709392058865
13 12 4.03883765694061
13 13 3.8646127904239354
13 14 3.651876139137481
13 15 3.7631760832645513
13 16 3.7362261014203435
13 17 3.8160022648242844
13 18 4.00331372499404
13 19 3.6572618237912087
13 20 4.101463999777156
13 21 3.992898419330112
13 22 3.5053611744448716
13 23 3.858500221558915
13 24 4.147947987936948
13 25 3.665158458760714
13 26 3.9700857270244154
13 27 3.76628433220492
13 28 3.742139583595864
13 29 3.358640829710936
14 0 3.4549883387719675
14 1 3.1743491517887428
14 2 3.7009178642923253
14 3 3.7633265208399127
14 4 3.508799162395717
14 5 3.7691742704759994
14 6 3.3655959525917885
14 7 4.205369471193729
14 8 4.008012699526126
14 9 3.862573554173052
14 10 3.8042961806609044
14 11 3.9065346425200156
14 12 3.6391517133466813
14 13 4.218436477390267
14 14 4.107878594822212
14 15 3.9702284213732324
14 16 4.155801615996503
14 17 4.133612268012507
14 18 3.8805238962404216
14 19 4.260622288058859
14 20 3.539384332622746
14 21 3.9696473923109163
14 22 3.7804270183566695
14 23 3.53849081398933
14 24 3.7748412747277897
14 25 3.6706761896832965
14 26 3.3208280717128784
14 27 3.6849355331434483
14 28 3.8274532983575473
14 29 3.4288262161120855
15 0 3.307679966449175
15 1 3.2426436556178326
15 2 3.4889624573029367
15 3 3.7906518764934924
15 4 3.26633258422743
15 5 3.841505406099961
15 6 3.6647024582185193
15 7 3.561998850374961
15 8 3.8862462618464417
15 9 3.9224761805820405
15 10 4.039055946782747
15 11 3.958164286734267
15 12 3.7876900550984853
15 13 3.901087556111351
15 14 4.067871383485534
15 15 3.691118699410499
15 16 3.833649253506384
15 17 3.9439896475282383
15 18 3.887252488603781
15 19 3.981700318621666
15 20 3.9575552649847205
15 21 3.595252783690635
15 22 4.048131016400283
15 23 3.7604544106377173
15 24 3.4662666285680586
15 25 4.0690187459792035
15 26 3.8545762769501906
15 27 3.3662287666689528
15 28 3.5535273361555024
15 29 3.5643072880385573
16 0 3.4971372514257952
16 1 3.2373829376666508
16 2 3.1908595915506197
16 3 3.8317794608394613
16 4 3.4253960588026144
16 5 3.5561611396641326
16 6 3.623691481326808
16 7 3.4217629623016363
16 8 3.88010812276324
16 9 3.578148698466013
16 10 4.228281258146558
16 11 3.798613641063015
16 12 3.7816792266853
16 13 4.235585079993667
16 14 4.155801615996503
16 15 4.388403406557688
16 16 4.407166089640304
16 17 4.539597715665344
16 18 4.091053820824363
16 19 4.047093612427403
16 20 3.846698140327247
16 21 3.9857904667758053
16 22 3.2670274052798685
16 23 3.5800769805843853
16 24 3.5582695792008234
16 25 3.671860650538191
16 26 3.561545913238838
16 27 4.006593042368105
16 28 3.2688513410092255
16 29 3.8141264547271048
17 0 3.636595831338758
17 1 3.4540041418052714
17 2 3.1433042538677665
17 3 3.477308387451069
17 4 3.2242632044874697
17 5 3.5970956582265496
17 6 3.780462907306886
17 7 3.610458914332683
17 8 3.8684950489228442
17 9 3.8265986370895346
17 10 3.9887321274084107
17 11 3.8524305695741354
17 12 4.010353604049498
17 13 3.8160022648242844
17 14 4.253145821797676
17 15 3.9872661772326534
17 16 4.092668135082921
17 17 3.6618695257811447
17 18 3.9872259728225408
17 19 3.9996667930770142
17 20 3.819785096871092
17 21 4.2447967214671305
17 22 3.7954171882893766
17 23 3.611491416290143
17 24 3.62508891461342
17 25 3.521822550248575
17 26 3.906914367853202
17 27 3.6453522451121136
17 28 3.830328844362334
17 29 3.4932260013229253
18 0 3.7389217291933727
18 1 3.537661952482086
18 2 3.1059393121585814
18 3 3.706695205279003
18 4 3.6352142531883946
18 5 3.701114472136379
18 6 3.5374599559855113
18 7 3.589799322981741
18 8 3.498021437255559
18 9 4.097624378316596
18 10 3.968717119022984
18 11 3.7266331437838596
18 12 3.768115765544268
18 13 3.633254635415261
18 14 4.161540116348582
18 15 3.8851938394431627
18 16 3.612265162342769
18 17 3.6792645674212783
18 18 4.2223507754939735
18 19 3.5778795981401488
18 20 3.905212979342783
18 21 3.891965207954311
18 22 3.9493475704569883
18 23 3.750153560926751
18 24 3.2703679526762945
18 25 4.0094009473639645
18 26 3.646199895064663
18 27 3.8424851901847012
18 28 3.4751985424741973
18 29 3.8897152123785017
19 0 3.4394275171304876
19 1 3.5483727286412563
19 2 3.457521714508296
19 3 3.464687515954377
19 4 3.740735831462896
19 5 3.494913837565401
19 6 3.55794924306313
19 7 3.922601290706959
19 8 3.774102309311514
19 9 3.819366608735594
19 10 3.7913032858965545
19 11 3.8258901496547373
19 12 4.159416517251023
19 13 4.09294826322232
19 14 4.127196563019295
19 15 3.8544747178328365
19 16 3.643610981301629
19 17 3.8965827488916798
19 18 3.3055510917153508
19 19 4.3210859294295965
19 20 3.6499088819689387
19 21 4.339790025367607
19 22 3.9290641965651174
19 23 3.5308474104261505
19 24 3.7994615352081644
19 25 3.7906014902029694
19 26 3.850613304015145
19 27 4.100260546689011
19 28 3.4236643548485097
19 29 3.729272946675176
20 0 3.318401600417698
20 1 3.6468011958955797
20 2 3.2676346089027826
20 3 3.3709980355607168
20 4 3.6059783826688885
20 5 3.4374127710159548
20 6 3.8036458156859756
20 7 3.510582820646515
20 8 3.677912209898162
20 9 3.7861001933169702
20 10 3.8235544872239897
20 11 4.0004254928075955
20 12 3.523935251681939
20 13 4.5601104520885025
20 14 4.008373030525748
20 15 3.9981485925465354
20 16 3.918353751318851
20 17 3.565075625766899
20 18 3.5169790446627736
20 19 3.70887895985474
20 20 3.877023127484129
20 21 4.039241367498472
20 22 3.91948039085091
20 23 3.727282332103483
20 24 4.045477643432482
20 25 3.678211070263205
20 26 3.3870174676482065
20 27 3.6281450630260417
20 28 3.61747093637333
20 29 3.4601357527068597
21 0 3.147218378850984
21 1 3.5423016458341596
21 2 3.2157199241740115
21 3 3.654428141179779
21 4 3.688305227091688
21 5 3.6631683333540686
21 6 3.4469227121771944
21 7 3.622464427872099
21 8 3.5301728420674485
21 9 4.038410126427502
21 10 3.922444648416174
21 11 4.204158682630168
21 12 3.5761107417732507
21 13 4.327988793042744
21 14 3.7954738710372737
21 15 3.716330283588226
21 16 3.5414359536319044
21 17 3.7751303742533557
21 18 3.3870658443432857
21 19 3.7706369438592917
21 20 3.8351533135565714
21 21 4.010243632807389
21 22 3.8949935567607112
21 23 3.888553784813474
21 24 3.7021926419139777
21 25 3.2786741882326114
21 26 3.695923621484631
21 27 3.523105829825498
21 28 3.558883342030113
21 29 3.2192582135964565
22 0 3.157406394217985
22 1 3.5319745581657873
22 2 3.5114715581923828
22 3 3.121892743000853
22 4 3.3606919585840545
22 5 3.502724374749889
22 6 3.6113040668819503
22 7 3.5940556223834412
22 8 3.7290867012865125
22 9 3.825137226405124
22 10 3.6247487325992545
22 11 3.4913335702822006
22 12 3.9562577627280158
22 13 4.141884493484509
22 14 3.6947427906838404
22 15 3.9077543774732586
22 16 3.7149621088042735
22 17 3.9518365840395733
22 18 4.183758226928418
22 19 3.70028951854683
22 20 3.866928067462403
22 21 3.8804434767873146
22 22 3.877905481000297
22 23 3.8705629379322257
22 24 3.4687151484234775
22 25 3.4130189287374857
22 26 3.7917464484896444
22 27 3.601907793921544
22 28 3.6117307065885496
22 29 3.8682235536066036
23 0 3.0279029708560765
23 1 3.5272952019124584
23 2 3.434662684336422
23 3 3.2335589926221684
23 4 3.18386191222502
23 5 3.6409753784510737
23 6 3.2949730778386193
23 7 3.5316035861204593
23 8 3.7170397496989502
23 9 3.59083235799995
23 10 3.752787650730557
23 11 3.8113650120157394
23 12 4.030945903996404
23 13 3.3226798411987084
23 14 4.152373418645242
23 15 4.298511995729311
23 16 3.87623705634965
23 17 3.81068502312275
23 18 3.510563267400019
23 19 3.851642676396464
23 20 3.8080471264728737
23 21 3.9578235303782123
23 22 3.5686314986678296
23 23 3.4649586750047217
23 24 3.4133468573723027
23 25 3.3115081584620376
23 26 3.292497915508137
23 27 3.4789284581300204
23 28 3.7582649564754464
23 29 3.33266187736886
24 0 2.8262115445621006
24 1 3.3637819810729885
24 2 3.6174188869296535
24 3 3.2572618750566775
24 4 3.304775953561357
24 5 3.5055516593657385
24 6 3.4282229991280753
24 7 3.366181476590443
24 8 3.8299215987832764
24 9 3.6149359953635094
24 10 3.759536821172313
24 11 3.785977090645022
24 12 3.6015849091150103
24 13 4.074719039115038
24 14 3.7676829414698156
24 15 4.336990180965414
24 16 3.572494503488545
24 17 3.9391103425837275
24 18 3.9714123289022942
24 19 3.8713262181229036
24 20 4.066345611306196
24 21 4.17276859218432
24 22 4.00077291975327
24 23 3.702857004677604
24 24 2.7836302235312487
24 25 3.076372756503083
24 26 3.029667687157719
24 27 3.3267977378538407
24 28 3.570990985259025
24 29 3.3353884076191163
25 0 3.235741111977029
25 1 3.0140619665713606
25 2 3.24304040290337
25 3 3.540473956491116
25 4 3.020211976852238
25 5 3.208640326026345
25 6 3.8204673367755015
25 7 3.5076504063133513
25 8 3.3936074571691357
25 9 3.7045928198764324
25 10 3.745913181041631
25 11 3.490295862325278
25 12 4.171045318835821
25 13 3.517373857933011
25 14 3.8534418256329137
25 15 3.6131643310955157
25 16 3.735345147114046
25 17 3.9335943441232324
25 18 3.7479886164557055
25 19 3.6497358031486042
25 20 4.105531352592806
25 21 4.2173509194330485
25 22 3.6610263626682955
25 23 3.866963895595173
25 24 3.002939292982906
25 25 2.9725796846087427
25 26 2.5419105326617273
25 27 3.4780045237044113
25 28 3.72500086256145
25 29 3.3490148313592507
26 0 3.3090868900188957
26 1 2.899848863255979
26 2 3.2970510180299275
26 3 3.6387522212191463
26 4 3.0867262807193883
26 5 3.5256620257698286
26 6 3.9859435849651557
26 7 3.7687153136116773
26 8 3.4931375614918534
26 9 3.440867362468644
26 10 3.5729387793886946
26 11 3.4643145505647817
26 12 3.7597934217141216
26 13 3.861115262342675
26 14 3.49256204389163
26 15 3.685950814674515
26 16 4.14110749853456
26 17 3.9310845650269757
26 18 3.796815348196391
26 19 3.3871968963088905
26 20 3.680095897295771
26 21 3.658665716826829
26 22 3.5346912825907673
26 23 3.1630588743123367
26 24 2.598622964695163
26 25 2.563334100124242
26 26 3.04303095964494
26 27 3.1825600975215864
26 28 3.5074058489946407
26 29 3.0502680117440124
27 0 3.545288076118199
27 1 3.177258975852878
27 2 3.047794456602123
27 3 3.229565268300303
27 4 3.493420027112517
27 5 3.124580140187999
27 6 3.1205576374292976
27 7 3.253490307918694
27 8 3.5947710488677065
27 9 3.6924323056963373
27 10 3.7677526052104153
27 11 3.368448589375394
27 12 3.408740950801758
27 13 3.292645481224132
27 14 3.607949393896028
27 15 3.796498761642653
27 16 3.6744114653211195
27 17 4.271645060764017
27 18 3.6526571373927244
27 19 3.4885329309618793
27 20 3.440337759417442
27 21 3.9291247818824653
27 22 3.4334495366866395
27 23 3.6841015610286343
27 24 3.0024412151482993
27 25 3.448075860993738
27 26 3.2186686369807753
27 27 3.452596768562731
27 28 3.5491467760063427
27 29 3.5115458188853155
28 0 3.1773337247333284
28 1 3.2839219963056316
28 2 2.8970319722526257
28 3 3.1323271865925797
28 4 3.2641658772991176
28 5 3.276201666604616
28 6 3.2696993987646863
28 7 3.388499240040066
28 8 3.7670226437347143
28 9 3.384095955412301
28 10 3.2813819842137346
28 11 3.5939138398761745
28 12 3.343407876099405
28 13 3.5802204266090585
28 14 3.4704451727282484
28 15 3.648219651941016
28 16 3.857644907173207
28 17 3.7977909109032253
28 18 3.4371498842473343
28 19 3.9036447002274084
28 20 3.9457481336775357
28 21 3.9350392854901286
28 22 4.1719034943212785
28 23 3.9231946861206377
28 24 3.6828751754200733
28 25 3.724839969747591
28 26 3.324043734850704
28 27 3.5756130276383598
28 28 3.459620025882632
28 29 3.661843247069033
29 0 3.273217514359192
29 1 3.1564522867247886
29 2 3.012035947333718
29 3 3.0665193293501645
29 4 3.2897571789210063
29 5 3.3320092026821064
29 6 3.3685658880994054
29 7 3.2812641871732615
29 8 3.269288081846905
29 9 3.5190344218153586
29 10 3.6661074845249253
29 11 3.03478307604276
29 12 3.7780708223290542
29 13 3.724762495618437
29 14 3.483148325122099
29 15 3.6171602670723777
29 16 3.434784282016566
29 17 3.740628894225729
29 18 3.636789710790439
29 19 3.6205107281016446
29 20 3.511073268280219
29 21 3.8153995992302296
29 22 3.5188024202040884
29 23 3.480836691874128
29 24 3.2371287466110146
29 25 3.650875592871234
29 26 3.517151383778869
29 27 3.7011620402787724
29 28 3.6245817347857274
29 29 3.3958511770470263
