0 0 0
0 1 0
0 2 0
0 3 0
0 4 1.0273330184076086
0 5 1.080560717732518
0 6 1.0733519399497813
0 7 1.0786176833556163
0 8 1.1438586982152306
0 9 0
0 10 0
0 11 1.1875340256196143
0 12 1.0461333422243897
0 13 1.2428784591005662
0 14 1.1818590147202186
0 15 0
0 16 1.1545803378949377
0 17 1.270726803521185
0 18 0
0 19 1.2297699596713436
0 20 1.2404814890617064
0 21 1.153547046747873
0 22 1.1893926568935282
0 23 0
0 24 1.2382781141449184
0 25 0
0 26 1.121443423782611
0 27 0
0 28 0
0 29 0
1 0 0
1 1 0
1 2 0
1 3 0.9621351714818774
1 4 0
1 5 0
1 6 0
1 7 0
1 8 0
1 9 1.1577175553378634
1 10 1.1424182431239949
1 11 0
1 12 1.1937255073050814
1 13 0
1 14 0
1 15 1.1659730944957851
1 16 1.222591893431158
1 17 0
1 18 0
1 19 1.1648882637556661
1 20 1.2014260523298983
1 21 1.1162697042614995
1 22 1.2963560506431215
1 23 0
1 24 1.0862841202830436
1 25 1.0718818313646115
1 26 1.0327436685348454
1 27 0
1 28 1.1452644279832769
1 29 0
2 0 0
2 1 0
2 2 0
2 3 0.9774066214020847
2 4 0.9754774645196054
2 5 0
2 6 0
2 7 1.1354837141083776
2 8 1.090514835193659
2 9 0
2 10 1.0702033658110481
2 11 0
2 12 0
2 13 1.1622800298492806
2 14 1.1762588806138583
2 15 0
2 16 0
2 17 0
2 18 0
2 19 1.1880233432322107
2 20 0
2 21 1.1117552189021285
2 22 0
2 23 0
2 24 0
2 25 0
2 26 0
2 27 1.1683300294853642
2 28 1.1334602358998134
2 29 1.1355618436817543
3 0 0
3 1 1.0527163956013528
3 2 0
3 3 1.1233502936396667
3 4 0
3 5 1.199874459174548
3 6 1.1701864459312945
3 7 0
3 8 1.1499179348125415
3 9 1.2354707508538343
3 10 0
3 11 1.282045005327008
3 12 0
3 13 1.2744019299158358
3 14 1.1542493992722016
3 15 1.365628344355136
3 16 0
3 17 1.2141561008790616
3 18 0
3 19 0
3 20 0
3 21 0
3 22 1.2200674476146038
3 23 0
3 24 1.078780431803054
3 25 1.1162469638640704
3 26 1.099305046179405
3 27 1.1749215434593625
3 28 1.1002733899188584
3 29 0
4 0 0
4 1 0
4 2 0
4 3 0
4 4 0
4 5 1.087324265133573
4 6 1.1541978774959465
4 7 0
4 8 0
4 9 0
4 10 1.1620629937954454
4 11 1.1978889946236155
4 12 1.2599327854396263
4 13 1.0517870687059483
4 14 0
4 15 1.247597710464821
4 16 0
4 17 1.0748397389743016
4 18 0
4 19 0
4 20 1.2013502044337077
4 21 1.3064634559458532
4 22 1.1285747049310388
4 23 0
4 24 1.1611772532219546
4 25 1.1911927817247927
4 26 0
4 27 0
4 28 1.0971059320128624
4 29 1.0727331253082595
5 0 0
5 1 0
5 2 1.0747340479806358
5 3 1.0735683655889523
5 4 0.9965051845694521
5 5 1.1659852142298104
5 6 0
5 7 0
5 8 1.1562013219988887
5 9 0
5 10 0
5 11 0
5 12 1.1656214722129212
5 13 1.2965154240709171
5 14 0
5 15 0
5 16 0
5 17 1.2400138602087516
5 18 0
5 19 0
5 20 0
5 21 1.4131731120393476
5 22 0
5 23 1.1328472182761398
5 24 1.1427473827831316
5 25 1.1850000270622194
5 26 0
5 27 0
5 28 0
5 29 1.1902246369163836
6 0 0
6 1 0
6 2 0
6 3 0
6 4 1.1535758437628847
6 5 0
6 6 0
6 7 0
6 8 1.2036727025204392
6 9 1.2575920146209028
6 10 0
6 11 1.2394415163623291
6 12 0
6 13 0
6 14 0
6 15 1.1184880778429507
6 16 1.2563138507962093
6 17 0
6 18 1.2702105801463668
6 19 1.0427503573548613
6 20 1.215410841874756
6 21 0
6 22 0
6 23 1.2254147849526855
6 24 1.2432143744024013
6 25 0
6 26 0
6 27 1.1969844325519439
6 28 0
6 29 0
7 0 1.001848292248086
7 1 1.1799233273989247
7 2 1.0341665577346626
7 3 1.1332100718478044
7 4 1.1284005279171931
7 5 0
7 6 1.1141746185268973
7 7 0
7 8 1.257703597576285
7 9 0
7 10 0
7 11 0
7 12 0
7 13 1.1954299094420882
7 14 0
7 15 0
7 16 0
7 17 1.112673079352985
7 18 0
7 19 1.1880729876340639
7 20 0
7 21 1.2402408102677684
7 22 1.1692949758146909
7 23 0
7 24 1.0984346314158544
7 25 1.0808053138530291
7 26 1.2423547535769326
7 27 0
7 28 0
7 29 1.1440744672064482
8 0 1.118708071325394
8 1 1.1343629676430174
8 2 0
8 3 0
8 4 1.1059543918096575
8 5 1.1456454192072667
8 6 1.1157529773735657
8 7 1.095187681487824
8 8 0
8 9 1.3115254497108104
8 10 0
8 11 1.1704448632429258
8 12 1.1569988591816283
8 13 0
8 14 1.3141901872456274
8 15 1.1553479347976683
8 16 1.268133263240827
8 17 0
8 18 1.311700147349614
8 19 1.1677848849197592
8 20 1.19737158863878
8 21 1.1094118659414478
8 22 0
8 23 0
8 24 0
8 25 1.2096293744630346
8 26 0
8 27 1.1958546856704955
8 28 0
8 29 1.1831159518456889
9 0 0
9 1 1.1828517815336745
9 2 0
9 3 1.2870239075579466
9 4 1.141041784049915
9 5 1.2365479310856857
9 6 1.0984213437031183
9 7 1.368862908575039
9 8 0
9 9 0
9 10 1.2253273805526639
9 11 0
9 12 0
9 13 1.1309559052410203
9 14 1.087394395015165
9 15 0
9 16 0
9 17 0
9 18 0
9 19 1.2388994128249147
9 20 1.233062339601375
9 21 0
9 22 1.2050306509384259
9 23 1.1923194561703085
9 24 0
9 25 0
9 26 0
9 27 1.185676398497059
9 28 1.1201006989140239
9 29 0
10 0 0
10 1 1.1281551159345091
10 2 1.153205900991751
10 3 1.27933925099665
10 4 0
10 5 0
10 6 1.2087452555048734
10 7 0
10 8 0
10 9 0
10 10 0
10 11 0
10 12 0
10 13 1.1310270294489944
10 14 1.1235743772223248
10 15 0
10 16 0
10 17 0
10 18 0
10 19 1.4501797368862452
10 20 1.0591516640974163
10 21 0
10 22 1.1451848852680413
10 23 0
10 24 0
10 25 0
10 26 1.1413043691712912
10 27 1.1917935498746761
10 28 1.2497661398219198
10 29 1.2008348634448585
11 0 0
11 1 0
11 2 1.2957575170582556
11 3 0
11 4 0
11 5 1.2125310972119665
11 6 0
11 7 1.1208915252557499
11 8 0
11 9 0
11 10 0
11 11 0
11 12 0
11 13 1.243694951871141
11 14 1.2178877557640146
11 15 0
11 16 0
11 17 0
11 18 0
11 19 1.3443049619299055
11 20 0
11 21 0
11 22 1.1800866472024536
11 23 0
11 24 1.1541005627836964
11 25 0
11 26 1.1869698450076507
11 27 1.046166849777359
11 28 1.0680172623461692
11 29 1.1696590960864957
12 0 1.0382264795444558
12 1 1.1336900361973274
12 2 0
12 3 1.1158670328456064
12 4 1.1564506357730315
12 5 1.1619161915644167
12 6 0
12 7 0
12 8 0
12 9 1.0907635951680899
12 10 0
12 11 0
12 12 0
12 13 1.1737054759753491
12 14 1.2822457852015798
12 15 1.3161899352181048
12 16 0
12 17 0
12 18 1.3134475630597096
12 19 0
12 20 0
12 21 1.10858953217758
12 22 0
12 23 0
12 24 0
12 25 0
12 26 1.129181653538037
12 27 0
12 28 0
12 29 1.1922042474384589
13 0 1.1497153965441695
13 1 0
13 2 0
13 3 0
13 4 1.1870746763885547
13 5 1.1514995346753347
13 6 1.2505531194264197
13 7 1.1472506906961337
13 8 0
13 9 0
13 10 1.1144922393855219
13 11 1.0874112670912224
13 12 1.1775073022123028
13 13 1.2140152408949916
13 14 0
13 15 0
13 16 1.1610631266407196
13 17 0
13 18 1.438050178925765
13 19 1.3037038547512272
13 20 1.3026751211560252
13 21 0
13 22 1.1544245709093743
13 23 0
13 24 1.110182073498318
13 25 0
13 26 0
13 27 1.128091779412427
13 28 0
13 29 1.0956809709869586
14 0 1.214915005493728
14 1 1.2148032379680909
14 2 0
14 3 1.1745930120764159
14 4 0
14 5 1.2818365738821016
14 6 1.1314235581956007
14 7 1.108419640387509
14 8 1.1105383922310017
14 9 0
14 10 0
14 11 0
14 12 1.2789879618546107
14 13 0
14 14 0
14 15 1.4659995638029302
14 16 1.3117660196645402
14 17 1.3280676490872287
14 18 0
14 19 1.190417880643318
14 20 0
14 21 0
14 22 1.0989295195030333
14 23 0
14 24 0
14 25 1.1404890718930527
14 26 1.120462749933551
14 27 1.0553075187556051
14 28 1.27950457414708
14 29 1.1863727453000588
15 0 1.126838409527541
15 1 1.180583345579214
15 2 0
15 3 0
15 4 0
15 5 1.2286108021710282
15 6 1.1486973950908665
15 7 0
15 8 1.1875214195804713
15 9 1.2156855485283127
15 10 1.3055834054686253
15 11 0
15 12 1.1750567387291018
15 13 0
15 14 1.1848647375481918
15 15 1.2714333822060055
15 16 0
15 17 1.326174429028092
15 18 0
15 19 1.1482866793263387
15 20 0
15 21 0
15 22 0
15 23 1.2162578843390903
15 24 0
15 25 0
15 26 0
15 27 1.1469333598365252
15 28 1.2130744359242451
15 29 0
16 0 0
16 1 0
16 2 0
16 3 0
16 4 1.2525075043257077
16 5 1.1903162643536278
16 6 0
16 7 1.110248304033621
16 8 1.3008205376994728
16 9 0
16 10 1.1229230038814106
16 11 1.1189570774030138
16 12 0
16 13 0
16 14 1.3117660196645402
16 15 1.342230748170419
16 16 0
16 17 0
16 18 1.3295827018361754
16 19 0
16 20 0
16 21 1.207590031984812
16 22 1.1671985142843044
16 23 1.0422285889886733
16 24 1.1719704014703525
16 25 0
16 26 0
16 27 0
16 28 1.042001693990132
16 29 0
17 0 1.2811648623414695
17 1 0
17 2 1.2024056826223324
17 3 0
17 4 1.1276458297304717
17 5 1.2123708499931043
17 6 0
17 7 0
17 8 0
17 9 1.111045993138364
17 10 1.1082281937306486
17 11 0
17 12 0
17 13 0
17 14 0
17 15 1.1983678464076164
17 16 1.1877025156294168
17 17 0
17 18 1.209204906559242
17 19 0
17 20 0
17 21 0
17 22 1.0759531580225103
17 23 0
17 24 1.1365646492502255
17 25 1.104342887066712
17 26 1.0865211896087092
17 27 1.1021430287259104
17 28 0
17 29 1.0682261247473155
18 0 1.13758885281562
18 1 1.1922042474375574
18 2 0
18 3 0
18 4 1.173161464775595
18 5 0
18 6 0
18 7 1.2153271616697174
18 8 0
18 9 1.2293973658122366
18 10 1.3061650544013663
18 11 0
18 12 1.3134475630597096
18 13 0
18 14 1.2653072556171154
18 15 0
18 16 1.282245785201681
18 17 0
18 18 1.1511017103697943
18 19 0
18 20 0
18 21 1.1514561093048266
18 22 0
18 23 0
18 24 0
18 25 0
18 26 1.1250194563596707
18 27 0
18 28 0
18 29 0
19 0 1.0532442123970653
19 1 0
19 2 0
19 3 1.2295044620362945
19 4 1.228772304794329
19 5 0
19 6 0
19 7 1.098182372206646
19 8 1.1398166280841866
19 9 1.0700187969305872
19 10 0
19 11 1.3443049619299055
19 12 0
19 13 0
19 14 0
19 15 1.2793174063789696
19 16 1.2277143841515201
19 17 1.2161371639204501
19 18 1.2297134150195073
19 19 1.1573707292645155
19 20 0
19 21 1.1080373115800375
19 22 0
19 23 1.1292067442885068
19 24 0
19 25 0
19 26 0
19 27 1.2756596265591758
19 28 0
19 29 0
20 0 0
20 1 1.1251161464775234
20 2 1.1006768974740495
20 3 1.2331148590852328
20 4 0
20 5 0
20 6 1.2652260185410842
20 7 0
20 8 1.2561977057786649
20 9 1.1544732704366427
20 10 1.0591516640974163
20 11 1.243561208002458
20 12 1.03585956439371
20 13 0
20 14 0
20 15 0
20 16 0
20 17 1.166409105131891
20 18 1.2063534713834532
20 19 0
20 20 0
20 21 1.1301862252093555
20 22 0
20 23 0
20 24 1.1813733067897507
20 25 1.1058011241703813
20 26 1.015650651140367
20 27 1.0276396740527776
20 28 0
20 29 0
21 0 0
21 1 0
21 2 1.1512743268104708
21 3 1.204134730707765
21 4 0
21 5 1.2801014137441311
21 6 0
21 7 1.1785883299955406
21 8 1.1117981054112525
21 9 0
21 10 1.146123485468618
21 11 1.3169253359060678
21 12 0
21 13 0
21 14 1.2240922450944922
21 15 1.1968893012802764
21 16 1.4392345205726698
21 17 0
21 18 1.2918849341699719
21 19 0
21 20 1.0146710051208832
21 21 1.121832212363197
21 22 0
21 23 0
21 24 1.0531537312349937
21 25 0
21 26 0.9972039674443409
21 27 0.9780529363824257
21 28 0
21 29 1.1208728693661645
22 0 0
22 1 1.070438242145742
22 2 0
22 3 0
22 4 0
22 5 1.1498125372641916
22 6 1.2064397094241501
22 7 0
22 8 0
22 9 0
22 10 1.312700874281779
22 11 0
22 12 1.1467862023250255
22 13 0
22 14 1.3956444117708504
22 15 1.2811043051805795
22 16 0
22 17 1.2100141930997217
22 18 1.0669261202706497
22 19 0
22 20 0
22 21 0
22 22 1.08819086257229
22 23 0
22 24 1.0940245844511873
22 25 1.101996652079989
22 26 0
22 27 1.028936048985741
22 28 1.0660801230256387
22 29 1.1385526739067902
23 0 1.0711176773974929
23 1 1.1186270277131383
23 2 0
23 3 0
23 4 1.1910898954397335
23 5 0
23 6 0
23 7 0
23 8 0
23 9 0
23 10 1.2463595816766893
23 11 0
23 12 1.1769085758442404
23 13 0
23 14 1.2139184685145112
23 15 1.2793971824069412
23 16 0
23 17 0
23 18 0
23 19 0
23 20 1.071250467344897
23 21 0
23 22 0
23 23 0
23 24 1.1671790421632797
23 25 1.21292574265352
23 26 0
23 27 0.9453998125349086
23 28 1.0105194565867157
23 29 1.0598426348024523
24 0 1.1011992496465166
24 1 0
24 2 0
24 3 1.3174356962048142
24 4 0
24 5 1.1133591601808788
24 6 1.2432143744024013
24 7 1.253469152740099
24 8 0
24 9 0
24 10 0
24 11 1.197953155308741
24 12 0
24 13 1.1179382854001594
24 14 0
24 15 0
24 16 0
24 17 0
24 18 0
24 19 0
24 20 0
24 21 1.182511894352485
24 22 1.060326226142847
24 23 0
24 24 0
24 25 0
24 26 0
24 27 0
24 28 0
24 29 1.0844685596376362
25 0 1.1771435895190505
25 1 1.2323564824707411
25 2 0
25 3 0
25 4 0
25 5 1.1850000270622194
25 6 0
25 7 0
25 8 0
25 9 0
25 10 0
25 11 0
25 12 1.176743114990836
25 13 1.1659396550130658
25 14 1.2516926503428576
25 15 1.192789888381921
25 16 1.1391275346154772
25 17 1.1508139541148823
25 18 0
25 19 1.163414986137463
25 20 1.1759734553789964
25 21 1.1514987541579573
25 22 1.3400188416980556
25 23 1.061991607065088
25 24 0.8693939019808345
25 25 0
25 26 0
25 27 1.0289457196537106
25 28 0
25 29 0
26 0 1.098997650080263
26 1 1.052275134165334
26 2 0
26 3 1.118428799750118
26 4 0
26 5 1.0574543194130008
26 6 1.2343652832934107
26 7 1.352265225822202
26 8 0
26 9 0
26 10 0
26 11 1.1060666842353104
26 12 0
26 13 0
26 14 1.1860846862892713
26 15 0
26 16 0
26 17 1.1444926596989198
26 18 0
26 19 1.1265465752792896
26 20 1.1050022991098483
26 21 1.0311534747320115
26 22 0
26 23 0
26 24 0
26 25 0
26 26 0
26 27 0.9938421014541726
26 28 0
26 29 0
27 0 0
27 1 0
27 2 1.07134650825269
27 3 1.1749215434593625
27 4 0
27 5 0
27 6 0
27 7 0
27 8 0
27 9 1.0773963613440256
27 10 0
27 11 0
27 12 1.0041515727029173
27 13 1.1505788815100295
27 14 1.0484354323867993
27 15 0
27 16 0
27 17 0
27 18 0
27 19 0
27 20 1.0915603034561556
27 21 1.1706166432065683
27 22 0
27 23 1.0256296427961233
27 24 1.0838003994727772
27 25 1.017101659705522
27 26 1.0262244761056056
27 27 0
27 28 0
27 29 0
28 0 0
28 1 0
28 2 1.1334602358998134
28 3 1.2589309154509132
28 4 0
28 5 1.0229314023844467
28 6 1.2147630601895942
28 7 1.1416661879068022
28 8 1.1706768894954658
28 9 1.155568232455206
28 10 0
28 11 1.2156517930752302
28 12 0
28 13 0
28 14 1.2426045326604949
28 15 1.1891190890088341
28 16 1.039561503673919
28 17 0
28 18 1.160665553717806
28 19 1.0976930533605123
28 20 1.1473788984996247
28 21 1.1179935240212033
28 22 0
28 23 1.0432455412712351
28 24 1.0572016753864135
28 25 1.0155383777174087
28 26 0
28 27 0.9369836540502097
28 28 1.0067233136694238
28 29 0
29 0 0
29 1 0
29 2 1.0406289052448443
29 3 0
29 4 1.1159954540597186
29 5 0
29 6 0
29 7 0
29 8 1.098451445574346
29 9 1.2441530296044567
29 10 1.2340734994045166
29 11 0
29 12 0
29 13 1.2143291277767931
29 14 1.024481658238508
29 15 0
29 16 0
29 17 0
29 18 0
29 19 1.0390098122090998
29 20 0
29 21 0
29 22 0.9539614493589885
29 23 1.065279968749879
29 24 1.1182881898844081
29 25 0
29 26 0
29 27 0
29 28 1.1333380980179795
29 29 0
