0 0 0
0 1 0
0 2 0
0 3 0
0 4 0
0 5 0
0 6 1.0700071658162613
0 7 0
0 8 1.2032930335564542
0 9 0
0 10 1.1532674573976027
0 11 1.1434017227702258
0 12 0
0 13 1.1067517000970828
0 14 0
0 15 0
0 16 0
0 17 0
0 18 0
0 19 0
0 20 0
0 21 0
0 22 0
0 23 1.0425036052545016
0 24 0
0 25 1.1106520612231534
0 26 1.1176507742598445
0 27 1.0106029103971814
0 28 0
0 29 0
1 0 0
1 1 0
1 2 1.0526112314983498
1 3 0
1 4 0
1 5 0
1 6 1.1593508640013481
1 7 1.2497024966175414
1 8 1.0984581163353582
1 9 1.108147958327392
1 10 1.125254988721016
1 11 1.2238490454856723
1 12 0
1 13 1.2187158642560858
1 14 1.163493965992278
1 15 1.1659803055576452
1 16 0
1 17 0
1 18 1.2034666404375478
1 19 1.165466242756289
1 20 1.155277877663627
1 21 0
1 22 1.1875667206215839
1 23 1.2180813479615353
1 24 0
1 25 1.073826050017382
1 26 1.1719446269745353
1 27 0
1 28 0
1 29 1.0684948517521453
2 0 0.9936327706600947
2 1 0
2 2 0
2 3 0
2 4 0
2 5 1.210868474732794
2 6 1.1201690345157658
2 7 0
2 8 1.1619711823083394
2 9 0
2 10 0
2 11 1.2200781165130106
2 12 0
2 13 0
2 14 1.2293089378613111
2 15 0
2 16 0
2 17 0
2 18 0
2 19 0
2 20 0
2 21 0
2 22 1.1731838722679142
2 23 1.2022927577435976
2 24 0
2 25 1.13503184930438
2 26 1.1036847901233693
2 27 1.0240683016549266
2 28 1.0959234827418296
2 29 0
3 0 0
3 1 0
3 2 1.1044897106487364
3 3 0
3 4 1.1121200421533974
3 5 1.1119523799708344
3 6 0
3 7 0
3 8 1.1205091672172536
3 9 0
3 10 0
3 11 0
3 12 0
3 13 0
3 14 1.1760515137152772
3 15 1.365634547179894
3 16 0
3 17 0
3 18 1.1814598999360182
3 19 1.15604089241291
3 20 1.1481617938695148
3 21 0
3 22 1.1102043218675728
3 23 0
3 24 1.055197092671352
3 25 1.0977080423168013
3 26 1.2252082906958308
3 27 0
3 28 0
3 29 0
4 0 0
4 1 0
4 2 1.1943537451729187
4 3 1.2313455075790165
4 4 1.181215916952357
4 5 0
4 6 1.1469826082083212
4 7 0
4 8 1.2419933607162101
4 9 1.0950784572831609
4 10 0
4 11 1.158388218916393
4 12 0
4 13 0
4 14 0
4 15 1.2476023643517384
4 16 0
4 17 1.1574210987277216
4 18 1.101611535557301
4 19 1.109410129450676
4 20 0
4 21 1.113373488598114
4 22 1.157526949860187
4 23 1.1535733786145657
4 24 1.1190447277438267
4 25 1.1032233756315744
4 26 0
4 27 0
4 28 0
4 29 0
5 0 1.0851560282343042
5 1 1.209193714776257
5 2 0
5 3 1.1508562429393165
5 4 0
5 5 0
5 6 1.1086244346018863
5 7 1.2335128863568567
5 8 1.240986841491048
5 9 1.1484908183155016
5 10 0
5 11 0
5 12 0
5 13 1.2306845877569548
5 14 0
5 15 0
5 16 0
5 17 1.1377285380428184
5 18 0
5 19 0
5 20 0
5 21 1.108739267403368
5 22 0
5 23 0
5 24 1.1345676738515829
5 25 0
5 26 1.1761727045560562
5 27 1.2284604376819654
5 28 1.1478000882636454
5 29 1.048601988895118
6 0 0
6 1 0
6 2 1.1639960804707654
6 3 1.0915967016284236
6 4 1.1802181572494121
6 5 0
6 6 1.170024103370279
6 7 0
6 8 1.1749865304059484
6 9 0
6 10 1.2247449046827406
6 11 0
6 12 1.162476746003321
6 13 0
6 14 0
6 15 1.118490552882636
6 16 0
6 17 0
6 18 1.0422870329943046
6 19 0
6 20 0
6 21 0
6 22 1.2605875015207846
6 23 1.4052862901469956
6 24 0
6 25 0
6 26 1.1716394617178707
6 27 1.3756469632324368
6 28 0
6 29 0
7 0 0
7 1 0
7 2 1.14557606843955
7 3 0
7 4 0
7 5 0
7 6 0
7 7 1.161829901018634
7 8 0
7 9 1.2157420334228293
7 10 1.1905721657806463
7 11 0
7 12 1.3207339360319594
7 13 1.2536047015868161
7 14 0
7 15 0
7 16 1.1515826120269743
7 17 0
7 18 0
7 19 0
7 20 0
7 21 0
7 22 1.1207220958432755
7 23 1.1768376372526175
7 24 0
7 25 0
7 26 0
7 27 1.1332352411278028
7 28 0
7 29 1.1444518579088279
8 0 1.0614552822182608
8 1 1.1033997473745834
8 2 0
8 3 1.1828637202900554
8 4 0
8 5 0
8 6 0
8 7 0
8 8 1.157604578548019
8 9 0
8 10 0
8 11 0
8 12 1.2679352257844443
8 13 0
8 14 1.4387833992035193
8 15 1.1553491404621679
8 16 1.1848285737581328
8 17 1.1780659998484122
8 18 0
8 19 0
8 20 0
8 21 0
8 22 1.0926268270673412
8 23 1.1286229694256842
8 24 1.1233758378859249
8 25 1.1187223142950597
8 26 1.1861983013199928
8 27 1.1064772526532312
8 28 1.0618897028295051
8 29 0
9 0 1.130919268372208
9 1 1.1577266214712363
9 2 1.2104052976523991
9 3 0
9 4 0
9 5 0
9 6 0
9 7 1.1877461727988505
9 8 1.2621386183852201
9 9 1.1997067464173266
9 10 0
9 11 1.4006612571803838
9 12 0
9 13 0
9 14 0
9 15 0
9 16 0
9 17 1.1046852336340864
9 18 1.196519566707662
9 19 0
9 20 0
9 21 1.2065844596746982
9 22 0
9 23 1.1333994095080986
9 24 0
9 25 1.1456952976193577
9 26 0
9 27 1.1901005945449654
9 28 0
9 29 1.165028693785308
10 0 1.0889776347887412
10 1 0
10 2 0
10 3 1.2244235023870138
10 4 0
10 5 1.243367467446474
10 6 0
10 7 1.098624921747072
10 8 1.3052802212761345
10 9 0
10 10 1.1219629595391936
10 11 1.3321126409708721
10 12 0
10 13 0
10 14 0
10 15 0
10 16 1.1019924947511093
10 17 1.0968472384525652
10 18 1.2145809503428195
10 19 1.0648146075611233
10 20 0
10 21 0
10 22 0
10 23 0
10 24 1.1151531297571444
10 25 0
10 26 1.1535394741812839
10 27 0
10 28 0
10 29 1.08500247795326
11 0 1.0696527982550315
11 1 1.2155589172348789
11 2 0
11 3 0
11 4 1.1913770603893665
11 5 0
11 6 1.1953033341073183
11 7 1.1279907564135743
11 8 1.2162744917694153
11 9 0
11 10 1.4278421501879497
11 11 0
11 12 0
11 13 0
11 14 1.2829702959599907
11 15 0
11 16 1.2418423181904368
11 17 1.2017627795298522
11 18 1.2020914698127387
11 19 1.1481144320165473
11 20 0
11 21 0
11 22 0
11 23 0
11 24 1.1405766376997382
11 25 0
11 26 0
11 27 1.351809814973321
11 28 0
11 29 1.0513354177384189
12 0 1.1555892106112116
12 1 1.155924877730559
12 2 0
12 3 0
12 4 1.2908154025378702
12 5 0
12 6 0
12 7 1.0952848753826985
12 8 1.1570023400327414
12 9 1.313492084146055
12 10 1.4405365454480485
12 11 1.2300467941506794
12 12 1.2696245633484988
12 13 0
12 14 1.2850092532699802
12 15 1.3161918025760613
12 16 0
12 17 1.2774828576870316
12 18 1.3425674314267761
12 19 1.072538770750629
12 20 0
12 21 0
12 22 1.088505423407863
12 23 1.2574430864926056
12 24 0
12 25 1.1346177777042918
12 26 0
12 27 0
12 28 1.159422889562964
12 29 1.0220546393102452
13 0 0
13 1 1.0866220811632308
13 2 0
13 3 1.1954817398592001
13 4 1.1803575785547438
13 5 0
13 6 1.1854736866591926
13 7 0
13 8 0
13 9 1.2424510114329166
13 10 1.3229578906479516
13 11 0
13 12 1.1817840557359698
13 13 0
13 14 0
13 15 0
13 16 0
13 17 1.2621065362502222
13 18 1.1822102407826975
13 19 1.2628473959533177
13 20 1.1363562624172268
13 21 0
13 22 1.140257447671739
13 23 0
13 24 0
13 25 1.2162360056150905
13 26 1.1164507233444891
13 27 1.154462083512155
13 28 1.1408179816276534
13 29 1.1892092135521033
14 0 1.2136862340606545
14 1 0
14 2 0
14 3 1.1491818874191082
14 4 1.1604679303488648
14 5 1.1681782771304874
14 6 0
14 7 1.2133487886984062
14 8 0
14 9 1.225937153926766
14 10 0
14 11 0
14 12 1.384512144575752
14 13 0
14 14 1.1826442488031046
14 15 1.4660044413060966
14 16 0
14 17 1.1715458751567287
14 18 0.9889570451152438
14 19 0
14 20 0
14 21 0
14 22 1.2091473706794262
14 23 1.134246738409389
14 24 1.0681312200267128
14 25 1.103623566622406
14 26 0
14 27 0
14 28 0
14 29 1.155342249508319
15 0 1.1268501035125382
15 1 1.1805948174918504
15 2 0
15 3 0
15 4 0
15 5 1.2286194014336944
15 6 1.1487046658445146
15 7 0
15 8 1.1875274501008775
15 9 1.215691060668053
15 10 1.3055887302028428
15 11 0
15 12 1.1750609166552404
15 13 0
15 14 1.1848691177220643
15 15 1.2714384891358912
15 16 0
15 17 1.3261814132020935
15 18 0
15 19 1.1482960310496328
15 20 0
15 21 0
15 22 0
15 23 1.2162860638723312
15 24 0
15 25 0
15 26 0
15 27 1.1469872148978189
15 28 1.213137731074235
15 29 0
16 0 1.1252851167886984
16 1 1.1297892523767727
16 2 1.2772010185118665
16 3 0
16 4 1.127262738638416
16 5 0
16 6 0
16 7 1.257638124832831
16 8 1.11507780163523
16 9 0
16 10 0
16 11 0
16 12 0
16 13 0
16 14 0
16 15 1.3422362007461492
16 16 0
16 17 0
16 18 0
16 19 1.2362810976161402
16 20 1.226517583298957
16 21 1.249190889732942
16 22 0
16 23 0
16 24 0
16 25 0
16 26 0
16 27 0
16 28 1.1473238094923828
16 29 1.1544714786108035
17 0 1.0844509861838219
17 1 0
17 2 0
17 3 0
17 4 0
17 5 1.2107297581347898
17 6 0
17 7 0
17 8 1.0968254912762292
17 9 0
17 10 0
17 11 1.1565424101360229
17 12 1.24325657689942
17 13 1.2621065362502222
17 14 1.4786233354469027
17 15 1.1983719970668696
17 16 0
17 17 0
17 18 0
17 19 1.161819523277071
17 20 0
17 21 1.1151684034700131
17 22 1.2035376476559738
17 23 0
17 24 0
17 25 0
17 26 1.060181512693161
17 27 1.0096995336043988
17 28 0
17 29 0
18 0 1.034035689018066
18 1 1.1781621044621668
18 2 1.1071308399796043
18 3 1.0868529154689883
18 4 1.1206951514003578
18 5 1.1750437263870666
18 6 1.1534236639528819
18 7 0
18 8 1.31428551110758
18 9 1.0743217846804587
18 10 0
18 11 1.2081990466156758
18 12 1.3425674314267761
18 13 1.151643910207956
18 14 1.1509867085812229
18 15 0
18 16 1.2945433032533815
18 17 0
18 18 0
18 19 0
18 20 1.177253447740501
18 21 1.1974366479737701
18 22 1.066951462530758
18 23 0
18 24 1.1697594537829061
18 25 0
18 26 0
18 27 1.0830107607103256
18 28 1.1989758145609988
18 29 0
19 0 0
19 1 1.1141467942608707
19 2 0
19 3 0
19 4 1.0967206438286652
19 5 1.240868722252803
19 6 1.1680358385966978
19 7 0
19 8 1.114210809288141
19 9 1.0916514093351735
19 10 0
19 11 1.1481144320165473
19 12 0
19 13 1.38508436542301
19 14 1.176742353384668
19 15 1.279319723420457
19 16 0
19 17 0
19 18 0
19 19 0
19 20 0
19 21 0
19 22 1.1754508752053099
19 23 0
19 24 0
19 25 0
19 26 1.0699204109013511
19 27 0
19 28 0
19 29 1.0705382843489415
20 0 0
20 1 1.1450239456783637
20 2 1.123514626892223
20 3 1.1222409439881904
20 4 1.1664499965443267
20 5 0
20 6 0
20 7 1.1168027790036585
20 8 0
20 9 0
20 10 0
20 11 0
20 12 0
20 13 0
20 14 1.2370455844976387
20 15 0
20 16 0
20 17 0
20 18 0
20 19 0
20 20 1.2451303627339436
20 21 1.2758645764123357
20 22 0
20 23 1.1904366340687433
20 24 1.1592370367759932
20 25 1.0954478490130126
20 26 0
20 27 1.1419521331466858
20 28 0
20 29 0
21 0 0
21 1 1.1650096456791468
21 2 1.1244441708542678
21 3 0
21 4 0
21 5 1.2419720161519405
21 6 1.1109780956811621
21 7 0
21 8 0
21 9 1.2065844596746982
21 10 0
21 11 0
21 12 1.277851089665049
21 13 1.1393215531354242
21 14 1.374265571522217
21 15 1.1968918911966178
21 16 1.2480041554528034
21 17 0
21 18 1.2193437039635828
21 19 0
21 20 1.2967520303500668
21 21 1.2092683562981281
21 22 0
21 23 1.2118830070975484
21 24 0
21 25 1.1191948839153354
21 26 0
21 27 1.2467711136373834
21 28 1.1558306926532844
21 29 0
22 0 0.962623900676215
22 1 0
22 2 1.125147192970352
22 3 1.1149616939288762
22 4 1.2043727388178376
22 5 0
22 6 0
22 7 0
22 8 1.0926268270673412
22 9 0
22 10 0
22 11 1.21681560170819
22 12 0
22 13 0
22 14 1.3553032291742753
22 15 1.2811090761912967
22 16 0
22 17 0
22 18 0
22 19 1.223522772531549
22 20 0
22 21 1.3190673656638559
22 22 0
22 23 0
22 24 1.0630657752611758
22 25 1.1286233048438732
22 26 1.0492469952781858
22 27 0
22 28 1.1137779184310501
22 29 0
23 0 1.1507691551334438
23 1 1.193516404909988
23 2 0
23 3 0
23 4 0
23 5 1.176447233131597
23 6 0
23 7 1.1768376372526175
23 8 1.2434147179277129
23 9 0
23 10 1.0151167074387861
23 11 0
23 12 1.1200271118961436
23 13 1.296570001368532
23 14 1.1694148379928213
23 15 1.279405341056026
23 16 0
23 17 0
23 18 1.223433746780446
23 19 1.2581227801896915
23 20 1.1591515021822822
23 21 1.1615605319845255
23 22 1.0580739787716875
23 23 0
23 24 0
23 25 0
23 26 0
23 27 1.174408457760041
23 28 1.0572795492590379
23 29 1.008177948580236
24 0 0
24 1 0
24 2 1.1876528713891799
24 3 0
24 4 1.1493488624620904
24 5 0
24 6 0
24 7 1.2305769808038565
24 8 0
24 9 1.1781113949458963
24 10 0
24 11 1.0507213205435961
24 12 0
24 13 0
24 14 1.2847028008731547
24 15 0
24 16 1.2265564461977336
24 17 0
24 18 0
24 19 0
24 20 0
24 21 0
24 22 0
24 23 1.06325214779554
24 24 0
24 25 0
24 26 1.156801994054833
24 27 0
24 28 1.1551323886008136
24 29 0
25 0 0
25 1 0
25 2 1.16970665754655
25 3 1.1245099666079434
25 4 0
25 5 0
25 6 0
25 7 1.2239001725413354
25 8 1.1040101182777797
25 9 1.0917472327374151
25 10 0
25 11 0
25 12 0
25 13 0
25 14 1.2063547754664756
25 15 1.1928074554578145
25 16 0
25 17 1.1263005157921058
25 18 0
25 19 0.987650446413232
25 20 1.2667709930862094
25 21 0
25 22 0
25 23 0
25 24 0
25 25 0
25 26 0
25 27 1.0715984961290257
25 28 0
25 29 0
26 0 0
26 1 0
26 2 1.078921486984573
26 3 1.2181454993449155
26 4 0
26 5 0
26 6 1.1904542739053687
26 7 0
26 8 0
26 9 1.244592213703057
26 10 0
26 11 1.2355170347959326
26 12 0
26 13 0
26 14 1.293583414182804
26 15 0
26 16 1.0946967394028997
26 17 1.152096087596672
26 18 0
26 19 1.213612857072393
26 20 0
26 21 0
26 22 0
26 23 1.2363281025467676
26 24 0
26 25 0
26 26 0
26 27 1.0174806746097833
26 28 0
26 29 1.1367654014861546
27 0 0
27 1 0
27 2 0
27 3 0
27 4 1.125727376842313
27 5 0
27 6 0
27 7 1.1296545036347203
27 8 1.0049897555974234
27 9 1.1846913955044454
27 10 0
27 11 0
27 12 1.2178802620340263
27 13 1.2988520610358174
27 14 1.149810605109192
27 15 0
27 16 0
27 17 0
27 18 1.0890537741949384
27 19 1.0939474653449826
27 20 1.1399045233325775
27 21 0
27 22 0
27 23 1.220385956010968
27 24 0
27 25 1.0763122495512933
27 26 1.1316633753528025
27 27 0
27 28 1.064112512023254
27 29 0.9745584750329037
28 0 0
28 1 1.056352172453092
28 2 1.0959234827418296
28 3 1.0598294335840213
28 4 0
28 5 0
28 6 1.1162513421314646
28 7 1.2351694664100992
28 8 0
28 9 1.2499910551855837
28 10 0
28 11 0
28 12 0
28 13 1.0635296117057564
28 14 0
28 15 1.1891558901869594
28 16 1.095216427668715
28 17 0
28 18 0
28 19 1.0748285591651061
28 20 1.002951046255646
28 21 0
28 22 0
28 23 0
28 24 1.2294177352526705
28 25 1.104843525163227
28 26 0
28 27 1.02935911600497
28 28 1.1298214309707506
28 29 1.162011053118213
29 0 0
29 1 1.0684948517521453
29 2 1.14260259351821
29 3 1.1793511418059348
29 4 0
29 5 1.0540241877070118
29 6 1.2304593505378663
29 7 1.120097569352979
29 8 1.1971145601059632
29 9 0
29 10 1.1295979544900105
29 11 1.2860162325784037
29 12 1.1851075046573107
29 13 1.2173349147487662
29 14 0
29 15 0
29 16 0
29 17 0
29 18 1.131299807748891
29 19 1.082550176994204
29 20 0
29 21 1.0665776152393596
29 22 1.0695562843753383
29 23 1.1094898703445895
29 24 0
29 25 0
29 26 0
29 27 1.0038825692488857
29 28 0
29 29 0
