0 0 0
0 1 1.0882862667783257
0 2 0
0 3 0
0 4 0
0 5 0
0 6 1.0982286335667304
0 7 1.0827786504201597
0 8 1.1230501847510104
0 9 1.1369793178482266
0 10 0
0 11 1.1470413900315042
0 12 0
0 13 0
0 14 1.2170162579129182
0 15 1.0487896179931702
0 16 0
0 17 1.17189364099552
0 18 1.1742898563531967
0 19 0
0 20 0
0 21 0
0 22 1.0764852100023725
0 23 0
0 24 0
0 25 0
0 26 1.187896938678663
0 27 0
0 28 0.9997607995144868
0 29 0
1 0 0
1 1 0
1 2 0
1 3 0.9005227612893834
1 4 0
1 5 0
1 6 1.1491202475686462
1 7 0
1 8 1.2354475715078912
1 9 0
1 10 0
1 11 1.0679764124792097
1 12 1.14546725153959
1 13 1.2086007422993263
1 14 0
1 15 0
1 16 0
1 17 0
1 18 1.1873938690025057
1 19 0
1 20 1.1171584636156817
1 21 0
1 22 0
1 23 0
1 24 1.1720235859131964
1 25 0
1 26 0
1 27 1.082551504773507
1 28 0
1 29 1.0500124517455278
2 0 0
2 1 0.9661445019293932
2 2 0
2 3 0
2 4 0
2 5 1.1227832665695843
2 6 1.0782808587958712
2 7 1.1813674245540042
2 8 1.1351588345980925
2 9 0
2 10 1.198061993341531
2 11 0
2 12 1.1390656791005604
2 13 1.1398797460453391
2 14 1.1981203388577106
2 15 1.3393633507659228
2 16 1.2737082925405456
2 17 0
2 18 1.2262816871482054
2 19 0
2 20 1.248572481293297
2 21 1.1314388787456333
2 22 1.2241416353557402
2 23 1.0962359005414437
2 24 0
2 25 0
2 26 1.170262278996473
2 27 1.0799175247908994
2 28 0
2 29 0
3 0 0
3 1 0
3 2 0
3 3 0
3 4 1.0465108890190276
3 5 1.2092999946811451
3 6 0
3 7 1.0755108655558974
3 8 1.1737318310353975
3 9 1.1331275452602663
3 10 1.1198175300665816
3 11 0
3 12 0
3 13 1.2759255990287433
3 14 1.2873050819204777
3 15 1.1628257322240787
3 16 1.3969132057930822
3 17 0
3 18 1.1510666890043895
3 19 0
3 20 0
3 21 1.1881823742381468
3 22 1.0926358641783562
3 23 0
3 24 1.0720697341715557
3 25 0
3 26 1.09737051123043
3 27 1.0939175229140974
3 28 1.099079483989162
3 29 0
4 0 1.0373396428848083
4 1 0
4 2 1.03379626920765
4 3 1.0933921210992597
4 4 0
4 5 1.2018315306968899
4 6 1.1076302172723338
4 7 1.108366870333467
4 8 1.1605030484466983
4 9 1.1512182120452226
4 10 0
4 11 0
4 12 1.0802758152517193
4 13 0
4 14 1.124795513882266
4 15 1.155487800075806
4 16 1.211931888741849
4 17 0
4 18 0
4 19 1.0873357845821514
4 20 0
4 21 0
4 22 1.330619690046098
4 23 1.3322365074429061
4 24 1.1257324964010518
4 25 0
4 26 0
4 27 0
4 28 1.0424405913355574
4 29 1.087922237869177
5 0 0.9859885749012569
5 1 0
5 2 1.078066473313239
5 3 1.0695035907059975
5 4 1.1406713426670707
5 5 0
5 6 1.1622419350327906
5 7 0
5 8 1.0777571061776259
5 9 1.1129878132388566
5 10 1.1995101328486313
5 11 1.1437850183022047
5 12 1.1028325460266302
5 13 0
5 14 0
5 15 1.0941411572410062
5 16 1.2636969116780654
5 17 1.2377202708213437
5 18 0
5 19 0
5 20 1.1186787862039331
5 21 0
5 22 1.1213570103465307
5 23 0
5 24 1.1868706211002507
5 25 1.1760944182544453
5 26 1.2163974946254306
5 27 1.0756290877519
5 28 1.113771197952359
5 29 1.1181669881349834
6 0 0
6 1 0
6 2 1.1554774169654962
6 3 0
6 4 1.1327388087643573
6 5 0
6 6 1.257045495833103
6 7 0
6 8 1.368246557219721
6 9 1.1471606828765475
6 10 1.1642699821264866
6 11 0
6 12 0
6 13 1.2368056667264762
6 14 1.1186044025202722
6 15 1.3208462512775399
6 16 0
6 17 1.2610771286519693
6 18 0
6 19 1.2639521615308547
6 20 0
6 21 0
6 22 0
6 23 1.289442895952019
6 24 1.1943475896888036
6 25 0
6 26 0
6 27 1.1794839791986709
6 28 0
6 29 0
7 0 0
7 1 0
7 2 0
7 3 1.1369942159903028
7 4 1.1371694228555507
7 5 1.1593616956271133
7 6 0
7 7 0
7 8 0
7 9 0
7 10 0
7 11 1.0694552522086913
7 12 0
7 13 0
7 14 0
7 15 1.3677563406107236
7 16 1.152259015865614
7 17 0
7 18 0
7 19 1.3420235686822282
7 20 0
7 21 0
7 22 1.2754569149785895
7 23 1.1884758440438312
7 24 1.1700694510158616
7 25 1.220890950555588
7 26 0
7 27 1.3028372037716678
7 28 1.2534332990085475
7 29 0
8 0 0
8 1 0
8 2 1.0645284092795497
8 3 1.1055647454147233
8 4 1.145480666650211
8 5 1.094516036237295
8 6 0
8 7 1.2420549388095194
8 8 1.1706548790139273
8 9 1.2557577440257517
8 10 0
8 11 1.2057915186127655
8 12 1.215114755589772
8 13 1.203566084065087
8 14 1.2527031584428951
8 15 1.2390644922364207
8 16 1.3178373682723685
8 17 1.3119057480043606
8 18 1.173071297883405
8 19 1.2118524278621046
8 20 0
8 21 0
8 22 0
8 23 0
8 24 0
8 25 1.0753746451696113
8 26 1.260784129554044
8 27 1.1250724498596965
8 28 0
8 29 1.0604421639884758
9 0 1.2507567952648648
9 1 1.1985332113455225
9 2 1.1978196456770724
9 3 0
9 4 0
9 5 1.1231802691186052
9 6 0
9 7 1.2324820527334772
9 8 0
9 9 1.2004456030510224
9 10 0
9 11 1.1688805869957444
9 12 0
9 13 1.3534198574927967
9 14 1.2686852826550907
9 15 0
9 16 0
9 17 0
9 18 0
9 19 1.2667465204178419
9 20 1.168505353429884
9 21 1.0839704338859482
9 22 1.2801764194481842
9 23 1.1907834765339707
9 24 1.2206680747215768
9 25 1.1699416499599509
9 26 1.1748735296921928
9 27 1.285223132451264
9 28 0
9 29 1.134656788447599
10 0 0
10 1 1.151684127994563
10 2 1.2793614863647866
10 3 0
10 4 0
10 5 1.2549978014349865
10 6 1.2096307582622265
10 7 0
10 8 0
10 9 1.204406179056371
10 10 0
10 11 1.3109850609313298
10 12 1.0713421575674444
10 13 1.2851421541979906
10 14 0
10 15 0
10 16 0
10 17 0
10 18 1.3273153416224066
10 19 1.2458477424737593
10 20 0
10 21 1.1035561978484223
10 22 0
10 23 1.259097087399313
10 24 0
10 25 0
10 26 1.1028762220480737
10 27 0
10 28 1.2093494381759484
10 29 0
11 0 0
11 1 0
11 2 1.167086104048184
11 3 0
11 4 0
11 5 0
11 6 0
11 7 0
11 8 0
11 9 1.2581800892002126
11 10 0
11 11 0
11 12 1.210795348706407
11 13 1.190250365107734
11 14 0
11 15 1.248552642319576
11 16 0
11 17 0
11 18 0
11 19 0
11 20 1.122260682178136
11 21 1.2337859160305282
11 22 0
11 23 0
11 24 0
11 25 1.1502056402348464
11 26 1.2154270215207348
11 27 0
11 28 0
11 29 0
12 0 0
12 1 1.229000883861902
12 2 0
12 3 1.1830950592081315
12 4 1.1259754869429095
12 5 1.3199983940101365
12 6 0
12 7 1.1908290268969501
12 8 0
12 9 0
12 10 0
12 11 0
12 12 1.1507364232028086
12 13 0
12 14 0
12 15 1.2276792571786261
12 16 0
12 17 1.314241791740834
12 18 0
12 19 1.2159885616075494
12 20 0
12 21 0
12 22 0
12 23 0
12 24 1.0736674707153875
12 25 1.1337451382019403
12 26 1.15246678042745
12 27 0
12 28 1.125594573414278
12 29 1.1340942487681727
13 0 0
13 1 0
13 2 1.1005629158241368
13 3 1.1409442585503808
13 4 1.1682569881057692
13 5 1.2830950063234354
13 6 1.1021723578456355
13 7 1.2882461673635024
13 8 0
13 9 0
13 10 1.3061602075227194
13 11 0
13 12 0
13 13 0
13 14 1.1104275240500898
13 15 0
13 16 0
13 17 0
13 18 0
13 19 1.2715390787662666
13 20 0
13 21 0
13 22 1.0780794290847255
13 23 0
13 24 0
13 25 0
13 26 1.1379422493166724
13 27 0
13 28 1.271494541555938
13 29 1.142805599175879
14 0 0
14 1 1.199308372075955
14 2 1.1330210501443616
14 3 1.155546962895013
14 4 1.1086433540440526
14 5 0
14 6 1.1836373183598894
14 7 1.1542048943150922
14 8 0
14 9 0
14 10 1.1087731268170375
14 11 1.347978886548059
14 12 0
14 13 0
14 14 1.2034469796557012
14 15 1.0737961063776542
14 16 1.070673238609893
14 17 1.192295153794937
14 18 1.1771933604322495
14 19 1.1549491551486644
14 20 0
14 21 1.1567447439443501
14 22 1.177929524351549
14 23 0
14 24 0
14 25 1.0717091484299024
14 26 0
14 27 1.1449584242223927
14 28 1.2485634390915177
14 29 1.1159971793326016
15 0 1.0898534811979885
15 1 1.252407088423469
15 2 0
15 3 1.268177312882822
15 4 1.1761308553221417
15 5 0
15 6 1.1814900165159499
15 7 0
15 8 0
15 9 0
15 10 1.0741729773463415
15 11 0
15 12 1.1618832227420421
15 13 1.1448314900371395
15 14 1.2816594721788486
15 15 1.1178812640276825
15 16 1.1729526480877546
15 17 0
15 18 0
15 19 0
15 20 1.169396968258331
15 21 1.0667311779235036
15 22 0
15 23 0
15 24 0
15 25 0
15 26 0
15 27 1.1525939075793366
15 28 1.2241321426037675
15 29 1.15042997690364
16 0 0
16 1 1.1159971358126646
16 2 1.192833526573253
16 3 0
16 4 0
16 5 0
16 6 0
16 7 0
16 8 0
16 9 1.1434819598452401
16 10 1.1714957502254804
16 11 0
16 12 0
16 13 1.2779762824359542
16 14 1.070673238609893
16 15 1.336494816456362
16 16 0
16 17 0
16 18 0
16 19 1.022100316939354
16 20 0
16 21 1.139582507420495
16 22 1.0395606600672915
16 23 1.223681336630291
16 24 0
16 25 0
16 26 0
16 27 0
16 28 1.0570584156320824
16 29 0
17 0 1.1252728518709147
17 1 1.1789501111876957
17 2 1.152492911958107
17 3 0
17 4 0
17 5 1.1859974853743604
17 6 1.15777862000005
17 7 1.1495402678571913
17 8 0
17 9 1.2277440249817502
17 10 0
17 11 1.1955816627322207
17 12 0
17 13 0
17 14 1.2900781262690482
17 15 1.2944244890626837
17 16 1.3883391351255074
17 17 0
17 18 1.3657990060027818
17 19 1.209964441553446
17 20 1.2668598283642023
17 21 1.2956687810179761
17 22 1.2238474310522534
17 23 1.1087639926865167
17 24 1.222298681291855
17 25 1.192072091794326
17 26 1.0900110072834013
17 27 0
17 28 1.1892491432460832
17 29 0
18 0 1.1207797739014005
18 1 0
18 2 1.0794987711766286
18 3 0
18 4 1.1470048340253436
18 5 1.191149939959496
18 6 1.1161004955164673
18 7 1.1127388033751102
18 8 0
18 9 1.1163430533683616
18 10 0
18 11 0
18 12 0
18 13 1.110241978080031
18 14 1.2170955095122544
18 15 1.2225930674597438
18 16 1.3464892199136793
18 17 0
18 18 0
18 19 1.207483795529187
18 20 0
18 21 0
18 22 0
18 23 0
18 24 1.018189610008099
18 25 0
18 26 1.273502251462998
18 27 0
18 28 1.1511080072031257
18 29 0
19 0 1.0821368762809915
19 1 1.1418982595206006
19 2 0
19 3 0
19 4 0
19 5 0
19 6 1.1421281357631277
19 7 1.126780786002507
19 8 1.2214543622195422
19 9 0
19 10 0
19 11 0
19 12 0
19 13 0
19 14 0
19 15 0
19 16 1.2795002364544694
19 17 0
19 18 0
19 19 1.2235172162080143
19 20 0
19 21 0
19 22 0
19 23 0
19 24 1.0517707968270658
19 25 1.0462694812499476
19 26 0
19 27 1.1324546130586721
19 28 0.9849952493828649
19 29 1.1233321753696643
20 0 1.1010058311658815
20 1 1.1534044219230233
20 2 0
20 3 1.1740659911111784
20 4 0
20 5 0
20 6 0
20 7 1.1787773231090273
20 8 0
20 9 0
20 10 0
20 11 1.265564423265224
20 12 0
20 13 0
20 14 0
20 15 0
20 16 0
20 17 0
20 18 1.1708624797585412
20 19 1.2957274221701451
20 20 1.1352700810544658
20 21 1.0565565548125497
20 22 0
20 23 1.148617444447789
20 24 1.1029634704315632
20 25 1.2027064301080288
20 26 0
20 27 0.9869098325284145
20 28 0
20 29 1.0541286547676434
21 0 0
21 1 1.0912198651174838
21 2 1.2030782858236149
21 3 0
21 4 1.0387667644409555
21 5 1.1875513013289918
21 6 0
21 7 0
21 8 1.149522782071284
21 9 1.0839704338859482
21 10 1.2191803311058025
21 11 0
21 12 0
21 13 0
21 14 0
21 15 0
21 16 1.2883597442386638
21 17 1.187920152592988
21 18 1.288314657786855
21 19 1.2665309676502268
21 20 1.0354358448351533
21 21 1.0899230603971823
21 22 0
21 23 0
21 24 0
21 25 0
21 26 0
21 27 1.1173499010376167
21 28 1.0038367387375076
21 29 0
22 0 1.0280700878343882
22 1 1.1809709705409845
22 2 1.1417745210529762
22 3 0
22 4 1.131556464672765
22 5 1.1477978310296841
22 6 0
22 7 1.1365707268151228
22 8 0
22 9 1.2371048515862737
22 10 1.2361122123116977
22 11 1.2027907212117204
22 12 1.3316279267070663
22 13 0
22 14 1.257527382865668
22 15 1.2682488090677677
22 16 1.2384538192530865
22 17 1.088710463859872
22 18 1.1914513895437024
22 19 1.1000815030273228
22 20 1.277427357603101
22 21 1.0724149538614027
22 22 1.221940904753029
22 23 1.0048955162324755
22 24 1.0503291450526362
22 25 0.9900449604684121
22 26 1.145481309103983
22 27 0
22 28 0
22 29 1.0448712106393019
23 0 1.1251278217880434
23 1 1.0830825582382615
23 2 0
23 3 1.161294389712773
23 4 1.1233292661685026
23 5 0
23 6 0
23 7 1.1884758440438312
23 8 1.1100779554260212
23 9 0
23 10 0
23 11 1.3634009380476664
23 12 0
23 13 0
23 14 0
23 15 1.200001091110364
23 16 0
23 17 0
23 18 1.1069737635507215
23 19 1.228319480495695
23 20 0
23 21 1.358193669722884
23 22 1.0914102714711444
23 23 0
23 24 1.2488371517196173
23 25 0
23 26 0
23 27 1.0127856268227435
23 28 1.0939793481257694
23 29 1.0220449388913297
24 0 1.04693847128266
24 1 0
24 2 1.1179325016513106
24 3 0
24 4 1.1628734184368237
24 5 0
24 6 1.1943475896888036
24 7 0
24 8 0
24 9 1.1323350950188367
24 10 0
24 11 1.157163963291561
24 12 1.2504076207445156
24 13 0
24 14 0
24 15 1.2898796210676382
24 16 0
24 17 0
24 18 1.1263526163681836
24 19 1.116496251611037
24 20 0
24 21 0
24 22 1.1444322533320586
24 23 0
24 24 1.0821878110349707
24 25 0
24 26 0
24 27 1.0736801325378058
24 28 0
24 29 0
25 0 1.0359360912917395
25 1 1.0961599464802858
25 2 1.0916013401400388
25 3 0
25 4 1.1531104982506237
25 5 1.1760944182544453
25 6 0
25 7 0
25 8 1.1647859348478538
25 9 0
25 10 1.093099245509724
25 11 1.1474819230514555
25 12 0
25 13 1.2959385420608658
25 14 0
25 15 1.2286524035569601
25 16 1.2404115791881818
25 17 0
25 18 0
25 19 0
25 20 0
25 21 0
25 22 0
25 23 0
25 24 0
25 25 0
25 26 0
25 27 0
25 28 0.9985207824053063
25 29 0
26 0 0
26 1 1.1098477294179652
26 2 1.1092030467632374
26 3 1.0182830927147164
26 4 0
26 5 0
26 6 1.2255084045927267
26 7 0
26 8 0
26 9 0
26 10 1.0875186141979614
26 11 0
26 12 0
26 13 0
26 14 0
26 15 1.094913283075186
26 16 0
26 17 0
26 18 1.1943143478951554
26 19 1.1524963862961726
26 20 1.117606999354599
26 21 0
26 22 1.037601128216954
26 23 1.0538669576276531
26 24 0
26 25 0
26 26 0
26 27 1.1280215843911534
26 28 1.0906221849110296
26 29 1.1057000472068055
27 0 1.0405684011380367
27 1 0
27 2 1.0299944864822774
27 3 1.0939175229140974
27 4 1.1589251448751676
27 5 1.1619811486895673
27 6 1.0887619339088705
27 7 0
27 8 0
27 9 1.3236285666978507
27 10 0
27 11 0
27 12 0
27 13 0
27 14 0
27 15 0
27 16 0
27 17 0
27 18 1.1265890537795684
27 19 0.9594075274251905
27 20 1.141173615209333
27 21 1.1168159756780522
27 22 1.206126003214659
27 23 0
27 24 0
27 25 0
27 26 1.095395389485277
27 27 0
27 28 0
27 29 0
28 0 0
28 1 0
28 2 0
28 3 0
28 4 0
28 5 1.1545931873352748
28 6 1.167608764136697
28 7 1.1699640954270873
28 8 0
28 9 1.08947318774939
28 10 0
28 11 1.0756704606512322
28 12 0
28 13 0
28 14 0
28 15 0
28 16 0
28 17 1.1189342290795654
28 18 1.1346762856492825
28 19 1.1777654603266388
28 20 0
28 21 1.0656608143517672
28 22 0
28 23 0.9816326576688573
28 24 0
28 25 1.0080855819177366
28 26 0
28 27 0
28 28 0.9828886197723611
28 29 1.1178281592797707
29 0 0
29 1 1.0500124517455278
29 2 1.048265995533027
29 3 0
29 4 1.1277779939335557
29 5 1.2199814569060832
29 6 0
29 7 0
29 8 0
29 9 0
29 10 1.157289412416263
29 11 1.2120411867793712
29 12 1.2157952137639143
29 13 0
29 14 0
29 15 0
29 16 0
29 17 1.1443019307621654
29 18 0
29 19 1.08040740989838
29 20 1.1294037959155907
29 21 0
29 22 0
29 23 1.0777891575736296
29 24 0
29 25 0
29 26 0
29 27 0
29 28 0
29 29 0.9924519430776996
