0 0 0
0 1 0
0 2 0
0 3 0
0 4 1.1607993669360732
0 5 0
0 6 1.0906237063007378
0 7 0
0 8 1.2209970538010648
0 9 0
0 10 1.0969069840538808
0 11 1.285849664563023
0 12 1.0863637110733828
0 13 1.1616612583372297
0 14 1.1352950350404356
0 15 1.055565068601967
0 16 1.1567125686855877
0 17 0
0 18 0
0 19 0
0 20 1.1170815803150949
0 21 0
0 22 0
0 23 0
0 24 0
0 25 1.0502482123402554
0 26 0
0 27 1.1784615053802778
0 28 0
0 29 0
1 0 0
1 1 0
1 2 0
1 3 1.1660978238611672
1 4 0
1 5 1.1258304643502246
1 6 1.0358519805215294
1 7 0
1 8 0
1 9 1.1760106065720126
1 10 0
1 11 1.1957093256887483
1 12 1.2695860745581347
1 13 0
1 14 1.3128466639288576
1 15 0
1 16 1.159968860836402
1 17 0
1 18 0
1 19 0
1 20 0
1 21 0
1 22 0
1 23 1.154859379738415
1 24 0
1 25 0
1 26 0
1 27 1.184146874939736
1 28 1.1614083539316218
1 29 0
2 0 0
2 1 1.0044331330069394
2 2 0
2 3 0
2 4 1.0460490433304037
2 5 1.0770453314010597
2 6 1.179496134950967
2 7 1.2008861262338617
2 8 0
2 9 0
2 10 1.3011279896855856
2 11 1.1018766837924134
2 12 1.2131324325161987
2 13 1.1882413939271306
2 14 0
2 15 1.3459762337594559
2 16 1.1677452206672414
2 17 1.2872538339073767
2 18 1.0176652090868321
2 19 1.2806823999049624
2 20 1.1583912966930434
2 21 0
2 22 0
2 23 0
2 24 1.2303535705668263
2 25 1.1550613778181273
2 26 0
2 27 1.207786437204584
2 28 0
2 29 1.042759023580863
3 0 0
3 1 0
3 2 0
3 3 0
3 4 1.2034546999852977
3 5 0
3 6 1.1332886315136688
3 7 1.2525743599533539
3 8 0
3 9 1.0317306073236747
3 10 1.1386797288408639
3 11 0
3 12 0
3 13 0
3 14 1.1820645234543892
3 15 1.1676552718858904
3 16 0
3 17 1.1084338742812887
3 18 0
3 19 0
3 20 1.2136412721561995
3 21 0
3 22 0
3 23 1.1739230262014555
3 24 0
3 25 0
3 26 1.074338437189916
3 27 0
3 28 1.119060995586149
3 29 0
4 0 0
4 1 1.0644130026568024
4 2 0
4 3 1.187348130695983
4 4 1.0528642282491663
4 5 1.1862109291823488
4 6 0
4 7 0
4 8 1.3068798619524717
4 9 0
4 10 1.2437252880075276
4 11 1.2630230169696042
4 12 0
4 13 1.1898000798803752
4 14 0
4 15 1.1593780320823288
4 16 0
4 17 1.208170705834807
4 18 1.2093168898610434
4 19 0
4 20 0
4 21 1.179295179032165
4 22 1.2031696790510598
4 23 0
4 24 1.309671097882179
4 25 1.2418279408475947
4 26 1.197586085723929
4 27 0
4 28 0
4 29 1.0637386120507668
5 0 0
5 1 1.1400418578647789
5 2 1.1265590505412608
5 3 0
5 4 1.2102738679003677
5 5 1.2254995607118193
5 6 1.148192154669827
5 7 1.2184293403994506
5 8 1.2021054520277712
5 9 0
5 10 1.3572224251818075
5 11 0
5 12 0
5 13 1.2745345207507095
5 14 1.2141019693571518
5 15 1.0969789244006256
5 16 0
5 17 1.1921864988105946
5 18 0
5 19 1.2699416301726387
5 20 1.179159980007999
5 21 1.239630883097705
5 22 1.2389815360899492
5 23 1.2214158309805792
5 24 0
5 25 0
5 26 0
5 27 1.0500454493571338
5 28 1.2471723954515685
5 29 1.1805637066562737
6 0 0
6 1 1.0838540689399059
6 2 1.0382544069558621
6 3 1.201621549821685
6 4 0
6 5 0
6 6 0
6 7 0
6 8 1.1311920541215679
6 9 0
6 10 1.154714475228182
6 11 0
6 12 0
6 13 0
6 14 0
6 15 1.323299641580345
6 16 1.2158396082860037
6 17 1.2450615766747517
6 18 0
6 19 1.0228366419085801
6 20 1.2222841281910235
6 21 0
6 22 0
6 23 0
6 24 1.2286046444338659
6 25 1.2500316181802482
6 26 0
6 27 0
6 28 1.1914269326233415
6 29 1.2130416523702314
7 0 1.192879423468583
7 1 1.0917746287479415
7 2 0
7 3 1.0828175138353813
7 4 1.250014532852449
7 5 1.11110416911133
7 6 1.3289280743676495
7 7 1.323647915310516
7 8 0
7 9 1.0914066098473842
7 10 1.2825876826587823
7 11 1.1932671376027633
7 12 0
7 13 0
7 14 1.2125909161482165
7 15 1.3693870444734684
7 16 0
7 17 1.2459369398314484
7 18 1.1275493550793394
7 19 0
7 20 0
7 21 0
7 22 1.2265187626246958
7 23 0
7 24 1.2402591014470092
7 25 1.0808717949396178
7 26 1.2143627557211598
7 27 1.11001196258645
7 28 0
7 29 1.1494475835425642
8 0 0
8 1 1.0731899697549863
8 2 1.123351844385701
8 3 0
8 4 0
8 5 1.0486283537192043
8 6 0
8 7 0
8 8 0
8 9 0
8 10 1.3178282771488443
8 11 1.0247488218852812
8 12 1.0866995845936465
8 13 1.369795397842681
8 14 0
8 15 1.2398635701799199
8 16 1.1976226584304155
8 17 1.2057588243653867
8 18 1.2411172234557009
8 19 0
8 20 0
8 21 1.0927417652610216
8 22 1.2330714687769635
8 23 1.0973841564505464
8 24 0
8 25 1.1944666710787306
8 26 0
8 27 1.2123165939768867
8 28 1.2238583968047303
8 29 0
9 0 1.038919748969852
9 1 1.1480416263900957
9 2 1.0795899591634248
9 3 1.1625522865554618
9 4 1.1075158529107874
9 5 0
9 6 1.1525025175900245
9 7 1.1897893333830836
9 8 1.076148607251679
9 9 0
9 10 0
9 11 0
9 12 1.3078528489360375
9 13 0
9 14 0
9 15 0
9 16 1.2842303005383224
9 17 1.2462278155036466
9 18 1.1600515860194551
9 19 0
9 20 0
9 21 1.1546322915282865
9 22 1.1251341093734781
9 23 0
9 24 0
9 25 0
9 26 1.3046576684628806
9 27 0
9 28 0
9 29 1.1186129101866729
10 0 1.2465230961730636
10 1 1.2686679999534223
10 2 0
10 3 0
10 4 0
10 5 1.2529178813885646
10 6 0
10 7 0
10 8 1.0869675143598985
10 9 1.1948499555440568
10 10 1.175022876422148
10 11 0
10 12 1.4679751520910616
10 13 0
10 14 0
10 15 0
10 16 0
10 17 1.1648031004058326
10 18 1.1518144307138105
10 19 0
10 20 0
10 21 0
10 22 1.0908702156583385
10 23 0
10 24 0
10 25 0
10 26 1.2295638053752032
10 27 1.3020203700438535
10 28 0
10 29 0
11 0 1.1693345500750691
11 1 1.173821089796611
11 2 1.0957580815157901
11 3 1.0964405535813047
11 4 1.1725366556712564
11 5 1.2498949935554031
11 6 0
11 7 0
11 8 1.165656149928109
11 9 1.171981813862609
11 10 1.22375449195327
11 11 0
11 12 1.3661370044201224
11 13 1.4448341264199884
11 14 0
11 15 1.2489619455983452
11 16 0
11 17 0
11 18 1.2614139789502308
11 19 0
11 20 1.0594894960904406
11 21 0
11 22 0
11 23 0
11 24 1.1715024325215275
11 25 1.1500917561037483
11 26 0
11 27 1.1853522043623017
11 28 1.1610863613001041
11 29 0
12 0 1.2117879382805614
12 1 1.135109497296361
12 2 0
12 3 0
12 4 1.2138695304421012
12 5 0
12 6 0
12 7 1.0836048151758892
12 8 0
12 9 0
12 10 1.2443187145726753
12 11 1.2750985483937143
12 12 0
12 13 1.242118038817438
12 14 1.0976602480113349
12 15 1.2287741410154203
12 16 1.313637810885253
12 17 0
12 18 1.2370716935675063
12 19 1.1510056640326753
12 20 0
12 21 1.301862545481822
12 22 0
12 23 0
12 24 1.1494928741779058
12 25 0
12 26 0
12 27 0
12 28 0
12 29 1.2096031013515642
13 0 0
13 1 0
13 2 0
13 3 1.1312155955278878
13 4 0
13 5 1.2443773106167566
13 6 1.2572350775419632
13 7 0
13 8 0
13 9 0
13 10 0
13 11 1.1845559021414414
13 12 0
13 13 0
13 14 0
13 15 0
13 16 1.2304225983788646
13 17 0
13 18 0
13 19 0
13 20 1.2390088940789892
13 21 0
13 22 0
13 23 0
13 24 0
13 25 0
13 26 1.2070293698509402
13 27 0
13 28 0
13 29 0
14 0 0
14 1 1.0509739203863881
14 2 0
14 3 0
14 4 0
14 5 0
14 6 0
14 7 1.2405507173898176
14 8 1.0792706993052779
14 9 1.2112435046181993
14 10 0
14 11 1.1537259599449718
14 12 1.2895225377747632
14 13 0
14 14 0
14 15 1.076815298591628
14 16 1.1350457600324722
14 17 0
14 18 0
14 19 1.1868585758216283
14 20 1.280395150527178
14 21 1.0970387029204172
14 22 0
14 23 0
14 24 0
14 25 0
14 26 0
14 27 1.1923426536938546
14 28 0
14 29 1.1171099537664502
15 0 1.1006484738847548
15 1 1.264110098920563
15 2 0
15 3 1.2785515712789528
15 4 1.1850478049441848
15 5 0
15 6 1.1890168731441828
15 7 0
15 8 0
15 9 0
15 10 1.0786314489318813
15 11 0
15 12 1.165859692390495
15 13 1.1485535824466089
15 14 1.285829612826946
15 15 1.121758180439712
15 16 1.1775829723289821
15 17 0
15 18 0
15 19 0
15 20 1.1813495694964011
15 21 1.0808236259961688
15 22 0
15 23 0
15 24 0
15 25 0
15 26 0
15 27 1.1941950759954874
15 28 1.2718906892937214
15 29 1.198051835330458
16 0 1.1800178647513477
16 1 1.1477479828631252
16 2 0
16 3 0
16 4 1.2256139906025172
16 5 0
16 6 0
16 7 0
16 8 1.103575239573028
16 9 0
16 10 1.0965084900854942
16 11 0
16 12 1.0488269126551273
16 13 1.375815485631656
16 14 1.1350457600324722
16 15 1.341057683334868
16 16 1.3075995958854696
16 17 1.1837019633770611
16 18 1.3489180758764703
16 19 1.34229922935933
16 20 0
16 21 1.2190456716267097
16 22 1.218573599812671
16 23 1.2342620603564238
16 24 0
16 25 0
16 26 0
16 27 0
16 28 1.2033202660983005
16 29 1.2048672697772567
17 0 0
17 1 1.164026697286289
17 2 0
17 3 0
17 4 1.2866833239512951
17 5 0
17 6 1.2993078130840359
17 7 0
17 8 1.0932672947357156
17 9 1.2167676708142168
17 10 0
17 11 1.258883453200309
17 12 0
17 13 0
17 14 1.4828831310989496
17 15 1.2978732331379574
17 16 1.0757639275203463
17 17 0
17 18 0
17 19 1.2762434412399493
17 20 1.207936902196655
17 21 1.246989595460791
17 22 0
17 23 1.1408323463164751
17 24 0
17 25 0
17 26 0
17 27 0
17 28 1.1523557360818717
17 29 1.1448534457299386
18 0 1.150597073714984
18 1 1.2185107612447887
18 2 0
18 3 0
18 4 1.17660869560543
18 5 1.2141354399610305
18 6 1.2060356319805634
18 7 0
18 8 1.0918286478418984
18 9 1.1514420017973974
18 10 0
18 11 0
18 12 1.2370716935675063
18 13 0
18 14 0
18 15 1.2245481819300899
18 16 0
18 17 0
18 18 1.1892090517972498
18 19 1.3427178250922516
18 20 1.2411229956186045
18 21 0
18 22 0
18 23 0
18 24 1.1740744749318353
18 25 1.2286617821863337
18 26 1.2408845234139032
18 27 0
18 28 0
18 29 1.1752040347222397
19 0 1.101563313373207
19 1 1.1048326433174673
19 2 0
19 3 0
19 4 1.2163081747574884
19 5 1.3036099713838163
19 6 0
19 7 1.2974236771758156
19 8 1.2518886333988881
19 9 0
19 10 1.2443832981617577
19 11 0
19 12 1.3018198337155693
19 13 1.3238961289554665
19 14 0
19 15 0
19 16 0
19 17 1.45778742145847
19 18 1.1780563900752365
19 19 0
19 20 0
19 21 1.291528327331585
19 22 1.0606594241042715
19 23 0
19 24 1.0928682527368578
19 25 1.1670908098423278
19 26 1.1703534455504567
19 27 0
19 28 0
19 29 0
20 0 0
20 1 1.1512398477386414
20 2 1.1776126705255394
20 3 0
20 4 0
20 5 1.2142323003361137
20 6 0
20 7 0
20 8 0
20 9 1.2791061725412036
20 10 0
20 11 1.1340887520619187
20 12 1.1133438442249828
20 13 1.4467113112166383
20 14 0
20 15 0
20 16 0
20 17 0
20 18 0
20 19 0
20 20 1.2318169070433596
20 21 1.3646379055068518
20 22 1.1665785087343237
20 23 0
20 24 1.2036225702121808
20 25 0
20 26 0
20 27 1.0295209210074976
20 28 0
20 29 0
21 0 1.133293964595271
21 1 0
21 2 1.319179098656243
21 3 1.1094453257618349
21 4 1.2681473813934574
21 5 0
21 6 1.198789268988005
21 7 0
21 8 1.1323095323615933
21 9 1.1546322915282865
21 10 1.1747686825317092
21 11 1.2405890784327362
21 12 1.1751612832680558
21 13 1.3636766237171705
21 14 1.1717819219197425
21 15 0
21 16 0
21 17 0
21 18 0
21 19 0
21 20 1.113913573183592
21 21 0
21 22 0
21 23 0
21 24 0
21 25 1.1193867312881691
21 26 1.0158838918622395
21 27 0
21 28 0
21 29 1.1594395976243803
22 0 0
22 1 1.165157466977678
22 2 1.18693266815749
22 3 0
22 4 1.1803675218376228
22 5 0
22 6 1.1865500072586597
22 7 1.2208122094512839
22 8 1.2330714687769635
22 9 0
22 10 1.2097231431497295
22 11 1.2181971474283886
22 12 1.2025075995397025
22 13 1.285607346068169
22 14 1.3882392438182072
22 15 1.271122575338445
22 16 1.167043756628318
22 17 0
22 18 1.2082486729234023
22 19 1.260695035973011
22 20 0
22 21 0
22 22 0
22 23 1.1292945445508817
22 24 0
22 25 1.2499590725332423
22 26 0
22 27 1.3238541244132207
22 28 0
22 29 1.1105828536721418
23 0 1.1416734833776816
23 1 1.0560364215601612
23 2 0
23 3 0
23 4 1.1029395238020834
23 5 0
23 6 1.2530238674915897
23 7 0
23 8 1.1673876112696897
23 9 1.2599711240638913
23 10 1.235652984238288
23 11 0
23 12 0
23 13 0
23 14 0
23 15 1.2056460582782533
23 16 1.2794725399888174
23 17 1.3402316830372993
23 18 1.1475910345995841
23 19 0
23 20 1.1499365536537935
23 21 1.1492953731182103
23 22 1.1893116636708898
23 23 0
23 24 1.2861636221909265
23 25 0
23 26 1.2502835184889336
23 27 0
23 28 1.30651940125753
23 29 1.2392831811127982
24 0 1.0960398765005253
24 1 1.1556541870254178
24 2 0
24 3 1.13107918320521
24 4 0
24 5 1.2626170285340605
24 6 1.2286046444338659
24 7 0
24 8 1.2698713143002391
24 9 1.2336333315154744
24 10 1.1849853162537485
24 11 1.2453205036752288
24 12 1.1628423165497395
24 13 0
24 14 1.2796783231053894
24 15 1.300218087250667
24 16 0
24 17 1.310002965089911
24 18 1.2770759175496185
24 19 1.2788209349137531
24 20 1.2415952109978003
24 21 1.197158736012973
24 22 1.3122341549775816
24 23 1.2287427811269829
24 24 1.2111100180028849
24 25 0
24 26 0
24 27 1.4082993509924073
24 28 1.2777971730284687
24 29 0
25 0 1.0608938319228565
25 1 0
25 2 1.1501993225860676
25 3 1.349952861189925
25 4 0
25 5 0
25 6 1.271590277858491
25 7 0
25 8 0
25 9 1.1566257279202876
25 10 0
25 11 0
25 12 1.0975900792031146
25 13 0
25 14 1.1744517370939218
25 15 1.2433055432997207
25 16 1.445769562100005
25 17 1.0191130702311282
25 18 0
25 19 0
25 20 0
25 21 1.2967920587654287
25 22 1.1958484843667274
25 23 0
25 24 0
25 25 0
25 26 1.1905683786962358
25 27 0
25 28 1.1098257571431807
25 29 0
26 0 0
26 1 1.1936945268473411
26 2 0
26 3 1.1995927976697207
26 4 1.197586085723929
26 5 0
26 6 1.223641909030106
26 7 0
26 8 0
26 9 0
26 10 0
26 11 0
26 12 1.1556571221623622
26 13 0
26 14 1.2462451136929613
26 15 1.1125498706011918
26 16 1.1520329341594862
26 17 0
26 18 1.2468902867396332
26 19 0
26 20 0
26 21 1.3660819954527559
26 22 1.2988266709645495
26 23 1.2414699284786712
26 24 0
26 25 0
26 26 0
26 27 1.3329387577501117
26 28 0
26 29 0
27 0 1.0271155206886
27 1 0
27 2 1.1431127029141457
27 3 0
27 4 0
27 5 0
27 6 1.1996578543131855
27 7 1.3231052710023936
27 8 1.1830884945401883
27 9 1.1649189069980617
27 10 0
27 11 1.0606112816359188
27 12 0
27 13 0
27 14 0
27 15 0
27 16 0
27 17 0
27 18 0
27 19 0
27 20 1.1379009132084406
27 21 0
27 22 0
27 23 0
27 24 0
27 25 0
27 26 1.2835253531616153
27 27 0
27 28 0
27 29 0
28 0 0.915933925433837
28 1 0
28 2 0
28 3 1.1731768043701194
28 4 1.202244378229992
28 5 1.2371506981875127
28 6 0
28 7 0
28 8 1.167557525988602
28 9 1.126730164305542
28 10 1.243228491739448
28 11 1.2177179268656986
28 12 0
28 13 0
28 14 0
28 15 0
28 16 1.1050876078947445
28 17 0
28 18 0
28 19 0
28 20 0
28 21 0
28 22 0
28 23 1.2305998726237637
28 24 1.3866479488097239
28 25 1.1854581701898683
28 26 1.1560678348240372
28 27 0
28 28 1.1435407389586034
28 29 0
29 0 0
29 1 0
29 2 0
29 3 1.132989536721691
29 4 1.0755525746161279
29 5 1.1411781330597803
29 6 1.1701212045384588
29 7 0
29 8 0
29 9 0
29 10 1.074578228578083
29 11 0
29 12 0
29 13 0
29 14 0
29 15 0
29 16 0
29 17 0
29 18 0
29 19 1.1597166886975285
29 20 0
29 21 0
29 22 0.9731000686503408
29 23 1.1951093093597152
29 24 0
29 25 0
29 26 1.20185129792145
29 27 0
29 28 0
29 29 0
