0 0 0
0 1 1.0497676615697844
0 2 0.9925632009550875
0 3 0
0 4 1.0511071989274472
0 5 0
0 6 1.1870013875796754
0 7 1.164273440502004
0 8 1.1738927231461407
0 9 1.1416428492877118
0 10 1.2302188099349267
0 11 0
0 12 1.2214185060763498
0 13 0
0 14 0
0 15 0
0 16 1.2145144042115834
0 17 1.2387484310372292
0 18 0
0 19 0
0 20 1.0692842922547308
0 21 0
0 22 1.0838726068938105
0 23 1.0390707776169532
0 24 0
0 25 1.1552329344640573
0 26 0
0 27 0
0 28 0
0 29 0
1 0 0
1 1 1.0516445597651742
1 2 0
1 3 0
1 4 0
1 5 1.1238631868892865
1 6 0
1 7 0
1 8 0
1 9 1.1762168185636197
1 10 1.129690307750042
1 11 0
1 12 1.1622292388101307
1 13 0
1 14 0
1 15 1.0554606571396659
1 16 1.1533712800197768
1 17 0
1 18 1.2006607169648627
1 19 1.2001678470004082
1 20 1.0845195961309009
1 21 1.1135358229931471
1 22 0
1 23 0
1 24 0
1 25 0
1 26 0
1 27 0
1 28 0
1 29 0
2 0 1.046320636533064
2 1 1.0859930174691077
2 2 0
2 3 1.2076773474030695
2 4 1.1217506000941253
2 5 1.108924992554175
2 6 0
2 7 1.2792313111191864
2 8 1.0732093333071504
2 9 1.2238141143520482
2 10 1.2503744980208606
2 11 0
2 12 0
2 13 0
2 14 1.1841738092307375
2 15 1.249375451670817
2 16 1.233433590426267
2 17 1.2410120276827445
2 18 0
2 19 0
2 20 1.170461388888228
2 21 0
2 22 1.2172348472763752
2 23 0
2 24 1.1777403385755183
2 25 0
2 26 1.0073203130675539
2 27 1.1607840041437496
2 28 0
2 29 0
3 0 0
3 1 0
3 2 0
3 3 1.088589815074623
3 4 1.097233682383865
3 5 1.2595620125135436
3 6 1.1397179234427741
3 7 0
3 8 1.219827463845889
3 9 0
3 10 0
3 11 0
3 12 1.226524652543906
3 13 0
3 14 0
3 15 1.230396465704221
3 16 1.2803126898200012
3 17 0
3 18 1.1181424344800976
3 19 1.1457175450272523
3 20 0
3 21 1.1095538908458966
3 22 0
3 23 1.1405387264658742
3 24 0
3 25 1.1076751876133266
3 26 0
3 27 1.0872587457776104
3 28 0
3 29 0
4 0 0
4 1 0
4 2 1.2526004763396246
4 3 1.152293810893162
4 4 1.3119610480709734
4 5 0
4 6 0
4 7 0
4 8 0
4 9 1.2165408852517372
4 10 0
4 11 1.2914577020784923
4 12 1.2089438614897214
4 13 1.2851983066176123
4 14 0
4 15 0
4 16 1.221601488139244
4 17 0
4 18 1.2361454754937578
4 19 0
4 20 1.2189775767338857
4 21 0
4 22 1.208033542605448
4 23 0
4 24 0
4 25 1.142540971352363
4 26 0
4 27 1.0041899186622267
4 28 1.0999404061024463
4 29 0
5 0 1.013352304636935
5 1 0
5 2 1.0761405401438733
5 3 1.218625623343835
5 4 0
5 5 1.122046339961953
5 6 0
5 7 0
5 8 1.1715982397232052
5 9 1.0529436727551724
5 10 0
5 11 1.2925176700560732
5 12 0
5 13 1.0998509518090194
5 14 0
5 15 1.275262060900548
5 16 1.2350624383879163
5 17 0
5 18 0
5 19 1.2362628358241479
5 20 0
5 21 1.200151651496687
5 22 0
5 23 0
5 24 0
5 25 1.1396565831817491
5 26 0
5 27 1.1668829901273412
5 28 0
5 29 1.0615307294517664
6 0 0
6 1 0
6 2 1.1276688707393643
6 3 0
6 4 0
6 5 0
6 6 0
6 7 1.1225688269766378
6 8 0
6 9 1.2439530138504296
6 10 1.292971811164426
6 11 1.1791921939730192
6 12 1.2167597544865174
6 13 0
6 14 0
6 15 0
6 16 0
6 17 0
6 18 0
6 19 1.220566036710436
6 20 1.2534890762168458
6 21 1.1430220112024974
6 22 0
6 23 1.1279436418328375
6 24 1.1519961596650434
6 25 0
6 26 0
6 27 0
6 28 0
6 29 1.1072284671354728
7 0 1.0812445959991897
7 1 0
7 2 1.1326395903055062
7 3 0
7 4 1.1467133554087054
7 5 1.145666146189271
7 6 0
7 7 0
7 8 0
7 9 0
7 10 0
7 11 0
7 12 0
7 13 1.1476253808395958
7 14 0
7 15 1.1233991877273082
7 16 0
7 17 1.076125547674032
7 18 0
7 19 1.187318479909039
7 20 0
7 21 0
7 22 1.2327313947114225
7 23 1.0831122896856276
7 24 0
7 25 0
7 26 0
7 27 0
7 28 1.1137728295506908
7 29 1.1501235314089413
8 0 1.1972099298837438
8 1 0
8 2 0
8 3 0
8 4 1.1442604744025815
8 5 1.1572265953033263
8 6 0
8 7 1.1296915965711043
8 8 0
8 9 1.2085440201348825
8 10 0
8 11 1.2672940039401976
8 12 1.287356559001412
8 13 1.2718081408404887
8 14 0
8 15 0
8 16 1.2731671489500869
8 17 0
8 18 0
8 19 0
8 20 0
8 21 1.1211496639378709
8 22 0
8 23 0
8 24 1.3265616999711287
8 25 1.0877736377398428
8 26 1.2823216659822452
8 27 1.0140756813049059
8 28 0
8 29 0
9 0 0
9 1 1.2074888725466608
9 2 1.2070565189523734
9 3 1.1492770278742261
9 4 0
9 5 1.1407474372259312
9 6 0
9 7 1.1753838594434511
9 8 0
9 9 1.3023584453547385
9 10 0
9 11 1.3990607495586407
9 12 0
9 13 1.1691201320206357
9 14 1.3892558526725454
9 15 0
9 16 1.159524861289067
9 17 1.1995343345829002
9 18 1.1538622422907796
9 19 0
9 20 0
9 21 0
9 22 1.1537402688130771
9 23 0
9 24 0
9 25 0
9 26 1.0251748713284319
9 27 0
9 28 0
9 29 0
10 0 1.1737375810370014
10 1 1.181705665586621
10 2 0
10 3 1.1463394737654453
10 4 1.256282782600962
10 5 0
10 6 0
10 7 1.1836187895042782
10 8 0
10 9 1.3892033409744406
10 10 1.1813442717406755
10 11 0
10 12 1.1278358455380653
10 13 1.2724364682501783
10 14 1.2076466721190495
10 15 1.151991899854987
10 16 1.1460849673304538
10 17 0
10 18 0
10 19 0
10 20 1.0415053071072522
10 21 1.1639490176733405
10 22 0
10 23 0
10 24 1.0725790104660153
10 25 1.2515589337468676
10 26 0
10 27 0
10 28 1.1013420494153665
10 29 0
11 0 0
11 1 0
11 2 0
11 3 1.2723858412652498
11 4 0
11 5 0
11 6 1.3257274065027973
11 7 0
11 8 0
11 9 1.3064957116643134
11 10 0
11 11 0
11 12 0
11 13 0
11 14 0
11 15 1.1818859840918448
11 16 1.3374146710419381
11 17 1.0670506523429226
11 18 1.2647400271964404
11 19 1.1090156631437436
11 20 1.17454211750804
11 21 0
11 22 0
11 23 1.1648006880347868
11 24 0
11 25 1.1484776040618876
11 26 0
11 27 1.1665022882414553
11 28 0
11 29 0
12 0 0
12 1 1.1353157104140743
12 2 1.1533074807389092
12 3 1.3122392245176886
12 4 0
12 5 1.1201059736289933
12 6 0
12 7 1.212736547442066
12 8 1.1347441601446757
12 9 1.181668893390231
12 10 1.1965569026326321
12 11 1.1692349116332519
12 12 1.339328675118814
12 13 0
12 14 1.2632702665632252
12 15 0
12 16 1.3868478741697283
12 17 1.3206627923288536
12 18 0
12 19 0
12 20 1.2284486346080528
12 21 0
12 22 1.0198196168382903
12 23 1.1537776648121865
12 24 0
12 25 1.1114093975749226
12 26 1.4147473234056243
12 27 0
12 28 0
12 29 1.1110633532597107
13 0 1.2742240186388254
13 1 0
13 2 0
13 3 1.326034951575663
13 4 0
13 5 0
13 6 0
13 7 0
13 8 1.2104068750921775
13 9 1.1097335497330276
13 10 1.3849439532791248
13 11 0
13 12 1.170693448871504
13 13 1.279448899313943
13 14 1.2715390731003233
13 15 0
13 16 1.1736888976275475
13 17 0
13 18 1.223406414381059
13 19 0
13 20 0
13 21 0
13 22 0
13 23 0
13 24 0
13 25 1.1481501266482992
13 26 0
13 27 0
13 28 0
13 29 0
14 0 0
14 1 0
14 2 1.3495150418771673
14 3 1.1681824520620523
14 4 0
14 5 1.1630964858877901
14 6 1.1039640915313211
14 7 1.1671658973173444
14 8 0
14 9 1.2335838368961145
14 10 1.0434217160511747
14 11 1.254564446239301
14 12 1.1970226987469004
14 13 0
14 14 0
14 15 1.1836315682765453
14 16 0
14 17 1.188227904585813
14 18 1.1853933052426864
14 19 1.3368279201802484
14 20 1.0733810447527568
14 21 1.0789866512184918
14 22 1.2207821848843297
14 23 1.112016774610605
14 24 0
14 25 0
14 26 0
14 27 0
14 28 0
14 29 1.163129330657105
15 0 1.2452265353475658
15 1 0
15 2 0
15 3 1.1542451773654347
15 4 0
15 5 1.2287261504497187
15 6 0
15 7 1.2409123952037835
15 8 1.1436745431599773
15 9 1.1104301338613223
15 10 1.2738770078177846
15 11 1.1181565676326624
15 12 1.2515090962271174
15 13 0
15 14 0
15 15 1.036463236047132
15 16 1.2913838807912683
15 17 0
15 18 0
15 19 0
15 20 0
15 21 1.1150860254081854
15 22 0
15 23 0
15 24 0
15 25 0
15 26 1.1793028704365118
15 27 1.1487748210757787
15 28 1.1160345749484248
15 29 0
16 0 0
16 1 0
16 2 0
16 3 1.1487507030977169
16 4 1.2956086034956553
16 5 1.27343111879371
16 6 0
16 7 1.1250129056142397
16 8 1.1347233100391898
16 9 0
16 10 1.2466933770592283
16 11 1.1552189188708963
16 12 0
16 13 0
16 14 0
16 15 0
16 16 0
16 17 1.3148787796200518
16 18 0
16 19 0
16 20 0
16 21 0
16 22 1.0416838612076977
16 23 0
16 24 1.0259232862998835
16 25 0
16 26 0
16 27 1.185765631022089
16 28 0
16 29 1.1489342004001164
17 0 1.116195523936603
17 1 1.2048005197211282
17 2 1.1424272238537603
17 3 1.2341659183464384
17 4 1.1527304746836025
17 5 0
17 6 1.2411061753137718
17 7 0
17 8 0
17 9 1.1051937559829976
17 10 1.177628019342278
17 11 1.1885005921638878
17 12 1.181239904348044
17 13 0
17 14 1.2099644268663299
17 15 1.2081322326459927
17 16 0
17 17 1.1005686029644566
17 18 1.2639562393477513
17 19 0
17 20 1.3077302638486958
17 21 0
17 22 0
17 23 0
17 24 1.2399979973483322
17 25 1.1271101856183297
17 26 1.243151085497926
17 27 0
17 28 0
17 29 0
18 0 1.103027253583156
18 1 1.172671072655558
18 2 0
18 3 1.1720957671313161
18 4 1.0692099587022685
18 5 0
18 6 0
18 7 0
18 8 1.1810205222438523
18 9 0
18 10 0
18 11 0
18 12 0
18 13 0
18 14 1.3950540746087001
18 15 1.152680623902563
18 16 0
18 17 1.2064742416171672
18 18 0
18 19 1.2391836522304822
18 20 1.3272518771514772
18 21 0
18 22 1.0628790430310073
18 23 1.2074227066798329
18 24 1.096550653330163
18 25 0
18 26 1.0417303274166279
18 27 0
18 28 0
18 29 0
19 0 0
19 1 1.021628612510688
19 2 0
19 3 0
19 4 0
19 5 1.148477604061432
19 6 1.1873660433875517
19 7 1.2144841297042193
19 8 1.2039870304938758
19 9 0
19 10 0
19 11 1.1090156631437436
19 12 1.193712960451767
19 13 0
19 14 0
19 15 1.3469672247849707
19 16 1.3652917959550572
19 17 1.216094573681688
19 18 0
19 19 0
19 20 1.2670747514802274
19 21 0
19 22 1.1902477139235224
19 23 0
19 24 1.1587020484415684
19 25 0
19 26 1.1622968076255875
19 27 0
19 28 0
19 29 0
20 0 1.0184158878422258
20 1 1.1373091167181577
20 2 1.072694423851957
20 3 1.2401111021186308
20 4 0
20 5 1.1865991274966448
20 6 1.2131915026914355
20 7 0
20 8 1.2585581493045177
20 9 0
20 10 1.0415053071072522
20 11 1.2062140432172654
20 12 1.1022124494881962
20 13 0
20 14 1.291032733296122
20 15 0
20 16 0
20 17 1.0991849067638293
20 18 0
20 19 0
20 20 0
20 21 1.4494919439532248
20 22 1.2530914725304012
20 23 0
20 24 1.2579752792431682
20 25 1.1251292678749258
20 26 0
20 27 1.2106409142709007
20 28 0
20 29 0
21 0 0
21 1 1.2641333126350005
21 2 1.1664328265241939
21 3 0
21 4 0
21 5 0
21 6 1.1968678859292974
21 7 1.2048317314116865
21 8 0
21 9 0
21 10 1.097489193820237
21 11 0
21 12 1.1538622422909401
21 13 0
21 14 1.2384637701516172
21 15 1.3281327700124934
21 16 1.2581708648102992
21 17 1.2014723440299844
21 18 0
21 19 0
21 20 0
21 21 0
21 22 1.1762860329553744
21 23 0
21 24 0
21 25 0
21 26 0
21 27 1.060700763688949
21 28 1.1534824524467506
21 29 0
22 0 0
22 1 1.1640395073370646
22 2 1.1142122068693097
22 3 0
22 4 1.1449300589124296
22 5 0
22 6 1.1960625408681298
22 7 1.2364255542019138
22 8 0
22 9 1.2295770001165185
22 10 1.1127859086297125
22 11 0
22 12 0
22 13 0
22 14 0
22 15 1.2180520939009414
22 16 1.1665438850623497
22 17 0
22 18 1.287356559001568
22 19 0
22 20 0
22 21 1.325499893051825
22 22 1.1871865662489234
22 23 0
22 24 0
22 25 0
22 26 1.109568958806719
22 27 1.103524644565853
22 28 1.12784871179423
22 29 1.0415951241468442
23 0 1.143645387541463
23 1 1.2001289023393278
23 2 0
23 3 1.1771702531269874
23 4 0
23 5 0
23 6 0
23 7 1.0831122896856276
23 8 0
23 9 0
23 10 1.2047527852684279
23 11 0
23 12 1.203446357000599
23 13 0
23 14 1.0648504899539464
23 15 0
23 16 1.2909554118882745
23 17 0
23 18 1.366845294303273
23 19 1.1471584003251025
23 20 1.1364477496662593
23 21 0
23 22 1.0559034469812125
23 23 1.1114810891434268
23 24 0
23 25 0
23 26 0
23 27 0
23 28 1.2815566957628222
23 29 0
24 0 1.0971204019304348
24 1 0
24 2 0.9802910922210311
24 3 0
24 4 0
24 5 0
24 6 1.1519961596650434
24 7 1.1505025146695633
24 8 1.2260460819518242
24 9 0
24 10 1.2293624273310624
24 11 1.283584391867035
24 12 1.102171424563143
24 13 0
24 14 0
24 15 1.1967511502995938
24 16 0
24 17 0
24 18 0
24 19 1.0586472429704115
24 20 0
24 21 1.2109381471344307
24 22 1.1685076775671026
24 23 0
24 24 1.1115692636720291
24 25 0
24 26 0
24 27 0
24 28 1.0367627429798756
24 29 1.0876984740610147
25 0 0.9696553588828722
25 1 1.1865991016653847
25 2 0
25 3 0
25 4 0
25 5 1.1396565831817491
25 6 0
25 7 1.1401478693960994
25 8 1.095057656672652
25 9 1.2001516514969695
25 10 0
25 11 0
25 12 0
25 13 0
25 14 0
25 15 0
25 16 1.2823784859947729
25 17 0
25 18 1.2320307597697882
25 19 0
25 20 0
25 21 1.3361173278908471
25 22 0
25 23 0
25 24 0
25 25 0
25 26 0
25 27 1.0865444340553512
25 28 1.039533458257593
25 29 0
26 0 0
26 1 1.1767584958561312
26 2 0
26 3 0
26 4 0
26 5 1.1919424668938874
26 6 0
26 7 1.1786673586238716
26 8 0
26 9 1.0998214028175364
26 10 1.2233078700797326
26 11 0
26 12 0
26 13 0
26 14 0
26 15 1.2398391616589477
26 16 0
26 17 1.1498544141518212
26 18 1.2272093022690236
26 19 1.1331684173564243
26 20 1.0553378263830222
26 21 1.135324570320953
26 22 0
26 23 0
26 24 0
26 25 0
26 26 0
26 27 0
26 28 1.191576350591467
26 29 1.0569206791567403
27 0 0
27 1 1.001338130121122
27 2 1.168488376009907
27 3 1.0872587457776104
27 4 0
27 5 1.2760752869578975
27 6 0
27 7 0
27 8 0
27 9 0
27 10 0
27 11 0
27 12 1.170402256150698
27 13 0
27 14 0
27 15 0
27 16 0
27 17 1.2949494094959078
27 18 1.07152428436679
27 19 1.0891573111548973
27 20 1.1886728116111258
27 21 1.0671938698922292
27 22 0
27 23 0
27 24 0
27 25 1.2453973878484592
27 26 1.2031734862384247
27 27 1.0757197877286697
27 28 1.0152207354719687
27 29 1.0196721030591238
28 0 0
28 1 0
28 2 0
28 3 0
28 4 1.1310990044934606
28 5 0
28 6 0
28 7 1.1605406326841858
28 8 0
28 9 1.1110633532593197
28 10 1.1661896319950418
28 11 1.223080406982866
28 12 0
28 13 0
28 14 0
28 15 1.1616230055492858
28 16 1.1180803873214138
28 17 0
28 18 1.232433500558332
28 19 1.005335237463291
28 20 1.1314229417965829
28 21 1.1907082320933733
28 22 1.0814521085315894
28 23 0
28 24 0
28 25 1.014445015115197
28 26 1.2933376899981193
28 27 1.0601788354132209
28 28 0
28 29 1.1511105871937073
29 0 0
29 1 0
29 2 0
29 3 1.0991634531239556
29 4 0
29 5 1.087457138328369
29 6 0
29 7 0
29 8 1.1963954320205603
29 9 1.1525887381128883
29 10 0
29 11 1.0818564517816858
29 12 1.1203310525835333
29 13 0
29 14 1.1490474889054867
29 15 0
29 16 0
29 17 1.0497095272752657
29 18 1.1179486328180095
29 19 0
29 20 1.1701144290174172
29 21 0
29 22 1.1027386594198392
29 23 1.1456017834908434
29 24 0
29 25 0
29 26 1.1480628580231205
29 27 0
29 28 0
29 29 0
