0 0 6.916700767774315
0 1 7.288069619245041
0 2 7.601585512786549
0 3 6.910504000109596
0 4 6.659606272621472
0 5 6.2831229831891315
0 6 6.913241154413273
0 7 6.471488424134169
0 8 6.7239074308500975
0 9 6.103644913141026
0 10 6.706395634614631
0 11 6.396139571001716
0 12 6.316496160000425
0 13 7.2304169747173725
0 14 6.479543610181168
0 15 6.289694451843216
0 16 6.491646297920894
0 17 6.072520762781918
0 18 5.305169088135874
0 19 5.620834727660819
0 20 6.050781105647109
0 21 6.4668660276321965
0 22 7.2189232732043855
0 23 7.556711215988431
0 24 6.731997901728258
0 25 6.782133034920097
0 26 6.2910425853074905
0 27 7.56719740224231
0 28 6.864784117444677
0 29 6.234352983743517
1 0 7.700807640753008
1 1 7.799680152543141
1 2 7.104865522991829
1 3 6.0333209984569764
1 4 6.133279857561169
1 5 7.260434949718234
1 6 6.966770785332848
1 7 7.255783422421503
1 8 6.574571111615458
1 9 7.5906780441320825
1 10 6.921297609541259
1 11 6.786303003335361
1 12 5.855288667567474
1 13 6.237022069005089
1 14 7.171413419737917
1 15 7.36523641936132
1 16 6.002720699055776
1 17 6.941154905114148
1 18 7.638174616397878
1 19 6.676410498670375
1 20 6.736801117942114
1 21 5.640606854484127
1 22 7.089381350936342
1 23 7.051384412247918
1 24 6.015997552103137
1 25 6.676487402243994
1 26 6.8200954575084465
1 27 6.025712651353566
1 28 6.919254097450586
1 29 7.081076780445383
2 0 6.9900489451324805
2 1 6.913261708199028
2 2 6.493116835103536
2 3 7.264983097476772
2 4 7.313800540825865
2 5 7.662426961801173
2 6 6.622112526503951
2 7 6.514569074640369
2 8 7.509796882097759
2 9 5.222537910403153
2 10 5.91360862889599
2 11 6.431933549008805
2 12 6.11164959744198
2 13 5.7142085646412415
2 14 7.240618559161482
2 15 5.4378984177835195
2 16 5.313590541620142
2 17 5.505226357802174
2 18 6.3329347087076435
2 19 6.770791835403925
2 20 6.640396026999755
2 21 6.416191673594242
2 22 6.100556135793154
2 23 6.136570089788309
2 24 6.438168045145476
2 25 7.088970848287006
2 26 7.337054695437696
2 27 6.9363006828691995
2 28 6.627089508056896
2 29 5.9484000354398106
3 0 6.906849951655823
3 1 6.004597945033557
3 2 7.417963275709418
3 3 6.822858851306597
3 4 7.808320756616368
3 5 6.138321261966656
3 6 6.866089340741684
3 7 6.447092422685885
3 8 6.948587039905915
3 9 4.692926720958781
3 10 5.827717727868285
3 11 6.170077527968618
3 12 5.96986449754895
3 13 5.882885286989627
3 14 5.5407092347886095
3 15 6.574779133549178
3 16 6.291472581622182
3 17 5.781466563567417
3 18 6.173155555594732
3 19 6.1757786442077345
3 20 6.212045042092124
3 21 6.961077924935229
3 22 6.747121816843159
3 23 5.649303405476212
3 24 6.885545267697743
3 25 7.302602830460717
3 26 7.384759714518802
3 27 7.366990276754656
3 28 6.596663501218333
3 29 6.156859697343192
4 0 6.396119008809059
4 1 5.656943621647163
4 2 7.546624549145699
4 3 7.5244158006385575
4 4 6.580446490076404
4 5 5.973325118865827
4 6 7.729570414935314
4 7 5.448761814023747
4 8 7.022766397747165
4 9 6.1319907879409365
4 10 6.111876138944294
4 11 6.241761949350186
4 12 5.263271966839533
4 13 5.349618350454831
4 14 5.919016626847884
4 15 6.520316006393028
4 16 5.586209818009525
4 17 5.092652834401975
4 18 6.377750995331742
4 19 6.720614104229619
4 20 5.495429657093867
4 21 5.583744987316506
4 22 5.775746050469504
4 23 6.8978322583576075
4 24 6.509643044818374
4 25 6.195837998268688
4 26 5.247645088012375
4 27 6.395013014685498
4 28 7.433980652312382
4 29 6.366057359780888
5 0 7.35982508551975
5 1 7.402624936800988
5 2 7.333986749279997
5 3 6.72742384244713
5 4 5.262000157402809
5 5 7.321530396896079
5 6 5.944957246127295
5 7 7.100763089722429
5 8 7.239089908697781
5 9 6.602402211720767
5 10 6.094779365813144
5 11 5.8874862462133954
5 12 5.540366396133684
5 13 6.910498102248531
5 14 5.873073364253184
5 15 5.665189634328894
5 16 6.1580889798819545
5 17 6.060296884982456
5 18 6.560883298413735
5 19 5.7657527649200295
5 20 6.659845997135756
5 21 5.483379166188763
5 22 4.659662636058991
5 23 5.6942476492417615
5 24 6.625275255050226
5 25 6.349192793675473
5 26 5.905168978489885
5 27 6.652585754831567
5 28 6.327508850209769
5 29 7.0155725547839545
6 0 6.359742432265729
6 1 6.477663078155759
6 2 6.983976482824592
6 3 6.4872032553917744
6 4 7.04005016707009
6 5 5.954034079233167
6 6 5.71371012375704
6 7 6.113631138783638
6 8 6.904466304397042
6 9 6.3276453513038655
6 10 7.096521904847423
6 11 6.8076912557870015
6 12 5.761789504000076
6 13 5.532370301176721
6 14 5.534935887905894
6 15 6.2219727904812325
6 16 5.825499734888939
6 17 6.981886352518856
6 18 5.384104914013226
6 19 5.142586966961346
6 20 4.589018481106618
6 21 6.337704045041153
6 22 7.121443975605265
6 23 5.807793223835305
6 24 6.921048190450775
6 25 6.220227216648217
6 26 6.168087456072703
6 27 6.202533893992076
6 28 6.589739567238484
6 29 6.132295390149077
7 0 5.8767368883551745
7 1 7.689428035057981
7 2 5.977104640933899
7 3 6.785009477104116
7 4 5.815867371183256
7 5 6.409868717300385
7 6 5.898529373391901
7 7 6.946091131698551
7 8 6.025014557493855
7 9 6.636411407014446
7 10 5.806858459620062
7 11 5.394631054907106
7 12 6.1642410582548175
7 13 5.31228069911507
7 14 6.033481696403077
7 15 5.866631195386433
7 16 6.312906950554477
7 17 6.6593549410160815
7 18 6.444874089698339
7 19 5.972701791608178
7 20 5.551678706540776
7 21 5.461782798205219
7 22 6.721031479048333
7 23 6.2604708413623955
7 24 5.871682188560769
7 25 6.1828099181695855
7 26 5.911700345990068
7 27 6.437538008423485
7 28 5.149939399868028
7 29 5.8559179006867765
8 0 6.539492126000089
8 1 6.26322862382567
8 2 5.629364174115889
8 3 6.889206283008015
8 4 4.74272535430863
8 5 5.525329796809606
8 6 5.431806159111971
8 7 6.1956141981083865
8 8 6.0457187594003585
8 9 5.805086726220021
8 10 4.695296812784837
8 11 4.391271157467694
8 12 5.307694832098164
8 13 5.116846792472741
8 14 5.496304837168999
8 15 6.249416691143351
8 16 6.388402228304055
8 17 6.309842201096669
8 18 5.853008546154933
8 19 5.206076376652717
8 20 6.449505537922527
8 21 6.908474146160593
8 22 5.812597776382535
8 23 6.254543601438646
8 24 6.401286689384787
8 25 6.488158316046492
8 26 6.39627217483639
8 27 7.106089994966816
8 28 7.12003900050131
8 29 4.809919076483203
9 0 6.812970232994853
9 1 5.372192344711054
9 2 6.471261005210873
9 3 7.344291045099195
9 4 5.897241298716727
9 5 6.2983066328360735
9 6 4.713273604502777
9 7 6.101216371255753
9 8 6.036821831242327
9 9 4.922729171992446
9 10 4.910213739806853
9 11 5.201731118151788
9 12 2.853101216182596
9 13 3.783371205207301
9 14 3.8894661180797407
9 15 4.559097986796214
9 16 6.262027964013337
9 17 6.58750675537905
9 18 6.183285467465317
9 19 5.903307760652299
9 20 5.759876809016378
9 21 7.511128561993564
9 22 6.185032363492322
9 23 5.972904849330058
9 24 6.283031931999941
9 25 6.846043289268457
9 26 5.869571781669296
9 27 5.651113297642342
9 28 6.135342171478143
9 29 6.235897498926589
10 0 7.328925208112188
10 1 5.8954422026114015
10 2 6.286551934653673
10 3 7.102961205676709
10 4 6.632357165236704
10 5 7.582649228509742
10 6 6.072206362812572
10 7 5.995418675254377
10 8 5.604408183742472
10 9 5.52904543637168
10 10 4.877028891081456
10 11 4.971680511677417
10 12 2.9509636797872454
10 13 1.1808054116221123
10 14 2.907164777218292
10 15 3.7952844163363118
10 16 5.03697520824122
10 17 5.406875178725166
10 18 5.87321542718965
10 19 6.480173976345935
10 20 5.544952005324236
10 21 5.201387954481642
10 22 6.097904155322618
10 23 5.452588650008154
10 24 5.364997875120283
10 25 6.332023831686288
10 26 6.565804514107477
10 27 5.690379855573324
10 28 4.914267405424592
10 29 6.442597238021494
11 0 7.296068938443815
11 1 6.821644072840514
11 2 5.86848321591708
11 3 6.1671482170210625
11 4 5.896381388445987
11 5 6.186525689771504
11 6 6.352376925737476
11 7 6.2910703975586335
11 8 6.223776957883419
11 9 5.940583694346937
11 10 6.0251261891192796
11 11 5.148729374317061
11 12 3.5765818633487836
11 13 3.0584591946942847
11 14 4.318646775629176
11 15 4.957200271843689
11 16 5.8370273946992635
11 17 5.20005031222289
11 18 5.835874871540768
11 19 6.516982373564426
11 20 6.48958541882378
11 21 5.712106861905739
11 22 5.739529076518643
11 23 5.153301877293295
11 24 6.206143400508787
11 25 5.020187771508615
11 26 6.081219037315264
11 27 6.697944269590254
11 28 5.42576146454322
11 29 6.302732067366031
12 0 7.170579204305467
12 1 5.9215800753916366
12 2 6.213033354587469
12 3 5.813315744951948
12 4 7.115977244655107
12 5 5.651109285014107
12 6 5.382009741464091
12 7 6.7271985456699355
12 8 6.778139273803061
12 9 5.557173001635067
12 10 6.410992894699887
12 11 4.9301119112
12 12 5.863518743788565
12 13 4.285619049674417
12 14 5.9534948984338145
12 15 5.821569785898273
12 16 5.430414885347647
12 17 5.043134941457301
12 18 5.661570445736712
12 19 4.883819786380162
12 20 5.741013408686073
12 21 5.359154468502475
12 22 6.425439651076344
12 23 6.017922311284965
12 24 5.756161998555259
12 25 6.383591350475014
12 26 6.121666784455458
12 27 5.173145013194938
12 28 5.926176241409224
12 29 6.520825042103688
13 0 6.347697914804613
13 1 5.334423569775311
13 2 6.42436435465044
13 3 7.364167517532673
13 4 6.056606886798108
13 5 6.9145508539304075
13 6 6.189183948927803
13 7 5.392052650635324
13 8 5.456249272458404
13 9 6.246278739252925
13 10 7.057365988343806
13 11 6.151067845257932
13 12 5.830872137713406
13 13 4.589073153568026
13 14 4.974234525325497
13 15 4.795918257571457
13 16 4.967209218490624
13 17 5.3808718930254065
13 18 6.048408302395688
13 19 5.999396460628272
13 20 6.1096401477331055
13 21 6.687478470709189
13 22 6.586650340655743
13 23 5.545337318997815
13 24 6.383501599365078
13 25 6.34767718710563
13 26 5.987741562007251
13 27 5.9242984229531315
13 28 7.4885558981444085
13 29 6.2632392478248144
14 0 6.144550864425543
14 1 5.713402099928698
14 2 7.10937504901245
14 3 6.25918897699095
14 4 5.417708638002631
14 5 6.40006676949215
14 6 5.360769601134226
14 7 7.255168667436595
14 8 6.4880709297423484
14 9 7.427668519336387
14 10 4.425790111164913
14 11 5.0451465688154835
14 12 5.855332611434951
14 13 4.969400269301184
14 14 5.71530934931786
14 15 6.017828067263059
14 16 5.851559746661742
14 17 5.184209075086253
14 18 5.4689736415177315
14 19 6.075936713091604
14 20 4.836310923479284
14 21 5.256234378746173
14 22 6.173790886093266
14 23 5.587090758930521
14 24 6.216601463618809
14 25 6.192615586192324
14 26 6.179400364566184
14 27 5.411776290317416
14 28 6.159070985150947
14 29 6.653580940130705
15 0 7.206771421152354
15 1 7.13679680474785
15 2 7.123924574357627
15 3 5.21160480848191
15 4 5.2033946120892125
15 5 6.764581933500161
15 6 5.495938440079386
15 7 5.838972799032373
15 8 5.707425595110552
15 9 6.001250278634332
15 10 5.562436909410149
15 11 4.962404423653775
15 12 5.3425865983679515
15 13 4.904360531751473
15 14 6.0468358403163345
15 15 6.434937978881557
15 16 5.195980970774862
15 17 5.9338575361603105
15 18 4.991801061585099
15 19 5.207019790566077
15 20 5.222388995936282
15 21 5.084056180013808
15 22 4.8823742326179085
15 23 7.349569171869879
15 24 5.192708308434003
15 25 5.718262914859542
15 26 5.662707065967665
15 27 6.247235368773011
15 28 5.964772773317212
15 29 6.187501182222251
16 0 6.947870992880922
16 1 7.137972360265668
16 2 7.427481090876056
16 3 6.059960297909672
16 4 6.11381957280874
16 5 5.668732113722033
16 6 5.967648877280078
16 7 6.753774764936344
16 8 5.570856171584137
16 9 6.4191484008309025
16 10 5.83035830128246
16 11 5.249926715228368
16 12 5.191278390832466
16 13 5.62531232348543
16 14 5.851559746661742
16 15 6.642687303245044
16 16 5.580157721384658
16 17 5.621374192589852
16 18 5.340964506387622
16 19 5.469174181361575
16 20 5.042611638054445
16 21 5.191985949141195
16 22 4.267325122064997
16 23 5.882202431390547
16 24 5.961053253513274
16 25 5.727039591249555
16 26 5.273279672155473
16 27 5.977333282059458
16 28 6.008664899197221
16 29 4.856668565605559
17 0 7.610108473919092
17 1 5.800520469100499
17 2 6.1583103749246035
17 3 5.717186511791838
17 4 5.413631408748348
17 5 6.202796659429684
17 6 6.352417180310751
17 7 5.786564720372307
17 8 5.751989722888195
17 9 6.295665852925877
17 10 5.41492239211038
17 11 5.6601452759243625
17 12 5.9967465484440385
17 13 5.3808718930254065
17 14 5.274958695886999
17 15 5.343959677977057
17 16 5.314066086347138
17 17 4.940185896361058
17 18 4.744356428820902
17 19 5.321570008496646
17 20 5.535228872417822
17 21 5.739509552630515
17 22 5.950696699350842
17 23 5.0324060718797075
17 24 5.928694703502915
17 25 5.182808217074511
17 26 5.938334148777436
17 27 6.4038209386406
17 28 5.916663105288192
17 29 6.124348578983993
18 0 7.608148768791461
18 1 6.948298341140759
18 2 6.3441370290931465
18 3 7.0951822374830105
18 4 7.205397839951236
18 5 7.25357224958565
18 6 5.786966910539889
18 7 5.706289810368992
18 8 7.2701331862292795
18 9 6.03979850225846
18 10 6.804825193102379
18 11 5.440374209904751
18 12 5.661570445736712
18 13 6.192993456032841
18 14 5.440144147422971
18 15 5.473574430232786
18 16 4.667219449726477
18 17 3.925919175293096
18 18 5.012453718441401
18 19 4.4462969763295055
18 20 5.733133499741916
18 21 5.055054019339318
18 22 5.523042864865099
18 23 5.433149305342659
18 24 4.782715917008336
18 25 4.917189841106749
18 26 5.2647783768304
18 27 6.18801125757944
18 28 5.653391801272346
18 29 4.918717809725614
19 0 6.883049458062353
19 1 6.530695521999265
19 2 6.093749040216467
19 3 6.48771313321655
19 4 6.266975107592373
19 5 6.305661250569995
19 6 6.329149981483517
19 7 4.603346681462774
19 8 7.154229525836061
19 9 6.182444232257616
19 10 5.3828274638121165
19 11 6.516982373564426
19 12 5.906418480121294
19 13 5.521166743831515
19 14 4.86419594927274
19 15 5.1706368166050245
19 16 3.9572113429307993
19 17 3.3305065526493056
19 18 3.523441115445784
19 19 4.610512366535926
19 20 5.387844004410831
19 21 5.244012356106653
19 22 5.76169366436287
19 23 4.530489924027321
19 24 4.618953238880514
19 25 4.532240912199202
19 26 5.197227785190727
19 27 6.381084884762304
19 28 5.166738277486926
19 29 6.006968558639922
20 0 5.720371989622943
20 1 6.522528308776843
20 2 6.229724163466604
20 3 6.399979783429794
20 4 6.324463877846987
20 5 5.537209454258171
20 6 6.569336469233118
20 7 6.327444429409452
20 8 6.5707273319344965
20 9 5.954093280204426
20 10 5.544952005324236
20 11 5.819220907504059
20 12 5.351683002220971
20 13 5.9825962480319435
20 14 5.841124514636906
20 15 4.275476818619127
20 16 3.5171758777616615
20 17 1.167377635461807
20 18 2.4371565723561566
20 19 3.765346321181248
20 20 5.00268994404083
20 21 5.32347618949177
20 22 5.501763172369136
20 23 5.096628518113193
20 24 5.381930079209285
20 25 4.94732748070511
20 26 5.357645812461708
20 27 5.011538504323741
20 28 4.853440172967551
20 29 4.906481030348814
21 0 6.9706295658901105
21 1 7.487997073400323
21 2 5.619047446451431
21 3 6.303089470326406
21 4 5.84804623899753
21 5 6.491142941560665
21 6 6.291724748050019
21 7 5.691186519123479
21 8 5.838448224640185
21 9 7.511128561993564
21 10 5.791681443810796
21 11 6.082906483849345
21 12 5.64969327921507
21 13 6.210138444763318
21 14 5.742247936672671
21 15 5.10995413993381
21 16 4.277353252323605
21 17 2.7255671988786965
21 18 3.5756789227341668
21 19 4.481120351854313
21 20 4.849044419439343
21 21 5.733004266508958
21 22 5.468375155093136
21 23 6.509150655685415
21 24 5.29528466737544
21 25 5.0947262640197595
21 26 4.879585434901277
21 27 5.608297936257359
21 28 5.857642431232645
21 29 6.3362501172970624
22 0 6.256535017151788
22 1 7.14774447951463
22 2 6.921711503896336
22 3 6.201310754804416
22 4 7.170617087952738
22 5 7.001137704115471
22 6 5.284411245882613
22 7 5.645297123938868
22 8 5.812597776382535
22 9 5.33553019664453
22 10 5.075552153003694
22 11 7.000982333064242
22 12 5.811189428213889
22 13 5.453086784564749
22 14 6.538340645293916
22 15 5.595250085183651
22 16 5.212112138991788
22 17 4.978287644829073
22 18 4.333450000966487
22 19 4.822264854491753
22 20 5.1156487488353335
22 21 5.422701291968153
22 22 5.119576531069687
22 23 4.276072180399522
22 24 5.226646514906055
22 25 4.8535788661916195
22 26 4.7270877156791755
22 27 4.321422467556894
22 28 5.785636354701563
22 29 5.877828423402228
23 0 7.018757948893249
23 1 7.505683218279085
23 2 5.96546676753168
23 3 6.517906869945208
23 4 6.0267479837833715
23 5 7.376410023795925
23 6 6.010134740798217
23 7 6.2604708413623955
23 8 6.192865515484219
23 9 5.9773137642449665
23 10 6.3422335880688765
23 11 5.86818393621028
23 12 6.666032826380339
23 13 6.659389294675525
23 14 5.138770080773333
23 15 5.750679342234829
23 16 4.397802749970923
23 17 4.2365561529678635
23 18 4.864357888649817
23 19 5.471988905777046
23 20 5.441423948800391
23 21 6.044081924339369
23 22 5.065895164775568
23 23 4.424555329610863
23 24 4.302425423625036
23 25 3.179047832123556
23 26 4.0020879835055805
23 27 4.706277131557258
23 28 5.290678230300287
23 29 5.4646320789956615
24 0 6.293803454288367
24 1 7.127221227223956
24 2 6.9709149135506
24 3 6.223583854477225
24 4 5.8539319716905736
24 5 6.784524979772471
24 6 6.921048190450775
24 7 5.590769493034805
24 8 5.996562960380673
24 9 6.1124879872731785
24 10 5.137587684448997
24 11 6.215312390475578
24 12 5.6440026803599785
24 13 6.36357593990899
24 14 5.8489014788843265
24 15 4.736201150781948
24 16 5.449244949321193
24 17 5.728312068839162
24 18 4.773789999669725
24 19 5.235732653534512
24 20 5.52444429579637
24 21 4.71163605938693
24 22 4.525874365470887
24 23 4.872771194754639
24 24 3.3256938903641498
24 25 2.1966226375174127
24 26 3.432317487534284
24 27 3.9383256068185597
24 28 5.388484604996593
24 29 4.134866415279247
25 0 6.240505165610255
25 1 5.84557923041851
25 2 7.71317717447288
25 3 7.496733110719623
25 4 6.2729105299492245
25 5 6.349192793675473
25 6 5.193949985610665
25 7 6.160513390534341
25 8 6.3999956019176905
25 9 6.830137383715341
25 10 5.982840662455151
25 11 5.609483817121625
25 12 6.389590504638226
25 13 5.8554599110703585
25 14 6.052454244911804
25 15 5.906134002752285
25 16 5.724113698008931
25 17 5.324117611678064
25 18 4.958519101273698
25 19 5.012890139264348
25 20 5.787674718411994
25 21 5.20806482076538
25 22 4.6954687010143745
25 23 3.4795996366236355
25 24 2.693585723433526
25 25 0.9527498989130585
25 26 2.300960857917533
25 27 4.404328786491283
25 28 4.517599448833795
25 29 4.6072664703280815
26 0 6.297541758396209
26 1 6.287484135441688
26 2 6.822775183590304
26 3 8.001072412864628
26 4 5.247645088012375
26 5 5.378487414687906
26 6 6.850707316619257
26 7 5.6401958110315995
26 8 5.611500686653992
26 9 7.073377970441871
26 10 6.140714192094329
26 11 6.326909077021249
26 12 5.575019901711331
26 13 6.4366904024152625
26 14 5.685881953503419
26 15 5.077004519286083
26 16 5.846000541529473
26 17 5.91722042209532
26 18 5.158368866562847
26 19 5.891766260201495
26 20 4.557170349476827
26 21 4.858779854473888
26 22 4.061891933298138
26 23 4.8747281117365855
26 24 3.1459319294582557
26 25 2.174917175784533
26 26 2.76090990110744
26 27 3.8523482145603114
26 28 5.297071318385151
26 29 4.9711181361389
27 0 6.840706050973301
27 1 6.387464253464438
27 2 5.453730026283962
27 3 7.366990276754656
27 4 7.489490417838346
27 5 6.607338718563429
27 6 6.190236617726596
27 7 6.255235136273843
27 8 6.3520506347375605
27 9 6.753605692620233
27 10 5.088969145570163
27 11 5.457018209202818
27 12 6.0982265294602325
27 13 5.8570457042948485
27 14 6.148695934894592
27 15 5.346044328267031
27 16 6.017579609057109
27 17 5.829062543402952
27 18 6.046552430514725
27 19 5.135335566965079
27 20 5.672209500944894
27 21 5.487034946385214
27 22 5.269024481299882
27 23 4.671772916654342
27 24 4.20211606484267
27 25 4.970742715286413
27 26 3.872661069195993
27 27 4.184258860180754
27 28 5.300564402125723
27 29 5.020674438668171
28 0 6.926056943959484
28 1 7.084738647869864
28 2 6.627089508056896
28 3 7.085568711961242
28 4 6.411605516329557
28 5 6.200258816261327
28 6 7.711515409852497
28 7 6.6709753499161755
28 8 6.928250026529079
28 9 6.609394763899738
28 10 5.621525451903003
28 11 6.284463234200392
28 12 5.791455053831236
28 13 6.409714068484641
28 14 5.256379473814577
28 15 6.7787416698285465
28 16 5.471648063737629
28 17 5.572459560858004
28 18 4.835500352951439
28 19 5.999145932286062
28 20 5.412192473537602
28 21 5.906940931893868
28 22 5.633703622096515
28 23 4.271778761432681
28 24 6.019091554220423
28 25 5.133141484414064
28 26 4.9712071692339395
28 27 5.317037768693362
28 28 4.686821802618239
28 29 6.229294705525389
29 0 6.509840050296977
29 1 7.081076780445383
29 2 7.165647891066582
29 3 6.492106197937832
29 4 6.641741795022107
29 5 7.076870609451232
29 6 6.309510468686503
29 7 6.035671568442018
29 8 6.953858382774817
29 9 6.356415686862609
29 10 6.835406010866567
29 11 6.24175242590355
29 12 5.7568543383170825
29 13 6.176807310518271
29 14 4.703776023537853
29 15 5.136149019710023
29 16 5.087596348888782
29 17 5.514580536100929
29 18 6.013175767299715
29 19 6.725677347740088
29 20 6.155806077307166
29 21 6.187017304660839
29 22 5.246920592235648
29 23 5.91870998531988
29 24 4.622030893315397
29 25 4.853691665595226
29 26 4.449154328401327
29 27 5.293961106310407
29 28 4.586970678159869
29 29 4.708637546710328
