0 0 7.04378175801121
0 1 6.41326729257243
0 2 6.476233189429077
0 3 6.671495236943542
0 4 6.633547606553599
0 5 7.263193154509171
0 6 6.9361461284521795
0 7 6.509405358969428
0 8 7.206204567964948
0 9 6.3652854470275555
0 10 6.161194276521976
0 11 7.1401416886311395
0 12 5.909341029912682
0 13 6.575644165968048
0 14 6.21122985838363
0 15 6.289650455602861
0 16 7.397105145126331
0 17 6.702163856391121
0 18 6.433267565771166
0 19 7.277128646343158
0 20 7.033702332075578
0 21 5.25802839912984
0 22 6.1339747085075045
0 23 5.620497177789123
0 24 7.594772433422166
0 25 6.510477861558556
0 26 8.138056292846361
0 27 6.872955774142816
0 28 6.3339068311208795
0 29 6.492870713938295
1 0 6.1762822919071985
1 1 5.9981480180466935
1 2 6.68094596176706
1 3 7.391674389808225
1 4 7.002504615568225
1 5 5.8673736970434165
1 6 7.680239789451619
1 7 7.266242002384142
1 8 6.822333963151604
1 9 5.372150275183241
1 10 6.561142449731809
1 11 5.1955871292905345
1 12 6.509264088746911
1 13 6.50239871406533
1 14 5.627785568297633
1 15 7.3651908686987735
1 16 6.886793369264857
1 17 6.236987116151917
1 18 5.225094340239285
1 19 6.218560028446368
1 20 7.043142582136868
1 21 6.927374708387869
1 22 6.1776434759432615
1 23 5.380658861275517
1 24 6.488907793620066
1 25 7.349441003975753
1 26 7.191268157226312
1 27 6.582131952936806
1 28 6.588393909343797
1 29 6.570052537629716
2 0 6.240258069444302
2 1 7.4619971754834316
2 2 6.672312632812891
2 3 7.060544968177095
2 4 7.39111771193701
2 5 6.3678133981704255
2 6 6.13451021993953
2 7 6.789577689215734
2 8 6.6422752015512065
2 9 6.519125385705423
2 10 7.611774216540103
2 11 6.597015818197737
2 12 5.948547447451744
2 13 6.444672648984868
2 14 6.9759758167989645
2 15 5.4378692479653
2 16 6.407006421742364
2 17 5.798474288104261
2 18 6.20025934995771
2 19 6.480529195082496
2 20 5.966418939815071
2 21 6.550045526142589
2 22 6.006933695307564
2 23 6.7136464737180575
2 24 6.114665740139312
2 25 6.406668490924853
2 26 6.524677523554591
2 27 7.939166007395586
2 28 6.85727743824153
2 29 6.755137121388897
3 0 7.14778039679271
3 1 7.062723201785114
3 2 6.37705285068397
3 3 7.354352617488977
3 4 6.1154601429892566
3 5 7.176070953377542
3 6 6.601377885199368
3 7 6.19964584896828
3 8 6.171548356024732
3 9 7.172864306794439
3 10 6.155398879679982
3 11 6.2677755815987055
3 12 6.31872767684397
3 13 6.864896807142447
3 14 7.313967179914377
3 15 6.574749270360032
3 16 6.008406381417983
3 17 6.765066245120407
3 18 5.142694568200456
3 19 5.68164654407966
3 20 6.108599959813337
3 21 5.783042679912326
3 22 6.851740364061094
3 23 6.390275609626793
3 24 8.235792347265907
3 25 6.946970507285063
3 26 6.7879418385446755
3 27 6.403269439737048
3 28 6.723659185813903
3 29 6.514327317075085
4 0 6.6755964911624615
4 1 6.5601907839479825
4 2 6.635555882935861
4 3 7.047339046213589
4 4 6.122842766303907
4 5 7.3137643851438385
4 6 6.509548140115643
4 7 6.2925276278574405
4 8 6.3247165971010215
4 9 5.901638683212637
4 10 6.298622837002697
4 11 6.614382444920794
4 12 6.524890849905038
4 13 5.627510299230116
4 14 5.147077212373715
4 15 6.520291683889138
4 16 6.083540336995875
4 17 5.866714402831526
4 18 6.638463877836478
4 19 5.4456013204294536
4 20 6.473503265283422
4 21 6.540167274743533
4 22 6.849280967857339
4 23 6.092357105415179
4 24 6.40559116923193
4 25 6.324150768429809
4 26 6.022014856953222
4 27 5.547406846760796
4 28 6.569952286504771
4 29 7.9733709069366965
5 0 7.362261466803637
5 1 6.654466427985754
5 2 7.462619331220881
5 3 6.6062514975899145
5 4 7.312636137031398
5 5 7.119318479585667
5 6 5.622401967648176
5 7 5.620784846920033
5 8 5.812549261300151
5 9 6.106233393431383
5 10 5.540239947802381
5 11 6.2927129192469
5 12 6.2767701714521715
5 13 7.836007181127474
5 14 5.284908380462179
5 15 5.665172945594352
5 16 6.776605790691659
5 17 6.299223748943799
5 18 5.20979444381618
5 19 5.2441078522867794
5 20 5.755144550015277
5 21 6.225232036957897
5 22 5.476508749265676
5 23 7.025098704597054
5 24 6.975382868317844
5 25 6.056909061966597
5 26 6.389532684088491
5 27 6.252051256983557
5 28 6.255288056177528
5 29 6.265005433963407
6 0 6.897825109171203
6 1 6.723288766925163
6 2 6.086883313107724
6 3 7.345060642333697
6 4 6.715573081261761
6 5 5.30527193974501
6 6 6.96831904237852
6 7 5.6514566145746254
6 8 5.681335155896473
6 9 6.531970464001106
6 10 5.935799013269228
6 11 5.421993251577753
6 12 7.198527303664553
6 13 6.35427743769304
6 14 6.0637346606589935
6 15 6.221959022256245
6 16 5.415843974806787
6 17 6.000557634454846
6 18 5.895110396330654
6 19 6.699095674415612
6 20 6.975198497515394
6 21 5.72433934922626
6 22 6.336270697581172
6 23 5.660249244781452
6 24 5.829022972220359
6 25 6.182159829339555
6 26 5.524300795493036
6 27 6.9990787844097495
6 28 5.423415108476294
6 29 5.872978383486373
7 0 6.2051297645194765
7 1 6.6869283085510745
7 2 7.083620527572791
7 3 7.245772709630033
7 4 6.256815769527629
7 5 5.8177500220242315
7 6 7.152352017184315
7 7 6.181860804824228
7 8 6.7781751190462955
7 9 6.195000252510225
7 10 5.767235220407464
7 11 6.072666237349293
7 12 5.108887867961322
7 13 6.056065458102705
7 14 5.9088296347160485
7 15 5.866622018665875
7 16 5.6416906736403085
7 17 5.26304213198381
7 18 5.140942296979263
7 19 5.979001458093378
7 20 5.692895765448704
7 21 6.221038570411798
7 22 6.355637688866106
7 23 5.416574664668946
7 24 5.974412751359403
7 25 6.317196773214439
7 26 6.14742000979771
7 27 5.955740559343146
7 28 6.396355048046109
7 29 8.113491958353793
8 0 6.1565366976381695
8 1 6.816652071487311
8 2 6.984881043351298
8 3 5.848689120454582
8 4 6.580107754751463
8 5 7.100199456008911
8 6 6.266468523360007
8 7 5.618931896617871
8 8 6.246038609525246
8 9 6.340901577988552
8 10 6.472056082379763
8 11 6.593410672155748
8 12 6.778118881714974
8 13 5.02229851883951
8 14 6.0305249806634675
8 15 6.249410169565082
8 16 4.557413388255179
8 17 4.8243066660279075
8 18 4.465362203743366
8 19 6.147279076078139
8 20 6.091318500346955
8 21 5.767288507991519
8 22 6.596997410687124
8 23 6.181927236860544
8 24 6.8278876205925405
8 25 5.972821966213079
8 26 5.601026877121464
8 27 6.3952228842378664
8 28 5.114447240695137
8 29 6.501291250214046
9 0 6.836962409877206
9 1 7.0550910877266055
9 2 6.528669995107595
9 3 6.810146371780128
9 4 6.947151859238994
9 5 7.434433405442547
9 6 6.754145938639233
9 7 6.602232678014658
9 8 5.580681629867571
9 9 6.03847654076983
9 10 6.6683247253060625
9 11 5.5809428541819806
9 12 5.9024163115489845
9 13 6.472841611833506
9 14 5.526464411193195
9 15 4.559094772214798
9 16 3.6769260275870956
9 17 3.2805698461848074
9 18 3.17188274034188
9 19 4.701854812011402
9 20 6.460414005696975
9 21 5.766207379636234
9 22 6.591540968769571
9 23 6.101197063627721
9 24 5.8667858401102935
9 25 5.289307924846326
9 26 5.528358668096755
9 27 6.479960390320923
9 28 5.680049993341365
9 29 6.356263450101097
10 0 6.904524979063991
10 1 6.3749717662331
10 2 7.214167549902398
10 3 6.4811305079730035
10 4 6.578572828341857
10 5 5.515434178452246
10 6 6.315256008833433
10 7 6.535054203439556
10 8 5.375188590773273
10 9 5.345566752127625
10 10 5.813945922215303
10 11 6.387694588828872
10 12 6.29606096067456
10 13 5.896213018845447
10 14 5.402037071606787
10 15 3.795282094709358
10 16 3.1242399764607125
10 17 1.3889360015236978
10 18 2.8039646829277958
10 19 5.882853021138538
10 20 4.505089287521336
10 21 5.763398408601451
10 22 6.207369500554933
10 23 5.848610761010345
10 24 6.04057952830759
10 25 6.033141565811248
10 26 6.689494973061787
10 27 6.263440554085888
10 28 6.979744746430084
10 29 6.385967284465197
11 0 6.006337792150905
11 1 7.181142196384982
11 2 6.417084846383742
11 3 6.81781111334551
11 4 6.366314404105948
11 5 5.970054279174821
11 6 6.676310355530089
11 7 6.1377403400750055
11 8 5.533512653001708
11 9 5.965311077437858
11 10 5.218149786677489
11 11 5.998179467320679
11 12 4.733103450159621
11 13 5.468423661213765
11 14 5.468518697590916
11 15 4.957196146663938
11 16 3.728652037691044
11 17 2.934801402784207
11 18 3.935301871289323
11 19 4.559719946413806
11 20 5.3976045754349045
11 21 5.1675824172836835
11 22 5.205921312089953
11 23 5.759152649234736
11 24 5.32297139764099
11 25 5.309072345454553
11 26 6.336372851940749
11 27 6.267208585249701
11 28 5.579757356483264
11 29 5.681811156536956
12 0 7.271788702882221
12 1 6.7915548760430005
12 2 5.861969336634605
12 3 7.374612567746492
12 4 6.35560124477325
12 5 6.593300533881996
12 6 6.2721001268345145
12 7 5.172117623465187
12 8 6.187204843156927
12 9 6.216728550724006
12 10 5.387882619074665
12 11 6.40967859174134
12 12 4.797040188927572
12 13 5.338928567546405
12 14 6.538845805103791
12 15 5.821561526498209
12 16 4.540108003078122
12 17 3.622733253148346
12 18 5.1216833406738385
12 19 5.989570836532026
12 20 4.890553123059944
12 21 5.974065812290292
12 22 5.8111444459156285
12 23 5.474117074389155
12 24 5.24675938350905
12 25 5.762320679045714
12 26 5.893294705904458
12 27 5.926408066697298
12 28 6.092345077089429
12 29 6.245997543428703
13 0 7.837437190361537
13 1 6.165372628615868
13 2 5.918759616377374
13 3 6.583755129039662
13 4 6.709363463983662
13 5 7.009890500614038
13 6 6.927842944787069
13 7 5.728433828519741
13 8 5.24217010323305
13 9 5.284317461414405
13 10 5.667923380486947
13 11 7.030996782517177
13 12 5.301717823320797
13 13 5.295362322143435
13 14 4.839767538384299
13 15 4.795907092635187
13 16 5.254949548783236
13 17 4.796761217065331
13 18 4.786125980117033
13 19 6.039483903870801
13 20 6.489517087077635
13 21 5.101191106828046
13 22 6.269351246519344
13 23 6.170776973996324
13 24 6.458832549057017
13 25 5.360189069385999
13 26 5.907239108036576
13 27 5.5730776925114895
13 28 7.143387743857152
13 29 6.422589528083243
14 0 6.150507215311998
14 1 7.265437388232607
14 2 6.235938158366864
14 3 7.72832495158282
14 4 6.401577911330979
14 5 6.496105692875474
14 6 6.043145956390838
14 7 5.981876034965788
14 8 6.785616217019631
14 9 5.150857956331046
14 10 6.399029096436558
14 11 4.083257404074585
14 12 6.574962953857925
14 13 5.079834863529624
14 14 5.703456084211133
14 15 6.017808045512356
14 16 5.932513111932732
14 17 5.8531563297953495
14 18 4.891449812996098
14 19 4.911739209377733
14 20 4.8165628216806065
14 21 5.726441839574264
14 22 5.382231007837404
14 23 6.3170862686671985
14 24 6.045946626766985
14 25 5.948259508941241
14 26 6.491561203526999
14 27 5.6210724392329405
14 28 7.29855214227763
14 29 6.203674193752328
15 0 7.206696632254864
15 1 7.136727456053247
15 2 7.123860138745405
15 3 5.211561215794731
15 4 5.203354647727308
15 5 6.764534587335185
15 6 5.495903653405622
15 7 5.838939611559781
15 8 5.707396611572937
15 9 6.0012230679956895
15 10 5.56241422347739
15 11 4.962385854333308
15 12 5.342567602814715
15 13 4.904343171499845
15 14 6.0468134866302075
15 15 6.434912131955136
15 16 5.195957517760636
15 17 5.9338262862173385
15 18 4.991769020199117
15 19 5.206977384595011
15 20 5.222333621875579
15 21 5.083985440861143
15 22 4.882285759582378
15 23 7.349398893318693
15 24 5.192558321890184
15 25 5.718062852876514
15 26 5.662474175473946
15 27 6.246942039222924
15 28 5.964461562827528
15 29 6.18715095087157
16 0 5.971107972684507
16 1 4.975730435807883
16 2 6.971687108202416
16 3 6.128922227173381
16 4 6.539776715499409
16 5 6.26272445691546
16 6 5.100987561395614
16 7 5.913771578628063
16 8 6.992770721178119
16 9 5.489389458227213
16 10 6.0454219580030655
16 11 5.121357565548653
16 12 6.028381391151684
16 13 4.867971601017815
16 14 5.932513111932732
16 15 6.642660318608842
16 16 5.144574709125393
16 17 4.508294152927505
16 18 6.353758044172873
16 19 5.8938904015398075
16 20 5.335606630989969
16 21 5.247007304851544
16 22 5.471101385402545
16 23 6.125476960041072
16 24 6.26087695041413
16 25 6.060391286653426
16 26 5.302669441546078
16 27 5.610383549871811
16 28 6.193079476877083
16 29 5.7604842955376485
17 0 6.5888478634704155
17 1 5.496541735656781
17 2 6.94531912648101
17 3 6.246889738013467
17 4 6.1663670689058705
17 5 6.874542402158701
17 6 5.595857010141294
17 7 6.270966710841831
17 8 5.659510152531174
17 9 5.73942660869364
17 10 6.580179458146672
17 11 6.573092923489688
17 12 5.663705320076783
17 13 4.796761217065331
17 14 4.9028137542772114
17 15 5.343941168736403
17 16 5.827916797339486
17 17 5.095895759336884
17 18 6.283169572723363
17 19 5.097821196578805
17 20 5.474698719790996
17 21 4.660221347439963
17 22 6.392560272192441
17 23 6.309320254195773
17 24 5.692783403839493
17 25 5.382437824948781
17 26 5.287482807660592
17 27 6.18709142776208
17 28 5.461167651829278
17 29 4.879682397058243
18 0 7.555706427073048
18 1 5.921530138570787
18 2 6.070802131268274
18 3 5.617469026506561
18 4 7.243474910910609
18 5 6.082696809461533
18 6 6.43223852256481
18 7 6.118937882649415
18 8 5.852984685925543
18 9 6.627849382548436
18 10 6.183402314997386
18 11 6.04415681764369
18 12 5.1216833406738385
18 13 4.380680990509195
18 14 5.546761289315009
18 15 5.473560410482287
18 16 6.1839493413328475
18 17 4.730605607437945
18 18 5.266877621732814
18 19 4.80493995734208
18 20 5.195294474396047
18 21 6.15773769586857
18 22 4.812270433572375
18 23 5.172117623473548
18 24 5.47375264234707
18 25 5.0018141981296536
18 26 5.800678353022117
18 27 5.856689397843328
18 28 5.396936834691661
18 29 5.737254898421338
19 0 6.428439813686157
19 1 6.134307011223588
19 2 7.057639034683217
19 3 6.5849212426934995
19 4 5.878745923742968
19 5 6.369105246642607
19 6 6.627754038791761
19 7 6.048027344219482
19 8 7.344317689611574
19 9 6.145748987498758
19 10 5.005408057692077
19 11 4.559719946413806
19 12 3.5632949422005367
19 13 3.3167652557683027
19 14 3.8269842724698133
19 15 5.170627451799808
19 16 5.945110174380547
19 17 5.736812552562675
19 18 5.657151962785726
19 19 5.405309218816166
19 20 4.7836850805163555
19 21 4.780389544245304
19 22 5.475312277211082
19 23 5.4725228176809715
19 24 5.33577404321137
19 25 5.011359431442361
19 26 6.2452982443793434
19 27 6.174621385698195
19 28 5.35749988171917
19 29 4.557913194077929
20 0 6.512664035169103
20 1 6.343308852368066
20 2 7.078778755784205
20 3 5.819780181502791
20 4 5.893440673175787
20 5 5.445411169731132
20 6 6.352089234923481
20 7 5.499987688196719
20 8 7.35255438582266
20 9 6.3325638945960225
20 10 4.505089287521336
20 11 5.369515061178829
20 12 3.3795948652632983
20 13 1.1858408278870003
20 14 3.4319927270003965
20 15 4.275470018735641
20 16 4.716299032380423
20 17 6.385565116423844
20 18 4.975767580117145
20 19 5.014941120755454
20 20 5.7820262191193335
20 21 5.228378948127029
20 22 5.054015496565616
20 23 4.962045889444777
20 24 4.8568785810188455
20 25 5.159319530738981
20 26 5.7126310218966125
20 27 6.288748665758235
20 28 5.351214870872465
20 29 4.714866759058736
21 0 6.622843077302884
21 1 5.64054477743325
21 2 7.107587160476969
21 3 5.524470252336437
21 4 5.040949762489083
21 5 6.364948696116652
21 6 5.600933025542549
21 7 6.179006778617397
21 8 6.736051414336519
21 9 5.766207379636234
21 10 6.053883025808597
21 11 4.762753093440634
21 12 4.029938121523169
21 13 2.5263684870744925
21 14 4.487231257655122
21 15 5.109943082666376
21 16 5.242050093670133
21 17 4.676687777111927
21 18 6.42197873072899
21 19 4.904046319891969
21 20 6.164112160935819
21 21 5.382998789888837
21 22 4.580957611795556
21 23 5.352209957674125
21 24 5.4321134972038
21 25 4.677894360512546
21 26 5.367082709603557
21 27 5.43362742434681
21 28 5.1366204628202725
21 29 5.622222677458024
22 0 6.446678562711256
22 1 6.446015392623415
22 2 6.86932049693849
22 3 6.429885338893611
22 4 5.59226843008834
22 5 6.947614868710029
22 6 6.863800244500561
22 7 5.817480531665961
22 8 6.596997410687124
22 9 5.247712966731105
22 10 5.395719876992629
22 11 4.65627907454761
22 12 5.231577763703988
22 13 5.465836807787067
22 14 4.932968611786424
22 15 5.5952292477712735
22 16 5.111679955543246
22 17 5.192706385644575
22 18 5.52291168140101
22 19 5.837915699311353
22 20 5.437069460278259
22 21 4.647313348224541
22 22 5.1490006668054695
22 23 4.764258168238375
22 24 5.266962448281387
22 25 5.0309245691045374
22 26 4.8816013968227
22 27 4.650918363836476
22 28 4.702984518985508
22 29 6.318077027604193
23 0 7.534106078424781
23 1 7.948083601647095
23 2 6.533266995561405
23 3 7.165027982558863
23 4 6.10379034329739
23 5 5.571661679168497
23 6 5.581476785649495
23 7 5.416574664668946
23 8 5.726503033248707
23 9 6.505722255929757
23 10 6.238919963135885
23 11 5.182123234680531
23 12 5.380852937505232
23 13 5.50920874246047
23 14 5.009938853415411
23 15 5.750642670686535
23 16 4.732292760548216
23 17 4.891617350717018
23 18 6.490913440905096
23 19 4.9772227020266335
23 20 5.5201963285822995
23 21 4.537371060145687
23 22 5.220075124194658
23 23 4.2470299884248215
23 24 4.426410232189194
23 25 4.7615385791247915
23 26 3.4821651797764037
23 27 5.755987666692672
23 28 5.179240646967586
23 29 5.099774806280963
24 0 7.232257167202265
24 1 6.012509187412401
24 2 5.77730147168566
24 3 6.336596834317358
24 4 5.263720569290144
24 5 4.900974115948932
24 6 5.829022972220359
24 7 6.4861698324420525
24 8 6.168091346210956
24 9 6.207891747994765
24 10 5.444853944214763
24 11 4.9664895345213615
24 12 5.823683372143038
24 13 5.685241707804229
24 14 5.187206762150886
24 15 4.73615331800565
24 16 5.353651711184906
24 17 4.877611656968803
24 18 5.215399135783126
24 19 5.304809690041042
24 20 5.859984901173822
24 21 4.694715756103423
24 22 5.274274932929332
24 23 3.5202237438985557
24 24 2.521601235884133
24 25 2.84928585699103
24 26 3.022432385828512
24 27 3.6282575677593196
24 28 5.177830540402571
24 29 5.449402474340367
25 0 7.702658941009204
25 1 7.352007049269892
25 2 5.817885021698697
25 3 6.513267097172093
25 4 6.354971317304819
25 5 6.056909061966597
25 6 5.663094929707724
25 7 5.392286022781592
25 8 5.274174682175008
25 9 5.111960614290753
25 10 5.6128722365785455
25 11 5.762501567606272
25 12 6.8253428549023365
25 13 5.734626657372918
25 14 4.904306458831736
25 15 5.906047020143492
25 16 5.620385173312067
25 17 5.627719277095923
25 18 4.734632672438316
25 19 5.006480612130887
25 20 5.190656117251413
25 21 4.803394803058908
25 22 4.607402445968315
25 23 4.8221326223239975
25 24 2.314098371261371
25 25 0.8308708681039426
25 26 3.1406292780878897
25 27 4.218677450580214
25 28 4.728829811266465
25 29 4.820754357526596
26 0 6.462731204832182
26 1 6.647273429782209
26 2 7.013867981538325
26 3 6.254679916316851
26 4 6.022014856953222
26 5 5.826015605163282
26 6 6.20022774156938
26 7 6.837370383863848
26 8 5.7729653871947315
26 9 6.001881902337512
26 10 6.41473542837898
26 11 5.1817375973018756
26 12 5.615053066664083
26 13 7.189242064626338
26 14 6.41719807148415
26 15 5.076903091857629
26 16 4.893571210712485
26 17 6.144414200524
26 18 6.15025596858124
26 19 5.689696203472425
26 20 5.697290900673616
26 21 5.352851617510631
26 22 4.2020673496099175
26 23 3.8459104739176353
26 24 2.150666036032848
26 25 2.9263527453881757
26 26 2.6174626811844717
26 27 3.8185285160553795
26 28 4.315605893921921
26 29 4.501605396257581
27 0 6.728306323605726
27 1 6.05886761369989
27 2 7.92701746312447
27 3 6.403269439737048
27 4 6.258567758054631
27 5 6.396374702373763
27 6 5.778058525740312
27 7 6.482002053784982
27 8 5.932014136644737
27 9 5.845082984525532
27 10 5.653799086894191
27 11 6.156610687356073
27 12 6.289011976324035
27 13 5.4957723787726005
27 14 5.940946728934957
27 15 5.345908001551401
27 16 6.452187164216099
27 17 6.025656511839934
27 18 5.987788727300219
27 19 5.448143390175027
27 20 5.058397099166711
27 21 5.482333900594381
27 22 4.762872043788664
27 23 5.162815882613872
27 24 4.282204023344763
27 25 4.224316577337279
27 26 4.086048883432728
27 27 4.276851720523493
27 28 5.8967034153267734
27 29 5.971398625522685
28 0 6.026845510627712
28 1 6.318382566126439
28 2 6.85727743824153
28 3 5.697320829086643
28 4 5.43864537399064
28 5 6.936286419508733
28 6 6.703772073754257
28 7 6.471245311547561
28 8 5.8501174422043185
28 9 6.843592716947986
28 10 5.464447161854337
28 11 6.4098003634875775
28 12 5.486719853645988
28 13 5.860584953779273
28 14 6.939076159192416
28 15 6.778531885996404
28 16 6.005865399804359
28 17 5.505190396348171
28 18 6.411503416209744
28 19 6.4319818477820725
28 20 5.85886421548068
28 21 5.501987323589953
28 22 5.00410328291893
28 23 5.4155469764364526
28 24 4.937121283658985
28 25 4.472980181731579
28 26 4.202056770361984
28 27 5.21974522322661
28 28 5.0434105995604925
28 29 5.0621795023014595
29 0 6.227263046305003
29 1 6.570052537629716
29 2 7.042335082617435
29 3 6.938262580562808
29 4 5.479864363654898
29 5 6.840535683447576
29 6 6.702218371978311
29 7 7.242864559677105
29 8 7.06632682513806
29 9 6.810328952991643
29 10 5.907011423957422
29 11 6.528614636608969
29 12 5.133195696066752
29 13 6.184428235963325
29 14 5.420120909825951
29 15 5.135963958889751
29 16 5.218016518404766
29 17 5.624987531548703
29 18 5.942676982032034
29 19 5.445250802463019
29 20 5.760271928804006
29 21 6.334962299164901
29 22 5.305318088161926
29 23 5.1630779889954574
29 24 5.579912205196428
29 25 4.6330150515520545
29 26 5.036161494939855
29 27 5.443673099009006
29 28 5.502438591826422
29 29 4.5476421963011395
