0 0 6.541671105234195
0 1 7.29749468398857
0 2 7.3640775309155995
0 3 6.367927432911601
0 4 7.956950126687335
0 5 6.869118974091896
0 6 7.162534877794339
0 7 6.67074055882841
0 8 6.359660577044477
0 9 6.89082256151752
0 10 6.929836597491212
0 11 6.226840831139505
0 12 6.498378812859305
0 13 6.098104242514055
0 14 5.564384793267596
0 15 5.566318728401991
0 16 6.378878123001932
0 17 6.111585713162143
0 18 6.065474690648274
0 19 7.50405721689069
0 20 7.55978727213788
0 21 6.393680041896059
0 22 6.737134932253243
0 23 6.82387252053795
0 24 6.640797173883558
0 25 6.995290953739537
0 26 6.045747304731577
0 27 6.755513445734358
0 28 6.991354626293323
0 29 6.625558191122073
1 0 6.812577249939861
1 1 7.164132750733957
1 2 6.486107163319343
1 3 6.467548498508589
1 4 6.192516991300812
1 5 7.304040368888087
1 6 6.277191348378474
1 7 5.871885250935201
1 8 6.775052492712357
1 9 7.517322688428842
1 10 6.765031320684971
1 11 6.1637528590015105
1 12 6.9274548044223785
1 13 7.384540033779818
1 14 6.939017322880302
1 15 7.788160077773
1 16 6.8748278734074795
1 17 6.086628169691099
1 18 5.702335108939276
1 19 5.8580128659984405
1 20 6.686368248419755
1 21 6.52711424586694
1 22 6.356966773121569
1 23 6.171986811197114
1 24 6.6882447462825505
1 25 5.50149744647526
1 26 6.132066838414079
1 27 5.693892472391279
1 28 7.107071417424347
1 29 6.115443115818665
2 0 6.993552888651705
2 1 7.381391611966043
2 2 6.201545720543428
2 3 6.308889423294342
2 4 7.0393603623497505
2 5 6.785282038179587
2 6 6.790549086752048
2 7 7.618533141776488
2 8 6.27330145879899
2 9 6.312188218299112
2 10 6.37359036159306
2 11 5.822635821592962
2 12 6.010466344132567
2 13 5.808605294910054
2 14 6.516811400380504
2 15 7.292228272789808
2 16 6.819905374321519
2 17 7.265837698384013
2 18 7.394402507291859
2 19 6.305468085864259
2 20 7.326063072785806
2 21 5.472465005726216
2 22 7.2357849254762305
2 23 6.3955880518555634
2 24 6.4890773184036545
2 25 6.190795443857524
2 26 6.765877927976618
2 27 6.72141359415386
2 28 5.286302518567064
2 29 6.610018290614023
3 0 6.457821914380464
3 1 5.964896983957261
3 2 7.159753782124744
3 3 6.808244478910056
3 4 7.428758488021597
3 5 6.354468561400507
3 6 6.504517320303462
3 7 6.52941544219503
3 8 6.241598920846483
3 9 7.204117947669539
3 10 6.582037174002535
3 11 5.8223270090523425
3 12 7.255814336477685
3 13 6.42993910942751
3 14 5.778009009539599
3 15 6.266257203153688
3 16 6.868033963995665
3 17 4.825748891846492
3 18 6.314728451786335
3 19 6.352836094806445
3 20 6.744111114639296
3 21 7.16613611197581
3 22 5.607666565304092
3 23 5.906701022698151
3 24 6.001452560495595
3 25 7.376133543955788
3 26 6.9391359211055645
3 27 6.668520307436011
3 28 6.895523996700816
3 29 6.218243134721082
4 0 5.729660861919652
4 1 6.391423895975441
4 2 7.888171204846456
4 3 7.265822642632797
4 4 6.834401738788326
4 5 6.004250723625458
4 6 6.334505174863548
4 7 5.750002702762872
4 8 6.039749139026471
4 9 5.456827649625906
4 10 5.9418371889625305
4 11 7.716745490649539
4 12 6.584691400446378
4 13 5.8732425268790704
4 14 5.903164605796473
4 15 6.041969827645618
4 16 6.018839448861239
4 17 6.017097073640586
4 18 6.67913772016343
4 19 5.179524852785495
4 20 6.11437420372379
4 21 6.432207324055668
4 22 7.462012502111529
4 23 6.5129608418807985
4 24 6.463698266002541
4 25 5.894544404180361
4 26 5.91342332976911
4 27 7.634131541150435
4 28 6.295425616864801
4 29 5.814813634817612
5 0 6.812096912173133
5 1 6.102791675343264
5 2 7.205135062173888
5 3 6.261626753309982
5 4 6.624087937405697
5 5 6.112988368457406
5 6 6.440085160872645
5 7 5.208162678009157
5 8 6.70532312846963
5 9 5.977853650372944
5 10 5.204636268953353
5 11 6.820390807184978
5 12 5.993788927600458
5 13 5.7625015676053835
5 14 5.326979565812316
5 15 6.825666695275012
5 16 5.922890671685117
5 17 6.158730387254683
5 18 6.725154714712831
5 19 6.047367406500361
5 20 4.929986324695885
5 21 6.7485533802825435
5 22 5.354331988442647
5 23 5.381241490419938
5 24 6.19511286349516
5 25 6.371092224052188
5 26 5.713959578292394
5 27 7.066066736993139
5 28 7.128115939109471
5 29 7.053442743698981
6 0 6.336978327956766
6 1 5.735332249371619
6 2 6.155643509371885
6 3 6.833447982659787
6 4 6.203439956745725
6 5 6.346483504489191
6 6 4.745720203108009
6 7 7.481493011739845
6 8 6.5660112370300725
6 9 6.277541086009181
6 10 6.65636638019883
6 11 6.14898601553542
6 12 5.9070859865731755
6 13 5.698244171261099
6 14 5.835420856282708
6 15 5.953779325765595
6 16 6.594163221654658
6 17 5.850163957230444
6 18 5.252047638503681
6 19 6.098407842839461
6 20 6.281702037244176
6 21 6.814588371550127
6 22 5.232859820675596
6 23 6.651644790694219
6 24 7.755421782953546
6 25 6.631215424899491
6 26 5.419581197966621
6 27 5.758287835549796
6 28 5.922439850396908
6 29 6.624692159505959
7 0 5.867482989914815
7 1 5.72671448458802
7 2 7.8567360448447205
7 3 6.152660556685436
7 4 5.905017123386188
7 5 7.11554619268686
7 6 5.716036200705306
7 7 5.867315267188177
7 8 5.715277500772562
7 9 4.9198799248001786
7 10 5.769093204976529
7 11 6.431468221874096
7 12 5.961745992698038
7 13 5.665079733718446
7 14 6.413209957860858
7 15 6.332629846575153
7 16 5.7651581120949515
7 17 6.590842847422794
7 18 6.553220498623472
7 19 5.630582482042866
7 20 6.412109146500849
7 21 5.491436608944588
7 22 6.570219179573049
7 23 6.297817421183031
7 24 5.824499437729841
7 25 6.1429184776868295
7 26 5.7966223978006095
7 27 5.429526539043629
7 28 6.533854529706593
7 29 6.129825053270118
8 0 6.865000382955134
8 1 6.313220783498909
8 2 6.9372512639826915
8 3 5.568962788537994
8 4 6.6921052683886915
8 5 5.794654527292061
8 6 6.0436654590997065
8 7 6.141371435221619
8 8 6.230316491973921
8 9 5.712892162767658
8 10 4.752813152353156
8 11 5.402674437850316
8 12 4.994689782608433
8 13 5.790627912921251
8 14 4.81841223576158
8 15 5.681089571940684
8 16 6.895547624240616
8 17 5.897439545650682
8 18 6.305519847343578
8 19 6.433753920567434
8 20 5.205574759012998
8 21 6.842480423208449
8 22 5.4120513121913705
8 23 6.209266172111833
8 24 7.618562478533376
8 25 6.888875806297251
8 26 6.8717104559115
8 27 7.375865707027749
8 28 6.4937844577903565
8 29 6.065974072379107
9 0 6.094092541055718
9 1 7.09575376848369
9 2 6.700038358822594
9 3 7.143675706979295
9 4 6.131543577892269
9 5 6.752037857557387
9 6 5.857236030619624
9 7 5.429607221153756
9 8 5.152903557779434
9 9 5.133346627844189
9 10 3.6971808877023213
9 11 3.3846693047741683
9 12 3.354862840643294
9 13 4.448111972723113
9 14 6.453791738870343
9 15 5.331623734424891
9 16 5.711668605684118
9 17 7.192601269168867
9 18 6.106943808459181
9 19 7.218992922659914
9 20 5.884505067678105
9 21 5.684017416521988
9 22 6.126910227525445
9 23 4.945921564092783
9 24 6.5047167713561
9 25 6.660555050554576
9 26 6.92581604095784
9 27 5.720451005065629
9 28 6.428059163565622
9 29 5.959485616710968
10 0 6.528379830293395
10 1 6.856490015711383
10 2 6.037891604512469
10 3 6.674046065829769
10 4 6.082343140829008
10 5 5.817741580218182
10 6 5.106516888857044
10 7 5.539073306404288
10 8 5.1378595869266945
10 9 4.87696316009679
10 10 3.417656451268373
10 11 1.2278014176227137
10 12 3.568961664686838
10 13 5.338714783581183
10 14 5.417157929219736
10 15 5.420292620846553
10 16 5.516230769537258
10 17 6.581821341890588
10 18 5.854112315872558
10 19 6.095507142480947
10 20 5.8521611443486075
10 21 6.409508930973653
10 22 5.692793314501882
10 23 5.092100418284243
10 24 6.810440708731366
10 25 5.932995637485151
10 26 5.462847031199041
10 27 5.156982257563799
10 28 6.421312218749324
10 29 5.868894496654841
11 0 5.355451205414658
11 1 6.177257000132618
11 2 6.510274469228642
11 3 6.650100215672037
11 4 5.854199007835312
11 5 5.8029389384625265
11 6 6.220094170632966
11 7 5.309033250755433
11 8 5.164879540108599
11 9 4.804859957072252
11 10 3.0361979893958844
11 11 3.5167909584177726
11 12 4.245468057864287
11 13 4.321070906902124
11 14 4.681000443274089
11 15 5.990774299931132
11 16 5.932062263480133
11 17 5.965756875605792
11 18 6.433677529651457
11 19 6.155519604955545
11 20 6.118440128439194
11 21 5.6773435751403785
11 22 5.616382712886549
11 23 7.008677504876613
11 24 5.135385546841244
11 25 5.887172400726719
11 26 5.469054401399753
11 27 6.777947058448051
11 28 5.442858193588329
11 29 5.451507624711342
12 0 5.91724737400921
12 1 7.149245216436056
12 2 6.7952220855668815
12 3 6.6032408869490435
12 4 5.6157001934278306
12 5 6.101390262857118
12 6 5.127271692652435
12 7 6.5749923039507525
12 8 6.894219974567119
12 9 5.6135465669229845
12 10 4.915653701801503
12 11 5.488088344834012
12 12 4.953611839159822
12 13 4.912738300055162
12 14 5.644708599921667
12 15 4.9485566516349415
12 16 7.019818318282615
12 17 5.755724408358586
12 18 6.364755132442029
12 19 5.594060778524457
12 20 6.01633569525495
12 21 5.621536123686074
12 22 4.885282994382326
12 23 7.033819906485082
12 24 5.424031560135446
12 25 5.943576561612493
12 26 6.741238398163206
12 27 5.762354902993403
12 28 6.6648024448824055
12 29 5.786876815065875
13 0 5.597178659054437
13 1 5.755324894664733
13 2 6.095064409996829
13 3 6.217581520033641
13 4 5.334491989515545
13 5 6.014273536914875
13 6 6.932036997219428
13 7 5.55059295715297
13 8 5.718682261112968
13 9 6.073313021632604
13 10 6.848731691082964
13 11 4.41822438627081
13 12 5.335613328818972
13 13 5.806636331673137
13 14 5.727308637821588
13 15 4.799445602941523
13 16 5.66366327469325
13 17 4.651703753668387
13 18 5.577531792853402
13 19 6.032157744368137
13 20 5.945306505418187
13 21 6.136808516513536
13 22 6.117337470766369
13 23 5.537898381835572
13 24 6.408863401265034
13 25 6.752268691075602
13 26 5.174721827587768
13 27 5.417760835589864
13 28 6.1559954263781185
13 29 5.800101617070046
14 0 5.825269287076655
14 1 5.599304444303236
14 2 6.60729524129385
14 3 6.7475449253631234
14 4 6.872890708003028
14 5 5.925717879745531
14 6 5.60070946745921
14 7 6.755939496638081
14 8 5.680423166785945
14 9 5.668329569154123
14 10 5.948758037704465
14 11 5.445241477941135
14 12 5.576125748239688
14 13 5.159469993943457
14 14 5.785981803618191
14 15 6.756220709487171
14 16 5.742951692553824
14 17 5.903223561319797
14 18 5.372386349533864
14 19 5.194133481533673
14 20 4.806528682638824
14 21 5.3610534197849065
14 22 6.447006571153845
14 23 6.3692342903509855
14 24 5.003070232121001
14 25 5.262332079757103
14 26 5.454962771634668
14 27 5.631600603247961
14 28 5.473842968044965
14 29 6.433057530736445
15 0 7.339386485262234
15 1 5.445374999613436
15 2 5.625681080704355
15 3 5.78107252815067
15 4 6.467929145068838
15 5 6.411716457801259
15 6 6.608340007753771
15 7 5.8084289482951705
15 8 6.085755814132163
15 9 6.583430646875931
15 10 5.40020722357346
15 11 5.293744928297717
15 12 5.613542211487203
15 13 5.606790462905642
15 14 5.66800125132729
15 15 5.616962053416715
15 16 5.827663258407142
15 17 6.030121957588538
15 18 4.568067068073108
15 19 4.86083423193982
15 20 5.489273141324379
15 21 5.419457760230179
15 22 5.33368743073473
15 23 4.98191508065473
15 24 5.912725270098852
15 25 4.246924385466529
15 26 5.977197678838478
15 27 6.848886076127976
15 28 5.73836806691928
15 29 4.998751182616855
16 0 6.367767566908893
16 1 6.142007689019728
16 2 6.613507434571413
16 3 6.84241651020479
16 4 6.307712793948314
16 5 6.309474045033642
16 6 5.2897277924188835
16 7 6.070888326428625
16 8 6.469803624090851
16 9 5.3886166764406305
16 10 6.807708413005536
16 11 5.820771569117445
16 12 5.335142769987276
16 13 5.492564530966901
16 14 5.742951692553824
16 15 5.594921812310381
16 16 4.981716139992106
16 17 5.435785099806084
16 18 5.082705686325543
16 19 4.8359501407624474
16 20 5.0170248510769095
16 21 5.554678850976906
16 22 6.148332818088331
16 23 6.058641571834123
16 24 6.051865071432516
16 25 5.826730944781165
16 26 5.699253484908724
16 27 5.521118193007392
16 28 5.7068935856415255
16 29 6.081706057975499
17 0 6.2930151434833315
17 1 6.755412471639883
17 2 6.564388977703451
17 3 6.627005054088515
17 4 6.3154333115367045
17 5 6.267445221086326
17 6 6.70219556803283
17 7 6.3130249352779435
17 8 6.031559306967982
17 9 7.241434049484484
17 10 6.8233825431405
17 11 5.921813395385252
17 12 6.982311962718414
17 13 4.651703753668387
17 14 6.075566058307529
17 15 4.986130094636762
17 16 5.287114490220014
17 17 6.228672556281487
17 18 5.0705506611503965
17 19 4.9803645425602285
17 20 5.397604575435479
17 21 4.62993409093505
17 22 5.2908506705077425
17 23 4.91517154118505
17 24 5.042735136575052
17 25 6.42639619645368
17 26 6.228041736510724
17 27 5.308552568212525
17 28 5.4537083124615195
17 29 5.224263407769692
18 0 6.850157781334781
18 1 6.946801463013903
18 2 5.87290234705967
18 3 5.926254219092653
18 4 6.224018946592068
18 5 5.816558344744051
18 6 5.799167998385059
18 7 5.348726515486087
18 8 7.285385363756389
18 9 5.553915400465211
18 10 5.499094164893103
18 11 5.667126062162054
18 12 6.364755132442029
18 13 4.280849016047695
18 14 5.795922138542364
18 15 5.609950281036623
18 16 4.917297697870316
18 17 5.1161951387446765
18 18 4.329014959389021
18 19 4.9978054290890706
18 20 4.8775872043692905
18 21 5.4748181433812375
18 22 5.425514387835551
18 23 6.022352864613347
18 24 5.56264977676674
18 25 5.313673460270696
18 26 6.378215395420645
18 27 5.7003848943740145
18 28 5.212293903482971
18 29 6.258292697039364
19 0 7.083108087982499
19 1 6.704338569516022
19 2 5.613347095498258
19 3 6.039627302869601
19 4 6.312110218213306
19 5 6.766764726868114
19 6 6.459797532446403
19 7 6.147497849266449
19 8 6.434604739149172
19 9 6.098219202949788
19 10 5.6450162423032175
19 11 6.155519604955545
19 12 6.726950579436445
19 13 4.7846481774078224
19 14 5.4905627759374225
19 15 5.421363643628319
19 16 4.865002033025838
19 17 5.692033474309696
19 18 4.001048119614391
19 19 3.684388027529932
19 20 4.292647376083957
19 21 4.008278105689122
19 22 5.88943136185089
19 23 4.854313362465147
19 24 4.814054919492041
19 25 5.597322991832839
19 26 5.993584698510284
19 27 5.333380372981903
19 28 5.209970826094711
19 29 5.800647778697231
20 0 6.660282824346073
20 1 6.311591279803826
20 2 6.535902720997086
20 3 6.964275956773017
20 4 6.47368880468605
20 5 5.105840771235562
20 6 6.492155067412569
20 7 6.308058880235438
20 8 6.3292546788553805
20 9 5.652830793288943
20 10 5.8521611443486075
20 11 5.996025571906632
20 12 5.60296085146356
20 13 6.558711014145966
20 14 6.215735777760238
20 15 4.8595726945526705
20 16 5.545316351567583
20 17 4.2889386554637685
20 18 2.8573673066007492
20 19 0
20 20 2.818742378618525
20 21 5.987812738383764
20 22 4.451335245571911
20 23 4.416933455541704
20 24 5.246421461162425
20 25 5.044786920593672
20 26 4.737209561621099
20 27 4.891344060222723
20 28 5.276040162047679
20 29 5.834942260866452
21 0 6.9453647677686225
21 1 6.413061689015435
21 2 5.904009632805431
21 3 6.622113170917247
21 4 6.399317046494821
21 5 6.496841537020527
21 6 6.36594948023264
21 7 7.176606400147872
21 8 5.902754975298554
21 9 5.684017416521988
21 10 6.549244457431333
21 11 6.28736478363898
21 12 6.093302087368905
21 13 5.382939106056192
21 14 5.875393749992186
21 15 6.10487623664323
21 16 5.6746323717636855
21 17 5.013958504336323
21 18 3.4425195894488407
21 19 3.2170842174437126
21 20 3.7104609914658786
21 21 4.631171414251832
21 22 5.192051922894029
21 23 4.7181906746549185
21 24 4.596464811966974
21 25 4.364400400168227
21 26 5.0355020885343516
21 27 4.80526233236956
21 28 5.129990205573606
21 29 5.184526976509895
22 0 6.292286462487344
22 1 7.149482544614711
22 2 6.918847471551068
22 3 6.008239631612549
22 4 7.029338036113521
22 5 4.874083255605789
22 6 6.471032682785193
22 7 6.296109055637489
22 8 5.4120513121913705
22 9 6.485826038215333
22 10 6.2529026730180055
22 11 6.424799496183512
22 12 5.712963821518265
22 13 5.837915699306075
22 14 4.8231660606221896
22 15 5.600674482247435
22 16 6.128131108271608
22 17 5.542953494063163
22 18 5.803885333981454
22 19 4.1071613366569215
22 20 4.53723731566792
22 21 4.891106981644082
22 22 4.698073667655801
22 23 4.9244176485310405
22 24 4.427551397945968
22 25 4.903868419602661
22 26 4.554660274678111
22 27 6.006177155015749
22 28 5.711233902277164
22 29 4.522389187388473
23 0 6.227894990850793
23 1 6.825733132054927
23 2 6.592529297771214
23 3 7.292764683651525
23 4 5.9662382689860625
23 5 6.002143262572435
23 6 6.356730779128495
23 7 6.297817421183031
23 8 6.226706727431612
23 9 5.986278982797545
23 10 5.542745415007858
23 11 4.802686559783043
23 12 6.800427033209734
23 13 5.7408513905498495
23 14 5.401382160933964
23 15 5.603559546897259
23 16 5.6531258147085435
23 17 5.756841468537247
23 18 5.526117590934271
23 19 5.024123224587365
23 20 4.584936669267104
23 21 4.741326165886417
23 22 4.21887081904453
23 23 4.630006130247356
23 24 4.334011409645135
23 25 3.535198394020835
23 26 4.424309586874137
23 27 4.78051610094021
23 28 5.261013068271467
23 29 4.823175760539257
24 0 6.551759465149954
24 1 6.17225391051533
24 2 7.608603134088088
24 3 5.82963688307378
24 4 5.748808093169507
24 5 6.100548377451978
24 6 7.755421782953546
24 7 6.097341058136734
24 8 5.859938063649812
24 9 6.2136853713761875
24 10 6.027275558083424
24 11 7.058055777501423
24 12 5.961542604114815
24 13 6.084531080326543
24 14 5.463995648076629
24 15 5.506438818719519
24 16 5.770064142694696
24 17 5.160050438435055
24 18 5.4929711752690595
24 19 5.074823085806301
24 20 4.6675449742543424
24 21 5.2399309891581405
24 22 4.664710609151226
24 23 4.113211738827369
24 24 3.9766957535042184
24 25 2.342421223099977
24 26 3.60171192942915
24 27 4.1976269779333135
24 28 5.506314025346145
24 29 5.062352306861314
25 0 7.625624752359895
25 1 5.86684364203199
25 2 6.679231670056521
25 3 6.4142001426866955
25 4 6.247542568323741
25 5 6.371092224052188
25 6 6.042147113779588
25 7 6.748991511814211
25 8 5.805902156143663
25 9 6.034306229708838
25 10 5.657933023392674
25 11 5.085585662113152
25 12 5.19328932216012
25 13 6.203391231254866
25 14 5.674976678580744
25 15 5.12835091038594
25 16 6.695462247378259
25 17 5.07748130093753
25 18 5.416747136438276
25 19 5.170070680229876
25 20 5.009287990770381
25 21 6.250625007987631
25 22 4.161608612910613
25 23 3.831266011893106
25 24 2.497496440642678
25 25 0.8340433560477744
25 26 2.228162206005325
25 27 4.87450249355097
25 28 4.810601234070353
25 29 5.2577897511296054
26 0 6.334985152800524
26 1 6.605496508672736
26 2 5.906359207932322
26 3 6.79375302817327
26 4 5.91342332976911
26 5 6.781669132627302
26 6 5.6647192128478885
26 7 6.466196762730059
26 8 6.0807918498596605
26 9 6.617213956120767
26 10 6.811551432337768
26 11 6.068938211347123
26 12 5.410057640529389
26 13 5.459630727114987
26 14 4.837363557050569
26 15 6.140797586912252
26 16 6.138386490476486
26 17 5.181737597305339
26 18 6.196550783922103
26 19 5.458408836403714
26 20 4.800931430724062
26 21 5.506806920376168
26 22 4.2431720409018565
26 23 4.126656924210803
26 24 3.462448519020179
26 25 2.076195122260974
26 26 3.179653105096683
26 27 4.054087128615387
26 28 5.8968576271858035
26 29 5.610013931355315
27 0 7.013187784859561
27 1 7.108321472605855
27 2 7.332419121416665
27 3 6.668520307436011
27 4 6.585310754162942
27 5 7.430523638154839
27 6 6.15285570848394
27 7 6.676221127303196
27 8 6.572746406340172
27 9 4.9983371807295445
27 10 5.797871034781626
27 11 5.357500739355713
27 12 6.427958065408113
27 13 5.5752521257334715
27 14 5.125661827982378
27 15 5.001467328583466
27 16 5.6887733491659
27 17 6.4164967280212455
27 18 6.595377985117182
27 19 5.588534727618318
27 20 5.7559151821924965
27 21 5.078679422757569
27 22 4.696780928345711
27 23 3.994622049038115
27 24 3.994502702875764
27 25 4.142607934033107
27 26 4.778101355951336
27 27 5.401121486541955
27 28 5.2144461255897765
27 29 5.593147030348129
28 0 6.640810497332687
28 1 6.3689854852081105
28 2 5.286302518567064
28 3 6.107002167449329
28 4 8.593037858312956
28 5 5.940998721174296
28 6 6.099983707436937
28 7 6.467070627058978
28 8 6.580675893090226
28 9 6.615394420744783
28 10 6.651125483576117
28 11 5.270306090844518
28 12 5.9258879906605415
28 13 5.407034031377516
28 14 5.003592547361613
28 15 6.204097940875128
28 16 5.5342225279830375
28 17 5.3665500974354226
28 18 6.231927889615716
28 19 5.928985334328962
28 20 5.7318052210330555
28 21 5.3190117504078405
28 22 4.708273204216798
28 23 4.727689050713017
28 24 5.2298531059411815
28 25 4.5911870189141215
28 26 5.812512669809126
28 27 4.7497715780441645
28 28 4.505215683808021
28 29 5.411059986516404
29 0 6.7530620363055744
29 1 6.115443115818665
29 2 6.649341688412888
29 3 6.711978509272334
29 4 5.8104116848196625
29 5 7.07986380725022
29 6 6.388584745206346
29 7 6.464696212814375
29 8 6.470409008996182
29 9 6.06692313797883
29 10 5.736021492302334
29 11 6.292887183565589
29 12 6.006516771403876
29 13 5.729350844317823
29 14 6.740790348837831
29 15 5.4742864314839474
29 16 6.019913333479303
29 17 5.716358902561926
29 18 5.842853294649823
29 19 5.32821219466387
29 20 6.1269857310267755
29 21 5.856011815894308
29 22 4.828148376809621
29 23 5.300707024650739
29 24 5.058779035951967
29 25 5.300352858610014
29 26 5.494528821901199
29 27 5.071674721909946
29 28 5.367957775529836
29 29 6.1782812468967965
