0 0 7.169999631637365
0 1 7.592505126427232
0 2 7.994938999952216
0 3 7.8536845838144
0 4 6.8829493965618935
0 5 5.835790622787415
0 6 6.915702595374496
0 7 7.0979819879970085
0 8 8.274439366857866
0 9 7.486440849174317
0 10 6.121615837846406
0 11 5.847661988395903
0 12 5.929737066173258
0 13 6.353570586152083
0 14 6.428785703433426
0 15 6.849061612653025
0 16 5.950910418191776
0 17 6.410247395436253
0 18 7.6615121078720065
0 19 5.8402335056016845
0 20 6.117007077931304
0 21 5.818644789003065
0 22 5.8945817236133875
0 23 6.836356795546532
0 24 7.981881539224031
0 25 6.270368808850198
0 26 6.991800769887408
0 27 6.2902550990284904
0 28 6.2111042446617235
0 29 6.169882287196923
1 0 6.594705409459636
1 1 6.48934273822883
1 2 5.588543830919591
1 3 7.378076140770947
1 4 6.6522609236851205
1 5 6.08205392928512
1 6 7.029416899046296
1 7 6.683666076792704
1 8 7.440352644257688
1 9 6.329909754707554
1 10 5.765336738533935
1 11 7.021836817272213
1 12 6.844573984555049
1 13 6.320905595433807
1 14 6.509293618425372
1 15 5.202474597837611
1 16 5.757216750014342
1 17 6.554055778291739
1 18 6.947401110263051
1 19 5.584319066219207
1 20 7.8916941565705825
1 21 7.111694572897956
1 22 5.747115518246094
1 23 5.8302683156833925
1 24 5.996004722135629
1 25 6.121014199033562
1 26 7.12126231953418
1 27 6.424390432952604
1 28 6.5488110972091285
1 29 7.595966366677515
2 0 6.4928350972596816
2 1 7.548164602620272
2 2 6.849711108904949
2 3 7.2464752730539885
2 4 6.230178073953586
2 5 7.155507228372233
2 6 7.427804128926689
2 7 6.681277264925803
2 8 5.998440829472074
2 9 5.682085050433648
2 10 6.854130027124194
2 11 6.077662187505477
2 12 6.421784541518766
2 13 6.213116294692003
2 14 7.022777387875113
2 15 6.603682216193573
2 16 7.158506884557143
2 17 5.888238460015404
2 18 6.846831566115138
2 19 6.076188626700952
2 20 5.520466212285376
2 21 6.631670653457065
2 22 7.123854331061369
2 23 6.7119558917785405
2 24 6.145984563086354
2 25 5.455373125771144
2 26 6.816856918230131
2 27 7.179878844435028
2 28 6.838900372731631
2 29 5.633141430901585
3 0 5.7774126711689515
3 1 6.095252186925996
3 2 6.592070778335676
3 3 5.620628378615858
3 4 7.173671829900396
3 5 6.87280206950894
3 6 5.721310166401756
3 7 7.004224300908397
3 8 6.526251321782836
3 9 6.5464758373001946
3 10 6.6761933137270235
3 11 6.2813618599627326
3 12 6.038073019798489
3 13 7.2112680400049705
3 14 6.162917012399778
3 15 6.2392235612951525
3 16 6.695277798595691
3 17 4.8885761726623445
3 18 6.272024529375427
3 19 6.3803497527839514
3 20 5.703381692632548
3 21 6.906654171660479
3 22 6.432285567609252
3 23 5.581367251730222
3 24 6.694108957921036
3 25 5.793871030479443
3 26 6.677616302380914
3 27 7.077793915116645
3 28 6.787077499224502
3 29 6.800948955273529
4 0 7.639434748394974
4 1 6.744040865459765
4 2 7.00249696822852
4 3 8.14272827229391
4 4 6.417962599359058
4 5 6.811087719099896
4 6 6.135885768409989
4 7 6.40629575686413
4 8 7.178369371835247
4 9 5.126758437641391
4 10 6.274516842912138
4 11 6.8793106019058134
4 12 5.927753719467573
4 13 6.120359206510249
4 14 5.815238345051229
4 15 5.815155219372603
4 16 6.472792032789328
4 17 5.420795542132065
4 18 5.853502251110166
4 19 6.23790347140421
4 20 6.015582804417172
4 21 5.894201252546534
4 22 7.6880248758219
4 23 5.958969205705215
4 24 7.374740824207275
4 25 5.494279892823336
4 26 5.570436777698783
4 27 6.477191267107105
4 28 8.087194179075247
4 29 6.974395920312959
5 0 6.858511722269121
5 1 5.852867269790019
5 2 6.70285213116309
5 3 6.747882753577546
5 4 6.111876217453328
5 5 5.498359722397972
5 6 7.389230467400318
5 7 6.76314958055958
5 8 5.309925254826353
5 9 5.831304570653632
5 10 6.543188296766859
5 11 5.882322951268481
5 12 6.100291482665364
5 13 5.4779224428265705
5 14 5.285936844683045
5 15 6.633558309361119
5 16 6.076946921532193
5 17 6.2409977907830685
5 18 6.163469717132405
5 19 5.6668041467744334
5 20 6.762094939370929
5 21 5.841811635972532
5 22 6.164679651716379
5 23 5.432733882945148
5 24 6.5032211768841695
5 25 5.708439881058375
5 26 6.882192526910726
5 27 6.213327272473883
5 28 5.835949935811033
5 29 7.038059505449436
6 0 6.079384228805738
6 1 6.836493311078282
6 2 8.008508933586311
6 3 6.528811956586709
6 4 7.297267509330497
6 5 5.945016649890859
6 6 7.107016911841936
6 7 5.5485670049935125
6 8 6.579931872270182
6 9 6.5042896970864446
6 10 5.188545529631384
6 11 5.099425481242612
6 12 5.818046527257311
6 13 6.549580905573256
6 14 5.6650757280752115
6 15 5.378666970937213
6 16 5.562322759105913
6 17 5.2062598739059585
6 18 5.370022510916726
6 19 6.783093225131419
6 20 6.3923277804438445
6 21 6.133149991831395
6 22 5.644623723947041
6 23 7.2546434077162685
6 24 5.511359254718527
6 25 5.282477839882439
6 26 6.444840649437543
6 27 6.525623319696995
6 28 5.866231625613707
6 29 5.606523594763957
7 0 6.184157347122336
7 1 6.773857668583221
7 2 7.444957182834045
7 3 7.8729683527395755
7 4 7.184600041296217
7 5 7.553645875509118
7 6 5.282532893849823
7 7 5.670071177483604
7 8 5.905149266505644
7 9 4.993127537142191
7 10 5.863509897834341
7 11 6.285495884886388
7 12 6.382340678933515
7 13 5.347894892957918
7 14 5.577179266140019
7 15 5.382862017300575
7 16 5.712053241043216
7 17 4.973209102993546
7 18 5.396526787210919
7 19 6.109176316195914
7 20 6.202332241245225
7 21 5.902344528401311
7 22 6.809988430596164
7 23 5.710945071849379
7 24 5.736544466170305
7 25 6.5230771646515215
7 26 5.627468408545411
7 27 6.686825352033021
7 28 6.629694701117304
7 29 5.55567572570407
8 0 6.917595662152561
8 1 7.200215148424797
8 2 7.721266634933299
8 3 6.232914152376647
8 4 6.213722679073498
8 5 6.703504744195183
8 6 5.920729702173234
8 7 6.989040934544507
8 8 6.466474569791218
8 9 6.7470182473261415
8 10 4.730026214828057
8 11 6.677157657982829
8 12 5.944241998133412
8 13 6.045033069136549
8 14 6.051634249095054
8 15 4.941031369962747
8 16 5.912945075948466
8 17 4.887292979993033
8 18 6.416588514293598
8 19 6.070136189012176
8 20 4.897178778384451
8 21 6.260886779570569
8 22 5.620344600233722
8 23 5.333226047082396
8 24 4.484252010473301
8 25 6.500529997943651
8 26 6.0769577855163055
8 27 5.6748396228104765
8 28 5.893304960730314
8 29 6.297102222049214
9 0 6.812810614141118
9 1 7.551074911866084
9 2 7.27171926490683
9 3 6.781008636968527
9 4 5.983382739340855
9 5 6.004778073198888
9 6 5.442155373760645
9 7 6.174591128519199
9 8 5.830979664698711
9 9 6.334362634418426
9 10 4.723565009712775
9 11 7.610880300318463
9 12 4.957444301421972
9 13 5.879530467876316
9 14 4.424849319995644
9 15 3.392823085566119
9 16 4.1379429819587115
9 17 4.168422643826305
9 18 4.1852019466624295
9 19 6.047060758977241
9 20 5.937914959266145
9 21 5.614710148395245
9 22 7.036959011111773
9 23 7.408817763003776
9 24 6.553294663924961
9 25 5.85961368239584
9 26 7.0470634700350985
9 27 5.658432046228383
9 28 5.628611443641011
9 29 7.394868705288742
10 0 6.542407513719814
10 1 7.209627013709555
10 2 6.218291875586986
10 3 5.886115438520901
10 4 6.686677845801264
10 5 6.758686076478001
10 6 6.773932246268469
10 7 6.171874147851004
10 8 6.132928295813555
10 9 5.809354827780871
10 10 4.9333483032553085
10 11 6.882378153358387
10 12 5.318941030743351
10 13 4.938300561812624
10 14 4.173074859099576
10 15 2.830324451685039
10 16 1.3159229641051804
10 17 2.989598148594017
10 18 5.329800095180109
10 19 5.845995737186463
10 20 5.434051305681788
10 21 5.210002325367101
10 22 6.052769064365119
10 23 6.321504514274359
10 24 6.986710625528174
10 25 4.8477878488289
10 26 6.082727808249317
10 27 5.772041153333387
10 28 6.241527365877992
10 29 5.517666143065177
11 0 6.6720301586261535
11 1 6.501165211936334
11 2 5.907840971951939
11 3 6.530666295708463
11 4 5.9709850563702265
11 5 6.49604403821877
11 6 6.019568167902947
11 7 5.310001103695383
11 8 6.471913489671593
11 9 6.4367763983721025
11 10 6.128324092723627
11 11 5.077244121492365
11 12 6.342603527941772
11 13 5.183546481686933
11 14 5.275556082147812
11 15 4.319101742989486
11 16 3.602801287841928
11 17 3.6595537119225314
11 18 4.670940147119431
11 19 4.4135848088932175
11 20 5.576064783829207
11 21 4.638099472016185
11 22 5.975129541853239
11 23 5.89480096702379
11 24 5.5849786995116615
11 25 6.680465004511795
11 26 5.835796947894705
11 27 6.085415217865879
11 28 6.179780492450236
11 29 6.041969708536727
12 0 6.812925989485887
12 1 5.978808778683913
12 2 5.658458071269126
12 3 6.986714095105475
12 4 6.660394498872317
12 5 6.768548978904382
12 6 5.621864799565385
12 7 5.3704491822194225
12 8 6.059894376916074
12 9 5.609879794347494
12 10 5.533517738436612
12 11 5.191007951446847
12 12 5.78764999593251
12 13 5.197045486131327
12 14 5.415795967229084
12 15 5.320155372382571
12 16 4.084402880476998
12 17 5.556929510145963
12 18 4.500306553750782
12 19 5.474979406001688
12 20 4.984777131395796
12 21 4.973436497989918
12 22 5.899430335759474
12 23 5.4325175295710935
12 24 5.163430457189757
12 25 5.793470774375641
12 26 4.7933878981191
12 27 5.456547492258216
12 28 6.569184329412092
12 29 6.1221957571740155
13 0 6.969227372881814
13 1 5.860228406912949
13 2 6.735872447917823
13 3 7.50717619790279
13 4 6.09449785050898
13 5 5.878110456319328
13 6 6.408210554706718
13 7 6.723034685928278
13 8 5.822033055771416
13 9 5.877354571309966
13 10 6.986223269263111
13 11 4.807092730475482
13 12 4.941536654909197
13 13 5.010469734497533
13 14 4.826885834509722
13 15 5.370012446959481
13 16 4.689842553141401
13 17 5.683422486110215
13 18 4.795963870986137
13 19 5.736878101376307
13 20 6.450333439068186
13 21 4.781129727907864
13 22 5.889994929633622
13 23 5.3047023191970615
13 24 5.001425241564061
13 25 5.697201040140635
13 26 5.853522510880388
13 27 5.084097945239772
13 28 6.58261086437897
13 29 5.579017473930245
14 0 6.6184259733677955
14 1 6.223667516684425
14 2 6.590566259574379
14 3 5.899655269010206
14 4 6.2349623288800515
14 5 5.304145690776346
14 6 5.808364572570179
14 7 6.979017555140189
14 8 5.53979373774494
14 9 6.007562948794872
14 10 6.34246005736677
14 11 6.253124279264608
14 12 4.3093027625449265
14 13 5.3356452813789685
14 14 5.5771549872588375
14 15 4.9367987844510415
14 16 5.3370061605409935
14 17 6.873798781392673
14 18 5.9577468851144335
14 19 6.14080492937211
14 20 5.3307144846434795
14 21 5.766424446382603
14 22 6.967327824887887
14 23 5.332460461848742
14 24 5.389629084757706
14 25 7.361457184073777
14 26 5.674456731072799
14 27 5.7561460345231525
14 28 6.1517202921762335
14 29 6.398383828173582
15 0 6.505392346183738
15 1 5.51526514257392
15 2 5.577672714047076
15 3 6.494277687437416
15 4 6.200029939826082
15 5 5.797036161401009
15 6 6.144192672907027
15 7 5.220443132953982
15 8 5.12775169425342
15 9 6.976812241331126
15 10 6.62851822128964
15 11 5.569386503742257
15 12 4.789804305997807
15 13 5.009534035736627
15 14 6.111605805478896
15 15 6.016583767640918
15 16 5.751251693849635
15 17 4.536305159999235
15 18 4.737638133953489
15 19 4.623154332065699
15 20 5.2535768464753625
15 21 4.983437365110878
15 22 6.458514624392788
15 23 5.862890202771029
15 24 5.677376433671017
15 25 5.4493021869005975
15 26 6.679638679280065
15 27 6.036265000518587
15 28 6.717197548915862
15 29 6.590274770738857
16 0 6.8752810036543925
16 1 6.500417602505006
16 2 6.451803980207532
16 3 6.383224102579654
16 4 6.1284131046665555
16 5 6.973547907478915
16 6 5.349540839381408
16 7 5.688257999751297
16 8 6.306593599670329
16 9 5.94172370864617
16 10 5.816599039005875
16 11 5.1141834441083605
16 12 4.943255038597708
16 13 5.744256000373127
16 14 5.3370061605409935
16 15 5.224919952740633
16 16 4.3803302834511575
16 17 5.593590546686849
16 18 5.600674525164873
16 19 5.162571950013085
16 20 5.703584574303474
16 21 5.430617192569391
16 22 6.146770438829258
16 23 6.073583190967195
16 24 5.928170604204235
16 25 5.154733340687373
16 26 5.420760098680742
16 27 5.481026032799756
16 28 5.1569044163427495
16 29 5.49771482183918
17 0 7.491975950975613
17 1 7.114097514939639
17 2 6.595475715689558
17 3 6.866777226016635
17 4 5.792366185170203
17 5 6.738672223875901
17 6 5.884816954836477
17 7 7.128616918788435
17 8 5.492145855296887
17 9 6.738100352402202
17 10 5.183808100318788
17 11 5.799079440646128
17 12 5.785298533679587
17 13 5.683422486110215
17 14 5.571354671987252
17 15 5.848333120107973
17 16 5.251066720035721
17 17 5.765406171484227
17 18 5.1549427761285544
17 19 4.624544944892862
17 20 5.978283788594576
17 21 5.214666945825435
17 22 5.311249239100268
17 23 6.4635964475320895
17 24 6.23992334036313
17 25 5.470152340266879
17 26 6.216214318704941
17 27 6.498750000253407
17 28 6.240085351803348
17 29 4.643234883198853
18 0 6.6593086095590275
18 1 5.8245888694276235
18 2 6.140386257497248
18 3 6.352269280556093
18 4 6.873289919702345
18 5 6.235046210279178
18 6 5.7038932777369835
18 7 6.572396265463558
18 8 6.362760371211798
18 9 6.245927730745739
18 10 5.8155733118168405
18 11 5.436184155090552
18 12 4.500306553750782
18 13 5.0688551901352765
18 14 3.891621122284167
18 15 5.889808724361449
18 16 5.46552780308452
18 17 4.637962030242529
18 18 6.436019393043044
18 19 5.528634543413248
18 20 5.787773036582164
18 21 4.8612873321163
18 22 4.841598584693475
18 23 5.3034862327010455
18 24 5.736777487967498
18 25 5.345665543149815
18 26 5.449808612734328
18 27 4.93888457334406
18 28 6.166269028391165
18 29 5.542678106131592
19 0 6.8194643264757335
19 1 6.81527370519458
19 2 5.704082999271145
19 3 6.0508143270547015
19 4 6.0236256659507434
19 5 6.945387540490444
19 6 5.625190505333116
19 7 7.071950126512973
19 8 6.17276842318286
19 9 6.0812196712600155
19 10 5.060027937192052
19 11 4.4135848088932175
19 12 4.259470705963645
19 13 4.719947271937867
19 14 2.69042140447076
19 15 4.03204759793867
19 16 4.358178561111052
19 17 4.8027646474384165
19 18 5.6096592022385305
19 19 5.598589334817478
19 20 4.949800335327456
19 21 4.873168697731805
19 22 5.300934276286125
19 23 5.27436387657452
19 24 5.3448478228696175
19 25 5.46943378089743
19 26 5.802118186652258
19 27 5.847974153501085
19 28 5.83543131526281
19 29 6.163003995066681
20 0 7.107066321254332
20 1 7.189943296182526
20 2 5.69785514470355
20 3 7.128643552284983
20 4 5.868915941005496
20 5 5.8579274024419465
20 6 5.178648104038502
20 7 6.0228507372672375
20 8 5.207127818688603
20 9 5.528313334997992
20 10 5.434051305681788
20 11 6.51143370256421
20 12 4.485144879131447
20 13 2.798626576011555
20 14 1.2319993056818472
20 15 2.9402399650631525
20 16 4.337429813030462
20 17 4.681765485415741
20 18 6.326134606457821
20 19 6.520889092008448
20 20 4.914888765540676
20 21 5.841199639953989
20 22 5.831898526995838
20 23 5.007705454130206
20 24 5.44553849010678
20 25 5.38603314352726
20 26 5.637025998532855
20 27 6.357348633628506
20 28 5.189703230026285
20 29 4.754389170277675
21 0 6.613151994025751
21 1 5.843853180570913
21 2 6.05599265013166
21 3 6.365735989980167
21 4 6.615877212519126
21 5 5.784772604064115
21 6 5.9518705904809135
21 7 6.072431365033315
21 8 6.436410711976403
21 9 5.614710148395245
21 10 6.133460756193886
21 11 4.8685209627020924
21 12 4.312103160211584
21 13 4.221557414323711
21 14 3.5362102383033407
21 15 3.7461868076564646
21 16 5.128052578053401
21 17 4.999317215969253
21 18 5.5305593094242
21 19 5.805225968066229
21 20 4.999528099215154
21 21 5.6950321949406595
21 22 4.966633732435707
21 23 4.642017601743104
21 24 5.095717947484026
21 25 5.153161222741945
21 26 4.406769211588436
21 27 5.494883260934513
21 28 5.681694740900782
21 29 4.983542276769153
22 0 7.527990765611806
22 1 6.711552122644736
22 2 6.639562761081173
22 3 6.5697346762708255
22 4 6.333241172717433
22 5 6.856061996437348
22 6 5.48765888299491
22 7 6.722742775820411
22 8 5.620344600233722
22 9 6.5716122762802245
22 10 6.929791599422367
22 11 5.649672940618789
22 12 5.574256437378417
22 13 4.897443125763092
22 14 4.539930490386462
22 15 5.537406506024751
22 16 5.595655275384631
22 17 4.734469935008616
22 18 5.830657842771962
22 19 4.967210672592221
22 20 5.695244620289564
22 21 5.6097287223554915
22 22 5.248994324431807
22 23 5.665360451558721
22 24 4.356435393104434
22 25 5.183526813256159
22 26 5.174526625943016
22 27 4.741788700154133
22 28 4.689423954297325
22 29 6.154821475830102
23 0 7.870661599856825
23 1 8.5718549497182
23 2 4.9499452044035195
23 3 6.952754222435476
23 4 6.882826717564236
23 5 5.145885927114338
23 6 5.838193552396869
23 7 5.710945071849379
23 8 7.385416601405774
23 9 6.150573980625
23 10 5.216871330290853
23 11 5.980912128926871
23 12 5.270913820060926
23 13 5.631896091277384
23 14 4.874942002617479
23 15 5.755107273692563
23 16 5.064890734615037
23 17 5.557057067720862
23 18 5.582794820188222
23 19 5.87106780743022
23 20 5.55466545300126
23 21 5.338564713361625
23 22 5.017825272495384
23 23 4.2141253888757
23 24 4.525402919123352
23 25 3.699177499166965
23 26 3.8426316746348195
23 27 5.541657203369729
23 28 5.375043039924301
23 29 6.049584994154517
24 0 6.734643087453363
24 1 6.8767186865512375
24 2 5.344882974719631
24 3 6.341863107970366
24 4 7.720875968194073
24 5 4.816888765600477
24 6 5.511359254718527
24 7 5.775282571966118
24 8 4.433456460417938
24 9 5.47342689827287
24 10 5.936062152585125
24 11 6.372279616310562
24 12 5.955671424962547
24 13 5.025255433460532
24 14 5.21348295513636
24 15 5.264328647385929
24 16 5.164243398322204
24 17 4.867805576862991
24 18 5.693473133019308
24 19 5.746537850128643
24 20 4.684104026245933
24 21 4.394851289783784
24 22 4.621830448909431
24 23 4.017253253207047
24 24 3.365122277835607
24 25 2.39477276329798
24 26 2.6661539313359155
24 27 3.9054453687976145
24 28 5.6303309086747655
24 29 4.419933010558503
25 0 7.1386454909707
25 1 6.975182221580098
25 2 6.760749499281245
25 3 6.70698887317574
25 4 6.980877323362845
25 5 5.708439881058375
25 6 5.507429089092972
25 7 5.132875205837774
25 8 6.6101045021576095
25 9 6.467398576503707
25 10 5.870789915561326
25 11 6.346453297277085
25 12 5.640199967327426
25 13 6.585649949592324
25 14 4.4690297415039195
25 15 5.9720659008910815
25 16 5.4619803991143465
25 17 4.650719498679853
25 18 5.2171151515930365
25 19 5.165626458548109
25 20 5.596970692385425
25 21 5.044366871898936
25 22 4.538848998628951
25 23 3.7507941135699454
25 24 2.4709891495863823
25 25 0.7941332608563249
25 26 3.119625120844723
25 27 4.2105858749795075
25 28 5.559897689871055
25 29 4.563325687202609
26 0 5.86590365724199
26 1 6.711289938568843
26 2 7.2629143573843065
26 3 6.176419133346048
26 4 5.570436777698783
26 5 6.8280518408458315
26 6 6.155739561476387
26 7 5.547704095901101
26 8 6.275758565290367
26 9 4.999386737708466
26 10 6.406146800662501
26 11 4.78133721097178
26 12 4.9021943807363755
26 13 6.302931805901075
26 14 5.497753409325866
26 15 7.332947415668469
26 16 5.350748002153819
26 17 5.01127059864391
26 18 5.118811071505483
26 19 6.018839928432622
26 20 5.63778011543863
26 21 4.326388660032256
26 22 4.8247364829878485
26 23 3.708230277940211
26 24 3.0679519181340074
26 25 2.4908922166992555
26 26 2.6829634621505702
26 27 4.132231627285918
26 28 4.72533436139272
26 29 4.630054180806004
27 0 6.654677759015845
27 1 6.118774242376827
27 2 5.9748054154886585
27 3 7.077793915116645
27 4 6.669126016845745
27 5 6.897058299305509
27 6 6.379649551410632
27 7 5.373042527469624
27 8 6.607194798463735
27 9 6.919868480140844
27 10 5.126834594057195
27 11 5.407681097607442
27 12 6.249608495411334
27 13 5.581162010838561
27 14 4.84923624755418
27 15 5.1911060798362225
27 16 6.077694887406288
27 17 6.461117799694328
27 18 5.669573287395109
27 19 6.060808931872238
27 20 4.937054373669552
27 21 5.602566608270035
27 22 4.824504012858636
27 23 4.469324533128854
27 24 3.467723389233262
27 25 3.9654108569739455
27 26 4.343736803601886
27 27 4.3544247769368845
27 28 4.810096880391815
27 29 5.104157025744609
28 0 6.768935267929224
28 1 6.45740255826589
28 2 6.838900372731631
28 3 7.846701714558772
28 4 6.187933292687508
28 5 6.568541187195344
28 6 8.02784487283729
28 7 6.785145959128204
28 8 5.737216060217211
28 9 5.790176661655587
28 10 5.226684503032124
28 11 5.758940264500401
28 12 5.458004046602959
28 13 6.092198623212169
28 14 5.281229607902085
28 15 5.082484892936107
28 16 4.996040281308762
28 17 6.27044127586657
28 18 5.627292062678452
28 19 6.164985467956307
28 20 5.747225686238927
28 21 5.660514123196431
28 22 5.376731369524555
28 23 5.275143701330636
28 24 4.730252640454749
28 25 4.928886081109267
28 26 5.364066674850728
28 27 4.309617645308746
28 28 4.1776644122886255
28 29 5.89045050262606
29 0 6.34787021677586
29 1 7.595966366677515
29 2 7.1875171919237815
29 3 6.620459508593275
29 4 7.5828645024667365
29 5 6.500939251333453
29 6 5.393007114248895
29 7 6.372718236629287
29 8 6.27114254946927
29 9 5.87243759473016
29 10 6.438303610218311
29 11 6.93901746824632
29 12 6.427438488577603
29 13 5.722211800542579
29 14 4.458118857582122
29 15 5.999486872909967
29 16 5.1759596571836175
29 17 5.915496076359079
29 18 5.6459053073237495
29 19 6.5073062607186065
29 20 5.623355280996865
29 21 5.456819741636471
29 22 5.482366514810793
29 23 4.859310566105162
29 24 5.038452642484036
29 25 4.5081731708153345
29 26 4.4834098902043396
29 27 4.989105693695732
29 28 5.061402696963431
29 29 5.887114312498057
