0 0 6.733818378895226
0 1 7.230591325244417
0 2 6.404280092493408
0 3 7.599590368746658
0 4 7.2129380952730635
0 5 5.444209291015231
0 6 6.838964623735882
0 7 6.4152508655545315
0 8 7.602555843333759
0 9 6.015920063161761
0 10 6.211843689006607
0 11 6.713306174514535
0 12 6.686652876961933
0 13 6.950370640323219
0 14 7.204002659968675
0 15 6.8933083117783776
0 16 7.242783496868553
0 17 6.221225268573369
0 18 5.5336152836552
0 19 5.948442489268727
0 20 6.594870832534587
0 21 5.905286808629054
0 22 6.428792125471421
0 23 7.436717151490227
0 24 6.5591000180386825
0 25 7.237270453695783
0 26 6.073386894786523
0 27 7.485219082131215
0 28 6.559401548760451
0 29 6.571521706157166
1 0 5.750245429829823
1 1 6.2877164286936535
1 2 6.747730394762781
1 3 5.938792163361472
1 4 6.077098764071278
1 5 6.944215857540762
1 6 6.832988503089387
1 7 6.801504321543297
1 8 6.037867361988593
1 9 6.571760102468902
1 10 6.627544285376681
1 11 7.72174190911818
1 12 7.626302510148518
1 13 5.541808058773409
1 14 5.467257415891653
1 15 5.232173011549402
1 16 6.3111102001904715
1 17 5.344016595912603
1 18 6.643592845006549
1 19 7.342003376771487
1 20 7.107620833050451
1 21 6.354975783397783
1 22 5.621036513282139
1 23 6.905609562624888
1 24 6.669937821613329
1 25 6.720956197252119
1 26 6.919827275018284
1 27 5.62837839669402
1 28 6.924465316677983
1 29 6.967140494078411
2 0 6.067298857747453
2 1 7.446281198204331
2 2 5.723602221352455
2 3 5.735910878446693
2 4 7.3946312453315945
2 5 6.90934740898793
2 6 7.632287033825052
2 7 7.826875491810958
2 8 6.34064668562703
2 9 6.894913699821253
2 10 6.332670351153892
2 11 6.4330560383741915
2 12 6.5011455998945005
2 13 5.750776530683883
2 14 5.787773198210281
2 15 6.636286794926589
2 16 6.566064555066088
2 17 6.084796761829185
2 18 6.674735240065994
2 19 7.6731014174563414
2 20 7.293817909678199
2 21 6.564301968826855
2 22 6.348552146123273
2 23 6.191225919611848
2 24 7.124904649066429
2 25 7.406044512990837
2 26 6.921124193640031
2 27 7.595423368877121
2 28 6.400386393862803
2 29 6.7918126658948434
3 0 7.053061778242671
3 1 6.859409578091502
3 2 6.605609905352725
3 3 6.439099821553453
3 4 7.2164530500006485
3 5 5.113125373433182
3 6 6.877740184367849
3 7 6.974264206290799
3 8 5.744575685634767
3 9 6.899594710209582
3 10 7.599364762454822
3 11 5.519620393753267
3 12 5.797214683418775
3 13 6.1942959564599684
3 14 6.405298010458392
3 15 6.265136797314235
3 16 5.879813373739608
3 17 6.381348053554625
3 18 6.17059913869284
3 19 6.695044906785519
3 20 5.759279491504874
3 21 5.6018434403980635
3 22 6.562996035158638
3 23 7.028362790295694
3 24 5.959105124336958
3 25 5.2370924013231255
3 26 7.139496347244209
3 27 6.3828548785165
3 28 7.730925631452565
3 29 6.231635091765236
4 0 7.203143767393683
4 1 5.87059040832278
4 2 6.323904504807953
4 3 8.022334180443657
4 4 6.583624480317236
4 5 6.658366456505301
4 6 6.753469142640095
4 7 6.319488320062259
4 8 6.216269945572063
4 9 6.1334893653961915
4 10 6.430420239082397
4 11 5.923611993334531
4 12 5.708060643013734
4 13 6.391450140089568
4 14 6.089199557946488
4 15 5.834733360271898
4 16 4.9867837629451905
4 17 6.473885550738533
4 18 5.5147560131478395
4 19 6.489237475442432
4 20 7.003531799442587
4 21 6.702198655717946
4 22 6.222231515384496
4 23 6.396197400428447
4 24 6.956001460274885
4 25 6.19620399652081
4 26 6.7244941178697255
4 27 6.758141567899457
4 28 6.80976633013307
4 29 7.905680012500436
5 0 5.886997044636354
5 1 6.385924920236073
5 2 7.157213684647405
5 3 7.543119229339468
5 4 5.62275317040599
5 5 7.988602820270652
5 6 7.231634717939599
5 7 6.575087786010127
5 8 6.226347122688958
5 9 4.946315409588529
5 10 6.8431382782276
5 11 5.360466262043227
5 12 5.250665850737904
5 13 5.34090656314583
5 14 5.951205028987657
5 15 6.650763122284155
5 16 5.784910722134006
5 17 5.857163843286093
5 18 5.322075039730203
5 19 6.18544273036807
5 20 7.178276754486791
5 21 6.753927830282555
5 22 6.750846763994121
5 23 6.632737899772345
5 24 6.310045067662668
5 25 5.937697440148602
5 26 6.261307877418153
5 27 5.764535221981
5 28 6.566309364086891
5 29 6.72062142441523
6 0 6.708816523259241
6 1 7.18258696443697
6 2 7.661196528858886
6 3 6.019941085767367
6 4 6.4724121186104995
6 5 6.822159929325428
6 6 6.245909023685788
6 7 5.9792842368442765
6 8 6.518733871209036
6 9 5.641709349798358
6 10 7.065766613802461
6 11 6.2134664076879265
6 12 5.777724740741054
6 13 5.596840121165785
6 14 5.365837326906004
6 15 5.388657512512929
6 16 6.520783410359599
6 17 6.6387667136335775
6 18 6.043580353265287
6 19 6.941781081738814
6 20 6.846603587383267
6 21 5.996162742038732
6 22 6.00704277847913
6 23 5.284928524979656
6 24 6.483876071784791
6 25 6.415667503761344
6 26 6.026363980553923
6 27 5.949303448430726
6 28 5.917527478474242
6 29 7.29315999598889
7 0 6.819469978413315
7 1 6.9652457327716775
7 2 5.620710373235217
7 3 7.051808574648764
7 4 5.966968327553503
7 5 7.051280266091289
7 6 6.75455171633482
7 7 6.951677601020115
7 8 5.487936132168898
7 9 5.319886917693269
7 10 6.253785197197566
7 11 5.9675253860572886
7 12 4.762735376129454
7 13 5.608585922172205
7 14 6.058025349374626
7 15 5.389279720237572
7 16 5.416739111551682
7 17 5.846136233931881
7 18 6.177774313632823
7 19 5.614733840036259
7 20 4.910592351739802
7 21 4.9030017141205855
7 22 5.778962491052855
7 23 5.486660791737495
7 24 6.022856808803061
7 25 4.966759057718487
7 26 6.7099793449516545
7 27 6.575767069499475
7 28 6.505217185767443
7 29 6.06052921257605
8 0 6.919810174319417
8 1 6.9101924169725235
8 2 6.864689282326386
8 3 5.6827537424033086
8 4 6.66014444462724
8 5 6.297286315654096
8 6 6.481395159190746
8 7 5.90980320113117
8 8 5.982038917824863
8 9 6.198024730699586
8 10 5.853857144855244
8 11 5.347567641951526
8 12 4.847684399042964
8 13 5.260826810621009
8 14 5.119865139519193
8 15 4.9442178620385135
8 16 5.939116818813909
8 17 5.217889518197977
8 18 5.377383610613037
8 19 5.412291768404371
8 20 6.343700033837356
8 21 6.637141871164188
8 22 6.628884209884917
8 23 5.67427905286624
8 24 5.829523518470163
8 25 5.911895759340911
8 26 5.55524811372333
8 27 6.273222840811464
8 28 6.743092824723065
8 29 6.38495587943256
9 0 7.412374372242046
9 1 7.479891675568586
9 2 6.367750945574099
9 3 7.407335950937883
9 4 6.748068896073639
9 5 5.922087827797277
9 6 6.5345773812871295
9 7 6.594832305037663
9 8 5.969405522276408
9 9 5.380484591390378
9 10 5.675944137593233
9 11 5.989988925000211
9 12 4.766679218355228
9 13 3.2127839028241465
9 14 3.1711763153394683
9 15 3.3937560078877733
9 16 4.588169975810505
9 17 5.618461560339592
9 18 6.9291832609706985
9 19 6.1058846679301615
9 20 5.832792654672985
9 21 6.779324710694271
9 22 6.315669917809137
9 23 5.506580436715363
9 24 6.703571247932281
9 25 5.936760278092367
9 26 5.858899647282045
9 27 5.936958632166347
9 28 6.605339435602605
9 29 6.974626931337328
10 0 8.884927826896249
10 1 7.060041146452434
10 2 6.0251523121826365
10 3 6.690128692435639
10 4 6.243052808819671
10 5 6.116013304194091
10 6 6.2661364030285815
10 7 6.223978986294646
10 8 5.666524178783946
10 9 5.635796942988365
10 10 6.685640366254996
10 11 5.102173848278824
10 12 6.478098571432471
10 13 3.2180811321671574
10 14 1.3008181897511901
10 15 2.830739738603044
10 16 5.219063843106367
10 17 5.469510210601301
10 18 5.141084035211121
10 19 5.7046085252618335
10 20 5.96104279702549
10 21 5.4565767804962535
10 22 5.876971104638787
10 23 6.292818142528691
10 24 5.427043382195577
10 25 5.508587298234482
10 26 7.7230256566807745
10 27 6.507913580689782
10 28 5.648243755787169
10 29 6.032643657925397
11 0 7.343420974471433
11 1 6.3574835666356595
11 2 7.561270544765117
11 3 7.826429691303295
11 4 6.360489374906496
11 5 5.692239366742546
11 6 5.89962089151649
11 7 5.469188093579307
11 8 5.85710508569218
11 9 7.631073181208464
11 10 6.0367898849997985
11 11 6.2491035456768795
11 12 5.657713435979893
11 13 4.721297899764305
11 14 2.8804749190777716
11 15 4.320517640441322
11 16 4.944459613838163
11 17 5.975610088412731
11 18 5.737631584253621
11 19 5.875035030793276
11 20 6.145271676555311
11 21 6.354469322925367
11 22 5.4862937506772465
11 23 6.039929993042234
11 24 6.975255401284966
11 25 5.730437840857361
11 26 6.8566027374063045
11 27 6.543056282837692
11 28 5.907013209699872
11 29 5.4788953240860625
12 0 8.043122751010575
12 1 6.8299506296245625
12 2 5.669905099937487
12 3 6.759695940579757
12 4 5.515189823095634
12 5 5.827361312687284
12 6 5.724300986461645
12 7 7.187684769845941
12 8 5.70037435700352
12 9 5.979524902602825
12 10 6.0336372087118635
12 11 5.6784388688466745
12 12 5.117082014802375
12 13 5.551052863696159
12 14 4.714730485307034
12 15 5.324900058009858
12 16 5.523504577333633
12 17 5.7996339768451906
12 18 5.374203140720733
12 19 6.119837591047261
12 20 5.98885292142184
12 21 6.391799471091281
12 22 6.457057651626798
12 23 5.372263848960955
12 24 6.96103655443481
12 25 6.0212006632962005
12 26 5.832713528082742
12 27 5.829026989400235
12 28 6.317792605967766
12 29 6.282519264008124
13 0 7.651024997179598
13 1 6.120853334613394
13 2 6.5062128282313
13 3 7.0314094627610135
13 4 5.049043557361948
13 5 6.6958821923642065
13 6 5.378857655567579
13 7 5.538987281809681
13 8 5.542521734639118
13 9 5.7332256445371055
13 10 5.430068589280168
13 11 5.961145693772516
13 12 5.206687102510255
13 13 5.282935118513468
13 14 5.188056766031725
13 15 5.379706556670443
13 16 5.742786705442565
13 17 6.016605638424253
13 18 5.369837340377677
13 19 5.728012290649601
13 20 6.270807008602975
13 21 5.9819919434654745
13 22 6.330629782406024
13 23 5.887153920444111
13 24 6.428646764025734
13 25 6.871624456820897
13 26 6.638104272236565
13 27 6.696791370913174
13 28 5.508412361039839
13 29 6.003185005852568
14 0 6.987977253440096
14 1 6.7004949536470955
14 2 6.812989636986726
14 3 5.853352724559272
14 4 5.403064211771859
14 5 6.229451651533845
14 6 5.618654531350844
14 7 6.850194289820416
14 8 5.328827546092654
14 9 6.961755210100013
14 10 6.385625362989508
14 11 6.463238076894814
14 12 4.970959438640575
14 13 4.693994155844468
14 14 5.3018766201250935
14 15 4.950679580221712
14 16 5.359300682814312
14 17 6.150167355768445
14 18 5.398813295689516
14 19 6.0863333520783405
14 20 4.694003389432665
14 21 7.149865759688294
14 22 6.330732987583842
14 23 5.472626324628356
14 24 6.365659944955359
14 25 6.362110179810294
14 26 5.576397682676536
14 27 5.544226344906999
14 28 6.69918377332124
14 29 8.078410897187926
15 0 6.569828221292753
15 1 5.566802064118374
15 2 5.626583141561563
15 3 6.547403787503462
15 4 6.24703606535915
15 5 5.8374787474749255
15 6 6.183335159681131
15 7 5.2505768067212735
15 8 5.154375810846729
15 9 7.009220568200046
15 10 6.656030605949383
15 11 5.590178019535949
15 12 4.806197099242448
15 13 5.025821103983491
15 14 6.131491162196346
15 15 6.0374498409026485
15 16 5.7739552191614605
15 17 4.557945920987132
15 18 4.766225480985171
15 19 4.659356797418245
15 20 5.30727453068691
15 21 5.049272913695772
15 22 6.566588042313416
15 23 5.983949538690383
15 24 5.817929082674614
15 25 5.606422877688534
15 26 6.897841242664274
15 27 6.254135037172244
15 28 6.979263694882082
15 29 6.863078103776695
16 0 8.154785316009313
16 1 6.01844320425706
16 2 6.098195951043547
16 3 6.516272505528559
16 4 6.227918541324877
16 5 5.520673863879651
16 6 6.062599307674841
16 7 6.143239958916538
16 8 5.2935167322347105
16 9 5.233154596231135
16 10 6.730213298637159
16 11 4.653253162435483
16 12 5.683965204066496
16 13 5.6422816257437605
16 14 5.359300682814312
16 15 5.242758117095371
16 16 5.8726426501721365
16 17 4.843904808658205
16 18 5.434178439480945
16 19 6.055843770111364
16 20 5.902844729649937
16 21 5.507933802321065
16 22 6.494417013858769
16 23 6.1678529850864425
16 24 5.483669884971059
16 25 5.479555605827418
16 26 5.498812885417125
16 27 6.003675199334065
16 28 5.287892964696159
16 29 6.581712620500693
17 0 6.954329276602402
17 1 6.279533167329162
17 2 5.579440412341032
17 3 6.792442460913984
17 4 6.176956740876916
17 5 6.353554058326059
17 6 6.945999193036373
17 7 7.061227131300933
17 8 6.162775597990201
17 9 6.3837216043850695
17 10 5.441528831460738
17 11 5.820719757467722
17 12 4.932407470349122
17 13 6.016605638424253
17 14 5.2273769732721425
17 15 5.863914874291876
17 16 5.566907618004885
17 17 6.197363189325338
17 18 4.661112763065869
17 19 6.382422346370889
17 20 6.731124254999291
17 21 6.14663426657727
17 22 5.996015951205164
17 23 6.6548553535127715
17 24 5.495697796906369
17 25 5.970782157052778
17 26 5.446273130331576
17 27 5.9733859644452965
17 28 6.667321794288854
17 29 6.6328721882681245
18 0 6.421245349522957
18 1 6.406007408545913
18 2 6.3190137408850235
18 3 7.27931398565523
18 4 6.335080121083004
18 5 6.401805047067252
18 6 6.133743546582588
18 7 5.50836306472745
18 8 6.549836339835747
18 9 6.111941393389176
18 10 5.274844602095403
18 11 5.940334034049344
18 12 5.374203140720733
18 13 4.810244682740448
18 14 5.846284852082321
18 15 5.899227434945581
18 16 3.49064237030902
18 17 4.4732899941183
18 18 4.971242870615757
18 19 4.82401894978598
18 20 5.723089403394106
18 21 5.324903103085131
18 22 6.334742478250339
18 23 4.776362429147808
18 24 5.648564041610729
18 25 6.57443858614851
18 26 5.819161898493373
18 27 6.2065474784168755
18 28 6.00250027474265
18 29 6.288807771219969
19 0 7.152732882596738
19 1 6.389651070636804
19 2 6.7496668351987354
19 3 7.502979541436061
19 4 6.325239636564549
19 5 6.435403409029152
19 6 6.056782529961559
19 7 5.773310895668162
19 8 7.62926333832221
19 9 5.720984923483088
19 10 6.845850973640594
19 11 5.875035030793276
19 12 5.255361323180488
19 13 4.839917941204636
19 14 4.759391270991433
19 15 4.034913401056716
19 16 3.2826010285215546
19 17 4.179167954582585
19 18 4.7198670071554885
19 19 4.693931213834199
19 20 5.266241093631559
19 21 5.919802970336093
19 22 6.073073358081982
19 23 6.083855037962573
19 24 5.09575459828403
19 25 5.4180103628498255
19 26 6.861734600327603
19 27 4.851702816111985
19 28 5.256415481548861
19 29 6.432240745040944
20 0 6.81250761305222
20 1 6.145636258549189
20 2 6.515550396046415
20 3 5.992199388465399
20 4 6.475220159490828
20 5 6.56389344964305
20 6 6.435408935822547
20 7 5.363185716501684
20 8 4.830729057586989
20 9 6.339419669819251
20 10 5.96104279702549
20 11 5.34549165298452
20 12 5.088884079333218
20 13 5.920387827440397
20 14 4.062957893684992
20 15 2.941358924674496
20 16 0
20 17 3.084669600728201
20 18 3.629469059011926
20 19 4.481905739074072
20 20 4.966103235095002
20 21 6.59914449827194
20 22 5.623384566592801
20 23 5.238408756422084
20 24 6.35607583875595
20 25 5.424256061997516
20 26 4.919655347891061
20 27 6.593613534998018
20 28 6.739253011682315
20 29 6.910969022557809
21 0 7.32249695144657
21 1 7.191885354089684
21 2 6.344929713536857
21 3 6.8100714056500555
21 4 6.788126240660602
21 5 4.97330575937886
21 6 6.141166079728026
21 7 5.653744586754778
21 8 6.340030243013667
21 9 6.779324710694271
21 10 7.106482473640092
21 11 4.663674203852352
21 12 5.204285683044247
21 13 6.522038604324501
21 14 5.1092997962816336
21 15 3.74933024960373
21 16 2.86444416757423
21 17 3.6202084664991454
21 18 4.817346039629462
21 19 5.0134616341488485
21 20 4.984702569322653
21 21 5.000992535712964
21 22 6.150167355768445
21 23 6.205037772754639
21 24 4.7543694186037735
21 25 5.248706783090705
21 26 5.6803141816523794
21 27 5.90042920881543
21 28 5.601624334957947
21 29 6.435788782011067
22 0 6.236285653228806
22 1 8.691904607672898
22 2 6.490134986210117
22 3 5.9799102321912745
22 4 6.480619475921741
22 5 5.919025415839489
22 6 6.366530643598092
22 7 6.371392188012175
22 8 6.628884209884917
22 9 5.310575077049669
22 10 5.95875056797181
22 11 6.953777958641129
22 12 6.751170262104206
22 13 5.938801829051448
22 14 6.462707312313946
22 15 5.549953895724836
22 16 4.2180755060505595
22 17 5.058994598660246
22 18 4.820525665141252
22 19 5.977897626885617
22 20 4.442781533158643
22 21 5.748477246810945
22 22 5.625083509112047
22 23 5.523165967079123
22 24 5.248837907887526
22 25 4.940491052267889
22 26 4.777782832785669
22 27 5.072349502330509
22 28 5.494643252029426
22 29 5.882453636768177
23 0 6.729864744121071
23 1 7.964561981992658
23 2 5.911214203937254
23 3 6.149703839728238
23 4 7.311779739530356
23 5 4.910404527705693
23 6 6.91308339185
23 7 5.486660791737495
23 8 5.39104528352183
23 9 6.543246268723532
23 10 5.954954140907413
23 11 5.1644604792503825
23 12 5.257971218959511
23 13 5.187755850871503
23 14 5.717098088759079
23 15 5.782180075416113
23 16 5.231731043590639
23 17 5.548337234285047
23 18 5.921789606959855
23 19 5.771591014595663
23 20 5.708699704511914
23 21 6.132799718522422
23 22 5.493458090703997
23 23 4.353142629900401
23 24 5.470329946014821
23 25 3.770703582327434
23 26 4.045632848443867
23 27 5.172109613401474
23 28 5.661987692567386
23 29 6.217742002370904
24 0 6.424771176262197
24 1 7.505402467384855
24 2 6.726722784153841
24 3 5.8623137192095625
24 4 6.840292727139033
24 5 6.285897006827623
24 6 6.483876071784791
24 7 5.644738328358262
24 8 6.9792751778046505
24 9 6.622900111895119
24 10 6.6550231004961
24 11 5.565421272195851
24 12 6.1801084397320825
24 13 5.166141006420074
24 14 6.485290701654104
24 15 5.30652257215877
24 16 5.2422218633253195
24 17 5.9390014829467175
24 18 6.362553207283894
24 19 6.5535078463996275
24 20 5.470703850392629
24 21 5.258774204753343
24 22 6.058744339256792
24 23 4.820795085353714
24 24 4.509423908963541
24 25 3.18809130410944
24 26 3.1494275888389285
24 27 5.036352773702333
24 28 5.660567898943773
24 29 6.021384154649564
25 0 6.464001982833626
25 1 6.3333664661489815
25 2 6.08341802379778
25 3 7.511851708980834
25 4 5.207787326801428
25 5 5.937697440148602
25 6 7.0423180023544925
25 7 5.803399121336413
25 8 6.010677700187145
25 9 6.04935390386162
25 10 6.822481067556973
25 11 5.756876363980301
25 12 5.973467181575022
25 13 5.90850967295199
25 14 6.496369130007057
25 15 6.043289882503286
25 16 5.93451728600133
25 17 6.309020913849449
25 18 5.905200162928344
25 19 4.852415421935592
25 20 4.929671559711807
25 21 6.6207833588509475
25 22 5.801506266984725
25 23 4.062904659862279
25 24 3.089275286865186
25 25 1.2370360479813882
25 26 3.38003255809895
25 27 4.534617210075364
25 28 5.856626316429089
25 29 5.55384932390002
26 0 5.986910041968742
26 1 7.246378415182625
26 2 7.263812498683206
26 3 6.882210899597155
26 4 6.7244941178697255
26 5 6.104265777988542
26 6 6.885430848680953
26 7 5.306393011392793
26 8 5.924143655591248
26 9 6.668361080991944
26 10 5.42242177185195
26 11 5.832621922061821
26 12 6.048128702390609
26 13 6.286951419429702
26 14 5.8581605344306755
26 15 7.45106468661508
26 16 5.914080002081897
26 17 5.62768384512838
26 18 6.001026064872966
26 19 5.538434974696341
26 20 5.327323826082188
26 21 5.488421138697316
26 22 5.480925439937606
26 23 5.136240154689024
26 24 3.86217209749882
26 25 3.437820712241281
26 26 3.281767116471389
26 27 5.692283228334763
26 28 5.437030619970212
26 29 4.528426951599958
27 0 7.415273027410381
27 1 6.2427495692898125
27 2 7.202771084659401
27 3 6.3828548785165
27 4 6.9512608330356045
27 5 5.782389317132751
27 6 7.152513735544439
27 7 6.790851415613932
27 8 5.837593276118594
27 9 6.744383586676929
27 10 5.76049747045106
27 11 5.908960002018065
27 12 5.625006119154939
27 13 6.6421535640752785
27 14 5.799526362821706
27 15 5.296222519689719
27 16 7.125411715841994
27 17 6.167473772255286
27 18 5.501537096092116
27 19 5.664461745496681
27 20 5.124384433589125
27 21 5.228143368525502
27 22 5.437585349392369
27 23 4.963040799695763
27 24 4.41307971763245
27 25 5.046342036896838
27 26 5.235666227931257
27 27 5.429597543743442
27 28 5.132184788352717
27 29 5.389324478759388
28 0 8.118505248163556
28 1 6.700681655815608
28 2 6.400386393862803
28 3 7.726675725085078
28 4 7.021958315325618
28 5 6.652360501672646
28 6 5.568525805141581
28 7 6.746966981065666
28 8 7.269163009609708
28 9 6.666029677040384
28 10 7.234132395983004
28 11 7.168536554869969
28 12 6.112163995007854
28 13 6.304524824177888
28 14 5.225620943947547
28 15 5.205034098196197
28 16 5.702206439085369
28 17 5.181669143400776
28 18 5.796042506888776
28 19 5.275575644949565
28 20 5.3977282899497165
28 21 5.526031533798524
28 22 6.028969005772717
28 23 5.290973245448379
28 24 5.482781447152076
28 25 6.307648464577604
28 26 5.668778015086264
28 27 4.762735376129454
28 28 6.0846119818119755
28 29 5.351207029629696
29 0 7.330566680609007
29 1 6.967140494078411
29 2 7.498060858446849
29 3 6.302583655437871
29 4 6.921684155066548
29 5 6.670191515363421
29 6 6.986437961163691
29 7 6.229001550414819
29 8 5.939902417443111
29 9 6.541322355858964
29 10 6.7808079240070045
29 11 5.945790610942031
29 12 5.512550353294006
29 13 6.6733676300482285
29 14 5.151370027327556
29 15 6.164758703819795
29 16 5.0211604331634865
29 17 6.237440122360995
29 18 5.013545631185525
29 19 6.5017548877720985
29 20 5.420226423251007
29 21 6.001895126731681
29 22 5.762163548503528
29 23 6.128643965773157
29 24 5.587997799735495
29 25 5.217489974817948
29 26 5.891100304409411
29 27 5.613400357307826
29 28 6.1801060640784815
29 29 4.794471984001287
