0 0 5.577304497195165
0 1 6.313486277143475
0 2 6.247319860591189
0 3 6.412211230698892
0 4 8.486539325029751
0 5 5.669437410892782
0 6 6.287180832357902
0 7 6.619405559698863
0 8 7.051402103127455
0 9 6.961355948229936
0 10 6.032856306357126
0 11 5.729658625785148
0 12 6.265694160599305
0 13 5.451033989878452
0 14 6.909677305572999
0 15 6.636031177710677
0 16 6.472411002110081
0 17 6.873231330372297
0 18 6.830599262027993
0 19 5.170878067203492
0 20 6.26406720135169
0 21 6.027777101835912
0 22 6.48712241692598
0 23 6.467432049503001
0 24 6.056191816441336
0 25 6.3462640388877825
0 26 6.254774739947087
0 27 6.060805061320477
0 28 7.522289391018309
0 29 7.459167990893668
1 0 6.936273180380592
1 1 7.553073947428248
1 2 6.950041042549932
1 3 7.58736807417648
1 4 6.514861341257863
1 5 6.203597470218096
1 6 7.719157716564683
1 7 7.240788396049973
1 8 5.8665657390269415
1 9 6.715524091989086
1 10 5.993692642078573
1 11 6.963331319622828
1 12 6.467426539410606
1 13 5.621151903404555
1 14 5.784909842376389
1 15 5.8849977192318805
1 16 5.69294705595873
1 17 6.359857397447605
1 18 6.572021784448865
1 19 6.095086491498618
1 20 6.356686189635427
1 21 6.908994971579271
1 22 5.729738157331245
1 23 5.438034166219658
1 24 6.319904982608321
1 25 7.145069004107965
1 26 8.232383278520008
1 27 5.833884465647628
1 28 5.9170436963281245
1 29 6.373682900543865
2 0 6.963231984559966
2 1 6.978187199358017
2 2 6.529275178702779
2 3 6.627007154817461
2 4 5.983002976563663
2 5 7.251038789026504
2 6 7.220893342007484
2 7 6.907834850172328
2 8 6.318772812081483
2 9 7.607867580997404
2 10 6.6282532560774365
2 11 6.498072142082721
2 12 4.3400938989237945
2 13 7.15905358380379
2 14 6.21784219661349
2 15 6.045296879612401
2 16 5.654599899859829
2 17 7.313916177040084
2 18 7.388520216870935
2 19 5.861867460181118
2 20 6.06099122555968
2 21 6.623270760002432
2 22 7.210989428284279
2 23 5.918556581375643
2 24 6.3698779141286055
2 25 6.781733665381671
2 26 5.5334413481691636
2 27 6.376463861727098
2 28 6.520979512910259
2 29 6.309674319402496
3 0 7.611065979064505
3 1 6.691467929334847
3 2 5.719986455939031
3 3 7.044887977118749
3 4 8.194085488141354
3 5 6.089890888998798
3 6 6.762435527477471
3 7 5.530140934222863
3 8 7.7433338032709065
3 9 6.86333575569819
3 10 5.7705568238301455
3 11 6.514780384993394
3 12 6.1469207462944135
3 13 5.884089144867363
3 14 6.500131039784536
3 15 5.962061451724978
3 16 6.783527955881855
3 17 6.076936953460335
3 18 6.459401019594669
3 19 6.25294747393481
3 20 5.660348693988157
3 21 6.42562471682086
3 22 6.6917722320409725
3 23 7.768945455595176
3 24 6.916617535730139
3 25 6.540683007828777
3 26 6.0273034228752005
3 27 8.526042070722225
3 28 7.729493628574781
3 29 6.360009023481392
4 0 7.224609909046266
4 1 5.644036842366328
4 2 5.404804870327628
4 3 7.52404227658074
4 4 5.875331485363008
4 5 5.162003419619041
4 6 5.654512432021559
4 7 6.356070325658741
4 8 5.839481981784713
4 9 6.216073129827207
4 10 5.074885422920653
4 11 6.298026114374972
4 12 7.585072345689881
4 13 6.88000288628808
4 14 5.71458052246492
4 15 5.837142774499789
4 16 5.755725649399686
4 17 5.368314921396786
4 18 6.390288258285877
4 19 5.893731371519522
4 20 6.438288713949152
4 21 6.15864122636939
4 22 5.957763104246243
4 23 6.3430394602912274
4 24 6.430287442834935
4 25 7.424394226328688
4 26 6.079104955946182
4 27 6.20892121132953
4 28 6.786365479099477
4 29 7.058173763462549
5 0 6.307129815295693
5 1 6.8246751222611435
5 2 6.359037651234778
5 3 6.3711497336878775
5 4 6.342749717169509
5 5 6.470860706288631
5 6 6.711912596323764
5 7 7.6991492532574375
5 8 6.415939160830617
5 9 7.460175761061146
5 10 4.860382723279653
5 11 6.812017694752984
5 12 5.811898493080227
5 13 4.942552060219674
5 14 6.50778321179305
5 15 5.298019445860398
5 16 7.113375214646761
5 17 5.8087727955549555
5 18 5.940541783481795
5 19 5.51514127162877
5 20 6.545076367641668
5 21 5.716645426071799
5 22 6.55282658191729
5 23 6.119951513609079
5 24 5.398149823673235
5 25 6.178493889698675
5 26 7.289689502594025
5 27 6.438889167917758
5 28 6.472524104696037
5 29 8.081093460411644
6 0 7.436794003778455
6 1 6.139431002529629
6 2 6.647695826403567
6 3 6.698169966814014
6 4 6.691966088787602
6 5 7.181122482780781
6 6 6.540183490240753
6 7 5.8159955490552155
6 8 6.148555186074473
6 9 5.583765278249086
6 10 5.6514035067527395
6 11 6.8069564725667435
6 12 5.436382850398047
6 13 5.848737149260017
6 14 5.578760096438175
6 15 5.156572348208204
6 16 6.217149483238668
6 17 5.173156237451697
6 18 5.487757985675595
6 19 6.48874584303645
6 20 6.484770367454481
6 21 6.141693451086709
6 22 6.686889824628662
6 23 6.0625508299060895
6 24 5.973371181232151
6 25 6.714484142921968
6 26 6.079326758969283
6 27 5.822653899222599
6 28 6.601304976546795
6 29 6.1059363979296535
7 0 6.456224139381743
7 1 6.07788969136026
7 2 7.117823760573016
7 3 5.967059194937506
7 4 6.430136101567651
7 5 7.160659279497357
7 6 6.077691604388412
7 7 7.46139717686242
7 8 6.289059502005782
7 9 5.38963376431286
7 10 5.949391381656215
7 11 5.402599159534898
7 12 5.394135302439394
7 13 6.204895996286588
7 14 5.755107906433724
7 15 6.086675107471376
7 16 4.716739554694867
7 17 5.740978706372604
7 18 6.121274610492922
7 19 6.0662408804194765
7 20 5.64571113320204
7 21 6.215320029081618
7 22 5.59923596919864
7 23 5.818564274112475
7 24 6.4107199517577715
7 25 6.370822008907982
7 26 4.873144705907204
7 27 6.559933993691375
7 28 6.516922263186459
7 29 5.6788661509193
8 0 6.69348359715654
8 1 7.31091984267348
8 2 6.667019219826106
8 3 6.349242714513244
8 4 7.272027409460646
8 5 7.470843845779131
8 6 6.886768336305685
8 7 6.901439246397153
8 8 5.428608147351044
8 9 5.866002896327573
8 10 6.662084351255084
8 11 7.071799046295582
8 12 6.174147254194228
8 13 5.585317939255346
8 14 5.08822213676068
8 15 4.824981253960323
8 16 4.633961936940198
8 17 5.327610392431264
8 18 5.216840427964723
8 19 5.742585224316083
8 20 5.668575900668594
8 21 7.163469675358048
8 22 7.163062561947758
8 23 4.76559990526592
8 24 5.430209685878993
8 25 6.4994221300859225
8 26 5.304054229302247
8 27 5.716037166308562
8 28 6.713711052398791
8 29 6.2370336996728195
9 0 6.523185903219386
9 1 8.087152497169637
9 2 6.810813515326413
9 3 5.8553830146757795
9 4 6.076457191255192
9 5 6.370871614967187
9 6 6.446453580518579
9 7 6.007397287887636
9 8 6.153374813308567
9 9 6.754984714410556
9 10 6.5141288481080295
9 11 4.7588449873903125
9 12 5.931973031629253
9 13 4.800249863737291
9 14 3.7541575124556945
9 15 3.4318434607262005
9 16 3.4698724178480957
9 17 4.287478660522346
9 18 6.0251199956388195
9 19 5.627561495861207
9 20 6.6309544819070725
9 21 6.33251304951157
9 22 5.999543075759009
9 23 6.150327937723192
9 24 4.755367140531479
9 25 6.4145740041542885
9 26 5.604716285235801
9 27 6.919228167102578
9 28 6.955464513312553
9 29 5.883878844350059
10 0 6.614413134187361
10 1 7.4045836930934
10 2 6.751955754987538
10 3 6.246095238252365
10 4 6.896909888667307
10 5 5.0106528929945275
10 6 6.126076851231603
10 7 5.037859497042776
10 8 5.321804460457322
10 9 5.172002825710435
10 10 5.3117972411967
10 11 5.161499762167654
10 12 4.926839417961319
10 13 4.627265699012113
10 14 3.1243484907891665
10 15 1.1715744496417064
10 16 3.0364160849176334
10 17 4.460355515570319
10 18 5.129042291468753
10 19 5.578446057115553
10 20 4.531203096795086
10 21 5.743089680556952
10 22 5.598559247901608
10 23 5.1677279038570285
10 24 6.497896683077476
10 25 6.053085878482838
10 26 6.289643589172893
10 27 5.992478414033042
10 28 6.960836314109868
10 29 6.330488609851354
11 0 7.607312282593424
11 1 6.627980198794533
11 2 6.382644836865634
11 3 5.9592560180033995
11 4 6.84771133873169
11 5 6.273927644824976
11 6 6.313494171704671
11 7 6.467121526268246
11 8 5.9824165387753885
11 9 5.982284127839201
11 10 5.418959462751728
11 11 5.277815817546158
11 12 5.2397609771959015
11 13 4.83015405306268
11 14 4.1622852523199825
11 15 3.0779933031766635
11 16 4.279233260507268
11 17 4.974982560082653
11 18 6.104051845584142
11 19 6.0673358115123825
11 20 5.104886118147172
11 21 6.728920156618261
11 22 6.0323871511821325
11 23 5.991734681709605
11 24 5.448941448663931
11 25 4.970887800405413
11 26 5.761472086343927
11 27 6.230534666158174
11 28 5.652602233511473
11 29 6.640701964002994
12 0 8.351930416448171
12 1 6.415069281455536
12 2 6.595355150256719
12 3 6.854478644285169
12 4 6.3860197550205555
12 5 5.929537552877224
12 6 5.92894465306455
12 7 6.417317977554732
12 8 5.9600204108888235
12 9 6.464767842657466
12 10 6.232243969429351
12 11 6.185697325088804
12 12 7.79016283283424
12 13 4.921730669493276
12 14 5.119251266032132
12 15 4.247098786983014
12 16 5.5693792460399
12 17 6.582193615373547
12 18 6.1777357202516585
12 19 5.333975402335705
12 20 5.886269845078402
12 21 5.714231424971018
12 22 5.137795700137226
12 23 5.178735828159096
12 24 6.368298246772981
12 25 5.617696774957132
12 26 6.120672427811253
12 27 5.552571344794767
12 28 6.595372145172124
12 29 5.045574596738782
13 0 6.615099391864741
13 1 7.3027997413483465
13 2 6.38254816890864
13 3 6.588200921262592
13 4 6.382195253627934
13 5 7.036633396045025
13 6 6.482173115991279
13 7 6.126100468215042
13 8 6.138194028431048
13 9 5.80569517859813
13 10 6.755028074838395
13 11 5.09010778326605
13 12 5.547244225811641
13 13 5.314713732942216
13 14 5.074144840998648
13 15 4.950483256024071
13 16 4.307352431300703
13 17 6.659224770005656
13 18 5.753587222574973
13 19 5.543823593768109
13 20 4.872939565537244
13 21 5.562070970455425
13 22 7.1687996191045595
13 23 5.708724707291788
13 24 6.211352291068595
13 25 7.023461564430579
13 26 5.659531468517874
13 27 6.048908122109488
13 28 5.7323329559962914
13 29 5.80067465383216
14 0 6.626544247624479
14 1 6.13451715595569
14 2 6.351332973614361
14 3 6.03009841074847
14 4 4.917140070164148
14 5 5.385849521169811
14 6 5.994795098991874
14 7 5.577861487748097
14 8 5.648824941067938
14 9 6.242261645319693
14 10 5.941049892751021
14 11 6.003964429837756
14 12 5.208967881579125
14 13 5.974550699771106
14 14 4.927115323387894
14 15 4.850846834675485
14 16 5.7721098495355765
14 17 5.80151533378351
14 18 5.83689952865936
14 19 5.938143929147507
14 20 5.476545507262754
14 21 5.778686602358025
14 22 5.539938192598674
14 23 5.290674679049273
14 24 6.518797229869587
14 25 6.2080308047044
14 26 6.816072805874355
14 27 6.094865473431844
14 28 6.522552105856662
14 29 5.442548714718389
15 0 5.978695872002628
15 1 6.738400470502854
15 2 6.1425733471705914
15 3 5.784924579071852
15 4 6.960705220952964
15 5 6.630750195462007
15 6 6.026101330796956
15 7 6.636402761883644
15 8 5.112085761956934
15 9 6.75697742756938
15 10 5.776714385004981
15 11 6.100295343464067
15 12 4.834631422593938
15 13 5.162284369089089
15 14 5.852934564250874
15 15 4.300297328631788
15 16 5.453433664505006
15 17 5.8081688884166525
15 18 4.825148476696605
15 19 5.56534892865065
15 20 5.317364931635639
15 21 5.743207334884615
15 22 5.397862238262323
15 23 6.178731599632215
15 24 4.551782588195504
15 25 4.91151876151291
15 26 5.754145487027331
15 27 5.9662675732984365
15 28 5.196597919590951
15 29 6.199189130762168
16 0 7.098364733522546
16 1 6.932641606156868
16 2 5.6751132309364145
16 3 7.299138892810147
16 4 5.374447488893306
16 5 5.851890730237262
16 6 5.266538822213092
16 7 6.609968181970233
16 8 5.617064798262368
16 9 5.852120613759872
16 10 5.606604847237322
16 11 6.243747195355435
16 12 5.227996333060697
16 13 5.815934596403207
16 14 5.7721098495355765
16 15 5.11305508085587
16 16 6.319298607991611
16 17 5.397765065602277
16 18 5.227998061723758
16 19 5.486789905485783
16 20 5.764542351456374
16 21 5.934746384757342
16 22 6.179689901016246
16 23 7.377334833431027
16 24 5.617363033427418
16 25 6.172867333646368
16 26 5.391893390170767
16 27 5.702077235121015
16 28 5.0288809078054975
16 29 4.87368091341517
17 0 6.2150782136778755
17 1 5.575758292637743
17 2 7.045615357665829
17 3 7.360492561627022
17 4 5.794476749216927
17 5 5.788411803661114
17 6 5.887234636340113
17 7 6.552459865019619
17 8 5.911190469558212
17 9 5.460939511927158
17 10 5.800007441002029
17 11 5.3831321229824916
17 12 6.151875163875424
17 13 6.659224770005656
17 14 5.458774295027715
17 15 6.303318532209252
17 16 5.419325520289513
17 17 4.812959177588496
17 18 5.825568667554815
17 19 6.370910117449615
17 20 5.222341399752698
17 21 5.44256116716438
17 22 5.3346120245645645
17 23 6.745464701126588
17 24 6.100372442632651
17 25 5.573077979431669
17 26 5.550715455820195
17 27 5.682200569014825
17 28 6.160145785521033
17 29 5.1344893289987565
18 0 7.026562374199941
18 1 5.910514347045509
18 2 5.855889961469192
18 3 6.444935504220533
18 4 5.990157225724153
18 5 6.311664444909738
18 6 5.596108180387079
18 7 6.910959004938745
18 8 5.5648065509055575
18 9 5.069594357936173
18 10 4.619248229980627
18 11 4.743954592885159
18 12 6.1777357202516585
18 13 5.483504383854869
18 14 4.961579636496826
18 15 4.5736011991960295
18 16 4.64369288212097
18 17 4.822302807782149
18 18 5.201538675011848
18 19 5.15316583995149
18 20 5.521598008643979
18 21 5.714240803859497
18 22 5.019697736697904
18 23 5.928191952302638
18 24 6.0576769226606455
18 25 5.832949832089732
18 26 5.903202401275336
18 27 6.6045019311518445
18 28 5.8858667728836265
18 29 5.766411630187146
19 0 7.20803520339704
19 1 5.586139306982304
19 2 5.8062870289564446
19 3 6.596519119914319
19 4 6.78688307398948
19 5 5.703571961639956
19 6 5.599680489340766
19 7 5.64639933949493
19 8 5.4827473855779765
19 9 5.3370465159910045
19 10 5.133011792212542
19 11 6.0673358115123825
19 12 5.6473530925277515
19 13 5.239231088269821
19 14 4.093179750441751
19 15 2.7468342542634088
19 16 4.40681309747078
19 17 5.503480009477184
19 18 5.097351714067709
19 19 5.90465152836905
19 20 5.709605146199352
19 21 5.475325961099787
19 22 6.586591367729629
19 23 4.9019466684345785
19 24 4.766195203918459
19 25 5.642205188888877
19 26 6.413287637807076
19 27 6.088508396712002
19 28 5.5715455326394006
19 29 5.810674977003986
20 0 6.815869413099137
20 1 6.677236574355015
20 2 4.982978987842859
20 3 6.21170709725988
20 4 5.669348427709919
20 5 6.329017158976139
20 6 5.692295639388382
20 7 5.8528748760095874
20 8 5.19023523280687
20 9 6.24048577716122
20 10 4.531203096795086
20 11 5.5496914798289785
20 12 4.298039093860083
20 13 4.39615947936198
20 14 2.7052956441011715
20 15 1.1858414739723953
20 16 3.0693908296215646
20 17 3.4229446294650434
20 18 5.651812554523282
20 19 5.401129594684975
20 20 5.743129078636152
20 21 5.881274932714689
20 22 4.187599813298351
20 23 6.152960489028407
20 24 5.152341960207285
20 25 5.453111440472999
20 26 4.554643555079809
20 27 5.145708225023631
20 28 6.095626090763293
20 29 5.548246690276769
21 0 7.662756199449363
21 1 6.466347720161775
21 2 6.279053413194026
21 3 5.696667812794336
21 4 6.435680359960902
21 5 6.082480499095374
21 6 5.845964126039417
21 7 5.62328313236909
21 8 5.714496271390001
21 9 6.33251304951157
21 10 6.299173574741948
21 11 5.4079964943525
21 12 5.015214331711743
21 13 4.086939718716688
21 14 3.8179225700383
21 15 2.3066714694813
21 16 3.9560799406770006
21 17 5.681100947473478
21 18 4.694105697518174
21 19 5.742125077545896
21 20 5.303842821493624
21 21 4.470435701587084
21 22 4.999660222971781
21 23 5.333034347238847
21 24 5.095449593109694
21 25 4.2779445825571125
21 26 3.793565904859385
21 27 5.46946785816966
21 28 5.266711518065649
21 29 5.339500213706471
22 0 7.295524005784326
22 1 6.418114473889895
22 2 5.864942483387283
22 3 7.799645969937806
22 4 6.754141220307742
22 5 5.737087861615827
22 6 5.89666042382945
22 7 5.9981586072021935
22 8 7.163062561947758
22 9 5.358897142112279
22 10 5.33895437252594
22 11 5.132377336372089
22 12 4.786536539331741
22 13 5.00547656300903
22 14 5.628767179985
22 15 4.686391988859111
22 16 5.344537738522385
22 17 4.782461671063267
22 18 6.261181364940464
22 19 5.62906874003373
22 20 4.538127338604343
22 21 6.003102540507957
22 22 5.131341158276744
22 23 5.304129356054331
22 24 5.641635756230818
22 25 4.5306446051070415
22 26 4.102324952624326
22 27 5.065935039764965
22 28 4.116647418885569
22 29 5.90450755248283
23 0 6.243522203463702
23 1 7.804232744571454
23 2 5.145825292512412
23 3 5.7367396547005916
23 4 6.804334851046859
23 5 6.496674240995793
23 6 5.959383429614257
23 7 5.818564274112475
23 8 7.171502226376305
23 9 5.140116034239128
23 10 6.9524626381085195
23 11 5.552154211407413
23 12 6.268605196280066
23 13 5.538016347827739
23 14 4.83919002848397
23 15 5.6828684615707
23 16 5.363273381387787
23 17 5.79414057746403
23 18 6.102273446719207
23 19 4.323026494671245
23 20 4.5460407421607805
23 21 5.0403581057445175
23 22 5.1782771724994205
23 23 4.831287002153697
23 24 4.4107299687107036
23 25 4.5312775831635115
23 26 3.6606332730789934
23 27 4.261303080433387
23 28 6.0602183562994085
23 29 4.960800512280826
24 0 7.095737023520468
24 1 6.847186568825124
24 2 6.074040372191585
24 3 6.285913252435425
24 4 7.634501112580478
24 5 6.494123707284183
24 6 5.973371181232151
24 7 5.270061179857262
24 8 6.406602491519183
24 9 5.156324451608876
24 10 5.929195320034917
24 11 6.733171856648374
24 12 6.15096205477853
24 13 5.5936254101734475
24 14 6.040880933465648
24 15 5.467212704876684
24 16 5.607349632541926
24 17 4.7550581505523555
24 18 5.399031761627957
24 19 5.151355715993636
24 20 5.013893066578144
24 21 4.697449145745177
24 22 4.331258182650349
24 23 4.057404674645008
24 24 3.1508731853338277
24 25 2.076105718383014
24 26 2.954845967575764
24 27 4.278310028625716
24 28 5.273003360575181
24 29 4.799550936107053
25 0 6.0127180134544345
25 1 6.453183270906743
25 2 6.649044466067746
25 3 5.338222767769309
25 4 6.782097505186523
25 5 6.178493889698675
25 6 6.143919130447831
25 7 5.88372899215795
25 8 6.358540180938949
25 9 6.1848601460316255
25 10 5.292820836700358
25 11 6.097601930925616
25 12 6.87780098239432
25 13 6.2534679472834585
25 14 4.283401360676313
25 15 5.484739393768523
25 16 6.624252347009346
25 17 5.470633398854229
25 18 5.1043793292942325
25 19 5.296747384853445
25 20 5.004574645814513
25 21 5.239607645974752
25 22 4.985459771727231
25 23 3.8565313546395363
25 24 2.5984241441813762
25 25 0.968334800401305
25 26 2.750836663901024
25 27 4.644791932260031
25 28 5.073397453139767
25 29 4.5208202651869405
26 0 7.852842476043709
26 1 7.528160772873925
26 2 8.188850696191839
26 3 7.266923706499759
26 4 6.079104955946182
26 5 7.527036659569945
26 6 4.822716870091135
26 7 7.0816152795108716
26 8 5.778156918959306
26 9 5.133676705906381
26 10 5.3912350431217275
26 11 6.185727383912003
26 12 5.055211163241255
26 13 6.556727020103792
26 14 6.843789869834373
26 15 5.589930835495792
26 16 5.723735031189377
26 17 6.101409206186106
26 18 5.231730252332697
26 19 4.653921425527117
26 20 6.438358423372237
26 21 5.116102213922503
26 22 4.556115611662601
26 23 3.8517952047284973
26 24 2.5865924883437112
26 25 2.417812750623036
26 26 2.473669759451239
26 27 4.097760975182595
26 28 4.576269014907258
26 29 4.350770834852729
27 0 6.457879275541854
27 1 6.372437177981345
27 2 6.078532955511748
27 3 8.526042070722225
27 4 6.090660652128752
27 5 6.5491902466200385
27 6 7.631837413776808
27 7 5.711321039075863
27 8 5.527233598016732
27 9 6.368726843014024
27 10 7.260593740633526
27 11 6.066563246271801
27 12 6.115680274404118
27 13 6.633063846920652
27 14 5.933347070349144
27 15 6.245766881258871
27 16 6.306717560534269
27 17 6.121806113691772
27 18 6.71834564855222
27 19 5.982282074211497
27 20 4.46132394600067
27 21 5.248279906065748
27 22 4.57576666681188
27 23 4.2384687844032385
27 24 3.60434609623229
27 25 4.295961113391069
27 26 3.9709249886378597
27 27 4.536223600766976
27 28 4.757266529810066
27 29 4.139391836080731
28 0 6.700629178157942
28 1 6.223013436614593
28 2 6.520979512910259
28 3 7.21162712603843
28 4 6.32333449647372
28 5 5.6866805053973675
28 6 5.889055322250694
28 7 6.586646984477659
28 8 6.590323752937193
28 9 6.310980937307998
28 10 5.633367885308016
28 11 6.11635716784098
28 12 4.783147765986811
28 13 6.291836553076651
28 14 6.444039023235557
28 15 5.224178892028349
28 16 6.6037059361415125
28 17 5.920181190618184
28 18 4.994773359424852
28 19 6.441085542594831
28 20 6.082881381310331
28 21 4.93175919536343
28 22 5.3275780796389105
28 23 5.246422452832009
28 24 4.966020292087314
28 25 5.708280132126726
28 26 4.769144717853301
28 27 5.220121998842168
28 28 5.329975661971604
28 29 5.232836418153428
29 0 6.948541890872902
29 1 6.373682900543865
29 2 7.024424342861504
29 3 6.099818191847912
29 4 7.421684624436773
29 5 6.325491021604927
29 6 5.8506718888024585
29 7 6.930416702112738
29 8 6.845760894071092
29 9 5.700894508878681
29 10 6.131984459182432
29 11 5.42654499931564
29 12 5.787572647791968
29 13 5.05292753250389
29 14 5.276936338469126
29 15 6.196135931429529
29 16 6.989212161221664
29 17 6.407968095401953
29 18 5.574049652821893
29 19 5.535113739200264
29 20 5.9591922971803175
29 21 5.700982076786988
29 22 4.35940663056502
29 23 4.604833920048979
29 24 4.350139205694384
29 25 4.892514348252831
29 26 4.346253683115163
29 27 5.588996141204128
29 28 5.690020272725464
29 29 5.428711815918811
