0 0 6.893395942970031
0 1 8.036256890470527
0 2 7.183050816947712
0 3 7.9176671259037015
0 4 6.502110905168773
0 5 7.826785741190814
0 6 6.052148713993188
0 7 8.00257109429023
0 8 5.746487208818292
0 9 6.0855166860249685
0 10 6.136885593598094
0 11 6.394612284909412
0 12 5.318124164564851
0 13 6.580363125445636
0 14 5.80339012011329
0 15 7.2143835831943095
0 16 5.491134286093054
0 17 7.207767666652273
0 18 5.322861733902486
0 19 6.02296961222751
0 20 7.845465252207829
0 21 6.0867892065858165
0 22 6.771346239130097
0 23 7.449249631322731
0 24 6.388588216762342
0 25 6.201897421179442
0 26 6.897750572219537
0 27 5.899488226573201
0 28 6.680422401590934
0 29 7.90117579086025
1 0 7.4142309174062015
1 1 7.446658441042596
1 2 6.735231344875836
1 3 6.461249124031838
1 4 6.903537402952837
1 5 7.37163803380724
1 6 6.484838737868553
1 7 6.339579422367021
1 8 5.461584290182989
1 9 7.124507047147144
1 10 6.733449255539677
1 11 6.892467658945455
1 12 5.931559120279852
1 13 5.225094340239142
1 14 6.357527388288834
1 15 6.515361834273805
1 16 7.330990363829036
1 17 6.47466334940496
1 18 7.064928503961815
1 19 6.2550031998883515
1 20 6.994992173303182
1 21 7.05676043890191
1 22 6.649340878669424
1 23 7.312315754221123
1 24 6.398435177761152
1 25 4.920436378822081
1 26 6.037709889531124
1 27 6.555916343961576
1 28 7.233304972507664
1 29 6.180208314219981
2 0 6.419179422159062
2 1 6.390154896613222
2 2 6.3909450449769025
2 3 6.722683807022169
2 4 7.123146988906412
2 5 6.747079924115227
2 6 5.512836099465125
2 7 7.180270718393825
2 8 7.275281945517949
2 9 6.824106549434995
2 10 6.180075843448912
2 11 5.6162647931909015
2 12 6.269863953811933
2 13 6.696634651741146
2 14 5.028971217657787
2 15 5.898468909701786
2 16 5.758975578669842
2 17 6.175657922685061
2 18 6.24198703384977
2 19 6.0770586026633815
2 20 6.282650113449945
2 21 5.473864304955847
2 22 6.101029582178964
2 23 7.076296334471463
2 24 6.630549540695401
2 25 7.35131704928597
2 26 7.063726126053665
2 27 7.718019610949137
2 28 6.029942449667453
2 29 6.282658476931729
3 0 7.8951840636751704
3 1 7.291459423147544
3 2 7.471629426141021
3 3 8.65324595581062
3 4 6.748358797602123
3 5 6.264371792738288
3 6 6.383143773085925
3 7 6.0008927348576995
3 8 5.999408796737861
3 9 5.391098023788358
3 10 5.852522842026637
3 11 5.849579112132446
3 12 5.443517160061477
3 13 6.324974875400242
3 14 5.868534716104613
3 15 6.213877923917282
3 16 6.100229624155659
3 17 6.490815930612978
3 18 5.6376742652456615
3 19 6.554252634440344
3 20 6.913788324980164
3 21 7.230715298295884
3 22 8.006099671825536
3 23 6.038524034730683
3 24 4.816998566539586
3 25 6.498219038845891
3 26 7.451765322093913
3 27 6.577054926437588
3 28 6.521769248677897
3 29 6.044352863234222
4 0 6.898132486075484
4 1 6.249813634019103
4 2 7.2562957940145685
4 3 8.06248538954788
4 4 6.976934470842585
4 5 7.025828451988845
4 6 7.318470023849943
4 7 6.0205889671422685
4 8 7.265221104506859
4 9 6.166178341298113
4 10 5.314934795458654
4 11 6.064126338275139
4 12 6.884004931459061
4 13 6.346060788929584
4 14 6.508948821459779
4 15 6.032755192298637
4 16 5.2716111325265995
4 17 5.797920782554215
4 18 5.429760617478854
4 19 5.458361726603025
4 20 6.620897816834148
4 21 6.725367156199493
4 22 6.63248185858883
4 23 7.2214990366724745
4 24 6.3192406067296085
4 25 5.779283185856886
4 26 6.114719863875678
4 27 6.939187506654946
4 28 7.402718963177939
4 29 6.7440879977745825
5 0 6.7440303307306815
5 1 6.277100591974561
5 2 6.535782111015373
5 3 5.486242527316313
5 4 7.1452189567920215
5 5 6.31978102957293
5 6 6.501627946901159
5 7 6.073147924769458
5 8 4.998861125692063
5 9 7.264781042757685
5 10 5.564999346333861
5 11 5.910024796624654
5 12 6.618465361811677
5 13 6.05248684268179
5 14 6.061594164614728
5 15 5.586771889529959
5 16 6.123053742529284
5 17 5.383953724650947
5 18 5.070128739507759
5 19 4.927647924605289
5 20 7.007049440355662
5 21 6.686541316746562
5 22 5.296984061598178
5 23 6.827569391565398
5 24 6.535069571071114
5 25 6.277521461697323
5 26 7.161789612684914
5 27 5.997036087898086
5 28 7.21577340131656
5 29 6.376128424419689
6 0 6.876946109533729
6 1 7.207903909737371
6 2 5.461550556426704
6 3 6.2214361322265646
6 4 5.476048236559162
6 5 5.905312230568548
6 6 6.142426278498315
6 7 5.912434057516275
6 8 6.474597803434542
6 9 6.0523584841657
6 10 6.346681552103921
6 11 5.7785675968572265
6 12 4.995597243707671
6 13 5.21417276573666
6 14 6.423245907279184
6 15 6.281729543860275
6 16 6.274816219991883
6 17 6.332333391254182
6 18 7.041767772971391
6 19 5.376990148170758
6 20 7.117487340324833
6 21 6.3556811243130165
6 22 5.9361170600633235
6 23 6.6738908125337915
6 24 5.1485823959180586
6 25 6.098175708320669
6 26 6.368171599461132
6 27 4.537432709357614
6 28 6.048438556971244
6 29 6.711191725011039
7 0 7.603791149731319
7 1 7.018475712305245
7 2 7.0600017748815365
7 3 7.1594942018713175
7 4 6.011747251460006
7 5 6.117517623987914
7 6 5.69937994817025
7 7 7.092754440479313
7 8 6.76205432771022
7 9 6.453792908413833
7 10 7.217349591972285
7 11 5.868746670972853
7 12 6.69409647697871
7 13 5.640348120114341
7 14 5.604271317798087
7 15 5.251558067724004
7 16 7.200589465838999
7 17 5.560349555121272
7 18 6.228980066099383
7 19 6.310508628304134
7 20 6.900706231152884
7 21 6.54274466974362
7 22 6.361849942885626
7 23 6.473589778158831
7 24 5.823764536996307
7 25 6.0617041526812185
7 26 5.583829789766231
7 27 6.3460005565415285
7 28 6.428100606653628
7 29 5.805179556418917
8 0 7.049169656264935
8 1 5.958511300715426
8 2 6.247205970709317
8 3 6.590698685281582
8 4 6.922022828174402
8 5 6.723322337263253
8 6 6.1104052079416995
8 7 6.169277166920846
8 8 6.0037903939157315
8 9 6.078648631639419
8 10 5.333266944729343
8 11 4.804440044824968
8 12 5.7113837698252805
8 13 4.85100712133936
8 14 4.816157550866735
8 15 6.072613812850677
8 16 4.806033229378006
8 17 5.7553574592341405
8 18 5.198662542988233
8 19 6.296473190460786
8 20 5.356460387141708
8 21 6.223451603479016
8 22 5.559429940930974
8 23 7.106925963655937
8 24 6.110571013173079
8 25 5.456936428859231
8 26 5.833417883290837
8 27 6.447389266062863
8 28 6.148741667924193
8 29 6.423803272486722
9 0 7.426785125275905
9 1 6.514685368839304
9 2 7.482646150588078
9 3 6.431956179556915
9 4 7.6212035511972775
9 5 6.081780979504791
9 6 6.641160112437905
9 7 6.286387456119035
9 8 6.080820659219806
9 9 5.458616765138462
9 10 4.753977856760533
9 11 3.726739956787442
9 12 3.3985629109290882
9 13 3.4906649253008544
9 14 3.944089642050876
9 15 6.260436914468834
9 16 6.576494017069294
9 17 6.997710060084056
9 18 6.228301898167532
9 19 5.952337636093183
9 20 5.815446038254443
9 21 6.659774835864198
9 22 6.036972880271417
9 23 5.870206069426253
9 24 5.6820191954530515
9 25 6.779713664373784
9 26 5.951764460572025
9 27 6.519213517682351
9 28 6.318986961001463
9 29 5.992022356590974
10 0 6.209829822421977
10 1 5.590426901979666
10 2 5.80435477429151
10 3 6.580954883167351
10 4 6.606214247426688
10 5 5.519736621670023
10 6 6.040692910088207
10 7 5.7000390924168896
10 8 4.941101135929986
10 9 5.332262948929482
10 10 5.835178825654489
10 11 3.6239110359676205
10 12 1.0968812359193933
10 13 3.379594865263287
10 14 5.6224769749235355
10 15 5.301653427075816
10 16 5.386087255100736
10 17 5.088532851052816
10 18 6.974165345866222
10 19 5.19198572788391
10 20 6.189496750958349
10 21 6.171868428969618
10 22 5.77730376100413
10 23 5.836245040121872
10 24 6.633810316350245
10 25 6.843895384555103
10 26 5.485677057644584
10 27 5.8179819635625165
10 28 5.57366886874236
10 29 5.645175341765732
11 0 7.961273627582269
11 1 6.086426286349251
11 2 6.88648238555693
11 3 6.138809649032942
11 4 6.23730511743857
11 5 6.072097628069177
11 6 6.5442025026082185
11 7 6.698758396125283
11 8 6.596079204416556
11 9 5.7265684218963155
11 10 4.5324509609795935
11 11 3.206683320301747
11 12 3.1955867362323853
11 13 4.015017641808336
11 14 4.485524900195408
11 15 4.441764923225406
11 16 5.556963804087684
11 17 5.036417084074665
11 18 6.6522858913326
11 19 5.714242079398485
11 20 6.256807634808614
11 21 5.557980650126882
11 22 6.652779264322638
11 23 6.222839779997692
11 24 5.462640714747429
11 25 5.7117556293482075
11 26 5.8970531695637565
11 27 6.744783088205236
11 28 5.503664611277943
11 29 6.521035693217595
12 0 6.245156701598885
12 1 6.947152381809465
12 2 7.359310771875961
12 3 6.321560101464924
12 4 5.73610248832113
12 5 5.780669089269541
12 6 6.820142144794837
12 7 5.76650949126011
12 8 5.4295579151822215
12 9 5.517906177174823
12 10 5.681904198415127
12 11 4.943455792334267
12 12 4.419607279009414
12 13 4.6466065625458075
12 14 4.559913254954201
12 15 5.813480828774265
12 16 6.130904345838689
12 17 5.304464616356012
12 18 5.67965960472895
12 19 5.7071250862432645
12 20 5.5840688028724275
12 21 5.8446340846872
12 22 6.544954812753026
12 23 5.970803693371318
12 24 6.684492179932311
12 25 5.851497258890959
12 26 6.177533351349082
12 27 5.810395482668517
12 28 5.9024732964625795
12 29 6.134019304662084
13 0 6.423027748163395
13 1 6.455209734948482
13 2 6.911656073071817
13 3 5.885284838147374
13 4 5.858714687721563
13 5 5.567875715001983
13 6 6.042310361156742
13 7 6.251362341590219
13 8 5.631296285615452
13 9 4.98992679392618
13 10 6.270560687487441
13 11 5.1981734270646465
13 12 4.922606212885191
13 13 4.99261523657804
13 14 5.741544160466634
13 15 5.206538517195204
13 16 4.282348930755663
13 17 5.569386482248745
13 18 5.532291553124659
13 19 5.295651561400261
13 20 5.9197927329589035
13 21 6.654749111166346
13 22 6.481769347382133
13 23 5.303451991659825
13 24 5.8777042921768246
13 25 5.602453814812662
13 26 6.020603048678517
13 27 6.013486026687161
13 28 6.31182675586151
13 29 5.7182043444585275
14 0 6.584537301142173
14 1 5.408481478207351
14 2 6.1023662617503724
14 3 5.725962933333576
14 4 6.213890051630314
14 5 5.922420052307806
14 6 6.710933500037179
14 7 5.909399605533263
14 8 6.1493114530081865
14 9 5.024340826182352
14 10 5.858299952987202
14 11 5.456363597289483
14 12 5.797760853663105
14 13 6.07164728630346
14 14 6.197013799125752
14 15 5.5181743166374115
14 16 5.9223348410243695
14 17 5.591307078871686
14 18 5.413230232469951
14 19 5.2560001634522155
14 20 5.3624733096722785
14 21 5.598463929221615
14 22 5.8026555363185786
14 23 5.725408941932324
14 24 5.724109856847617
14 25 6.3454400385372285
14 26 5.577983938414984
14 27 5.545414353309317
14 28 5.759899993854587
14 29 6.697118616983818
15 0 6.3782620424821035
15 1 6.662170432178131
15 2 7.173267664738852
15 3 4.842340814242
15 4 6.356748908290392
15 5 6.164282084551162
15 6 5.525736033421635
15 7 5.98975877199974
15 8 5.413695795793499
15 9 5.512279340523024
15 10 5.820811177636816
15 11 6.013836748380096
15 12 5.450082614691798
15 13 5.70284722820424
15 14 6.098701302746615
15 15 5.183178301351821
15 16 4.370103616237305
15 17 5.807138698712066
15 18 4.887096650153782
15 19 6.381165852823914
15 20 5.166262129550139
15 21 5.484486335446244
15 22 6.555110066035216
15 23 5.214400142167406
15 24 5.4539732277963155
15 25 5.73824099015918
15 26 6.791661238580876
15 27 5.625468708734951
15 28 4.6859026151328615
15 29 5.666477224554544
16 0 6.200124094791612
16 1 6.496759243966468
16 2 6.679764619731678
16 3 5.658143652120246
16 4 7.078570990076913
16 5 5.608008941500882
16 6 6.062920097592247
16 7 5.738912264906085
16 8 5.779935663425835
16 9 5.616804515392964
16 10 7.206979215325547
16 11 6.885406768596029
16 12 5.127584000479388
16 13 6.000771486162592
16 14 5.9223348410243695
16 15 5.660885721378194
16 16 5.503139667177592
16 17 5.417851537343226
16 18 5.84106363182381
16 19 5.691097413152566
16 20 5.986479935752255
16 21 5.343346592925593
16 22 4.676810668328912
16 23 6.069360151703501
16 24 6.616159052496278
16 25 6.172160656929163
16 26 6.081585792198932
16 27 7.227282482937062
16 28 5.5794297761557194
16 29 5.3142719829505625
17 0 7.350108935095523
17 1 5.8840110131767185
17 2 6.94600894178021
17 3 6.536210027564942
17 4 6.281989577560376
17 5 6.248383784046279
17 6 5.93976150189536
17 7 6.300644060915627
17 8 6.188578667088236
17 9 6.677492614620788
17 10 7.001954688789309
17 11 5.642225616465254
17 12 5.453125764906341
17 13 5.569386482248745
17 14 4.979475500878821
17 15 5.369692719577616
17 16 7.136822038582142
17 17 4.579636723656078
17 18 5.406473222778041
17 19 4.692590931326104
17 20 6.193086578608353
17 21 5.708895253739652
17 22 5.041484704580623
17 23 4.878550272474821
17 24 5.4521523243845245
17 25 5.437973546275458
17 26 6.203865553019336
17 27 5.5177280155512785
17 28 5.322321625201369
17 29 6.67824688195035
18 0 7.562697764285033
18 1 6.574888694901711
18 2 6.521763186462694
18 3 6.477514964007566
18 4 6.672083071888612
18 5 5.947710218301837
18 6 6.984324282987231
18 7 5.597350595645723
18 8 6.150464385681598
18 9 5.844634084686293
18 10 5.5339261442338685
18 11 6.2543836561567385
18 12 5.67965960472895
18 13 6.493153321350079
18 14 5.582650846794302
18 15 4.931988121654639
18 16 5.359636603590238
18 17 5.093737647842952
18 18 4.0421045073568465
18 19 4.45088752129563
18 20 6.028966409488448
18 21 7.09928682567469
18 22 5.254563452761602
18 23 4.618310698756088
18 24 6.0081118426119255
18 25 5.3221712299420005
18 26 5.367891733087043
18 27 5.940162231278517
18 28 5.420824080652337
18 29 6.912803049902066
19 0 6.626997475361504
19 1 5.456031808125591
19 2 6.371992206556632
19 3 6.16163591719353
19 4 6.895016013640446
19 5 6.425725083014175
19 6 5.703962192103945
19 7 5.917668532789568
19 8 7.040709422495768
19 9 6.23698961304627
19 10 6.079856584947894
19 11 5.714242079398485
19 12 5.896660385906185
19 13 6.202646250135279
19 14 5.671935469000231
19 15 5.504940275219442
19 16 5.227185868970861
19 17 3.8981011783805153
19 18 3.280765746398555
19 19 3.567999750758408
19 20 5.456197965345586
19 21 5.726568421897886
19 22 5.333101611088289
19 23 5.49605855883038
19 24 4.882981867337918
19 25 5.256778881284175
19 26 6.570494493386733
19 27 6.151973644009437
19 28 5.77561944247319
19 29 5.850185322536556
20 0 6.904957442400036
20 1 7.840053217178747
20 2 5.38703155502201
20 3 6.522803567074715
20 4 7.6283179789803865
20 5 5.673628282697758
20 6 7.398074177679097
20 7 5.911068694481369
20 8 5.874923333002016
20 9 6.019697633766287
20 10 6.189496750958349
20 11 6.210290756308191
20 12 5.62373014626919
20 13 5.652359205740604
20 14 5.251794785695296
20 15 4.872589382280252
20 16 4.369614525717011
20 17 3.014158997718596
20 18 0
20 19 3.2008008771056606
20 20 4.062044010999166
20 21 4.999919690341322
20 22 4.871811032963458
20 23 5.938124263361044
20 24 5.312512339436777
20 25 4.48563086276635
20 26 5.735455678183693
20 27 5.308636939110079
20 28 6.112358652474876
20 29 5.229754198647944
21 0 6.658821747839615
21 1 7.801806263868398
21 2 5.828684293790659
21 3 5.774525289485326
21 4 6.0503177957703596
21 5 6.34815964372461
21 6 6.125451450950197
21 7 5.694976037502426
21 8 7.11011436520589
21 9 6.659774835864198
21 10 5.5680759438200615
21 11 6.147868971733128
21 12 6.679761651141947
21 13 5.673059928309626
21 14 5.702493722862476
21 15 5.456434053096675
21 16 5.213101753393175
21 17 4.316842087986351
21 18 3.0826092045776177
21 19 3.5222075429083466
21 20 3.797601308202665
21 21 4.890724796749714
21 22 5.5855932915210635
21 23 5.29453521305328
21 24 5.105420403040886
21 25 4.781755311571686
21 26 5.05270712739492
21 27 5.012369120884543
21 28 4.614370671930436
21 29 5.07793777271121
22 0 6.970697572050719
22 1 6.561904580622001
22 2 6.793096102984934
22 3 5.824268804449454
22 4 7.126413946666648
22 5 5.525685234261184
22 6 6.296657807482853
22 7 6.278511280775439
22 8 5.559429940930974
22 9 6.47168044236455
22 10 5.249062685144377
22 11 5.6405905664551845
22 12 6.384965273063172
22 13 5.146349521303086
22 14 4.912518456026732
22 15 5.6809882405258945
22 16 5.594076003013529
22 17 5.2670976903250155
22 18 3.5330527632750086
22 19 3.6375749864203395
22 20 4.4542930517973645
22 21 5.040595052769438
22 22 4.99843870060377
22 23 4.8317519597061676
22 24 5.000249682480053
22 25 3.9286613524440117
22 26 4.653014706272591
22 27 4.42293572252772
22 28 5.806226725768556
22 29 5.945669681576717
23 0 6.935683668969963
23 1 5.304733042932621
23 2 7.0197208321986215
23 3 6.080000533211983
23 4 5.418099681849827
23 5 6.335486132759232
23 6 5.690231474387336
23 7 6.473589778158831
23 8 6.05140915529497
23 9 5.228905106682435
23 10 5.944128642696062
23 11 5.811600894870875
23 12 6.651823238470985
23 13 6.560014719547968
23 14 5.26952229091059
23 15 5.9929545008157055
23 16 5.783028247763496
23 17 5.292722498129209
23 18 4.944279346416747
23 19 5.438012970353047
23 20 4.709380954497579
23 21 5.55690551159075
23 22 5.745414435699848
23 23 4.5006417245523735
23 24 4.234987320787383
23 25 4.64610303523535
23 26 3.983608343641515
23 27 4.202501158714355
23 28 4.892003671912669
23 29 4.666176370817637
24 0 6.263818014646112
24 1 6.632236528244292
24 2 6.115318319866537
24 3 6.581169777704755
24 4 5.69115667858753
24 5 6.698624573455212
24 6 5.1485823959180586
24 7 5.590354852672533
24 8 7.201618938802876
24 9 6.79838718883519
24 10 4.85845874970096
24 11 6.6710375697237945
24 12 6.054477669080069
24 13 7.107348997097243
24 14 5.914937054435284
24 15 6.557284966232382
24 16 5.6297861187347795
24 17 4.697517290777288
24 18 5.124546694551513
24 19 4.610002238517443
24 20 4.888596347946198
24 21 4.683816715992899
24 22 5.020459277600335
24 23 4.1073706644351935
24 24 3.8222032136058206
24 25 2.6181841925205434
24 26 3.8047583150025472
24 27 4.1989274524348605
24 28 5.573186023874354
24 29 4.965539470345781
25 0 5.381700656142758
25 1 6.748759306364793
25 2 6.562065135875928
25 3 7.383222502069227
25 4 6.828977036565641
25 5 6.277521461697323
25 6 6.641712351278258
25 7 5.67246488443955
25 8 6.2698995014845735
25 9 7.213623726732666
25 10 6.388005598822117
25 11 6.362111471392541
25 12 6.039483749618298
25 13 5.979164689187402
25 14 7.274825190011652
25 15 5.568394350422075
25 16 5.880996630301349
25 17 5.461205435746069
25 18 5.2751827513845875
25 19 5.207336809000293
25 20 5.537243738631626
25 21 4.441881590867936
25 22 4.363220292302889
25 23 3.562134840561976
25 24 2.377560459285789
25 25 0.8196584574616519
25 26 2.3425519800713945
25 27 4.2074131962414585
25 28 4.293782296046758
25 29 4.751269253005238
26 0 7.246001368978886
26 1 5.0240361965064935
26 2 6.266391234375715
26 3 6.42208459149521
26 4 6.114719863875678
26 5 6.095667301871285
26 6 6.068847594106334
26 7 6.05990959966879
26 8 6.168251112817262
26 9 6.262294900272377
26 10 6.455266403380169
26 11 5.216841296224255
26 12 5.721825980768566
26 13 6.065517126367172
26 14 5.882812423257309
26 15 7.223013718615267
26 16 5.425641255374297
26 17 5.793236198969988
26 18 4.766201420988755
26 19 6.2970107082035485
26 20 5.910534845263465
26 21 4.874217165046733
26 22 4.746372084970486
26 23 3.865618008499528
26 24 3.685655481538666
26 25 2.4241290096957733
26 26 3.4170974782405255
26 27 3.7460537170360437
26 28 5.044529198054892
26 29 4.861435048271998
27 0 7.346529876479736
27 1 6.615505173219633
27 2 6.662199998807405
27 3 6.577054926437588
27 4 5.698408775719181
27 5 5.5075344825366495
27 6 5.918871157133743
27 7 6.136193551468169
27 8 5.643573994922311
27 9 6.246271895616733
27 10 6.4768092130783685
27 11 6.449732991103228
27 12 5.896323395613634
27 13 6.702616858332128
27 14 5.447584970046345
27 15 5.124663690130876
27 16 5.612991187600647
27 17 5.740577765383531
27 18 5.502001228730862
27 19 4.438851123500697
27 20 5.064424892387921
27 21 5.065849961219416
27 22 5.366260857346326
27 23 4.682015210782408
27 24 4.011825495223376
27 25 3.9006212753813085
27 26 3.528820338909842
27 27 4.829619540976065
27 28 4.539670653675225
27 29 5.3131890382490035
28 0 7.058713128882601
28 1 6.348145470827765
28 2 6.029942449667453
28 3 6.28768496424973
28 4 7.429377831403109
28 5 5.822577253810384
28 6 6.500374090562815
28 7 5.784323376031339
28 8 7.629471231161576
28 9 5.4140873156682385
28 10 5.827447849593545
28 11 5.99931371649162
28 12 5.616485201650925
28 13 6.035897630237837
28 14 6.022343364284221
28 15 6.599408040232584
28 16 5.555310333671658
28 17 4.826363425384074
28 18 5.622480546991826
28 19 6.0680463459687175
28 20 5.155216947338899
28 21 4.905789041041096
28 22 4.66195864743133
28 23 5.030541182153387
28 24 5.218818174242744
28 25 4.097208305367921
28 26 5.105632901731324
28 27 4.621580361428859
28 28 5.700941761727558
28 29 5.382942777586359
29 0 7.218821282333861
29 1 6.180208314219981
29 2 6.827813923652819
29 3 5.646401270506087
29 4 7.17908518371757
29 5 6.44560542529953
29 6 6.385905604960439
29 7 5.545102819362351
29 8 6.105073763602999
29 9 6.776864892650388
29 10 5.81850354452388
29 11 5.265341734703576
29 12 6.7635604385931005
29 13 5.613969958272477
29 14 5.915171134800758
29 15 5.486849865791892
29 16 6.462393819443498
29 17 5.938402864082682
29 18 6.483128455461514
29 19 6.341420117699485
29 20 6.8294543648430155
29 21 5.841399856141664
29 22 5.920686538243557
29 23 5.473328257289353
29 24 4.946136089610448
29 25 5.0706643123360475
29 26 5.645653594022902
29 27 5.817228853109258
29 28 6.099358572010324
29 29 5.413483690859286
