0 0 3.8106988909079558
0 1 5.434710012392318
0 2 4.745721471996143
0 3 4.952201731151602
0 4 3.9534180147856706
0 5 4.537083252456911
0 6 3.472335322564912
0 7 4.902322100451006
0 8 3.35140280126231
0 9 3.425792985909388
0 10 3.195755120998163
0 11 3.6923589528821084
0 12 2.4600110557812185
0 13 3.735794581737217
0 14 3.1523254598828334
0 15 4.176407949984273
0 16 2.6337664449741545
0 17 4.692333885246278
0 18 2.9943765086869236
0 19 3.5385477785316883
0 20 5.344564516471676
0 21 3.8100351815618487
0 22 4.274543337952405
0 23 4.3902580460232565
0 24 4.0146752350460355
0 25 3.4999374446855986
0 26 4.111487363751383
0 27 3.2017014229631644
0 28 4.302714062074747
0 29 4.860075756248571
1 0 5.393295065337287
1 1 5.176487861026261
1 2 4.133173024060451
1 3 3.662076050754201
1 4 3.974828130473152
1 5 4.2887593531947905
1 6 3.6881716681664836
1 7 3.799006975402127
1 8 2.5358902473450753
1 9 4.203807119088959
1 10 4.256953822928681
1 11 4.141603345825727
1 12 2.928570517687986
1 13 3.052347824385931
1 14 3.7882998251865425
1 15 3.819876018555846
1 16 4.362547287006082
1 17 3.7022791096129897
1 18 3.8445954625459478
1 19 3.566637098566474
1 20 4.369205958339892
1 21 4.355344333384773
1 22 4.603065291007831
1 23 4.453712408282785
1 24 3.978139364763379
1 25 2.4560624154424406
1 26 3.539917579067563
1 27 4.06606738721534
1 28 4.386675892160651
1 29 3.640452522822192
2 0 4.042090017769629
2 1 3.8303315649091023
2 2 3.3995283715216176
2 3 4.117484978213956
2 4 4.261092120908686
2 5 4.120829527172859
2 6 2.953150632105632
2 7 4.314689949871198
2 8 4.191385356698818
2 9 4.292015434541481
2 10 3.55608366974723
2 11 2.9853016329737123
2 12 3.7113692569593977
2 13 3.6142326661117834
2 14 2.3441994242380186
2 15 3.0572407988626225
2 16 3.322823561778255
2 17 3.5879087577692914
2 18 3.661791976016253
2 19 3.332232204658706
2 20 3.349601564245357
2 21 2.7988440342422445
2 22 3.5196614639014343
2 23 4.382574937459056
2 24 3.9913472694306384
2 25 4.448382191755431
2 26 4.329648601969364
2 27 4.559708425750882
2 28 3.5455732548522128
2 29 3.835082080055394
3 0 5.125822088883669
3 1 4.418557208036415
3 2 4.615825426908184
3 3 5.942179735172416
3 4 3.820919892085989
3 5 3.4005971272950415
3 6 3.512256143085557
3 7 3.4928273097761484
3 8 3.3339887999583833
3 9 2.7445589939286186
3 10 3.17478094490963
3 11 3.2639932603411843
3 12 3.0501691194394063
3 13 3.4861535294050374
3 14 3.3803477279930316
3 15 3.4685223756348624
3 16 3.4496931717386805
3 17 3.2961519375716484
3 18 3.233114129563511
3 19 4.019651283447467
3 20 4.105873041555804
3 21 4.169913103060052
3 22 4.904483683701022
3 23 3.7093183856098815
3 24 2.4718252942234247
3 25 3.9606393172810708
3 26 4.729888016768854
3 27 3.5937127770402353
3 28 3.4963126466154777
3 29 3.350897185565947
4 0 3.9809805270277767
4 1 3.53846639576301
4 2 4.691497222038728
4 3 5.223461278973042
4 4 3.9491265789704157
4 5 4.171858385156109
4 6 4.513496855864135
4 7 3.0525052549274823
4 8 4.130105643308495
4 9 3.787795266797412
4 10 2.682473506689996
4 11 2.664471173481584
4 12 3.750753517472711
4 13 3.529396659069909
4 14 3.0860610496151955
4 15 2.873818114860941
4 16 2.96387684731568
4 17 3.302584876524151
4 18 2.721518157905049
4 19 2.7730936688252696
4 20 4.068866433189386
4 21 4.098405853874466
4 22 3.88148484660124
4 23 4.360230938168301
4 24 3.5330878476174608
4 25 3.5118636877561005
4 26 3.420133092586156
4 27 4.666436790833464
4 28 4.524575007746293
4 29 3.4772270227057938
5 0 3.809283964864088
5 1 3.736167570442657
5 2 3.9817403769854938
5 3 3.0752287122457007
5 4 4.092934685791896
5 5 3.4501518564369964
5 6 3.726326065260849
5 7 3.3555040679014683
5 8 2.6242885836966505
5 9 4.118543798230051
5 10 3.2127115927089496
5 11 3.078331813360007
5 12 3.6707063000322693
5 13 3.247391979054268
5 14 3.4035689159601414
5 15 3.0001332597558084
5 16 3.0455932741651233
5 17 2.712268145207324
5 18 2.742783300491422
5 19 2.7073285767260864
5 20 3.8986590871151803
5 21 3.861640962407705
5 22 3.1306256821200664
5 23 4.321980246924889
5 24 3.65784736109235
5 25 3.3803668910895444
5 26 4.861591301787288
5 27 3.446620600796176
5 28 4.492682919804136
5 29 4.1506939905719085
6 0 3.843495647720998
6 1 4.557063215660404
6 2 3.233134881280902
6 3 3.0868728405193826
6 4 2.9483043705634526
6 5 3.0899889578556357
6 6 3.270729905229577
6 7 3.828096705442565
6 8 3.4765875198967993
6 9 3.287297944019121
6 10 3.359730308623042
6 11 2.813124752671022
6 12 2.204080428270641
6 13 2.676132506250231
6 14 3.476109549821676
6 15 2.8839910731105727
6 16 3.1627842050032617
6 17 2.899470148911202
6 18 3.649366845211486
6 19 2.829055397460797
6 20 4.20197001054581
6 21 3.3816606809706844
6 22 3.2246379487450216
6 23 4.142042842578379
6 24 2.762915365669599
6 25 3.1470334137213505
6 26 3.5416343048165895
6 27 2.2287667617789952
6 28 3.6700269889569817
6 29 4.045414950029874
7 0 4.451412515034695
7 1 4.303298976887887
7 2 4.4739205386611935
7 3 4.463796567468431
7 4 3.4418904593523774
7 5 3.069905892212594
7 6 3.093755411992495
7 7 3.6931871439753214
7 8 3.5162682504093143
7 9 3.6658492806982985
7 10 3.5531567222017406
7 11 2.4461268964292606
7 12 3.004960219996693
7 13 2.3244403385627463
7 14 2.7707324144458645
7 15 2.223001163961903
7 16 3.8481072275230495
7 17 2.8861300714858964
7 18 2.941715403479052
7 19 3.0810923537766977
7 20 4.340192732746382
7 21 3.9878116939239243
7 22 3.7012412210671357
7 23 3.631631799141382
7 24 3.5127810502370473
7 25 3.349551412526037
7 26 3.282730983709599
7 27 3.654333653816828
7 28 3.8014746407494697
7 29 3.465592105879397
8 0 4.031429457448749
8 1 3.4329928614754106
8 2 3.2922126966748406
8 3 3.931255614993888
8 4 3.912159227808472
8 5 4.060886691707005
8 6 3.1484738673832138
8 7 3.7881120488557483
8 8 3.195413598019615
8 9 3.003113144463637
8 10 2.2989500270107683
8 11 2.0065005678228878
8 12 2.1052068208183483
8 13 2.0030701476450963
8 14 2.1392757434019676
8 15 2.9516964432685815
8 16 2.031501490606114
8 17 2.4964676539650514
8 18 2.5695591952567387
8 19 3.1301432814647008
8 20 2.561882683073206
8 21 3.6746733470684503
8 22 3.0368111376943103
8 23 3.980750555102988
8 24 3.208915301889404
8 25 2.8229978218586727
8 26 3.590944512647578
8 27 3.4250430815113693
8 28 3.0659479001704195
8 29 3.8835761803698228
9 0 5.196200347947616
9 1 3.872785311429817
9 2 3.918965514306263
9 3 3.6672665683168515
9 4 4.256428875072054
9 5 3.573945997201595
9 6 3.617672559528288
9 7 3.422588726109253
9 8 3.0285058255785406
9 9 2.183446706055385
9 10 1.9140215010276531
9 11 1.4118049087901108
9 12 0
9 13 0
9 14 1.2880472930121103
9 15 2.7282170265480863
9 16 3.159296145454857
9 17 4.163520467187135
9 18 2.902241269116528
9 19 3.064840005138888
9 20 3.159590751642495
9 21 3.552622362275383
9 22 3.561681512757058
9 23 3.360035862126818
9 24 2.8497043478343347
9 25 3.847304094073347
9 26 3.5329228205483334
9 27 3.729824182929883
9 28 3.3961913198425924
9 29 2.966617936181866
10 0 3.970463109062271
10 1 3.2696698048060795
10 2 3.0127984983149876
10 3 3.8169538322370635
10 4 3.6762893676836472
10 5 3.1721588421679154
10 6 2.8966931505919566
10 7 2.702966940630122
10 8 2.0249435264509974
10 9 2.2205453277628773
10 10 2.158041069646185
10 11 1.093492488487576
10 12 0
10 13 0
10 14 2.551937037933331
10 15 2.279710973642601
10 16 2.719422505469383
10 17 2.27409963057208
10 18 3.5333304537412427
10 19 2.570877717501004
10 20 3.4516609618483054
10 21 3.446220950186081
10 22 2.677882350050685
10 23 3.080974003080928
10 24 4.076801797441049
10 25 3.593153434956416
10 26 2.736384791107416
10 27 3.6074051161736747
10 28 3.134658519026335
10 29 2.9995260024904487
11 0 5.280566847583963
11 1 3.431936910933699
11 2 3.8815113382991018
11 3 4.0501224489331
11 4 3.691738285321547
11 5 3.572087106126749
11 6 3.4391385879091443
11 7 3.183891429751961
11 8 3.131231240824911
11 9 2.4199527805105046
11 10 1.8500317752262732
11 11 0
11 12 0
11 13 1.6115871606596663
11 14 1.7677946379026068
11 15 1.942197929392646
11 16 2.7593199578918153
11 17 2.232529421722173
11 18 3.873160182723615
11 19 2.609671903943414
11 20 3.212342135927845
11 21 3.060037081238951
11 22 3.7254672086739706
11 23 3.4055342079589357
11 24 2.8870824018504484
11 25 3.282518097963833
11 26 2.9787678830873334
11 27 3.7647295304794643
11 28 3.3690259395409834
11 29 3.752870833167352
12 0 3.2927461083361966
12 1 4.280785491139701
12 2 4.371352538627559
12 3 3.778907633469324
12 4 2.892450752038188
12 5 3.187009630087173
12 6 3.665541279827861
12 7 2.848460842826796
12 8 2.440463313792706
12 9 2.7686251414834233
12 10 2.3017661641485363
12 11 2.004549742192041
12 12 1.6949104033388802
12 13 1.6640389822129602
12 14 1.5274219236366195
12 15 2.7343272402672607
12 16 2.982022292629938
12 17 2.1682997523899905
12 18 3.0163032814975086
12 19 2.7385922553246287
12 20 2.8034304602175864
12 21 3.254552622563638
12 22 3.6221393758249625
12 23 3.212141227446595
12 24 3.3620879203155587
12 25 3.183774293327816
12 26 3.663572271920154
12 27 2.924565726276487
12 28 3.406094395028153
12 29 3.3807051800055374
13 0 3.5239510279466937
13 1 4.145488510848975
13 2 3.8455830782504843
13 3 3.8856006961151435
13 4 2.820944572071372
13 5 3.267711451403014
13 6 3.20728194602347
13 7 3.422816668976811
13 8 2.452867210027013
13 9 2.071200529921649
13 10 2.9004369512007546
13 11 2.1315456191716926
13 12 2.2576345946256304
13 13 2.29104746454492
13 14 2.8270177216861536
13 15 2.13180160024329
13 16 1.7712705710268437
13 17 2.465369226965085
13 18 2.4308553794032592
13 19 2.5877529444887837
13 20 2.927798342365809
13 21 3.2250287900320846
13 22 3.2521612383176883
13 23 2.817179388487091
13 24 3.016423658240067
13 25 2.7748624188660362
13 26 3.461193286667932
13 27 3.369625790816082
13 28 3.3487390425701085
13 29 2.8293420009198145
14 0 4.226245572718912
14 1 2.9097887287742634
14 2 3.351547475911766
14 3 3.0942894205285865
14 4 3.2105833623753504
14 5 3.2533173404808315
14 6 3.3419275432263156
14 7 3.2060663753144505
14 8 2.722737299976516
14 9 2.379642282055087
14 10 2.613447426352881
14 11 2.6706959661886627
14 12 2.41412988242777
14 13 2.6055683524754354
14 14 2.878381312875784
14 15 3.0492670146246383
14 16 2.913864426574291
14 17 2.541503217668948
14 18 2.4443825098177463
14 19 2.397555433284226
14 20 2.4917009602701365
14 21 2.757965645722196
14 22 2.7172967977435474
14 23 2.923469424359312
14 24 3.0113989161219354
14 25 3.3118163040382194
14 26 2.926800984156568
14 27 3.1737633359049413
14 28 3.2173769741792224
14 29 3.614994644940979
15 0 3.6680304304108047
15 1 4.207124304348538
15 2 4.338878548413254
15 3 2.710492657028541
15 4 3.4397611576996385
15 5 3.499306280538942
15 6 2.805477182552949
15 7 3.203455391686462
15 8 2.8237397207525787
15 9 2.487473954504928
15 10 2.903392563303183
15 11 2.7526136095756977
15 12 2.5452642766529405
15 13 2.915420652822616
15 14 2.95450304168829
15 15 2.4196859361983223
15 16 2.001284564353926
15 17 2.903569349356033
15 18 2.354842553353383
15 19 3.1058146715404953
15 20 2.2792332924485907
15 21 2.633387231166545
15 22 3.3623589045012805
15 23 2.4348981533425196
15 24 2.473574206521109
15 25 3.21305992024381
15 26 3.718720076622711
15 27 2.8584168148792446
15 28 2.554183348174996
15 29 3.168697482660026
16 0 3.626607374681997
16 1 4.442009929273661
16 2 3.8449481675353834
16 3 3.145581011197884
16 4 4.532385380543684
16 5 2.912190470015615
16 6 3.561965557335445
16 7 2.6556535186624237
16 8 2.9785753359871343
16 9 2.556219197821696
16 10 3.6127352513001383
16 11 3.624265834585537
16 12 2.0217665682255483
16 13 2.7815340771153663
16 14 2.913864426574291
16 15 2.592590519454719
16 16 2.293373639560749
16 17 2.1813222139037167
16 18 2.7136407647023306
16 19 2.2527260593728906
16 20 3.280458077402703
16 21 2.3573587909965856
16 22 2.092988536717493
16 23 3.3020427030164003
16 24 3.366749422348038
16 25 3.070471540676105
16 26 3.369348473705572
16 27 3.831856292281848
16 28 2.9258512459004042
16 29 2.860542856253808
17 0 4.814279158980478
17 1 3.6647525241028402
17 2 3.89079341094166
17 3 4.039230915910919
17 4 3.4546586234433967
17 5 2.9616108793580818
17 6 3.3111954044148013
17 7 3.5997292186210643
17 8 3.0987999593947655
17 9 4.0847332206604
17 10 3.420732284110559
17 11 3.0868195837827925
17 12 2.8429831592445103
17 13 2.465369226965085
17 14 2.2300936707507293
17 15 2.2613652315468733
17 16 3.5659802215940064
17 17 1.5941462239887099
17 18 2.1724641260477973
17 19 1.771993019046782
17 20 3.198228057209396
17 21 2.294985414764397
17 22 2.243390477873968
17 23 2.0983754949124465
17 24 2.6330127794696288
17 25 2.508455672087526
17 26 3.0289200934677143
17 27 3.0804762275559874
17 28 2.4706139033176413
17 29 4.010379469893113
18 0 5.071258100146614
18 1 3.6074985682536145
18 2 3.5342233377851207
18 3 3.5766212193290947
18 4 3.982426697005036
18 5 3.159721053472851
18 6 3.966161422062509
18 7 2.9142679233087936
18 8 3.5481724207485312
18 9 3.428580783630745
18 10 2.7145412017226267
18 11 3.05361084388829
18 12 3.0163032814975086
18 13 3.0116579442730833
18 14 2.579175156375506
18 15 2.081099862263922
18 16 2.0142100488932733
18 17 2.1124403262750193
18 18 1.543395685464717
18 19 1.7011378432789912
18 20 2.7541865464398296
18 21 3.547225399613341
18 22 2.2631040613379176
18 23 1.9136646541806992
18 24 3.14547692899083
18 25 2.7082839240203174
18 26 2.6284924395488205
18 27 3.1673558760876226
18 28 3.024819837004004
18 29 3.716168347633688
19 0 3.8381185504864446
19 1 2.844236566125889
19 2 3.7733941824398487
19 3 3.6553894359133503
19 4 4.19057990803962
19 5 3.530666017835024
19 6 3.0252937934274384
19 7 3.341404018327742
19 8 3.712090306667338
19 9 3.280377738080212
19 10 3.110254991777449
19 11 2.609671903943414
19 12 2.959919541195833
19 13 2.8215221759523637
19 14 2.421590692212514
19 15 2.249119220384036
19 16 2.1081459043954394
19 17 1.2827596072687075
19 18 0
19 19 1.267264245057156
19 20 2.2674943637378053
19 21 2.361168502442071
19 22 2.3329340827772276
19 23 2.5848723247425323
19 24 2.2824622364899594
19 25 2.34685672420656
19 26 3.4585057221782094
19 27 3.416056691769862
19 28 2.8444166375215447
19 29 3.356769331543553
20 0 4.440096876597841
20 1 5.2154679650012294
20 2 3.0540651335557856
20 3 3.7099246221377795
20 4 4.891933187874055
20 5 3.161888336308644
20 6 4.046231242986826
20 7 3.270233834698181
20 8 3.4233408998572923
20 9 3.0635561563665603
20 10 3.4516609618483054
20 11 2.8517107186135773
20 12 3.093976536064217
20 13 2.7157636084106973
20 14 2.3920846112927205
20 15 1.7631080001671966
20 16 1.6623533521749496
20 17 0
20 18 0
20 19 0
20 20 1.6204553335097747
20 21 2.1663856856230246
20 22 2.159939761549272
20 23 2.4415400862718757
20 24 2.258962682264819
20 25 2.020899489654152
20 26 2.538972052735849
20 27 2.6082517853726794
20 28 3.0193056225142048
20 29 2.6363457126189145
21 0 3.6569281090109165
21 1 4.740710049465782
21 2 3.1996475782447638
21 3 2.9298162577823486
21 4 3.172988900685518
21 5 4.065238874499377
21 6 3.4148631048412916
21 7 2.976720167294537
21 8 4.6458635479481964
21 9 3.552622362275383
21 10 2.754803324385935
21 11 3.494554219509548
21 12 3.2131956908079364
21 13 2.522920215642647
21 14 2.6387167352441523
21 15 2.4867710453129277
21 16 2.2728006914136265
21 17 1.3528318974197227
21 18 0
21 19 1.1116469507595348
21 20 1.358460588204761
21 21 1.9961892250997957
21 22 2.3892339590969254
21 23 2.4959286492493913
21 24 2.431587873247763
21 25 1.8589467380122289
21 26 2.1747933882399995
21 27 2.339689781951351
21 28 2.0374721206340727
21 29 2.386716529150159
22 0 3.9823645138654915
22 1 3.791508641609396
22 2 4.276744632722381
22 3 3.367817732994972
22 4 4.177700151968053
22 5 3.1108834444829685
22 6 4.054961076021603
22 7 3.6690050297031473
22 8 3.0368111376943103
22 9 3.8276000424532803
22 10 2.7878653476939017
22 11 2.899453530952505
22 12 3.1123270466617114
22 13 2.5824725917650087
22 14 1.9380311249932052
22 15 2.421067967185823
22 16 2.3523362111874873
22 17 1.924418881556611
22 18 0
22 19 1.3900914174047043
22 20 1.8223233385896946
22 21 1.8914301838337428
22 22 2.0496430649076363
22 23 1.8095929274378462
22 24 2.1895997813407875
22 25 1.3569905584169133
22 26 1.9538681050341418
22 27 1.8301426223403978
22 28 2.833940147983089
22 29 3.4201512423180684
23 0 4.133219735781861
23 1 2.952634429556836
23 2 4.426661971290822
23 3 3.73455588307361
23 4 2.6176858070741127
23 5 3.6618339835529388
23 6 3.1897171890869207
23 7 3.631631799141382
23 8 3.460758920820787
23 9 2.916459298541678
23 10 2.7829734026993913
23 11 3.0990710108379487
23 12 3.396385481297215
23 13 3.4804010678500625
23 14 2.1870621575629356
23 15 2.8681586369883254
23 16 2.4470374331597413
23 17 2.0502567493909405
23 18 1.9626992427911176
23 19 2.3641406522776975
23 20 1.8767522768436022
23 21 2.2030686453936856
23 22 2.4809744154158437
23 23 1.9108229136351311
23 24 1.6248430542401964
23 25 1.9362478340220255
23 26 1.4390757615089718
23 27 1.6330963051998793
23 28 2.3102325710530316
23 29 2.1495149155596343
24 0 3.3570924385883685
24 1 3.2953405807629848
24 2 3.6428570852793487
24 3 4.186296813869063
24 4 3.281406694605672
24 5 3.596305436924937
24 6 2.762915365669599
24 7 3.0498731300487605
24 8 3.9117489344524077
24 9 3.662187296113347
24 10 2.418177375874818
24 11 3.679110686446333
24 12 3.6020310183134585
24 13 3.642573347453943
24 14 3.2112294772909187
24 15 3.136194341043479
24 16 2.803085622037828
24 17 1.7761520014799073
24 18 2.0428936147198598
24 19 1.8718465465121161
24 20 2.13286249929699
24 21 1.9945272277411275
24 22 2.2272248307594524
24 23 1.6994842135598356
24 24 1.3596282985641819
24 25 0
24 26 1.4237725415956568
24 27 1.5954623670583672
24 28 2.4259245789591755
24 29 2.195559868636181
25 0 3.3146664332019284
25 1 3.765642079226245
25 2 3.7307172346096644
25 3 4.8076797687892645
25 4 4.254945593418444
25 5 3.3803668910895444
25 6 3.7666229969034695
25 7 3.2269927029949446
25 8 3.448444725816515
25 9 4.2580417831408095
25 10 3.8832927506241663
25 11 3.5773041537127157
25 12 3.086747981498701
25 13 3.363843784414632
25 14 3.867311638870399
25 15 2.922028718538317
25 16 2.8849298430533388
25 17 2.4023717006350993
25 18 2.665576430076297
25 19 2.443120486796384
25 20 2.4748750210258312
25 21 2.1246274103970797
25 22 1.7650383856740353
25 23 1.2117098023223114
25 24 0
25 25 0
25 26 0
25 27 1.7424858342199376
25 28 1.8423296860091116
25 29 1.8617261546677526
26 0 4.402581805727262
26 1 2.5615159918148867
26 2 3.008780172428578
26 3 4.307800898061397
26 4 3.420133092586156
26 5 3.5498297816779836
26 6 3.441842936237928
26 7 3.8071947907714776
26 8 3.5053719738693223
26 9 3.4708780304204883
26 10 3.7572178526088496
26 11 2.685268057778731
26 12 2.706029843186371
26 13 3.046138380374102
26 14 3.1571243142385477
26 15 3.5820898234862053
26 16 2.5967519598918094
26 17 2.8212329281261574
26 18 1.9382704915009452
26 19 2.8516919414598374
26 20 3.2371544690981437
26 21 1.9097083471024157
26 22 2.091944448215273
26 23 1.2896501459390668
26 24 1.4035874369658898
26 25 0
26 26 1.2597843551108268
26 27 1.315514570922503
26 28 2.2670607610145512
26 29 2.177517782038499
27 0 4.991715625588068
27 1 3.9487580568099796
27 2 3.6408737129254356
27 3 3.5937127770402353
27 4 3.189439051025241
27 5 3.1609553851753787
27 6 3.2992851706847506
27 7 3.6350046228766453
27 8 3.011899823179583
27 9 4.02805007996757
27 10 3.32493512374798
27 11 4.0871535531062655
27 12 3.4501163660579404
27 13 3.391021103112732
27 14 2.650536452418637
27 15 2.8033874541830923
27 16 2.7930459344051144
27 17 2.7444187359174985
27 18 2.7420030653405236
27 19 2.1295702758495247
27 20 2.0788322336791265
27 21 2.370300949312867
27 22 2.437398186443195
27 23 1.887093924158074
27 24 1.6143289105303418
27 25 1.6645825531455194
27 26 1.3359258982361057
27 27 1.997066862265919
27 28 2.1228143061337788
27 29 3.1438118538572164
28 0 4.508941392771517
28 1 3.9414984451367747
28 2 3.5455732548522128
28 3 3.33400257966299
28 4 5.073417411713197
28 5 3.3435961920195214
28 6 4.312586686697681
28 7 2.9660490304102307
28 8 4.432480782043787
28 9 3.185259572151818
28 10 3.424752881393406
28 11 3.2393702572848917
28 12 3.0123994488359758
28 13 3.50274232955915
28 14 3.0901820178251396
28 15 3.515716708139937
28 16 3.113804518236343
28 17 2.4752286254150646
28 18 2.4166024433048467
28 19 3.206763178453541
28 20 2.701298340443648
28 21 2.1372080956822535
28 22 2.1624484242545323
28 23 1.9974207635020802
28 24 2.3478196094563466
28 25 1.6040957044600823
28 26 2.239312676197949
28 27 2.384921854706185
28 28 3.0692524097271243
28 29 2.6246025344132247
29 0 4.443287973106003
29 1 3.640452522822192
29 2 3.6637549818281023
29 3 3.349978596349821
29 4 3.8521416178761037
29 5 3.8212341641282515
29 6 3.6816061417741186
29 7 3.125154465567957
29 8 3.0208934448788853
29 9 3.9588256428592845
29 10 3.3866674477100536
29 11 2.8875836689912204
29 12 3.577669461789221
29 13 2.992963953100581
29 14 3.648123166837472
29 15 3.3295895929031016
29 16 3.4147131642292723
29 17 3.3258556939593498
29 18 3.6705625995303706
29 19 3.647409915973359
29 20 3.7420173277015243
29 21 2.7662921135562906
29 22 3.014482685162777
29 23 2.406971521020554
29 24 2.25876405478744
29 25 2.2327967224067975
29 26 2.5030617209808965
29 27 3.1506481885327635
29 28 3.1605386839189302
29 29 2.7878193661452775
