0 0 4.001872557167956
0 1 3.6807108287638086
0 2 3.929078342829131
0 3 4.305250620884749
0 4 4.146483242553261
0 5 4.7951178107439185
0 6 4.005791123463068
0 7 3.8306635783639265
0 8 3.9798285157773705
0 9 4.225196120651514
0 10 3.5564962823785473
0 11 4.4940640753906695
0 12 3.8267161274198878
0 13 3.8619545199733856
0 14 3.2177621349681864
0 15 3.434451743626442
0 16 4.510113259930741
0 17 4.048141605765955
0 18 3.5670673221105087
0 19 4.40298673884086
0 20 3.932498609421312
0 21 3.032487399171618
0 22 3.706032106115684
0 23 3.3420897298662804
0 24 4.788008708027018
0 25 3.6637229880698214
0 26 5.013511776910496
0 27 4.048795765131404
0 28 3.6992667103930317
0 29 3.7964342404150626
1 0 3.5374362040548144
1 1 3.0419762938935717
1 2 3.8393881218513837
1 3 4.7214268575882805
1 4 4.49272067456184
1 5 2.979558284674855
1 6 4.821111221544411
1 7 4.119925497291472
1 8 4.089162903379688
1 9 3.0545850494102966
1 10 4.115703586287382
1 11 2.9249390674009264
1 12 3.955297016052525
1 13 3.957037560797272
1 14 3.0274957995218483
1 15 4.366662123341291
1 16 3.9162343730498503
1 17 3.5980933398306174
1 18 2.967013369080599
1 19 3.642049904300752
1 20 4.348639950281045
1 21 4.113941550851119
1 22 3.5978733651792463
1 23 2.812617132030384
1 24 3.5772183990469597
1 25 4.860045811053787
1 26 4.472412376797841
1 27 4.072458471199602
1 28 3.760631921705088
1 29 3.750767233202598
2 0 3.1303322035734333
2 1 4.500170918914417
2 2 4.235145286711273
2 3 4.398848039480856
2 4 4.756494816311409
2 5 3.5150833010967095
2 6 3.4382770339248707
2 7 4.268400964519448
2 8 4.063434251430651
2 9 3.9097585427107573
2 10 4.4815777860287165
2 11 3.7653803254624343
2 12 3.502742329556754
2 13 4.203524564988427
2 14 4.025958230554648
2 15 2.721146938566851
2 16 3.1680318950414663
2 17 2.9524748574853756
2 18 3.4945707630033267
2 19 3.7419972466830376
2 20 3.0580649104808613
2 21 3.7416313574085427
2 22 3.506585659697309
2 23 4.246348930185309
2 24 3.100333332377246
2 25 3.438245423463004
2 26 3.966562733760431
2 27 5.360201253400841
2 28 4.2282357830427015
2 29 3.7082541525358383
3 0 3.7602649881121533
3 1 4.575326808853214
3 2 4.1223091641921386
3 3 4.7016218035928965
3 4 3.346748393320833
3 5 4.757360015480473
3 6 3.985417605708032
3 7 3.7675755572188514
3 8 3.949017893782005
3 9 4.327930784268375
3 10 3.7328532809940485
3 11 3.9272216231555523
3 12 3.4616214123492277
3 13 3.91423449902721
3 14 4.212898677807823
3 15 4.056521633724863
3 16 3.469674792862256
3 17 3.886649835436774
3 18 2.897261056997547
3 19 3.01557423041452
3 20 3.295076912629238
3 21 3.159624084886964
3 22 3.509481657250303
3 23 3.9660767283261302
3 24 4.967483173666699
3 25 4.282172842106675
3 26 3.748310021535991
3 27 3.839419002251334
3 28 4.0960464439235515
3 29 3.8860323315457532
4 0 4.075648966125358
4 1 3.908418642862519
4 2 4.190877399748965
4 3 4.05692514826539
4 4 3.6758097294614864
4 5 4.967600245381426
4 6 4.0071874601890665
4 7 3.5669102719983172
4 8 3.531984593186285
4 9 3.466940510581003
4 10 3.8186772600643533
4 11 3.4952255060116575
4 12 4.04070479153381
4 13 3.2003093714471587
4 14 2.539586909535316
4 15 3.4536600853560833
4 16 3.169748477615807
4 17 2.830392245047815
4 18 3.746414576617971
4 19 2.3122196082775854
4 20 3.35202700503328
4 21 3.9541546314721705
4 22 3.9716934443484444
4 23 3.1321416232977453
4 24 3.989293818218794
4 25 3.5259306339053866
4 26 3.1978531105575416
4 27 3.19551085642903
4 28 4.012152329403492
4 29 5.476446859764415
5 0 4.466851074816996
5 1 4.00346639838295
5 2 4.7455247089475066
5 3 3.9204931805468437
5 4 4.7722347969413
5 5 4.753304687206928
5 6 3.166886474155489
5 7 2.7629049938777426
5 8 3.1607911963582036
5 9 3.6913760061584115
5 10 2.8962356596139442
5 11 3.892192554381599
5 12 3.4585364378619365
5 13 4.257214825307489
5 14 2.842361594187702
5 15 2.8441669571503945
5 16 3.65843563476859
5 17 3.205604974462511
5 18 2.353486229981304
5 19 2.527169362178801
5 20 3.0359075915750444
5 21 3.5647405350317305
5 22 2.76073593764296
5 23 4.395691906359652
5 24 3.945671117432316
5 25 3.7043515105404063
5 26 3.343812236297831
5 27 3.787629682741066
5 28 3.5735403253722944
5 29 3.6654705632469162
6 0 4.5309649037447315
6 1 3.771702552838512
6 2 3.372292544426509
6 3 4.410409547578098
6 4 3.8332253428441025
6 5 2.4110986091991826
6 6 3.86746013600489
6 7 3.7155505853117354
6 8 3.3877915336393456
6 9 3.2461110825157626
6 10 3.563263269423075
6 11 2.9205749185555976
6 12 3.92978501314683
6 13 3.052545043597637
6 14 3.022524133625862
6 15 3.510186449154434
6 16 2.486429687642166
6 17 2.6037451518932255
6 18 2.7785112409199813
6 19 3.80040311339293
6 20 3.2893076526744833
6 21 3.2305905498650214
6 22 3.265861188100482
6 23 3.1600439875702953
6 24 3.127443832127361
6 25 3.1941890388638723
6 26 3.1139337031198955
6 27 4.719108436691761
6 28 2.7586081565913223
6 29 3.2726315830226445
7 0 3.97418846122234
7 1 3.8634657622796653
7 2 4.56126306968337
7 3 4.76138685650338
7 4 3.554621493042263
7 5 3.1729278717903373
7 6 4.499967391331935
7 7 3.544644956894626
7 8 3.609158180271404
7 9 3.3330345691410823
7 10 3.413628323605664
7 11 3.006787961082752
7 12 2.5982080771237017
7 13 3.0093267353583713
7 14 2.7167306003541607
7 15 3.022711756734353
7 16 2.1597097110029306
7 17 2.1785745027154686
7 18 1.9670224455346847
7 19 3.0329668139601305
7 20 2.6731445504150293
7 21 2.9635104967828143
7 22 3.306401109814737
7 23 2.4820310806774577
7 24 3.581075505672826
7 25 3.624006389103116
7 26 3.7346994523682326
7 27 3.515571294637651
7 28 4.030345455023033
7 29 4.88590838265738
8 0 3.465393374431221
8 1 3.946703289084847
8 2 4.593318512203843
8 3 3.1855605231234105
8 4 4.066575046093151
8 5 4.32176682128047
8 6 3.7329379067727086
8 7 2.9102736188410816
8 8 3.4636318918259685
8 9 3.6307135532880186
8 10 3.1998713032994917
8 11 3.6515590354473675
8 12 2.9915771607569175
8 13 2.3655925398586666
8 14 3.1700153366679253
8 15 2.591944106806136
8 16 1.8384443205962564
8 17 1.8142472408945376
8 18 1.8381562026204938
8 19 2.93494186347808
8 20 2.9442177842676203
8 21 2.7348567126347985
8 22 3.398102247709976
8 23 3.1182971213198543
8 24 3.391498420353494
8 25 3.682058645343523
8 26 3.157420155124766
8 27 3.912524569421947
8 28 2.7760464469209345
8 29 3.809782184559703
9 0 3.7002241613895865
9 1 4.189354267101504
9 2 3.9138170741895824
9 3 4.280846076628998
9 4 4.01457786674194
9 5 4.307903640930184
9 6 4.042452333429748
9 7 3.6906480670101938
9 8 2.901421261388156
9 9 3.0214830572030453
9 10 3.4590798898641464
9 11 2.8963804086472487
9 12 3.086949688712574
9 13 3.0047360692570297
9 14 2.510691906416074
9 15 1.5573522509764912
9 16 0
9 17 0
9 18 0
9 19 1.8738908681437778
9 20 2.875104640897744
9 21 2.8020908588645503
9 22 3.470581507248194
9 23 3.137562330920332
9 24 2.96042879950266
9 25 2.9624569175714925
9 26 3.1308337810587656
9 27 3.730754675124446
9 28 3.454897933118688
9 29 4.004616382771469
10 0 3.7430894507713575
10 1 4.133408660062572
10 2 4.477027508910018
10 3 3.719382283599283
10 4 3.728719569698675
10 5 2.864117197393115
10 6 3.422588468032821
10 7 3.7115926510407213
10 8 3.0065370208972495
10 9 2.503762504896202
10 10 3.166890543512571
10 11 3.0644294590401895
10 12 3.2772406866197805
10 13 2.8569526873250317
10 14 2.2804489829682533
10 15 1.3904906997869535
10 16 0
10 17 0
10 18 0
10 19 2.628290354993832
10 20 1.9557358634729038
10 21 2.68320871968914
10 22 3.283642375105302
10 23 2.747700271251135
10 24 3.090266582306835
10 25 3.0811320764143053
10 26 4.164991281715656
10 27 3.336152017349914
10 28 4.019489031950946
10 29 3.916044066225151
11 0 3.4918129971827017
11 1 4.659294025066256
11 2 4.053231642029519
11 3 3.7026288656439292
11 4 3.7255689180850826
11 5 3.4818053788764103
11 6 3.557915228967483
11 7 3.5833050540322287
11 8 2.733179186616135
11 9 3.378383149997028
11 10 2.7439876178847444
11 11 2.6933910117737256
11 12 2.01503708732578
11 13 2.6838889134791484
11 14 2.507018567336716
11 15 1.7061800166503507
11 16 0
11 17 0
11 18 1.3485251179468813
11 19 1.7175114386129953
11 20 2.224489624072287
11 21 2.4251373624971673
11 22 2.460556530467628
11 23 2.6548960062953118
11 24 2.724693162405715
11 25 2.4986489813758426
11 26 3.614812706853698
11 27 3.7320356679525135
11 28 2.860972111741226
11 29 3.0906320641117624
12 0 4.413513374581695
12 1 3.717571808706829
12 2 3.692528719692322
12 3 3.962510484652124
12 4 3.483441746367876
12 5 3.659544129216996
12 6 3.570509882329493
12 7 2.5393228091109203
12 8 2.990257678373954
12 9 3.6937350659046286
12 10 2.716868469618501
12 11 3.589791049209694
12 12 2.00620583807255
12 13 2.4201711491402267
12 14 3.1940681739428927
12 15 2.4981508685442786
12 16 1.4756622036880458
12 17 1.4079842714363784
12 18 1.895226077451728
12 19 2.590352921847322
12 20 1.8617996790262856
12 21 2.667247464170844
12 22 3.1287201696809745
12 23 2.6433079941494833
12 24 2.814949514606015
12 25 3.016875228102698
12 26 3.0104180792474637
12 27 3.317831241451314
12 28 3.5524317652476904
12 29 3.481620640236574
13 0 5.756999806138754
13 1 3.2354415893459048
13 2 3.143271906096365
13 3 3.794174534089654
13 4 3.776462844115237
13 5 3.9304517450251426
13 6 3.9309421948695955
13 7 3.3021159120718315
13 8 2.4789780307457496
13 9 2.8653755889910872
13 10 2.8339616902434734
13 11 4.259027462773954
13 12 2.3068812052314804
13 13 2.6595541707626222
13 14 1.887341042042561
13 15 2.326100189673237
13 16 2.1596020404324734
13 17 1.718427343227013
13 18 1.9087965195484726
13 19 2.888765192574347
13 20 3.216128321095828
13 21 2.141139321518212
13 22 3.381846066655976
13 23 3.042124736995974
13 24 3.5507847694885477
13 25 2.651228562074102
13 26 2.960207553023533
13 27 3.082146711381159
13 28 4.05610081658435
13 29 3.4609435928740933
14 0 3.7945001647278067
14 1 4.485100318657344
14 2 3.1308266836336727
14 3 5.078737034737032
14 4 4.347665652314023
14 5 3.641956274291636
14 6 3.6103353599761436
14 7 2.728417576338484
14 8 3.6353134308949526
14 9 2.577718248368337
14 10 3.372898645845715
14 11 1.852632216477269
14 12 3.0450973737624034
14 13 2.46639974699851
14 14 2.720367035140905
14 15 2.6916713302611175
14 16 2.7852400859114614
14 17 2.8976021434630446
14 18 1.9313414863598841
14 19 2.2069478067354362
14 20 2.1893467371275483
14 21 2.6168723666236287
14 22 2.6934097200345746
14 23 3.3307449121021455
14 24 3.0140163554179114
14 25 3.3594600428383705
14 26 3.7301273357201055
14 27 2.8886669562235694
14 28 4.272900149294535
14 29 3.1913746625591877
15 0 4.3848482440097
15 1 4.483874708367583
15 2 4.014954327743793
15 3 2.9588498008211146
15 4 2.610422457725381
15 5 3.8414785189175005
15 6 2.942003619659909
15 7 3.313992752506903
15 8 2.906122475940693
15 9 2.714839006950431
15 10 2.8161468995746084
15 11 2.0237597287458824
15 12 2.699726929727578
15 13 2.3151454767308555
15 14 2.6816303288533963
15 15 2.870592772619392
15 16 2.0793390250468047
15 17 2.652348858056184
15 18 2.364335041618528
15 19 2.412989519690371
15 20 2.3328131678449564
15 21 2.634177406574926
15 22 2.3431324747202074
15 23 3.951992717787628
15 24 2.446836975564232
15 25 2.8082532621076934
15 26 3.2182092611187834
15 27 3.29242437573469
15 28 3.791662750163216
15 29 3.3405505305978984
16 0 3.486670342406782
16 1 2.5582161623690913
16 2 3.8256111553029295
16 3 3.494180164925334
16 4 3.5021994609142273
16 5 3.5786996896659766
16 6 2.608714007474052
16 7 2.92743022206416
16 8 3.592742437455687
16 9 2.6354647102581117
16 10 2.803776305288805
16 11 2.403465015645856
16 12 2.5863390657413126
16 13 1.9329420965350996
16 14 2.7852400859114614
16 15 3.254038376047891
16 16 1.9895221600285293
16 17 1.94584710808891
16 18 3.1204011728049
16 19 2.9399453309343455
16 20 2.3672708796073345
16 21 2.6876032181045866
16 22 2.7355506927012727
16 23 2.9258688483126587
16 24 3.1504341787392605
16 25 3.1380239559795884
16 26 2.418034708336595
16 27 2.565302493720277
16 28 3.8829965439796794
16 29 3.4669187771298544
17 0 3.992664071409336
17 1 3.1835560052794714
17 2 4.185276001822406
17 3 3.525558509066751
17 4 3.0238915434057634
17 5 4.412052891824722
17 6 2.764218523081844
17 7 3.447437763331348
17 8 2.644954744754365
17 9 2.8110519530723552
17 10 3.1278518018964054
17 11 3.01246546530413
17 12 2.745815469846253
17 13 1.718427343227013
17 14 1.8641034716161975
17 15 2.3614179412442766
17 16 2.5821710562469504
17 17 2.1347671424249106
17 18 3.268375203748476
17 19 2.500116502971192
17 20 2.3209962219618125
17 21 2.2549458132774016
17 22 3.825611228524481
17 23 3.313286804876888
17 24 2.602921183093019
17 25 2.638578933746285
17 26 2.908985195990901
17 27 3.4061339567470683
17 28 2.867433759241606
17 29 2.6201772871160567
18 0 4.982110064238083
18 1 3.599026609095294
18 2 3.3176136558385885
18 3 3.0349997257849157
18 4 4.0153567660360565
18 5 3.588657627527964
18 6 3.1958353976863703
18 7 3.4298979162833043
18 8 2.721940058466565
18 9 3.3660378744107673
18 10 2.7939100514905966
18 11 2.5804281980088004
18 12 1.895226077451728
18 13 1.7509877390217103
18 14 2.3247081572312447
18 15 2.4795079516149325
18 16 3.0068967512691556
18 17 1.7760644854954866
18 18 2.581756693257967
18 19 2.1241916027631977
18 20 2.252593477976221
18 21 3.0947510011660757
18 22 2.101717549302968
18 23 2.3323490832187086
18 24 2.5824997357729327
18 25 2.021056479969783
18 26 2.9892135458959266
18 27 3.212149030975746
18 28 2.881921606193057
18 29 3.018939293412852
19 0 4.174888661093742
19 1 3.442810441580949
19 2 4.328082057594195
19 3 3.849545828924257
19 4 3.0229778814456725
19 5 3.4361990893599796
19 6 3.1242546286402577
19 7 3.028598984728558
19 8 3.996653491613164
19 9 2.7173944475004213
19 10 2.1497271628775474
19 11 1.7175114386129953
19 12 0
19 13 0
19 14 0
19 15 2.1648032378051285
19 16 2.574576637500336
19 17 2.487389903742714
19 18 2.990813506510159
19 19 2.5775960413634933
19 20 1.9596644904409735
19 21 2.0012510627517
19 22 2.7645178505133634
19 23 2.858217954615386
19 24 2.3778037540175876
19 25 2.429419898286188
19 26 3.321461384640502
19 27 3.331722789366318
19 28 2.7532187636793513
19 29 2.0519057775934697
20 0 3.9477739459937387
20 1 4.238115228532396
20 2 3.8235739264819792
20 3 3.4492419162419385
20 4 2.6696406631475393
20 5 3.0143445314047232
20 6 3.171529984032513
20 7 3.11008478114877
20 8 3.8188410255671412
20 9 3.0777982372904384
20 10 1.9557358634729038
20 11 2.338254407616593
20 12 0
20 13 0
20 14 0
20 15 1.760261079785755
20 16 1.9005797094399142
20 17 2.9720943573437797
20 18 2.295243118873678
20 19 2.4312064788178516
20 20 2.3757379023353096
20 21 2.295303430460077
20 22 2.2203320506756707
20 23 2.0977126322474695
20 24 2.2423100392079793
20 25 2.403773872276116
20 26 2.9877146407883113
20 27 3.009707043299658
20 28 2.715921901156525
20 29 2.4901575108165437
21 0 4.1878500708838065
21 1 3.5253404858957813
21 2 3.852630426973602
21 3 3.3311860719670183
21 4 2.448022206086815
21 5 4.073656061446167
21 6 2.5030718388486615
21 7 3.6913844199666155
21 8 3.31208617985197
21 9 2.8020908588645503
21 10 2.6302064602420847
21 11 1.8637411545722673
21 12 1.373419913531627
21 13 0
21 14 1.6750735985503578
21 15 2.007930938096922
21 16 2.2201479699804985
21 17 1.7244987615295255
21 18 3.5503431977098683
21 19 2.1250867386198533
21 20 3.0502588917232147
21 21 2.4378384844951113
21 22 2.03499377905176
21 23 2.6562982808029068
21 24 2.8818561967093252
21 25 2.1139235847459563
21 26 2.3636632253094065
21 27 2.5143844551879355
21 28 2.4688781219568607
21 29 3.025411306255439
22 0 3.9506460518380946
22 1 3.7970262174226312
22 2 3.7757664193041043
22 3 3.7565435234641242
22 4 2.9756823792051894
22 5 3.7086439063203405
22 6 3.8695852261343906
22 7 2.633127445029699
22 8 3.398102247709976
22 9 2.6002394133082567
22 10 2.5891726535971795
22 11 1.962819769456905
22 12 2.0385900742658363
22 13 2.1991653259500077
22 14 1.794037452949075
22 15 2.5052155755078642
22 16 2.120597597451006
22 17 2.3253573490865067
22 18 2.554579098425804
22 19 2.6762837068607728
22 20 2.727573914611745
22 21 2.0432538735342995
22 22 2.5568061730357057
22 23 2.1618862387153435
22 24 2.5682960453253294
22 25 2.113462527852185
22 26 2.199073723020918
22 27 2.276613920562878
22 28 2.0446383368414573
22 29 3.4732664826816153
23 0 4.959637669716815
23 1 5.271861214966563
23 2 3.600356369852601
23 3 4.72917760150811
23 4 3.3463954205211563
23 5 3.1343354101735685
23 6 2.926926426394595
23 7 2.4820310806774577
23 8 3.226037193951256
23 9 2.9798448066077112
23 10 2.704006787675713
23 11 2.3906346702393875
23 12 2.1922446794976955
23 13 2.633982732096829
23 14 2.130325905411245
23 15 2.488723508742492
23 16 2.136781110865317
23 17 2.117284661125363
23 18 3.0312427566469506
23 19 2.154523799781392
23 20 2.3131823508705325
23 21 2.192025734982233
23 22 2.345952817197093
23 23 1.7494186187553706
23 24 1.7545545935021682
23 25 1.925653789664084
23 26 1.208315579518495
23 27 2.8377865665569386
23 28 2.6547812244805447
23 29 3.007238215005973
24 0 4.6439145499378816
24 1 3.333940572626356
24 2 3.3000969292138014
24 3 3.8479876906292447
24 4 2.6861478317705894
24 5 2.5843095383114782
24 6 3.127443832127361
24 7 3.5797373296695754
24 8 3.111318000354753
24 9 3.6128272079390897
24 10 2.687434337504459
24 11 2.0701574723266325
24 12 2.645180795768976
24 13 2.761403115219197
24 14 2.641236133712274
24 15 1.990129262054743
24 16 2.4292311429460307
24 17 2.054641996466754
24 18 2.017320032853176
24 19 2.402263011717821
24 20 2.831880070201961
24 21 2.0691197852628918
24 22 2.372329471906803
24 23 1.2359848471949615
24 24 0
24 25 0.9335525866772936
24 26 0
24 27 1.3882670589015176
24 28 2.335469681451807
24 29 2.718456696519679
25 0 4.645849122400231
25 1 4.988410513659342
25 2 3.097917608269489
25 3 3.303738044357837
25 4 3.91407478822445
25 5 3.7043515105404063
25 6 2.9306296078697436
25 7 3.1432756395174875
25 8 2.62359840328143
25 9 2.5196285872215314
25 10 2.973950293788142
25 11 2.8095087964152667
25 12 3.7897879153414067
25 13 2.7996549995311235
25 14 2.3846200445601604
25 15 3.3351794937280896
25 16 2.7159833503086115
25 17 2.859391347909579
25 18 1.9693817330356518
25 19 2.257605664078647
25 20 2.3984105844418293
25 21 2.3556374513631355
25 22 2.2112486243280416
25 23 1.9923135230103177
25 24 0
25 25 0
25 26 1.0356045398809326
25 27 1.6179646469248654
25 28 1.9042617841044347
25 29 2.4518638771929586
26 0 3.4938749937148836
26 1 4.2468691356941894
26 2 4.278501746423619
26 3 3.659925100896577
26 4 3.1978531105575416
26 5 3.177236019618786
26 6 3.6834333940401605
26 7 4.099777212761688
26 8 3.3112270653054527
26 9 2.9134695781526263
26 10 3.5192893100726113
26 11 2.7409981583620544
26 12 2.8966180994833426
26 13 3.676992997407551
26 14 3.2908708058893077
26 15 2.318755963702688
26 16 2.2838174614287223
26 17 3.14637157305545
26 18 3.193316369473653
26 19 3.262947861633681
26 20 2.760859766196999
26 21 2.770068046164981
26 22 1.831919793618521
26 23 1.5023087788740763
26 24 0
26 25 1.070384452093866
26 26 0
26 27 1.608131669685973
26 28 1.6287462513910527
26 29 1.969710717462569
27 0 3.7273405790240237
27 1 3.075397630126289
27 2 5.116376451783097
27 3 3.839419002251334
27 4 3.620235647223961
27 5 3.5810234967896153
27 6 3.2097917016584407
27 7 3.387326544953001
27 8 3.3136547810782546
27 9 3.4565312569597535
27 10 2.949517425852135
27 11 3.0850265343847574
27 12 3.014140479003049
27 13 3.186737792113842
27 14 3.256052559991604
27 15 2.6370754235840805
27 16 3.5810755056756483
27 17 3.361401606089042
27 18 2.859312524163996
27 19 2.721880165163871
27 20 2.3463649194929923
27 21 2.6741510390517544
27 22 2.0861723131382717
27 23 2.295533012269639
27 24 1.956670452251097
27 25 1.5095874452180351
27 26 1.812647518508983
27 27 1.748012180807922
27 28 2.7495864240006864
27 29 2.8889214729683883
28 0 3.650003145325288
28 1 3.4420418521854037
28 2 4.2282357830427015
28 3 3.3416977939835117
28 4 2.791442009427333
28 5 3.9208811164464388
28 6 4.110844196606203
28 7 4.025590728922563
28 8 3.2430472343418577
28 9 3.9256460143312397
28 10 2.8224904357362046
28 11 3.7331561427346616
28 12 2.7765993443531594
28 13 2.8548723828591687
28 14 3.8087325372180736
28 15 3.9003106119489757
28 16 3.402000848714437
28 17 2.699913950362141
28 18 3.7866304236061636
28 19 3.3375949021070372
28 20 3.043846184166455
28 21 2.7767439924826047
28 22 2.2268899519894982
28 23 2.678087639482866
28 24 2.0796200454011906
28 25 1.84872001887875
28 26 1.580982172777562
28 27 2.672061792191859
28 28 2.633047970416496
28 29 2.4346868189756212
29 0 3.523157414168594
29 1 3.750767233202598
29 2 3.8168539936244112
29 3 4.026370978213079
29 4 3.0350018014088667
29 5 4.016111154510139
29 6 3.8310579872925032
29 7 4.15563644908014
29 8 4.31831083758437
29 9 3.9275353478105846
29 10 3.2233912744587108
29 11 3.956471478774399
29 12 2.4681350149886176
29 13 4.0798830749290635
29 14 3.0143402636633017
29 15 2.5461268136623656
29 16 2.5828527879321834
29 17 2.7277931813224594
29 18 3.1010912635494674
29 19 3.019639081365856
29 20 2.8394500288453943
29 21 2.8351831944144195
29 22 2.4217166832144894
29 23 2.5815389944977287
29 24 2.632745954067135
29 25 2.205999065950528
29 26 2.279547562989663
29 27 2.5278618446876546
29 28 2.98322510221037
29 29 2.1124267883986425
