0 0 3.5805737678270497
0 1 4.917605979420869
0 2 4.7576201405064475
0 3 4.02195944393988
0 4 5.0089930203031745
0 5 4.088356966656673
0 6 4.21476144089387
0 7 3.825928913958747
0 8 3.624877529715006
0 9 4.176321433560524
0 10 4.205857810260408
0 11 3.3966551894861676
0 12 3.4934731076449226
0 13 3.25203434462683
0 14 2.8511545629330093
0 15 3.2903606074067366
0 16 3.838465277508214
0 17 3.625553116851425
0 18 3.3281476403487025
0 19 4.918056675706137
0 20 4.631107141627386
0 21 3.893264487453768
0 22 3.9136363493622373
0 23 4.270638073487188
0 24 3.8793185485840986
0 25 4.186044763419269
0 26 3.5584948494244926
0 27 4.4423733306190245
0 28 4.513045564935561
0 29 3.8172940770868453
1 0 4.292629418913965
1 1 4.448863778152574
1 2 3.6297819413650374
1 3 3.593317494756734
1 4 3.913415376976699
1 5 4.748054378134166
1 6 3.67030564094146
1 7 3.238840169731023
1 8 3.704767318818014
1 9 4.436702920809946
1 10 4.302437555048032
1 11 3.324664423592014
1 12 3.7348777796570145
1 13 4.53291103197129
1 14 4.0205354607774755
1 15 4.701548140595406
1 16 4.310819742004564
1 17 3.1401663718455843
1 18 3.2067602021345216
1 19 3.5493418565820245
1 20 4.138675270516162
1 21 4.042504456932468
1 22 4.165850995076032
1 23 3.61914267282595
1 24 3.6084058463142323
1 25 2.634753295149296
1 26 3.5815064217637036
1 27 3.224623314393187
1 28 4.646774123985901
1 29 3.9467596955050595
2 0 4.644286614003191
2 1 4.63385028343685
2 2 3.4878406866221394
2 3 4.178947011648717
2 4 4.405498532683238
2 5 3.7791990982858934
2 6 3.42787961261459
2 7 4.500270150911599
2 8 3.8312419210534827
2 9 3.6879952841880477
2 10 3.6980102410493063
2 11 3.112938862000803
2 12 3.2798454884525907
2 13 3.0258678267625054
2 14 3.9347617177415755
2 15 4.6157786660498665
2 16 4.204589548957505
2 17 4.61660817297203
2 18 4.1895855327529805
2 19 3.4963562819438057
2 20 4.182049998983851
2 21 3.3140704227223976
2 22 4.780182681491598
2 23 3.9315416360847806
2 24 4.066655804957029
2 25 3.738624282840657
2 26 3.9236291474549034
2 27 3.9627475239152514
2 28 2.9940665274026967
2 29 3.868780791848875
3 0 4.189197462640314
3 1 3.349974014361266
3 2 4.214123807552614
3 3 4.317894182749194
3 4 4.2959671465945615
3 5 3.488856024280594
3 6 4.269001239253859
3 7 3.5610971754518967
3 8 3.4524678766879084
3 9 4.604371036119227
3 10 3.8342835924953373
3 11 3.7631565301751437
3 12 4.454575798524845
3 13 3.4166052759153143
3 14 2.9514694670350927
3 15 3.4859384086949166
3 16 3.6435427451897366
3 17 2.5903883697377625
3 18 3.8519843555896642
3 19 3.979177649301448
3 20 4.088187254122864
3 21 4.049123447518552
3 22 2.9377540535444484
3 23 3.5389468546874387
3 24 3.5790021926991953
3 25 4.455803870852476
3 26 4.449871805436022
3 27 3.698750704683452
3 28 4.012428338785561
3 29 3.6485008366321914
4 0 2.904853797274706
4 1 4.059934381762473
4 2 5.545701254221586
4 3 4.276554349706581
4 4 3.986007901863472
4 5 3.4112061803454528
4 6 3.6466685361950977
4 7 3.210865995234408
4 8 3.3426264853879686
4 9 3.228206532105917
4 10 2.9686367829647664
4 11 3.8400866185696763
4 12 3.3813897240156328
4 13 2.9821150088065305
4 14 3.354173605515774
4 15 3.4589715741911715
4 16 3.1030461158573495
4 17 3.400102280215287
4 18 3.785283836147848
4 19 3.287341531145003
4 20 3.4599043829853455
4 21 3.6485028834777298
4 22 4.073104245421909
4 23 3.7538801719195463
4 24 3.7539333291106973
4 25 3.6052580788763624
4 26 3.4543760045185885
4 27 4.8009742771049595
4 28 3.6485323348233543
4 29 3.158613355456876
5 0 3.482208545787881
5 1 3.365070794411303
5 2 4.367009535591346
5 3 3.5069458170447922
5 4 4.333330736240531
5 5 3.5070884612064996
5 6 3.572339921989286
5 7 2.9965082306838395
5 8 3.4237022398952934
5 9 3.1345589906827964
5 10 2.7139457220145498
5 11 3.4824551831628012
5 12 3.0504104363680904
5 13 2.950678513532877
5 14 2.6198636571516607
5 15 3.9020061274655484
5 16 2.8667872657471345
5 17 3.4835458318046792
5 18 3.6304324332221998
5 19 3.1905682068427828
5 20 2.665505426659181
5 21 4.040907364011388
5 22 2.8663953978289354
5 23 2.9257027801369713
5 24 3.4969670004502857
5 25 3.857299204615151
5 26 3.7371816506552094
5 27 4.863927665204029
5 28 4.7091284892192595
5 29 4.411502583544439
6 0 3.202467600053218
6 1 3.4506296418117737
6 2 3.289936052828855
6 3 4.059820568443203
6 4 3.634897235710851
6 5 3.585292904265065
6 6 2.4499893973980162
6 7 3.821217389524162
6 8 3.443777362785822
6 9 3.0868900381615396
6 10 4.248845730891747
6 11 3.3728715993600735
6 12 2.855964215909674
6 13 3.0214385000887356
6 14 2.6772910888625066
6 15 2.8362310498418597
6 16 3.58645919519158
6 17 2.776348996651736
6 18 2.771046375115366
6 19 3.391935326655451
6 20 3.5181040739314446
6 21 3.6032408162669203
6 22 2.9494300807444267
6 23 3.7189913219288413
6 24 4.633608278912223
6 25 3.6000452498814135
6 26 2.7625513193685
6 27 3.6052254014120075
6 28 3.3848475818688457
6 29 4.132130980443723
7 0 3.2192326789256662
7 1 3.386118932660234
7 2 4.63056108896493
7 3 3.3973768978123657
7 4 2.925789027198134
7 5 4.151487769146934
7 6 2.8030121385174773
7 7 3.0944379169284746
7 8 2.7058637462163873
7 9 1.904975576571722
7 10 2.718177502429569
7 11 2.9254076954125092
7 12 2.677401525456344
7 13 2.7600963920034887
7 14 3.33249391514029
7 15 3.126589939010168
7 16 2.880276676609738
7 17 3.3090576502922717
7 18 3.168738306947563
7 19 3.1335415552238555
7 20 4.095276867138876
7 21 2.7960783690678785
7 22 3.5655722880542027
7 23 3.516065418959525
7 24 3.3157154131512914
7 25 3.2058355805428143
7 26 3.3944376221209858
7 27 2.731625153183441
7 28 3.9270184056030004
7 29 3.6941467775145886
8 0 4.252711811594173
8 1 3.519091967835516
8 2 4.109994145076538
8 3 3.3563931160102105
8 4 3.8518773133434574
8 5 3.247278948823669
8 6 3.4680559252676204
8 7 2.9504054014831973
8 8 2.6856476590112215
8 9 2.693079147786487
8 10 1.7930837239667454
8 11 1.9573792004177546
8 12 2.137138721100866
8 13 3.081069770604806
8 14 2.1264808262137365
8 15 2.712826702338037
8 16 3.517472743632174
8 17 3.1341594479797297
8 18 3.032891719974081
8 19 3.1049466554721747
8 20 2.6826683221000485
8 21 4.383326422975554
8 22 3.1650445476789595
8 23 3.3304245832236195
8 24 4.646201466240343
8 25 4.668317207876607
8 26 4.287896202030331
8 27 4.737998694698078
8 28 3.0133179985598804
8 29 3.599841854677394
9 0 3.5477547166679706
9 1 4.358634855960731
9 2 3.999468067325889
9 3 4.0125047678383385
9 4 3.245450721631622
9 5 3.243626029610902
9 6 3.1193620004213325
9 7 2.86708006200275
9 8 2.2583713123601226
9 9 2.2876870841479535
9 10 1.2722339405240028
9 11 0
9 12 0
9 13 1.8041115873394942
9 14 3.2734494165264914
9 15 2.2445801800477216
9 16 2.806716759549935
9 17 3.478879807206837
9 18 3.1535111922311554
9 19 4.20807879219889
9 20 2.9623285556772263
9 21 3.3577314722990095
9 22 3.8589864991157397
9 23 2.571180760150617
9 24 3.282713730611045
9 25 3.565077169685583
9 26 4.494503611251997
9 27 3.2812847214930354
9 28 3.4781674501081565
9 29 3.007041368262899
10 0 4.0202654007417005
10 1 4.168434270915443
10 2 3.6100374386660845
10 3 3.649661071214551
10 4 3.6147653207515593
10 5 2.9477472079014295
10 6 2.5672489016582674
10 7 2.6668727945058577
10 8 2.1333928457209983
10 9 1.803527144422958
10 10 0
10 11 0
10 12 0
10 13 2.191953089028043
10 14 2.520038208656588
10 15 2.399833359760311
10 16 2.8121040263428236
10 17 3.1684259338946617
10 18 3.084596621974971
10 19 3.7576902339774976
10 20 3.1211526103192573
10 21 3.556387247116631
10 22 2.7071707337984496
10 23 2.576778401321423
10 24 3.9000891254546777
10 25 3.5121601912412097
10 26 3.219638584923214
10 27 3.2535559147761663
10 28 4.464785495125108
10 29 3.330766273245204
11 0 2.9219341776742374
11 1 3.35701668087095
11 2 4.0629016189940685
11 3 3.6087877170380254
11 4 3.187885634835051
11 5 2.6821457928169314
11 6 3.075128891993319
11 7 2.6164249069866456
11 8 2.1259231661537052
11 9 1.9318378338492714
11 10 0
11 11 1.097623428037422
11 12 1.3841607372636382
11 13 1.948544019416792
11 14 1.8571893792235246
11 15 3.3494744488432846
11 16 2.684222948201818
11 17 3.205204780993174
11 18 3.230585939034386
11 19 2.8733329521286954
11 20 3.503336757404019
11 21 2.681962777215368
11 22 2.854883374246369
11 23 3.7715252609733003
11 24 2.4361286688901034
11 25 3.228800543741762
11 26 3.019869169468559
11 27 3.970614964575331
11 28 3.256338026547755
11 29 3.1384261674871583
12 0 3.583745334331193
12 1 4.141199210367528
12 2 3.775852169167955
12 3 3.595933793998725
12 4 3.485143011416473
12 5 3.235102822208942
12 6 2.482581415773898
12 7 3.381964432204554
12 8 3.464019426604502
12 9 2.596203354869942
12 10 2.0149865974343797
12 11 2.2768635930157948
12 12 2.0083582597516245
12 13 2.0358089773713437
12 14 2.4368265218734
12 15 2.074587211646956
12 16 3.3762653234225004
12 17 3.125993756030368
12 18 3.0605090611561923
12 19 2.6143671801675525
12 20 3.087568959744339
12 21 2.988835966322267
12 22 2.641903727484484
12 23 3.632510027558984
12 24 2.4428002184987543
12 25 3.4930009638069
12 26 3.9747662895681826
12 27 2.805697503291324
12 28 3.4843604304009492
12 29 3.581745341483504
13 0 3.309561712840439
13 1 3.1734162022344927
13 2 3.403113986970313
13 3 3.5721307597354386
13 4 3.0179642704503777
13 5 2.9527909232443514
13 6 3.999252113780439
13 7 2.6608271793759397
13 8 2.6002653340222723
13 9 2.9012641823085685
13 10 3.3312191725775766
13 11 1.8774988114649678
13 12 2.119274199372209
13 13 2.4703672112819923
13 14 2.748821063014622
13 15 1.972002636954555
13 16 2.361419935605574
13 17 2.1202196179932082
13 18 2.645515286999646
13 19 3.1402162647892053
13 20 2.942926720182003
13 21 2.913847599322353
13 22 3.2189384624770634
13 23 2.9750522051284953
13 24 3.637763310634834
13 25 3.763993121526478
13 26 3.129308132223684
13 27 2.8519093038545047
13 28 3.3337810427068653
13 29 2.9576253466456452
14 0 3.187894620839752
14 1 2.9654777768482905
14 2 4.5063580447534095
14 3 4.241941923762485
14 4 3.9254608636265678
14 5 3.226074198768068
14 6 2.982639826242517
14 7 3.8074313841272027
14 8 2.5992381129733055
14 9 2.727617236284691
14 10 2.75219648973315
14 11 2.57629486665585
14 12 2.8862678378989792
14 13 2.5058921669568406
14 14 2.7439652053136148
14 15 3.168888488652995
14 16 2.6210700471313295
14 17 2.6366176380598305
14 18 2.282333109063238
14 19 2.3243631285772897
14 20 2.2368845023049913
14 21 2.721871594877941
14 22 3.34432766615371
14 23 3.1235918343736913
14 24 2.497056091680804
14 25 2.4847436464283117
14 26 2.936273272725188
14 27 3.088016108045479
14 28 3.067165164665574
14 29 3.4711973768644424
15 0 4.238027404917955
15 1 2.778515476932092
15 2 3.062052144466585
15 3 3.5819892992364295
15 4 3.3710157027443532
15 5 3.922987491254011
15 6 3.1844700652538678
15 7 3.2558253460176547
15 8 3.0474918235286537
15 9 3.270763811478318
15 10 2.735261210898537
15 11 2.230431196456105
15 12 2.790288389518597
15 13 2.535285284820588
15 14 2.531112406350795
15 15 2.3943649855938838
15 16 2.7706054169703576
15 17 2.6575810499512666
15 18 1.92376845083285
15 19 2.17514097164974
15 20 2.559473215339975
15 21 2.490901977425383
15 22 2.3277208553682276
15 23 2.2101254803271213
15 24 2.7734249930028225
15 25 1.7347379196816202
15 26 3.1588075011317254
15 27 3.5032161686520413
15 28 3.4499554239182375
15 29 2.7420125688151735
16 0 3.6338726915160082
16 1 3.4647771597640906
16 2 4.148551334610397
16 3 4.2030120511442535
16 4 3.531879602743882
16 5 3.4742040627716895
16 6 2.9919882856357445
16 7 3.315708553563214
16 8 3.7523949137609374
16 9 2.634587948796847
16 10 3.3275967802878386
16 11 3.065884865551892
16 12 2.595411949622955
16 13 2.487287081567849
16 14 2.6210700471313295
16 15 2.6916745693678092
16 16 2.431720888847049
16 17 2.371307654187974
16 18 2.2323664937113126
16 19 2.00178590896144
16 20 1.974557637816698
16 21 2.5571411590175015
16 22 2.7934206182638763
16 23 2.8769311732108678
16 24 2.982639826244414
16 25 2.6861454625747916
16 26 2.6984764940246455
16 27 3.217721749427875
16 28 3.197078342565946
16 29 3.2842074144520663
17 0 3.9654036243738275
17 1 4.062203522245573
17 2 3.63900148633004
17 3 3.8422759845974284
17 4 3.402467012478425
17 5 3.3430781998551184
17 6 4.079983774173831
17 7 3.243882223663045
17 8 3.2144238222763497
17 9 4.250308120695538
17 10 3.532884058026834
17 11 2.8965391607862645
17 12 3.6436485655880007
17 13 2.1202196179932082
17 14 2.6609855964158937
17 15 2.235487710676008
17 16 2.3110192749106484
17 17 3.0391459162853205
17 18 2.013739989096757
17 19 2.037758066547539
17 20 2.3139594546826032
17 21 1.9426381420711816
17 22 2.088055846379628
17 23 2.055775169316941
17 24 2.06168341727795
17 25 3.5392731695056736
17 26 3.000093275514312
17 27 2.755769807854299
17 28 2.5850577401067603
17 29 2.458857860103173
18 0 4.568177880040374
18 1 4.229688597205102
18 2 2.985677395826618
18 3 3.331900570778074
18 4 3.6248825429174474
18 5 2.7659311707122503
18 6 2.9525444375339456
18 7 3.1123096931340486
18 8 3.8889718429148274
18 9 2.846832447559887
18 10 2.7427412728365352
18 11 2.605234019712693
18 12 3.0605090611561923
18 13 1.7728651531790156
18 14 2.7877635205205786
18 15 2.6431954038302328
18 16 2.208904439230699
18 17 2.0196813011339314
18 18 1.6465490915916599
18 19 2.038139450794413
18 20 1.9769201000019134
18 21 2.239473122903456
18 22 2.2175521852328743
18 23 2.6451118464184113
18 24 2.464054688792594
18 25 2.3449373025187734
18 26 3.4021634159117853
18 27 2.5912852140186224
18 28 2.798547062272736
18 29 3.237271654273645
19 0 4.1994213530531255
19 1 4.727743801861992
19 2 3.249944692723935
19 3 3.40399747773674
19 4 3.6381101017989703
19 5 3.997355224752207
19 6 3.400932102112821
19 7 3.627995318370968
19 8 3.5530402118729705
19 9 3.3199923193739114
19 10 3.1268520479531
19 11 2.8733329521286954
19 12 3.482617466193255
19 13 2.258001923026441
19 14 2.5808932809047165
19 15 2.25491404859651
19 16 2.2816197129168074
19 17 2.226544762252276
19 18 1.3124287988642158
19 19 1.2562911451066825
19 20 1.5420060654806542
19 21 0
19 22 2.6338437844353937
19 23 2.1402784270996404
19 24 1.939123669215121
19 25 2.3714372512336683
19 26 2.8124435325717796
19 27 2.562505283111837
19 28 2.2591134002225806
19 29 3.0128737716218454
20 0 4.176290550863544
20 1 3.891515531903094
20 2 4.239848583296162
20 3 4.452009538010726
20 4 3.8971176458774495
20 5 2.8019329762420773
20 6 3.6755451456204136
20 7 3.244019145785657
20 8 3.8165582508321374
20 9 2.8486706359881286
20 10 3.1211526103192573
20 11 3.147235141815246
20 12 2.8243123770417373
20 13 3.3717968180546034
20 14 2.9083446482798094
20 15 1.9661141005327742
20 16 2.1984098602659037
20 17 1.6619316453697126
20 18 0
20 19 0
20 20 0
20 21 2.607802762882218
20 22 1.7827486928783027
20 23 1.8360117985467947
20 24 2.374880114752858
20 25 2.086748896211118
20 26 2.193152574824583
20 27 2.3237210222635603
20 28 2.627073939608803
20 29 2.9456069796139617
21 0 4.0424193374903306
21 1 4.392968255867809
21 2 3.518316406091998
21 3 3.8469501368623313
21 4 3.477889699181968
21 5 3.9915939549399986
21 6 3.7250344710625596
21 7 3.743272498860584
21 8 3.5117656182155956
21 9 3.3577314722990095
21 10 3.296928919646972
21 11 3.3259574624976422
21 12 3.026188462047766
21 13 2.742121674641969
21 14 2.7248541873968537
21 15 2.7374093211218864
21 16 2.80546375892462
21 17 1.8421730132328797
21 18 0
21 19 0
21 20 0
21 21 1.9503673699669544
21 22 2.1335858985690828
21 23 1.911783261263352
21 24 2.142380613270032
21 25 1.7028465996472266
21 26 2.1202114056986745
21 27 2.036146873093922
21 28 2.239177310531702
21 29 2.514430722969561
22 0 3.5786599477662655
22 1 4.589223143032381
22 2 4.3684693889720245
22 3 3.4211822567603516
22 4 4.102577290168074
22 5 3.000754862730037
22 6 4.055180481212054
22 7 3.3304245832234165
22 8 3.1650445476789595
22 9 3.788902447986622
22 10 2.8823706785842402
22 11 3.651166542953069
22 12 2.551157240963026
22 13 2.5869979373395546
22 14 2.239658999248454
22 15 2.6371419120379604
22 16 2.7305946972976805
22 17 2.4804593048723222
22 18 2.693936287014119
22 19 1.5353754278508227
22 20 1.796888003438078
22 21 1.8465414009648204
22 22 1.8338654275389874
22 23 2.299476631857167
22 24 1.717843701657365
22 25 1.999723915315265
22 26 1.9326531435796308
22 27 2.7049878731229016
22 28 2.8774322066858593
22 29 2.3669183867200165
23 0 3.3169859881410906
23 1 4.4046397561551025
23 2 4.021317139994584
23 3 4.6496644196922725
23 4 3.029763499069326
23 5 3.3508767112655633
23 6 3.783563930993766
23 7 3.516065418959525
23 8 3.5720946763862216
23 9 3.266835494635676
23 10 3.3163799198872654
23 11 2.2500074661448823
23 12 4.0946391455744005
23 13 2.9022435572969747
23 14 2.7029934599047203
23 15 2.6615739465871466
23 16 2.653168712197245
23 17 2.6369424847494436
23 18 2.2417731236916705
23 19 2.0728813989788715
23 20 1.8851086999307918
23 21 2.002697566252278
23 22 1.416961952995563
23 23 1.751106998933512
23 24 1.9527116451706266
23 25 1.4921878278721403
23 26 1.5675460237339671
23 27 1.8350233147353292
23 28 2.1641894667207624
23 29 2.0856685547916194
24 0 3.7547733040667186
24 1 3.3102706749401314
24 2 5.1878736674007095
24 3 3.3345187210958374
24 4 3.5581829827767217
24 5 3.285890357792506
24 6 4.633608278912223
24 7 3.602974261626252
24 8 3.2672938797693236
24 9 3.426888848824849
24 10 3.6299639914949298
24 11 4.044230581782613
24 12 3.3221320873978137
24 13 3.398323284863862
24 14 2.52692709496121
24 15 2.836231049842968
24 16 2.4788867797499057
24 17 2.6177932004686535
24 18 2.4061498519051208
24 19 2.228291322013256
24 20 2.066138027594239
24 21 2.201384148685474
24 22 2.098187764006333
24 23 1.6691960438170317
24 24 1.6163124497271852
24 25 0
24 26 1.1758660261004872
24 27 1.6405524926784705
24 28 2.3505727325180477
24 29 2.110027877267131
25 0 4.746478405729945
25 1 2.9375563126594284
25 2 3.9360500258516025
25 3 3.936271357922389
25 4 3.648951392460773
25 5 3.857299204615151
25 6 3.1506695392880206
25 7 4.101112954772473
25 8 3.619012343996217
25 9 3.0755915180833067
25 10 3.1667860874381955
25 11 2.826057317417801
25 12 2.468251318929469
25 13 3.3361650466143877
25 14 3.0042668437442934
25 15 2.326414731974101
25 16 3.451056158370893
25 17 2.1649880387543567
25 18 2.7665431036190333
25 19 2.256369891101226
25 20 2.1709240201412023
25 21 3.2108425059522263
25 22 1.7657045353786496
25 23 1.4347399363661275
25 24 0
25 25 0
25 26 0
25 27 2.0187223752284016
25 28 1.9800124595916244
25 29 2.2832122701739768
26 0 3.5649657716277208
26 1 3.936941809408439
26 2 3.1621993236582298
26 3 3.962675908962057
26 4 3.4543760045185885
26 5 4.238017660067155
26 6 3.0479571287039757
26 7 3.6709802134236726
26 8 3.3546984572538
26 9 4.474579008040051
26 10 3.6915750769662727
26 11 3.5227744790003417
26 12 2.904832085397882
26 13 2.6258434655937966
26 14 2.547975366686083
26 15 3.420788121751046
26 16 3.1777571920115926
26 17 2.709152536606961
26 18 2.828860140486177
26 19 2.4960563020740603
26 20 2.196243584634938
26 21 2.3013182385895457
26 22 1.7356379252412382
26 23 1.6199871322118915
26 24 1.1652470977471756
26 25 0
26 26 1.16703511842308
26 27 1.6479853378441875
26 28 2.6186844146870873
26 29 2.7731560160295388
27 0 4.735330518298656
27 1 4.3191358976653005
27 2 4.043340729685075
27 3 3.698750704683452
27 4 3.92121537953318
27 5 4.614790300047741
27 6 3.71358276868853
27 7 3.454384205830723
27 8 3.7604102175988885
27 9 2.834813987017697
27 10 3.2322700909780355
27 11 2.7436635450335394
27 12 4.028361253727984
27 13 3.120738611259616
27 14 2.582680723135699
27 15 2.5894908484724515
27 16 2.833232217035566
27 17 3.1768828073792337
27 18 3.8952266437987717
27 19 2.6773712230866518
27 20 2.6197944686500167
27 21 2.586323089298568
27 22 2.0701451485125646
27 23 1.6246123449714813
27 24 1.5855035467159437
27 25 1.7411592526525264
27 26 1.9988030332927649
27 27 2.37452004988163
27 28 2.36459169205316
27 29 2.9507652573249006
28 0 3.9527665666915937
28 1 3.848354282915998
28 2 2.9940665274026967
28 3 3.294729731122224
28 4 6.04910090315184
28 5 3.7511141189755013
28 6 3.3240309023035985
28 7 3.664533193421261
28 8 3.497436930977625
28 9 3.981133315502802
28 10 4.314474462692279
28 11 2.7425349951134677
28 12 3.2393702572852816
28 13 3.2203339231055645
28 14 2.634963440080919
28 15 2.9199626447329545
28 16 2.771517492118894
28 17 2.632438701007244
28 18 2.797059319326457
28 19 2.9268272147416137
28 20 2.938933333409999
28 21 2.4299717581738722
28 22 2.42007880384813
28 23 2.0074091343915583
28 24 2.243228763645594
28 25 1.9856991833920672
28 26 2.779710856115361
28 27 2.165086461471701
28 28 1.8655400155486734
28 29 2.7034294264932504
29 0 3.6114905851028314
29 1 3.9467596955050595
29 2 3.9724401482097895
29 3 3.706982626221968
29 4 3.0701572032279905
29 5 4.486537450703328
29 6 3.8144220970564278
29 7 3.838674724038549
29 8 3.426375679763887
29 9 3.286777775168072
29 10 3.3834890089579224
29 11 3.7156173309467553
29 12 3.6330429544582645
29 13 3.144470917937017
29 14 4.1724584263171955
29 15 2.893427364459993
29 16 2.8923462036398386
29 17 2.7468218103219644
29 18 3.323778820309779
29 19 2.7012898441748274
29 20 2.9848297106214603
29 21 2.6772831384654543
29 22 2.213082413042574
29 23 2.5529935873828054
29 24 2.1806566652848267
29 25 2.5024686961692675
29 26 2.572767368581933
29 27 2.6415853743392503
29 28 2.644044981055808
29 29 3.7930218878852546
