0 0 3.4013415382529635
0 1 3.488170480404934
0 2 3.3971601085242407
0 3 3.9812762186737802
0 4 5.889043204489304
0 5 3.388293102604308
0 6 3.330483901175562
0 7 3.9914846662597414
0 8 4.340303460589282
0 9 4.497385502377576
0 10 3.5494945904684583
0 11 3.320451079084041
0 12 3.087568492077841
0 13 3.0475646017956453
0 14 3.989516063336791
0 15 3.74901108636331
0 16 3.6171902289384437
0 17 4.264429375730988
0 18 3.79477736779333
0 19 2.6585104609853367
0 20 3.549495358797369
0 21 3.2270348416476557
0 22 3.837542332314944
0 23 3.8036268124035275
0 24 3.6538743968820824
0 25 3.450963855247734
0 26 3.7050708841613473
0 27 3.545116193780565
0 28 4.885992234297294
0 29 4.9836898589733885
1 0 3.9218350716412362
1 1 4.647729398553508
1 2 4.417118831442258
1 3 5.044394765635404
1 4 3.583382681288401
1 5 3.3518760044030698
1 6 4.612048778078899
1 7 4.587675090627082
1 8 3.5789471746104593
1 9 4.836725098263586
1 10 2.8283142280031908
1 11 4.384641292281207
1 12 3.9702328688699877
1 13 3.099064307553522
1 14 3.3960617583367827
1 15 3.2207545224388925
1 16 3.428905803704374
1 17 3.837769618528521
1 18 4.135841295385924
1 19 3.475154370687068
1 20 3.8719176246861613
1 21 3.645816886060499
1 22 3.2133568845033067
1 23 3.171832281469792
1 24 4.191428622244917
1 25 4.253417548327801
1 26 5.641480926904574
1 27 3.1870294766037968
1 28 3.251894824727817
1 29 3.8916039373404514
2 0 4.1894283183475105
2 1 4.176182995712781
2 2 3.6174591978636186
2 3 3.8688860295767973
2 4 2.8759589448439797
2 5 4.604303930757937
2 6 4.625286424727245
2 7 4.843621336357659
2 8 3.3361051545368814
2 9 4.545635818064583
2 10 3.831208926159308
2 11 3.692186163107772
2 12 2.2031101330494325
2 13 3.900312567443165
2 14 3.046831375943986
2 15 3.10698077513119
2 16 2.73194787318718
2 17 4.236584839392547
2 18 4.016075129814691
2 19 3.3455643251407956
2 20 3.9533895250950826
2 21 3.6564618537537985
2 22 4.290818873793784
2 23 3.0320825322821676
2 24 3.548749619494494
2 25 4.380221993351253
2 26 3.157464823955297
2 27 3.818779437818881
2 28 3.499163417812443
2 29 3.64384723612322
3 0 4.855761249630439
3 1 4.207545314080209
3 2 3.120561124103764
3 3 3.816155816074748
3 4 5.520448315979768
3 5 3.553145138099508
3 6 4.2399057455368565
3 7 2.622718945403667
3 8 4.979719718601829
3 9 4.239247882266389
3 10 2.900707708235474
3 11 3.678987015776242
3 12 3.3546920412783234
3 13 3.670828479477086
3 14 4.363409763730796
3 15 3.6857607992725785
3 16 4.199219726005114
3 17 3.7268890098343452
3 18 3.488612230002235
3 19 3.1641955634602694
3 20 2.757436221253576
3 21 3.5761140283669226
3 22 4.138904578583784
3 23 4.913286437491896
3 24 3.8801581965148646
3 25 4.263351570447561
3 26 3.7021243518921607
3 27 5.777736186704972
3 28 5.228039379845079
3 29 3.5529040636060545
4 0 4.794363555202327
4 1 3.3793514623600895
4 2 2.7652003228903164
4 3 4.77576464950475
4 4 3.5659526356249467
4 5 3.0215040728756026
4 6 3.256085474384366
4 7 3.601628366350715
4 8 3.2855299972532146
4 9 3.306844873969911
4 10 2.4149147490983265
4 11 3.7666868023562152
4 12 4.1930605777336964
4 13 3.6039194470529554
4 14 3.1818784349084677
4 15 2.8750789508908765
4 16 3.140733535454793
4 17 2.6363480402788286
4 18 3.0344817827058645
4 19 3.2815325967187583
4 20 3.8473787574360503
4 21 3.43938464471203
4 22 3.2680082910056596
4 23 3.703726808149501
4 24 3.674142121324921
4 25 4.400749803509344
4 26 3.468316165508401
4 27 3.785207907517935
4 28 4.130012057453198
4 29 4.799724527422382
5 0 3.9497311959691963
5 1 4.324381300711036
5 2 3.5052461342563155
5 3 3.9581561468426347
5 4 4.0031409613743
5 5 3.6051938220750945
5 6 4.370547737141056
5 7 5.030694114344348
5 8 3.4375833700665073
5 9 4.138101079656153
5 10 2.4009119476441656
5 11 3.642632040514204
5 12 3.0299976728746323
5 13 2.1863960378853666
5 14 3.2725252013490462
5 15 2.359602493288486
5 16 3.423923236912488
5 17 3.0317717661010515
5 18 2.9840540513313423
5 19 2.4526907140329266
5 20 3.713981737866865
5 21 3.3020093120172906
5 22 3.8416166619056886
5 23 3.232769241284567
5 24 3.2150426459869106
5 25 3.910466383215689
5 26 4.738937997297812
5 27 3.865026831235314
5 28 3.765832206368603
5 29 5.6642788356294425
6 0 4.537775312148934
6 1 3.4591882729123284
6 2 3.851108051717295
6 3 3.8803484642774078
6 4 4.27994502093394
6 5 4.1911485007806
6 6 3.7933064243396366
6 7 3.4847543354104493
6 8 3.5681195797624654
6 9 2.9606104376211917
6 10 2.9418264829671794
6 11 4.132136178468701
6 12 2.3877583610532658
6 13 3.061374533699912
6 14 2.496387950925366
6 15 2.1481735593323337
6 16 2.837021086029599
6 17 2.6692541316531586
6 18 2.447306539994903
6 19 3.4449844667720173
6 20 3.1695225953288757
6 21 3.0730964301041923
6 22 4.308884095244751
6 23 3.2051830095654563
6 24 3.104408964260797
6 25 3.9729524899721684
6 26 3.598755798121352
6 27 3.308712452952404
6 28 3.6507536467739623
6 29 3.781660197071658
7 0 3.899592745686001
7 1 3.251061935807077
7 2 4.515290102575153
7 3 3.6019881988025184
7 4 3.4623809777671966
7 5 4.847549342544574
7 6 3.632592891159332
7 7 4.049523868392097
7 8 3.7761233334692834
7 9 2.3817825978655316
7 10 3.375002767552076
7 11 2.6405437068661044
7 12 2.918060859645628
7 13 3.203929942007794
7 14 2.4477575968002157
7 15 2.6740004719716484
7 16 1.7816344891176095
7 17 2.679606643673072
7 18 2.9513288300590874
7 19 3.2223983721488665
7 20 3.119635002698438
7 21 3.434304570813712
7 22 2.7705019575594867
7 23 3.3033858055463523
7 24 3.540575339043253
7 25 3.4284396369463934
7 26 2.709692113611243
7 27 3.9965267568847977
7 28 3.6689425988199096
7 29 3.534590137572923
8 0 3.6435796095702218
8 1 4.28505814511536
8 2 4.1780270031310005
8 3 3.5340124543045417
8 4 3.707223468680531
8 5 4.343108638041862
8 6 4.182666647705146
8 7 3.893461857251779
8 8 2.8652238852408827
8 9 2.7616812701168363
8 10 3.2428333932764293
8 11 3.6352358308215083
8 12 2.9178526765123074
8 13 2.5622088505723286
8 14 2.106346320953299
8 15 1.8671137565192206
8 16 1.828460884756524
8 17 2.240074323143192
8 18 2.466999840935125
8 19 2.708097233048565
8 20 2.546448715410912
8 21 4.271584277078938
8 22 4.151422736374125
8 23 2.3894744623042006
8 24 2.9945362165645504
8 25 3.652657812384079
8 26 2.688710972217494
8 27 3.431333688158283
8 28 4.0634502734967395
8 29 3.484905730235826
9 0 3.3977545070718835
9 1 5.052359884714017
9 2 3.8265626215091246
9 3 3.1464640595345674
9 4 3.103148010064083
9 5 3.6442434340758805
9 6 3.613987846338669
9 7 3.2873192593942746
9 8 3.189800914251867
9 9 3.696643572468047
9 10 3.2780928170357124
9 11 2.065586929080399
9 12 2.5443752094343655
9 13 2.1069314579069016
9 14 0
9 15 0
9 16 0
9 17 1.6220834008725749
9 18 2.828717849864604
9 19 2.68251871134351
9 20 3.53043418680817
9 21 3.737973620233806
9 22 3.1603927891535957
9 23 2.9657354761424832
9 24 2.552091185911973
9 25 3.8583575242971637
9 26 2.994952640450328
9 27 4.100918864073196
9 28 4.188168081563431
9 29 3.0833382322795684
10 0 3.823432972870993
10 1 4.757371019263321
10 2 4.345718997607194
10 3 3.623852915242081
10 4 3.938612691138311
10 5 2.584165390617807
10 6 3.4082942019135363
10 7 2.628643133123653
10 8 2.5021101107776755
10 9 2.4823771354033166
10 10 2.3652265738603138
10 11 2.2285026828300456
10 12 2.271080632603791
10 13 1.9412945995855477
10 14 0
10 15 0
10 16 0
10 17 1.608758048649859
10 18 2.12559348809907
10 19 2.980922205778242
10 20 1.9198423881402873
10 21 2.5929105775088725
10 22 2.9399241431444425
10 23 2.525648646252482
10 24 3.357394164927974
10 25 3.5849861009683086
10 26 3.4267713347907485
10 27 3.0091355020252006
10 28 4.539675857028175
10 29 3.84607841727442
11 0 5.110768914714698
11 1 4.207602765177232
11 2 3.6054472004903193
11 3 3.035603679691038
11 4 4.462309355886704
11 5 3.371687688844751
11 6 3.4072473812886517
11 7 3.41968111219108
11 8 2.9775808968620097
11 9 3.1593649997178526
11 10 2.5899438608739875
11 11 2.4187995428554694
11 12 2.1533600641990653
11 13 1.9018255174736536
11 14 1.3900863262856646
11 15 0
11 16 1.4618498716018615
11 17 1.8954734370897135
11 18 2.68617567138739
11 19 3.356653053451054
11 20 2.2512594657852887
11 21 3.6340777695160953
11 22 2.9957525046721507
11 23 2.93980694899749
11 24 2.431850597715351
11 25 2.527123894998692
11 26 3.1979211580310185
11 27 3.06575029875924
11 28 3.0739226647494418
11 29 3.5765770463013573
12 0 6.03779352524087
12 1 3.765090232605761
12 2 4.161100608408889
12 3 3.9639579329686874
12 4 3.5671227514419996
12 5 3.07457502741782
12 6 3.3660961971178605
12 7 3.545231609977789
12 8 3.0617787781547765
12 9 3.103456927315621
12 10 3.391967741801196
12 11 3.0381290323609242
12 12 3.7518084715489093
12 13 1.9475636260343345
12 14 1.9594550921399687
12 15 1.7199207557455427
12 16 2.2938721826155204
12 17 3.0052387012789343
12 18 2.688189246194413
12 19 2.9976846596534292
12 20 2.758458465922365
12 21 2.979135964509467
12 22 2.398546533751066
12 23 2.8025307839561138
12 24 3.0377004529032092
12 25 2.7781025880847428
12 26 3.554079156731907
12 27 2.8732832308274165
12 28 3.9174715301686662
12 29 2.7750660282063304
13 0 3.9728493165018355
13 1 4.25395510790338
13 2 3.5677246466955803
13 3 3.837724112287541
13 4 4.137978573378821
13 5 3.9468437162076406
13 6 3.5807346698951825
13 7 3.089978148253521
13 8 3.1008776045994124
13 9 2.606357217945479
13 10 3.943538803690139
13 11 2.194134204625129
13 12 2.388530115395972
13 13 2.2652079613365084
13 14 2.064915599774717
13 15 1.837228896066991
13 16 1.586594899566115
13 17 3.117705817705647
13 18 2.4305187057833395
13 19 2.406813440005464
13 20 2.01136869734293
13 21 2.895954306931337
13 22 3.495868085313813
13 23 2.8925102781836145
13 24 3.354307831238258
13 25 3.9468513672457197
13 26 3.31517939482797
13 27 3.6047523081472734
13 28 2.9838076394085173
13 29 3.1294788275063774
14 0 4.018895875545933
14 1 3.825051873713548
14 2 3.5415957113651504
14 3 3.5999299030524146
14 4 2.5413208422858995
14 5 2.9083587414316976
14 6 3.5613523476973947
14 7 2.618408831939674
14 8 3.0762275582683225
14 9 3.077526789107981
14 10 3.1447152286101967
14 11 2.55297782725286
14 12 2.7043819549568333
14 13 2.8743212537917304
14 14 2.1839105757719315
14 15 2.0685292808526095
14 16 2.927215104063973
14 17 2.7950133940307467
14 18 2.573563687860402
14 19 2.616450591108937
14 20 2.4944062234097535
14 21 3.0591696747193198
14 22 2.5544514352441063
14 23 2.573538531327191
14 24 3.561359249560905
14 25 3.0314711330337705
14 26 3.61926933014798
14 27 3.5071375334018224
14 28 3.5886876251711364
14 29 2.680943458147163
15 0 3.250573548449632
15 1 4.296951024668487
15 2 3.1633182603199073
15 3 3.1191104540144874
15 4 3.883272030337652
15 5 3.9617413303125124
15 6 3.548161358369026
15 7 3.2980094861287883
15 8 2.630887082462309
15 9 3.5115181403967144
15 10 2.691160115102722
15 11 2.8483686719097605
15 12 2.2560822945552395
15 13 2.145768804018959
15 14 2.700243659987451
15 15 1.758225884785515
15 16 2.3512818579970833
15 17 2.7701233825315006
15 18 2.043871246640036
15 19 2.548047612358603
15 20 2.3536067727505916
15 21 2.7729783018672123
15 22 2.617282782754084
15 23 3.1813512738847063
15 24 2.2614588127205466
15 25 2.2479981797882496
15 26 3.1231811613918214
15 27 3.367357964669161
15 28 2.897938049063487
15 29 3.468998301255268
16 0 4.827730554668746
16 1 4.487325277224623
16 2 3.0130314589586997
16 3 5.343781164576559
16 4 2.9703186283834966
16 5 3.2666828043322957
16 6 2.9707541922938945
16 7 3.448581498875848
16 8 2.8176068172220763
16 9 2.6988603301104352
16 10 2.9217518217997314
16 11 3.168889766317442
16 12 2.4689081864044606
16 13 2.624380404657976
16 14 2.927215104063973
16 15 2.2663992962863033
16 16 2.965954327505641
16 17 2.3888595170118716
16 18 2.183485996661697
16 19 2.82802410295604
16 20 2.982140362316674
16 21 2.6277202670329296
16 22 3.5980132830439673
16 23 4.0745863921869665
16 24 2.730970960915306
16 25 3.304066809996614
16 26 2.526088987317484
16 27 2.9157858988071506
16 28 2.8161733083710785
16 29 2.509011689745963
17 0 3.6570429732921648
17 1 3.0891568014005153
17 2 3.6618377329459317
17 3 4.131108808767804
17 4 3.040903087398966
17 5 2.9249719478636838
17 6 3.2877053153920466
17 7 3.116906422093237
17 8 3.2552408346184625
17 9 2.340895156943523
17 10 2.8930157597287227
17 11 2.313470741176409
17 12 2.596072124537133
17 13 3.117705817705647
17 14 2.100666530877874
17 15 2.60656096536326
17 16 2.417492571721505
17 17 1.9899735061183206
17 18 2.836005834040276
17 19 3.1381931142333417
17 20 2.254784333167088
17 21 2.2282783156950448
17 22 2.608284772861568
17 23 3.514104365257564
17 24 3.0168872451010817
17 25 2.839281052612664
17 26 2.8602510231167595
17 27 3.0136804080917656
17 28 2.932486066649075
17 29 2.953392209076971
18 0 4.27273897664673
18 1 3.3495741278091478
18 2 3.165172639757618
18 3 3.89929375489463
18 4 3.336565426383751
18 5 3.6411759393390204
18 6 3.6057398069504374
18 7 3.6192782061578557
18 8 2.9504831467862527
18 9 2.3667316076105296
18 10 2.178714246124466
18 11 2.1019477847613026
18 12 2.688189246194413
18 13 2.560294431264966
18 14 2.0281187904183593
18 15 1.6363671519326999
18 16 1.7013310723652402
18 17 2.360194080406779
18 18 2.319080034844218
18 19 2.086484968438346
18 20 2.6859932734682186
18 21 2.49105904503464
18 22 2.4757785217197807
18 23 3.01346017863075
18 24 3.1775067228022142
18 25 2.8527868342938865
18 26 3.0973324316197783
18 27 3.800175229967592
18 28 3.009186788750961
18 29 2.940445930540284
19 0 4.816564631541112
19 1 3.4346921743462078
19 2 3.118744613715208
19 3 4.056084210808935
19 4 4.056053360799731
19 5 2.71797140787381
19 6 3.356261385931085
19 7 2.5585947761571544
19 8 2.9548692413574758
19 9 2.442689683484657
19 10 2.4985345070769727
19 11 3.356653053451054
19 12 2.6223361316607123
19 13 2.01362300555472
19 14 1.4512182751566205
19 15 0
19 16 1.5070343946115394
19 17 2.4493789146518954
19 18 2.24052670476242
19 19 2.3458309657884335
19 20 2.6040112140506895
19 21 2.56943958191341
19 22 3.154750141302226
19 23 2.368003514120272
19 24 2.2489790857559426
19 25 2.970274426810085
19 26 3.271819506279626
19 27 2.9689013716640207
19 28 2.819927834719022
19 29 2.871456001755614
20 0 3.932555197089835
20 1 4.171687068145169
20 2 2.4723077955080055
20 3 3.7270242583559274
20 4 3.042882878376824
20 5 3.188598264176214
20 6 3.622973546531408
20 7 2.9801746212581337
20 8 2.6631714000503783
20 9 2.8323976036561995
20 10 1.9198423881402873
20 11 2.693373585201974
20 12 1.8284543821556236
20 13 1.6524115800055106
20 14 0
20 15 0
20 16 0
20 17 0
20 18 2.4880797851282686
20 19 2.51605415901474
20 20 2.684033793893222
20 21 2.9636651677383727
20 22 1.904382471973979
20 23 2.796596670595517
20 24 2.3902617341167818
20 25 2.5163152791580226
20 26 2.0951360353367123
20 27 2.84368086119727
20 28 2.747294416431428
20 29 3.1589483823450815
21 0 4.85992191982573
21 1 3.7903265357084037
21 2 3.5862073355843926
21 3 2.790423503179756
21 4 3.6354885691776446
21 5 3.2640897505921296
21 6 3.245304858488649
21 7 2.7312451433230325
21 8 2.8142649887605544
21 9 3.737973620233806
21 10 3.479031696139006
21 11 2.3722632459781043
21 12 2.301703938160961
21 13 1.467236743738041
21 14 1.2527143296959349
21 15 0
21 16 1.2580281073946002
21 17 2.3125482409063176
21 18 1.7734649985140465
21 19 2.6276308023183836
21 20 2.5724805931561585
21 21 1.9642823537276581
21 22 2.4251745515953615
21 23 2.494555848352509
21 24 2.033322822900359
21 25 1.755530373894096
21 26 1.6078833241931105
21 27 2.4473187553614046
21 28 2.7312025804508453
21 29 2.701407222744776
22 0 4.561270309633639
22 1 4.1081828538580005
22 2 3.1998311378248996
22 3 4.83894656719674
22 4 3.9316438669011844
22 5 3.35425789935018
22 6 3.3685772794339135
22 7 3.508566811408701
22 8 4.151422736374125
22 9 2.6817328409376877
22 10 2.488416994499047
22 11 2.2764576895198783
22 12 2.024608258429461
22 13 1.9241349263250058
22 14 2.1545641730420493
22 15 1.9210100786752706
22 16 2.1507577081660596
22 17 1.8336899671434288
22 18 2.78489611290016
22 19 2.4455702005020488
22 20 1.7676644339371903
22 21 2.873631277001145
22 22 2.2683321099142586
22 23 2.3628294362960145
22 24 2.8582234194008707
22 25 2.1977982723812524
22 26 1.6335928401560311
22 27 2.4452549621838493
22 28 1.7644290354656447
22 29 2.882764208041724
23 0 3.351149025038801
23 1 5.401637949149026
23 2 2.4882773618398835
23 3 3.158405735543337
23 4 4.367763616458967
23 5 3.76911261075808
23 6 3.1242944009668863
23 7 3.3033858055463523
23 8 4.1434350777002384
23 9 2.728843596288469
23 10 3.496936866288865
23 11 3.0985507088915107
23 12 3.058261898260972
23 13 2.3606640365740406
23 14 2.196737578719697
23 15 2.489332761979193
23 16 2.4012281052286415
23 17 2.580543009479393
23 18 2.6542988473463214
23 19 1.7490731520332037
23 20 1.9164230456578593
23 21 2.0120601439223162
23 22 2.297972482259691
23 23 1.9484567194753684
23 24 1.8142495847453863
23 25 1.7534828961667226
23 26 1.4410248489793922
23 27 1.6401111455722095
23 28 3.197273022475002
23 29 2.478300001901513
24 0 3.6664080810277215
24 1 4.246512037179618
24 2 3.484137046826562
24 3 3.895226163527429
24 4 4.999698540056912
24 5 3.6164880525594554
24 6 3.104408964260797
24 7 2.5447747384774413
24 8 3.9729833506434935
24 9 2.566913699513843
24 10 3.0420141887736745
24 11 3.357362405232888
24 12 3.5285131605050712
24 13 2.5511467242345116
24 14 3.2181506865583955
24 15 2.4946547482042214
24 16 2.398726032272608
24 17 2.020840659611297
24 18 2.734544201066755
24 19 2.411959748849303
24 20 2.4727919483668774
24 21 1.7694175062876347
24 22 1.71403925512691
24 23 1.395764820252271
24 24 1.0810002641032839
24 25 0
24 26 1.05423075855495
24 27 1.8926155392405366
24 28 2.235753424883877
24 29 2.1903709769493793
25 0 3.1224666649180612
25 1 3.533389158358705
25 2 3.84358480671236
25 3 3.198277003211509
25 4 3.7941356797883095
25 5 3.910466383215689
25 6 3.8285678138217607
25 7 2.900306558959644
25 8 3.669407562750185
25 9 3.0968892367836798
25 10 2.578842492775281
25 11 3.394635104828738
25 12 3.3952537915760876
25 13 3.140630569080137
25 14 2.015923805147009
25 15 2.5253140527904434
25 16 3.3796730504608163
25 17 2.4458039242972336
25 18 2.1984208002405854
25 19 2.420850179331643
25 20 2.31084319829239
25 21 2.2407683762572876
25 22 2.100825940123322
25 23 1.5399875630551525
25 24 0
25 25 0
25 26 1.0830485701549804
25 27 1.7973693484451987
25 28 2.2025354311890957
25 29 1.9556826354940735
26 0 4.9266253849705794
26 1 4.034428701484921
26 2 4.76008345683544
26 3 4.505998516385292
26 4 3.468316165508401
26 5 4.580372876363302
26 6 2.5147947218035545
26 7 3.9730902902531855
26 8 3.243915995822112
26 9 3.1212931090558156
26 10 2.9317625275818977
26 11 2.9288992406032137
26 12 2.6701652518463206
26 13 3.30795984729542
26 14 3.4356099446763735
26 15 2.630151732180453
26 16 3.0081610627177398
26 17 3.6585688784854744
26 18 2.466516425191453
26 19 1.9586001366117982
26 20 3.1367504014214913
26 21 2.5116615791148043
26 22 2.064489886534616
26 23 1.5891642370326542
26 24 0
26 25 0
26 26 0
26 27 1.779069065357053
26 28 1.9762113220825486
26 29 2.0942764009066437
27 0 4.04647091085451
27 1 3.46796483613159
27 2 3.6083472379941135
27 3 5.777736186704972
27 4 3.744362460549333
27 5 3.7827952755639767
27 6 4.543984004498986
27 7 3.3085976110054283
27 8 2.65715671791449
27 9 3.5892481177123705
27 10 4.0997888152939765
27 11 3.2795832033612733
27 12 3.089088138604124
27 13 3.563197583758254
27 14 3.1556049809324676
27 15 3.104871135276129
27 16 3.061142154025371
27 17 3.0362364388053695
27 18 3.6404058979364358
27 19 3.4415873505571333
27 20 2.0973071811361845
27 21 2.6810437385031447
27 22 1.7827239079388164
27 23 1.8517686775624327
27 24 1.4680803618343643
27 25 1.8470506074159125
27 26 1.6211090046699774
27 27 2.20726513783851
27 28 2.2389589189377785
27 29 1.7993302350531104
28 0 4.20584501384684
28 1 3.454020057325209
28 2 3.499163417812443
28 3 4.119438424920041
28 4 3.7162720014159505
28 5 3.3211059754569754
28 6 3.150899903270693
28 7 3.6851818791567137
28 8 4.273581426446846
28 9 3.307301006664844
28 10 2.958499942865093
28 11 3.637345833673008
28 12 2.6604881813576413
28 13 3.114945804054826
28 14 3.465943906853811
28 15 2.438985812378571
28 16 3.7253948867420217
28 17 3.1503505289388243
28 18 2.323252921815443
28 19 3.060393164822816
28 20 3.1876218429319922
28 21 2.4593733190598637
28 22 2.3943928990610153
28 23 2.4561822666931894
28 24 2.0861966137067744
28 25 2.6004387268577305
28 26 2.0568249686248374
28 27 2.3636712410757337
28 28 2.6857431879249436
28 29 2.6205450516777815
29 0 4.320358105089798
29 1 3.8916039373404514
29 2 4.053506047263021
29 3 3.209883891827324
29 4 4.379462548654132
29 5 3.6902200112751666
29 6 3.519280597852635
29 7 4.262418861268723
29 8 3.818403796630534
29 9 3.366365309541484
29 10 3.320951414292952
29 11 2.654665813665211
29 12 3.0964385288073744
29 13 2.79746853010596
29 14 2.8486697827171503
29 15 3.1134049358420657
29 16 3.860269749446677
29 17 3.4400210716789474
29 18 2.889440906818542
29 19 3.015009013234967
29 20 3.087630816776894
29 21 2.975173150178428
29 22 2.120907983089995
29 23 2.0813169010747696
29 24 1.8960519278463859
29 25 2.0648175889855698
29 26 1.9505902948019254
29 27 3.093685968123772
29 28 2.7396393905715195
29 29 3.2177754366876825
