0 0 4.025864042854423
0 1 4.79554156970109
0 2 4.9379236682515355
0 3 4.382067635994753
0 4 3.9161835628308657
0 5 3.5774215644900584
0 6 4.275795202668344
0 7 4.265395887701843
0 8 3.51797572510466
0 9 3.3286755486222686
0 10 3.9755961276488785
0 11 3.7508759064247066
0 12 3.4632569699180413
0 13 4.310107843312062
0 14 3.6098459391390074
0 15 3.4344757676903335
0 16 3.4205152918613084
0 17 3.3351557022219387
0 18 2.736147385116927
0 19 3.213734662056641
0 20 3.9878216767203734
0 21 3.7071341224457948
0 22 4.617585324026362
0 23 4.95961534353121
0 24 3.695304111382106
0 25 3.556990261433629
0 26 3.7832943106524377
0 27 4.851715598288908
0 28 4.607868791161495
0 29 3.5871946182571217
1 0 4.774418419707905
1 1 4.881010031766647
1 2 4.183374805302047
1 3 3.4942984116063323
1 4 3.330096967335617
1 5 4.5250491187788295
1 6 4.5606111264671245
1 7 4.698452304879684
1 8 4.301080970000401
1 9 4.1746561716157595
1 10 4.2942516300707245
1 11 3.971777722994537
1 12 2.9560893086261797
1 13 3.8105401685635027
1 14 4.093572373293622
1 15 4.366689129342409
1 16 3.7642333504972134
1 17 4.213341838523607
1 18 4.554358930388995
1 19 3.850450800168053
1 20 4.254934463239345
1 21 3.5253792840525793
1 22 3.839198747129902
1 23 4.792243919142788
1 24 3.5341365410612853
1 25 3.8428376896738543
1 26 3.7377773766515268
1 27 3.4214491698439087
1 28 4.225467339036589
1 29 4.8010762937237885
2 0 4.84880391049107
2 1 4.103449263019459
2 2 3.893358257025331
2 3 4.26459564654669
2 4 4.301736512991547
2 5 4.676899399761585
2 6 3.882965981450044
2 7 3.4066218350444983
2 8 4.822125956196183
2 9 2.760233962713076
2 10 3.357503037627098
2 11 3.932099582022909
2 12 3.0957122870291682
2 13 2.7439736003343227
2 14 4.092523533439099
2 15 2.721161535343258
2 16 2.568602896675297
2 17 3.2684537666536833
2 18 3.799760825224586
2 19 3.9499904902500766
2 20 3.4367719359504583
2 21 3.592208983811626
2 22 3.472624261913026
2 23 4.039449212524786
2 24 3.450976126359903
2 25 4.674277052536967
2 26 4.095827408106555
2 27 3.4764423924601457
2 28 3.7857300363386623
2 29 3.4275091238689392
3 0 4.146600421697215
3 1 3.589387358930985
3 2 4.234929119116012
3 3 4.343745541980908
3 4 4.836975077772742
3 5 3.5401810782050163
3 6 3.855673275624828
3 7 3.6756289117142087
3 8 4.347817603183688
3 9 2.2356766106928276
3 10 2.907170588041409
3 11 3.5667260074531737
3 12 3.3468103301394527
3 13 3.524329900315897
3 14 3.480932587440247
3 15 4.056540058864415
3 16 3.6212805278180196
3 17 3.0283872475829323
3 18 3.141734635870943
3 19 3.2741707929192176
3 20 3.550050968343467
3 21 3.714016110260473
3 22 3.841693485147171
3 23 2.892921230296731
3 24 4.28226645343271
3 25 5.069262091773942
3 26 4.938531879420117
3 27 4.651740044734285
3 28 3.432915280922786
3 29 3.7044115704081615
4 0 3.741833791472661
4 1 2.8935182693810972
4 2 4.5617971364303695
4 3 4.989292696799406
4 4 4.082711742048056
4 5 3.2660530381615906
4 6 5.007398358120899
4 7 3.028559357794753
4 8 3.798253643873388
4 9 3.478682411154496
4 10 3.272927754878453
4 11 3.2687361228922076
4 12 2.4991404217545354
4 13 2.6061656549050696
4 14 2.8223882371263076
4 15 3.45367296847005
4 16 2.795368365170893
4 17 2.892429037014714
4 18 3.9537596205325802
4 19 3.913352979059314
4 20 2.9035357173862564
4 21 3.153378604381553
4 22 3.378552049731974
4 23 4.358897733890573
4 24 3.2569530361763186
4 25 3.60400419448165
4 26 3.0530605544129736
4 27 4.027728929458557
4 28 4.955987101541588
4 29 3.2595040442774224
5 0 4.712797086011795
5 1 4.34382829245408
5 2 4.352829425600461
5 3 4.2244453345474815
5 4 2.7282045151066288
5 5 4.428239498539588
5 6 3.6924790006501755
5 7 4.068701657613509
5 8 4.500825464972968
5 9 3.4466084498211984
5 10 2.8982328083667173
5 11 3.3765103904187677
5 12 2.8051014736727264
5 13 3.4225863322074934
5 14 3.029686140719029
5 15 2.8441753356320043
5 16 3.511029836290905
5 17 2.9572973905305076
5 18 3.5487389387296284
5 19 3.2446315907934946
5 20 4.137512297223875
5 21 2.7702031547585633
5 22 2.462529460326227
5 23 3.0672956442655583
5 24 4.135440246522295
5 25 3.6150397307153583
5 26 3.2907473512916074
5 27 3.9352732653265012
5 28 3.887911935336675
5 29 5.020013477994432
6 0 3.7315243360820354
6 1 3.672226098810886
6 2 4.660248043789547
6 3 3.521071528208334
6 4 3.863124382238646
6 5 3.630776124219193
6 6 2.8745995032566474
6 7 3.6538147921952135
6 8 3.4658693595146444
6 9 3.435533793357121
6 10 3.9191836949847696
6 11 3.3802405957999255
6 12 2.868990228231443
6 13 2.5273090581368614
6 14 2.700781969399864
6 15 3.5101942166496247
6 16 2.6651544496825497
6 17 3.4932504751201416
6 18 2.256673947871758
6 19 2.5374903263797
6 20 2.481816117333171
6 21 3.4007192436806184
6 22 4.055327500552107
6 23 3.2316158857588824
6 24 4.240057214373857
6 25 3.6594601357050682
6 26 3.493693032586259
6 27 3.5482204430960786
6 28 3.8750852509190072
6 29 3.642741660814964
7 0 3.1844594305546647
7 1 5.212524575337153
7 2 3.5554573776779312
7 3 3.668915054614861
7 4 3.492574516603298
7 5 3.465211202642431
7 6 3.4828561023812896
7 7 3.9165093644854045
7 8 3.177827800141576
7 9 3.3602083073490863
7 10 2.855948784514691
7 11 2.4268595390249064
7 12 2.8250731458403733
7 13 2.1921158306589295
7 14 2.4192694464473377
7 15 3.0227164849375736
7 16 2.7690273333569144
7 17 3.292265364097838
7 18 3.3283928018635094
7 19 3.052259705528837
7 20 2.636598220662974
7 21 2.968650048170127
7 22 4.115366360779431
7 23 3.2000385798880258
7 24 3.574067419123946
7 25 3.361902893004712
7 26 3.456661125160739
7 27 3.9065401589578412
7 28 2.6989886487471626
7 29 3.4897428003022837
8 0 3.7651621331515663
8 1 3.59083270388376
8 2 3.1343372935912015
8 3 3.890885057950439
8 4 2.225752688206243
8 5 2.725002265467448
8 6 3.1131880754910344
8 7 2.8814161619879077
8 8 3.4815001131719305
8 9 3.022990646689027
8 10 1.992602814067639
8 11 1.6222688145185218
8 12 2.516841908910793
8 13 1.8001344157069348
8 14 2.4791735115023603
8 15 2.5919468116320163
8 16 2.72268770214624
8 17 2.8259383301235643
8 18 2.721951154705094
8 19 2.500015568735606
8 20 3.4665527313150513
8 21 3.5838268209707604
8 22 3.4636712777074012
8 23 3.462571440179769
8 24 3.5244015648954936
8 25 3.7161411750379245
8 26 3.694435466870383
8 27 4.523601819868296
8 28 4.323483397816258
8 29 2.524369550157778
9 0 4.196333494408175
9 1 3.0546089699903454
9 2 3.573168036764276
9 3 4.060858738715403
9 4 3.245019597730202
9 5 3.4536233265445513
9 6 2.561659698049549
9 7 3.451100633103404
9 8 2.8785617612294496
9 9 2.2242825179355994
9 10 1.9677589725360631
9 11 2.26719353857006
9 12 0
9 13 1.2858516514430043
9 14 1.262615281842484
9 15 1.557353349053161
9 16 2.797562218848558
9 17 3.401236265286355
9 18 3.1618541508499782
9 19 2.592482269303623
9 20 3.09797790516496
9 21 3.9575970277330104
9 22 3.103624357686341
9 23 3.4574183928878113
9 24 3.3465871471138575
9 25 4.061322140947185
9 26 3.250377350931717
9 27 3.4435139852903562
9 28 3.342703665839816
9 29 3.3637708543738105
10 0 5.104450505592274
10 1 3.596134426050225
10 2 3.229393117116613
10 3 4.023416482088766
10 4 3.806568386281411
10 5 4.830989085691761
10 6 3.318268904585309
10 7 2.8486266238201745
10 8 2.5965377365045397
10 9 2.5253771543289334
10 10 2.091210872994018
10 11 1.946835140995003
10 12 0
10 13 0
10 14 0
10 15 1.3904915503694946
10 16 2.0979174410426826
10 17 2.7322230827719447
10 18 2.6899326656528593
10 19 3.1568893194324352
10 20 2.7473960388222465
10 21 2.6750639089990074
10 22 3.0534128707522545
10 23 2.7947830803323805
10 24 2.9649824991481073
10 25 3.7175668037883836
10 26 3.6663383474445292
10 27 3.3411208543430146
10 28 2.5420087874346553
10 29 3.6194839944149533
11 0 4.955740560857139
11 1 3.8761281715514313
11 2 3.1432147621229882
11 3 3.725532021009195
11 4 3.221008340554077
11 5 3.480755814655458
11 6 3.501256791691125
11 7 3.4527521934122825
11 8 3.200599478341398
11 9 2.5384662854558795
11 10 2.703707968510401
11 11 2.1592674225131465
11 12 1.3073389871973264
11 13 0
11 14 1.5905908278240382
11 15 1.706181436464909
11 16 2.6384543021494147
11 17 2.4969826844867518
11 18 2.638135215901991
11 19 3.4993462567362643
11 20 3.4551668667521955
11 21 2.899018605290245
11 22 2.6615834914121166
11 23 2.450257562138163
11 24 3.874444339623581
11 25 2.9763786874482503
11 26 3.3777346678478173
11 27 3.65556817530454
11 28 3.040554169738142
11 29 3.8927396783363255
12 0 4.753577595298134
12 1 3.330088290414907
12 2 3.494292684168126
12 3 3.3874747810217753
12 4 4.09014761281165
12 5 2.9612702591944005
12 6 2.9614576215593864
12 7 3.807201080401238
12 8 2.9915861609686347
12 9 2.7596362092518554
12 10 3.137706492270035
12 11 1.8968648999055864
12 12 2.496060297128364
12 13 1.7188723886284083
12 14 2.1785418992133985
12 15 2.4981544128214193
12 16 2.447819064254736
12 17 2.5382665930513566
12 18 2.7321188499551017
12 19 2.1810220840885766
12 20 2.726064274332165
12 21 2.441342171087495
12 22 3.6305980685801997
12 23 3.3695023592031945
12 24 2.880286425330716
12 25 3.59842169961708
12 26 3.635281585528259
12 27 2.3586617121674345
12 28 2.95242185677119
12 29 4.221599069465829
13 0 3.7091714815508285
13 1 2.771766486855251
13 2 3.7116635882765947
13 3 4.473275310236789
13 4 3.5355827004151394
13 5 3.8280943070571682
13 6 3.3575311618366515
13 7 2.5981132070839967
13 8 2.626484090933618
13 9 3.334320844657553
13 10 3.290097260962173
13 11 2.60498693446649
13 12 2.590952459169448
13 13 1.734501517903001
13 14 1.8825753933719516
13 15 2.3261056048657904
13 16 2.08089040590689
13 17 2.395983998262416
13 18 2.7354020466968074
13 19 2.732490409643241
13 20 3.634499786678579
13 21 3.323239471650105
13 22 3.25948963775601
13 23 2.8218215285633526
13 24 3.302421770545318
13 25 3.364663719771954
13 26 3.3352198823961956
13 27 3.509737202535552
13 28 4.287422780062689
13 29 3.6641646954584877
14 0 3.947651914618888
14 1 3.641227905476946
14 2 3.984776759171225
14 3 3.7828593574532685
14 4 3.017874107819427
14 5 3.6318717999886245
14 6 2.843850206115483
14 7 4.069420027081863
14 8 3.3587467613659117
14 9 4.243717996341753
14 10 1.855065216807421
14 11 2.3760782353132415
14 12 2.552694266561543
14 13 2.0271193032450654
14 14 2.6066444667497
14 15 2.6916802856767674
14 16 2.8517397295976
14 17 2.625306242507082
14 18 2.5274000391523423
14 19 2.739304800756353
14 20 2.093345860999279
14 21 2.692217608626089
14 22 3.166220950026539
14 23 3.049339896139188
14 24 3.4793416340339722
14 25 3.543038768219489
14 26 3.185640060914324
14 27 3.0776235772412144
14 28 3.411705291705048
14 29 3.38418557721664
15 0 4.3848937486261095
15 1 4.483918278877975
15 2 4.014990643173226
15 3 2.9588745504514917
15 4 2.6104425070733273
15 5 3.841505406099961
15 6 2.9420222412600285
15 7 3.3140115886399957
15 8 2.90613723393209
15 9 2.714851316525055
15 10 2.8161583850405654
15 11 2.023767301684395
15 12 2.699736528634027
15 13 2.3151536718156245
15 14 2.681640242227244
15 15 2.8706043028467914
15 16 2.079348410567677
15 17 2.652362826404187
15 18 2.3643502179160194
15 19 2.4130091712379382
15 20 2.3328379034032944
15 21 2.6342140588194844
15 22 2.3431749351686317
15 23 3.9520842816834043
15 24 2.446907652213102
15 25 2.808351516487003
15 26 3.218341622048032
15 27 3.29257897383321
15 28 3.7918605895169892
15 29 3.340739626602447
16 0 4.602384488908978
16 1 4.334224431977873
16 2 4.448774017501066
16 3 3.5313748668988607
16 4 3.732831351158546
16 5 3.1160421867354033
16 6 3.3459714107162313
16 7 3.2489919799427995
16 8 2.998471405616686
16 9 3.358377569193628
16 10 2.806524574844134
16 11 2.4919652141617323
16 12 2.204999026387135
16 13 2.66562017352345
16 14 2.8517397295976
16 15 3.254051595004989
16 16 2.417183372822982
16 17 2.6078540068715808
16 18 2.2221969784677573
16 19 2.186716854742999
16 20 2.308254300239208
16 21 2.2369232211496866
16 22 1.8893237838820027
16 23 2.9592281877488653
16 24 2.7700311324552667
16 25 2.774934496456184
16 26 2.6958162912515515
16 27 3.0212229225224276
16 28 3.0000313294130723
16 29 2.9506713322204097
17 0 4.653663455274265
17 1 3.4921933767883764
17 2 3.449081470400481
17 3 3.0978872614799666
17 4 3.322099916693765
17 5 3.2724797085817148
17 6 3.401973939420775
17 7 2.7636990575677776
17 8 2.8917846371539864
17 9 3.546436951159765
17 10 2.675256899755468
17 11 2.990396949964965
17 12 2.68843962332358
17 13 2.395983998262416
17 14 2.222743534342539
17 15 2.3614261202364433
17 16 2.1842338362325817
17 17 2.0324488522566515
17 18 1.7244383600092554
17 19 2.3648727248332864
17 20 2.210512737196169
17 21 2.8486363846661673
17 22 2.7050721408927934
17 23 2.199685187979999
17 24 3.346408799664837
17 25 2.5425515889247277
17 26 3.0745812900474894
17 27 3.658394650282461
17 28 3.1994764826995103
17 29 3.4996277594194245
18 0 4.695194571679592
18 1 4.746521901534912
18 2 3.9314877419699625
18 3 4.454914423049939
18 4 4.560817405312094
18 5 4.029033651593235
18 6 3.3588226390061933
18 7 3.3071554829205625
18 8 4.0799016891818205
18 9 3.02443704113844
18 10 3.338216132465318
18 11 2.597280100210282
18 12 2.7321188499551017
18 13 2.9008782906532877
18 14 2.841612380847834
18 15 2.4795143025237074
18 16 1.9624691803860785
18 17 1.3810088721989784
18 18 2.009554430454713
18 19 1.7703308552517312
18 20 2.5372989475209153
18 21 1.8701804818502303
18 22 2.5546397762991346
18 23 2.368999444585435
18 24 2.274156625947885
18 25 2.4585949205533746
18 26 2.467452522474398
18 27 3.1788623232501974
18 28 2.98181945615889
18 29 2.1786247937608456
19 0 4.324450939221381
19 1 3.7088943520797897
19 2 3.2149632680750986
19 3 3.5032793323449583
19 4 3.989253809867421
19 5 3.335856038224831
19 6 3.4151038441754813
19 7 2.301673340731387
19 8 3.5368218557011812
19 9 3.353535038931253
19 10 2.4558864469559105
19 11 3.4993462567362643
19 12 2.7439452095149486
19 13 2.4047269216297416
19 14 1.8081051609417862
19 15 2.1648071585982707
19 16 1.4125304424229146
19 17 0
19 18 1.3325834987903926
19 19 1.7746410485730246
19 20 2.332362861782032
19 21 2.248626772352375
19 22 2.6987511653174545
19 23 2.061189494787733
19 24 2.115327069809893
19 25 2.0445194876652915
19 26 2.7724415788909047
19 27 3.092606282826478
19 28 2.6199973917531705
19 29 2.8668652360530973
20 0 3.2577246480771476
20 1 3.9754557230820096
20 2 4.027253563439923
20 3 3.3538972211761346
20 4 3.847238585093569
20 5 3.113866022512242
20 6 3.954740554478337
20 7 3.8596527298108634
20 8 3.3589665179542947
20 9 3.1190253973515993
20 10 2.7473960388222465
20 11 2.76401437862385
20 12 2.3751323596336267
20 13 2.5619137100633984
20 14 2.3507566142098697
20 15 1.7602638793774246
20 16 0
20 17 0
20 18 0
20 19 0
20 20 2.0752172712232393
20 21 2.458460702065382
20 22 2.3582323878166775
20 23 2.1985231478899623
20 24 2.550998737209099
20 25 2.2799564987587906
20 26 2.5006745848805267
20 27 2.601475716654164
20 28 2.2824519003307917
20 29 2.5279043569405846
21 0 4.1928128137345
21 1 4.840725380784047
21 2 3.444205287207428
21 3 3.179245939731913
21 4 3.1794994419806692
21 5 4.015853766512198
21 6 3.235307836809354
21 7 3.4001868414716845
21 8 3.041413858269564
21 9 3.9575970277330104
21 10 3.2887665610345223
21 11 3.0253365328455866
21 12 2.890377464718563
21 13 2.9999745717779724
21 14 2.738723717021082
21 15 2.007935283004294
21 16 1.5900595785811664
21 17 0
21 18 0
21 19 1.924648803443656
21 20 2.114722149588825
21 21 2.5543560156681644
21 22 2.4614681005022807
21 23 2.9455966574778936
21 24 2.2262728729220997
21 25 2.1183569500919854
21 26 2.288266437068916
21 27 2.923613099226338
21 28 3.090099916916781
21 29 2.8357595514870173
22 0 3.2115214675532964
22 1 4.587796134272286
22 2 4.123079216976642
22 3 3.5551350012132166
22 4 4.105135498741439
22 5 4.651617969667853
22 6 2.6769714864010608
22 7 2.879627492568196
22 8 3.4636712777074012
22 9 2.4130538577789333
22 10 2.6914437285073016
22 11 3.358548424658353
22 12 3.128744388150358
22 13 2.638972120134416
22 14 3.041875936309078
22 15 2.5052249052793054
22 16 1.8321056301616703
22 17 1.920746547502351
22 18 1.5387806941371047
22 19 2.074292149787798
22 20 1.9105184892959155
22 21 2.4657230613304666
22 22 2.276010833382791
22 23 1.8054273857041137
22 24 2.2226718426791217
22 25 2.041162619069626
22 26 2.313162478108067
22 27 1.5257178621665264
22 28 2.839167988601694
22 29 3.136684849681001
23 0 4.403845170772168
23 1 4.66546920134543
23 2 3.1656071007409126
23 3 4.016554298427274
23 4 3.3735297235958543
23 5 4.873239451110813
23 6 3.5545901292769875
23 7 3.2000385798880258
23 8 3.483761944211627
23 9 2.9575481859516914
23 10 3.476550139635489
23 11 2.7272737116391697
23 12 3.2431839044725352
23 13 3.285267541790419
23 14 2.4077585993632686
23 15 2.488739379202468
23 16 1.9968864936532784
23 17 1.4400844564126671
23 18 2.008659108020722
23 19 2.3508301852488764
23 20 2.592510886601233
23 21 2.9310296899499027
23 22 2.265415040820987
23 23 1.78000653030125
23 24 1.6597622480547256
23 25 1.2053889696801816
23 26 1.6789992685847197
23 27 2.075472536667009
23 28 2.578991613071135
23 29 2.855355115810621
24 0 3.73655786931124
24 1 3.9008214310215226
24 2 4.293983044705147
24 3 3.778002123043085
24 4 3.3111435372869087
24 5 3.9758085892806543
24 6 4.240057214373857
24 7 3.0775276168957117
24 8 3.4710032318115864
24 9 3.6767675212463304
24 10 2.2242811264053275
24 11 3.436675632877178
24 12 2.8903858637707804
24 13 3.248700117255931
24 14 2.683860942187736
24 15 1.9901493613634869
24 16 2.2828239877291803
24 17 2.4150640123421154
24 18 1.8726113888978744
24 19 2.2626013293114653
24 20 2.6315765057678653
24 21 1.9850587894386775
24 22 1.8298989775007857
24 23 1.903075385969842
24 24 0
24 25 0
24 26 1.2536555946859527
24 27 1.4739113602336271
24 28 2.613180380491222
24 29 1.8263207926310128
25 0 3.8998001547154635
25 1 3.1468217503707874
25 2 4.670479035841533
25 3 4.649234483790825
25 4 3.6246770750885853
25 5 3.6150397307153583
25 6 2.851958511075823
25 7 3.7709940060488765
25 8 3.587217113379426
25 9 4.011663864744817
25 10 3.343221982607149
25 11 3.126304675147402
25 12 3.5420065923735544
25 13 2.9573259815242596
25 14 2.9779729314372427
25 15 3.3352286133189377
25 16 2.7432896404615623
25 17 2.4730782946444996
25 18 2.674806782799755
25 19 2.3976704451883033
25 20 2.3683109870742176
25 21 2.288185547343254
25 22 1.8417571197944314
25 23 1.3424175181599822
25 24 0
25 25 0
25 26 0
25 27 1.8912453698565295
25 28 1.8529382499449996
25 29 1.934799002635489
26 0 3.6975449162385052
26 1 3.321494742161339
26 2 3.7190569175633925
26 3 4.868399523562168
26 4 3.0530605544129736
26 5 3.0767489029691055
26 6 3.7152404644889123
26 7 3.23216700586514
26 8 3.0954040767675335
26 9 3.63904390043361
26 10 3.346886755877002
26 11 3.318308956479676
26 12 3.0060507310027496
26 13 3.755485217330972
26 14 2.8474679528293394
26 15 2.3188022882927695
26 16 3.151538212184966
26 17 2.983780135503595
26 18 2.300477169454733
26 19 2.725226246996676
26 20 2.043493053535244
26 21 1.8158736344398025
26 22 1.7662334036356635
26 23 2.012755385502097
26 24 1.2325397886464842
26 25 0
26 26 0
26 27 1.5816811744720216
26 28 2.25083222155024
26 29 1.9156019000112947
27 0 4.251887952640891
27 1 3.4655391162413443
27 2 2.9525508798333067
27 3 4.651740044734285
27 4 4.905029798259902
27 5 3.9989569157631975
27 6 3.3431517623817952
27 7 3.946857094852186
27 8 3.5282012146294157
27 9 3.947530087939995
27 10 2.820917028511091
27 11 3.1668238202000287
27 12 3.4793427051225714
27 13 3.166090665020642
27 14 3.614647319751033
27 15 2.6371426719974953
27 16 2.7299482979803176
27 17 2.862767395833419
27 18 3.371683511439438
27 19 2.325688620641253
27 20 2.6109108984302165
27 21 2.6903313509336226
27 22 2.350592375116238
27 23 1.7852378264296525
27 24 1.6964660623164523
27 25 1.9544839749230587
27 26 1.5762072508454992
27 27 1.7835588957992978
27 28 2.7029089326169298
27 29 2.447631043996848
28 0 4.387455046998494
28 1 4.385399892630506
28 2 3.7857300363386623
28 3 4.044454229677116
28 4 3.8332062888589253
28 5 3.6744603464861747
28 6 4.709547683327085
28 7 4.054324497469716
28 8 3.858745165637655
28 9 4.35190018869762
28 10 2.7416809999680547
28 11 3.5678552501006373
28 12 3.4132896867037035
28 13 3.6197323626476625
28 14 2.5686585935377444
28 15 3.9004313198132268
28 16 2.933140351833421
28 17 2.6287279377455155
28 18 1.8249470855433136
28 19 2.765265866355882
28 20 2.6686644743399404
28 21 2.751898297647885
28 22 2.8037805729459455
28 23 1.7396726988399185
28 24 3.1321648688152024
28 25 2.235331387467573
28 26 2.0663835095001026
28 27 2.7597154794685217
28 28 2.0072916433465515
28 29 3.197871062923354
29 0 4.00308402843059
29 1 4.8010762937237885
29 2 4.3650909502600435
29 3 3.3905055572828537
29 4 3.7585372056777198
29 5 4.6498000763336025
29 6 4.007901666487905
29 7 3.502544045653154
29 8 4.3032560558853294
29 9 4.004712296012635
29 10 4.124370920090541
29 11 3.3813079521015434
29 12 2.830849860577408
29 13 3.4836845731615003
29 14 2.519724320301093
29 15 2.5462185565796496
29 16 2.56350056994353
29 17 2.9916270898784227
29 18 3.4004640256127208
29 19 3.8497951831382387
29 20 2.816694859984255
29 21 3.0067950250751867
29 22 2.7356477429912838
29 23 2.9550629622137325
29 24 2.0453446958646393
29 25 2.185009797011837
29 26 1.9167209879226568
29 27 2.6826089533164375
29 28 2.0549711961874255
29 29 2.466133385282322
