0 0 4.014312426120332
0 1 3.9985791569403224
0 2 4.222327707274587
0 3 5.335615484665192
0 4 4.4791714702424565
0 5 3.2842784309928845
0 6 3.7444393265982487
0 7 3.6792722861663383
0 8 5.4542871024932555
0 9 3.3223209224977084
0 10 3.8732163850730137
0 11 4.2782148198698895
0 12 3.565055500070731
0 13 4.08704438968881
0 14 4.157663967096259
0 15 3.89763861244359
0 16 4.705197692376746
0 17 3.445133825404107
0 18 2.7668076418276
0 19 3.209653427397723
0 20 4.0916610485144425
0 21 3.246406764075667
0 22 4.660340338132439
0 23 4.616040108333465
0 24 3.6926716186826303
0 25 3.8802741587016167
0 26 3.030388893523241
0 27 4.6343051028631175
0 28 3.8697550141447543
0 29 4.328397988505542
1 0 2.941360243264283
1 1 3.861681565736407
1 2 4.241908630061662
1 3 3.7832461408949323
1 4 3.5862072038499955
1 5 3.8612051430783905
1 6 4.263134879587058
1 7 4.080042731444115
1 8 3.591601845248762
1 9 3.5942706442782657
1 10 3.66500144813457
1 11 5.444200336377707
1 12 5.003662764435001
1 13 3.2528960726239466
1 14 2.8129281708677034
1 15 2.5544279012614926
1 16 3.7228953201820447
1 17 3.3520760913606145
1 18 3.905680322969617
1 19 4.298448861237431
1 20 3.831519655423411
1 21 3.6419065842313603
1 22 3.0277044417372805
1 23 4.092847329119277
1 24 4.172440336970894
1 25 4.383047823081716
1 26 3.582425842011908
1 27 2.8036727962605115
1 28 4.293754960432506
1 29 3.9883750373287192
2 0 3.206110321063123
2 1 4.320681682908686
2 2 3.4711420226410628
2 3 3.5970966525852144
2 4 4.477600173280143
2 5 4.015122317854596
2 6 4.636194661832815
2 7 4.916161418486684
2 8 3.5603493760531157
2 9 4.017284428408251
2 10 3.9485543734404223
2 11 3.8585053939732328
2 12 3.59718206638045
2 13 2.813025080655981
2 14 3.1926391447754705
2 15 3.547672457193798
2 16 3.354209129078476
2 17 3.1931878050415547
2 18 4.09937412493795
2 19 5.065566093357997
2 20 4.244153192794153
2 21 3.9220398368123317
2 22 3.4406034652762214
2 23 3.3972036448252907
2 24 4.235502884041897
2 25 4.445333169663855
2 26 4.377717204688879
2 27 4.387339708900641
2 28 3.5873303095121893
2 29 4.057909048068572
3 0 4.312753328623844
3 1 4.100961995464491
3 2 3.720667815698675
3 3 3.361838726094695
3 4 4.341414734760461
3 5 2.9848084566295556
3 6 4.143112549625497
3 7 4.368734962764137
3 8 3.32060208913318
3 9 4.093730023697154
3 10 4.490128769375417
3 11 2.860614952444368
3 12 2.9503681870970553
3 13 3.8353166290180343
3 14 3.876177165820798
3 15 3.381005690547733
3 16 2.971445915694461
3 17 3.341008175718297
3 18 3.641189289149067
3 19 3.5539678036351514
3 20 3.078235590287088
3 21 3.046578127922048
3 22 3.711036296292359
3 23 4.145043076818435
3 24 3.0873511353294223
3 25 3.1289589735996888
3 26 4.239742750141734
3 27 3.7987117024837054
3 28 4.429748530214482
3 29 3.444019799196385
4 0 4.541203362941398
4 1 3.6364812177810046
4 2 3.513751229548119
4 3 5.013958862777287
4 4 3.8010547342301537
4 5 3.6300651975160565
4 6 3.760652713795712
4 7 3.3928220173472745
4 8 3.3808172849491425
4 9 3.3461492638477037
4 10 3.956488416197859
4 11 3.315860966383813
4 12 2.7718342482474694
4 13 3.1842626415295587
4 14 3.1662919270015863
4 15 3.1169035521263795
4 16 2.254565619681682
4 17 3.646106890233359
4 18 3.057731221049212
4 19 3.670657134519441
4 20 3.895798044826614
4 21 3.5257278548384314
4 22 3.6204868626919664
4 23 3.8111039763125842
4 24 3.959369908498111
4 25 3.5034208400648286
4 26 4.3314662366380245
4 27 4.123575647332592
4 28 3.954674149949473
4 29 4.812704187192943
5 0 3.262622470529563
5 1 3.4845765034643565
5 2 4.32964620935121
5 3 4.530157400802169
5 4 3.3058506543362407
5 5 4.714799375669273
5 6 4.353470444952709
5 7 3.626488782243456
5 8 3.3927329687927976
5 9 2.8909971343713776
5 10 3.775131283488893
5 11 2.3325396578392565
5 12 2.855136603186393
5 13 2.698465029281722
5 14 2.8609763170015348
5 15 3.220295767426211
5 16 2.990032168428299
5 17 3.5235221860398234
5 18 2.3958482137617065
5 19 3.142567423817038
5 20 4.406689296715608
5 21 3.8625695440995877
5 22 3.68710294772174
5 23 4.141620257071613
5 24 3.5954610630876775
5 25 3.3610834779819276
5 26 3.423681423681158
5 27 3.09013375096528
5 28 3.899279164582767
5 29 4.100682201197803
6 0 3.4912799107231076
6 1 3.8075342940167647
6 2 5.0434075254082185
6 3 3.444576725630291
6 4 3.8804106166870587
6 5 3.7874146368384594
6 6 4.183080513034258
6 7 3.0253393377465816
6 8 4.096200937756266
6 9 2.633710594525609
6 10 3.854054516619524
6 11 2.8189860772831143
6 12 2.6593622475810585
6 13 2.4811226453590867
6 14 2.3430663439076618
6 15 2.2158407884713265
6 16 3.4924312019899815
6 17 3.340466243345618
6 18 3.2162962109906066
6 19 3.818895397209875
6 20 3.4822070528815625
6 21 3.660082871356726
6 22 3.450712351637456
6 23 2.5188402034259765
6 24 4.009130944994721
6 25 4.004892240128008
6 26 3.145225166575018
6 27 3.295363089561303
6 28 3.5239689687295956
6 29 3.9916418903280313
7 0 3.7222060594249764
7 1 4.375603088536054
7 2 3.067399868320438
7 3 4.313996794901479
7 4 3.364586155500059
7 5 4.43122849639652
7 6 3.6215232903820156
7 7 4.091071249695946
7 8 2.9985864781817635
7 9 2.669163366849569
7 10 3.1807238334549
7 11 2.6839587860736134
7 12 1.9616954748811515
7 13 2.381442842390864
7 14 2.602634161488855
7 15 2.035078329298082
7 16 2.419137954421763
7 17 2.6419580617076024
7 18 2.9505087648253956
7 19 2.6986797328345613
7 20 2.2394585120376167
7 21 2.3588634974847427
7 22 3.433357266179349
7 23 2.947526509477101
7 24 3.2185054124584025
7 25 2.5205755218025097
7 26 3.9920680743134276
7 27 3.7764184978354978
7 28 3.605171586428289
7 29 3.404503354418162
8 0 4.175163753496088
8 1 4.036984712444775
8 2 4.3151316546288205
8 3 2.7352583752497632
8 4 3.351923089914103
8 5 3.85471590520242
8 6 3.479344958134055
8 7 3.329625562134635
8 8 3.1443463936845304
8 9 3.2245537514929956
8 10 3.0808528096507577
8 11 2.2164579004649765
8 12 2.058096189875018
8 13 2.433640201727914
8 14 1.846129907379288
8 15 2.0327921923789574
8 16 2.6247224704699734
8 17 2.667082803869997
8 18 2.376632694628842
8 19 2.3888736081233084
8 20 3.567468728238484
8 21 3.377668774160953
8 22 3.5102034512628886
8 23 3.4215188942990613
8 24 3.169277782251053
8 25 3.0834162640726017
8 26 3.234010399537835
8 27 3.8702963062861038
8 28 3.8183518588140526
8 29 3.7012992387833674
9 0 4.354981968130767
9 1 4.592166505560383
9 2 3.7328195198192993
9 3 3.8708323565422758
9 4 4.3928175768271585
9 5 3.0916131148852006
9 6 3.7394790425105455
9 7 3.535374019195448
9 8 3.1479646224947624
9 9 2.3779402552818776
9 10 2.6349185116857474
9 11 2.6491351511057446
9 12 1.9122586315511383
9 13 0
9 14 1.1369793764919454
9 15 0
9 16 1.6996044927005693
9 17 2.5538461637907237
9 18 3.3951561382365067
9 19 3.374675487621401
9 20 2.7660666197418275
9 21 3.967549535874646
9 22 3.0945426333144983
9 23 3.1901426126455155
9 24 3.789651517813176
9 25 3.1780426767483303
9 26 3.0127724982655426
9 27 3.6419448877936733
9 28 3.7295896222677443
9 29 4.120978582421808
10 0 6.06060803488573
10 1 4.096963271350428
10 2 3.1937188884547187
10 3 4.014947193184717
10 4 3.8064182737318246
10 5 2.896125226714098
10 6 3.5636688419514733
10 7 3.1142610183248025
10 8 2.9393077005490365
10 9 2.6114246451065988
10 10 3.119805637194315
10 11 2.0909537410136863
10 12 2.8588912410802303
10 13 1.0284943328040639
10 14 0
10 15 0
10 16 1.983809594720884
10 17 2.450656788128496
10 18 2.4082299631730297
10 19 2.781585975127671
10 20 2.639293481393295
10 21 2.824580921668649
10 22 3.008827677510051
10 23 2.8787731316786003
10 24 2.865264680402599
10 25 3.077806821097223
10 26 4.334845358610162
10 27 3.6434687665933043
10 28 3.1156722104342163
10 29 3.34954533087106
11 0 4.2861426417297075
11 1 3.8042084953992354
11 2 4.0462081670159415
11 3 4.925816349952157
11 4 3.6923366101737782
11 5 3.0614657124563074
11 6 3.1653217112017695
11 7 2.5504692605968335
11 8 2.917022808425436
11 9 3.960935034745266
11 10 2.5324836234455934
11 11 2.7708289306303144
11 12 2.5937540707176465
11 13 1.979170206291962
11 14 0
11 15 1.4623290475339858
11 16 1.8783350950717506
11 17 2.7047757360649056
11 18 2.777513446983746
11 19 2.425516470544373
11 20 3.3494289228764753
11 21 3.181832685574786
11 22 2.677129232695619
11 23 3.1666748057691536
11 24 3.8773818560129336
11 25 3.203350345820885
11 26 3.693547122568
11 27 3.677997386658931
11 28 3.5236731905495167
11 29 3.2347641306757122
12 0 5.166323290860761
12 1 3.950909921656644
12 2 3.0531920374282273
12 3 3.9943657830698562
12 4 2.9049305248442314
12 5 3.2645659792874646
12 6 3.250505030743711
12 7 3.9164249504470297
12 8 3.057389800525313
12 9 2.7747052616847356
12 10 2.7503488222677106
12 11 2.2332440290438482
12 12 1.876014761986585
12 13 2.1967617542628934
12 14 1.9934075974429633
12 15 1.9790199785385587
12 16 2.414354232518015
12 17 2.6366403205657547
12 18 2.493285695739539
12 19 2.8501092633190055
12 20 2.957170766020893
12 21 3.2442875469706287
12 22 3.5413353669282754
12 23 2.559299388417318
12 24 3.559212165914181
12 25 3.405909128904564
12 26 3.311418791438147
12 27 3.448436481617172
12 28 3.3278095080739933
12 29 3.7607858372048635
13 0 5.0112723548583125
13 1 3.725270582418874
13 2 3.577336289276678
13 3 3.7990535318017504
13 4 2.6696597903473016
13 5 3.647657308373472
13 6 2.958596016552809
13 7 2.6175230643768925
13 8 2.610541512959684
13 9 2.850325249414754
13 10 2.7291996909599456
13 11 2.8343017739497642
13 12 2.2100414151207
13 13 2.2123215692374325
13 14 2.2034361551716954
13 15 2.1328634580738877
13 16 2.41441415530947
13 17 2.9238676959784264
13 18 2.4359621475315767
13 19 2.588439764565753
13 20 3.375512471545393
13 21 2.9101582427669874
13 22 3.1584437300788375
13 23 3.070866774718144
13 24 3.3226713611818397
13 25 3.711663993485178
13 26 3.9431855129571804
13 27 3.8204064604415326
13 28 2.8092903041303177
13 29 3.0169291069558346
14 0 4.292432097177097
14 1 4.637154318113002
14 2 3.810691855966878
14 3 3.6741447109482253
14 4 2.870790016506936
14 5 3.070356512009559
14 6 3.3178737483774317
14 7 3.732971045576294
14 8 2.7010380173493695
14 9 3.566567872107126
14 10 2.993554915028488
14 11 3.2055193252147185
14 12 2.4303001502620187
14 13 1.8461430623243964
14 14 2.536736568015856
14 15 2.077148789053298
14 16 2.6289085405329
14 17 2.76805504233884
14 18 2.359305193534802
14 19 3.045523892674367
14 20 2.04092183209031
14 21 4.184270110822119
14 22 3.1699639759906018
14 23 2.6838234185833807
14 24 3.774509903258787
14 25 3.244135502452841
14 26 2.72325284423079
14 27 3.025945221979362
14 28 3.7746557612401563
14 29 4.855851345830127
15 0 4.31743734049958
15 1 3.5703873022947192
15 2 2.8586672412772454
15 3 4.210289927226944
15 4 3.8286159852042894
15 5 3.17360272072289
15 6 3.541324007878159
15 7 2.842179700023822
15 8 2.6433867090170557
15 9 3.742250086116022
15 10 3.9483741471171356
15 11 2.2683584923285625
15 12 2.4102364661052476
15 13 2.106480839622851
15 14 2.5210455014376483
15 15 2.7868868465606624
15 16 2.4106383632213366
15 17 1.936766799407862
15 18 2.0682269729800518
15 19 1.9451453973985766
15 20 2.3228124603802125
15 21 2.2093477564765602
15 22 3.3294725587257195
15 23 2.8635835148752062
15 24 2.708503398316412
15 25 2.9956774907843013
15 26 3.8744075648254617
15 27 3.333001814727799
15 28 4.277469649733215
15 29 3.661635803272221
16 0 5.613863169006412
16 1 3.6607909518771575
16 2 3.2024166414297377
16 3 3.802247183419637
16 4 3.9478595686551987
16 5 2.7891134997948517
16 6 3.4646615792939124
16 7 3.2227202280806653
16 8 2.8175904465466166
16 9 2.1850836803524465
16 10 3.5278968811446334
16 11 1.9459058679275658
16 12 2.915584490640625
16 13 2.454416476109435
16 14 2.6289085405329
16 15 2.46953828824256
16 16 2.6419593695472
16 17 2.284975116196375
16 18 2.2935217240147656
16 19 3.1089843607185905
16 20 2.78614271239477
16 21 2.470848808517861
16 22 3.212392118363308
16 23 3.060877714572046
16 24 2.618143140568889
16 25 2.951581074460654
16 26 2.5886091960592155
16 27 2.9590507171511486
16 28 2.9573694353783346
16 29 4.062950387097453
17 0 4.908437911436803
17 1 4.041432157827465
17 2 3.1306140906058926
17 3 3.9267449053811316
17 4 3.6211258111883127
17 5 3.4685895328857295
17 6 4.68419984116133
17 7 3.8751185883191663
17 8 3.1950921458214885
17 9 3.2722892601311515
17 10 2.616208994118186
17 11 2.6259062880013913
17 12 2.411452107849257
17 13 2.9238676959784264
17 14 2.4070872919487485
17 15 2.847904694428432
17 16 2.35389314088699
17 17 2.511810080522012
17 18 1.9848816142510581
17 19 2.682642020963293
17 20 3.4203060659243216
17 21 2.804843452679513
17 22 2.888267808271335
17 23 3.4526409830594136
17 24 2.644112992051848
17 25 2.7836134941098587
17 26 3.0583970970580583
17 27 2.9231945740964265
17 28 3.437344738434923
17 29 4.171857152850613
18 0 3.9224417323690863
18 1 4.037453567109599
18 2 3.6616658750899234
18 3 4.206453219037643
18 4 3.5374877248341856
18 5 3.4304844976353484
18 6 3.625902140100383
18 7 2.632772713794222
18 8 3.39301508034487
18 9 3.101890617005551
18 10 2.31791078880624
18 11 2.37660469482783
18 12 2.493285695739539
18 13 1.9516476779187677
18 14 2.462118258251208
18 15 2.6388599406751387
18 16 0
18 17 1.8048553307703958
18 18 1.9134548160469376
18 19 2.136141994464946
18 20 2.3718172527489
18 21 2.6150347830378
18 22 2.7937718125518005
18 23 2.1465617075275705
18 24 2.852153224958049
18 25 3.3727517219376497
18 26 2.865879733408199
18 27 3.3731236295743887
18 28 3.039873341258769
18 29 3.2594430521566915
19 0 4.295884674888961
19 1 4.041080325944547
19 2 4.2293033581522685
19 3 4.1526606421531955
19 4 4.080588252061512
19 5 3.3807906950173696
19 6 3.2929863901883514
19 7 3.3288569433421014
19 8 4.279554078303808
19 9 3.0187715153583574
19 10 3.6111515319203953
19 11 2.425516470544373
19 12 2.2742780474513915
19 13 2.059120304756781
19 14 1.861761879534884
19 15 1.4682084359810859
19 16 0
19 17 1.5828166346127548
19 18 1.8848902241203787
19 19 1.7494214965815518
19 20 2.136236917457981
19 21 2.6856156908132314
19 22 2.811870803255248
19 23 2.8984181774052167
19 24 2.179876622081025
19 25 2.7253526264852357
19 26 3.3332409948745876
19 27 2.1243527330547476
19 28 2.6259143657824806
19 29 3.4299218682891595
20 0 3.7644721595459685
20 1 4.035207696151568
20 2 3.9303897342905323
20 3 2.9419793962877447
20 4 3.999015684752927
20 5 3.807674115727922
20 6 3.546132234291183
20 7 3.2438984617771256
20 8 2.2931248994075073
20 9 3.8544954134052745
20 10 2.639293481393295
20 11 2.2021255331249114
20 12 2.4890757511970425
20 13 2.3975839593581725
20 14 1.7267571048161214
20 15 0
20 16 0
20 17 0
20 18 0
20 19 1.6155706733871658
20 20 2.3095049991167618
20 21 3.2133089223611737
20 22 2.9116847269021995
20 23 2.6524490394032036
20 24 3.085542785903541
20 25 2.466001228883688
20 26 2.0581029436699434
20 27 4.2257154166807736
20 28 3.098293882865648
20 29 3.8366210088684713
21 0 5.138445837604703
21 1 4.209468441848701
21 2 4.193488029061715
21 3 3.930050725532186
21 4 4.003644694219002
21 5 2.7566072523300305
21 6 3.838782257479595
21 7 3.3207369390978654
21 8 3.1496945117535846
21 9 3.967549535874646
21 10 3.7546301538254823
21 11 2.178968305531621
21 12 2.51820274986012
21 13 2.8921257159448013
21 14 1.649268749571249
21 15 0
21 16 0
21 17 0
21 18 1.8393039876321904
21 19 1.8442023565458783
21 20 2.1610894050544416
21 21 1.9607256792663088
21 22 2.76805504233884
21 23 2.8357647451008807
21 24 1.797648041702187
21 25 1.9507934531276059
21 26 2.6914326485700886
21 27 2.712485788581146
21 28 2.7326716030017164
21 29 3.4986191360031325
22 0 3.502629272714553
22 1 5.647186555278673
22 2 4.114129104055358
22 3 3.41893930362486
22 4 3.7593673970578196
22 5 3.738792681306896
22 6 3.7859223487415843
22 7 3.693625261442023
22 8 3.5102034512628886
22 9 2.527870141646179
22 10 3.136063233955775
22 11 3.8206029537389385
22 12 3.373206283179621
22 13 2.6416256704856806
22 14 2.798849397563655
22 15 2.111119034579108
22 16 1.703948184608839
22 17 1.6829368040837556
22 18 1.9925504430666634
22 19 2.8567594310301043
22 20 1.8789868521229227
22 21 2.536660261596105
22 22 2.580180301511808
22 23 2.4173007548224277
22 24 2.201801253848594
22 25 2.0597742975671434
22 26 1.9514195314978504
22 27 2.271888854533311
22 28 2.4754512567736735
22 29 2.8520987329785097
23 0 3.609501391583732
23 1 5.214942288688853
23 2 3.764982168186914
23 3 3.707024272619399
23 4 3.8811342693241695
23 5 2.5795991785547243
23 6 3.92958845889373
23 7 2.947526509477101
23 8 3.0607513953827183
23 9 3.378035789943083
23 10 3.1652871625900167
23 11 2.1135774917327486
23 12 2.3747954162623754
23 13 2.3273181201951187
23 14 2.2550236089264253
23 15 2.4691139173106675
23 16 2.1778255999809657
23 17 2.258789736268935
23 18 2.6286491819673286
23 19 2.6558034156927195
23 20 2.4228222985787475
23 21 2.6069235396558246
23 22 2.421426317808084
23 23 1.757951989350162
23 24 1.9934900059081917
23 25 1.3610003727623559
23 26 1.3608268783553332
23 27 2.551309348645257
23 28 2.830993846283693
23 29 3.267631944081355
24 0 3.4374839888711293
24 1 4.999368479402998
24 2 4.287806511875137
24 3 3.752395394519654
24 4 3.601517761637597
24 5 3.7432625428201867
24 6 4.009130944994721
24 7 2.9151957146063228
24 8 4.390476940925673
24 9 3.617607233111984
24 10 3.436684861534384
24 11 2.9643917437439886
24 12 2.9993071456380473
24 13 2.3935197506955355
24 14 3.3759699761180317
24 15 2.3147003436927847
24 16 2.213596904568833
24 17 2.692315201481933
24 18 2.928985030090282
24 19 2.9819179813171677
24 20 2.267051990680703
24 21 2.3058634358630443
24 22 2.557807308667497
24 23 1.7689823570859722
24 24 1.6790691028953277
24 25 0
24 26 0
24 27 2.048319975789678
24 28 2.5948357179733588
24 29 2.6071972628379556
25 0 3.685320610992158
25 1 3.6057966413941536
25 2 3.9508231579133626
25 3 4.844011375227823
25 4 2.56300607695062
25 5 3.3610834779819276
25 6 4.066905901545697
25 7 3.0732936211171222
25 8 3.382392432762139
25 9 3.337883145178083
25 10 3.3480276052902025
25 11 3.1655982856566265
25 12 2.8670801649624336
25 13 2.7057444060491616
25 14 3.58541497405941
25 15 2.785947207924682
25 16 2.718803971936016
25 17 2.834556353480068
25 18 2.7581316423637205
25 19 2.282441240337481
25 20 2.3273691868959476
25 21 2.826062245712895
25 22 2.3743568560652686
25 23 1.6303047812358766
25 24 0
25 25 0
25 26 0
25 27 1.6651751193283542
25 28 2.5930853892606907
25 29 2.798469767085829
26 0 3.2718672711878125
26 1 3.823190936075435
26 2 4.396406631856075
26 3 4.393535255408462
26 4 4.3314662366380245
26 5 3.0607669282842123
26 6 4.073010546220993
26 7 3.217985860869392
26 8 3.193655998993346
26 9 4.141052231295997
26 10 3.177270277886804
26 11 2.999892297636754
26 12 3.1356450388523602
26 13 2.9094359123492195
26 14 2.7927902547818166
26 15 4.162190747635356
26 16 3.1739206951236048
26 17 2.893368626942563
26 18 2.8480240980280613
26 19 2.413343580463427
26 20 2.456937036649858
26 21 2.4671392651563
26 22 2.5213241915975333
26 23 1.9477029497484122
26 24 1.3742209046158913
26 25 0
26 26 0
26 27 2.5617813458473577
26 28 2.2196714275847733
26 29 1.8765056888479277
27 0 4.897587421820032
27 1 3.4803223893350737
27 2 4.013032776066096
27 3 3.7987117024837054
27 4 4.114360284089297
27 5 3.415693912611131
27 6 4.283719660126433
27 7 4.029209467250087
27 8 3.504310313763153
27 9 3.4693603846330894
27 10 3.2316613222260195
27 11 3.5391041710343223
27 12 2.553130283433597
27 13 3.7092545877303507
27 14 3.0321933109556007
27 15 2.774321068589632
27 16 3.4705271811313203
27 17 3.1554516974329365
27 18 2.955217561752184
27 19 3.035534574009979
27 20 2.2168737625531607
27 21 2.1091619479873427
27 22 2.184266858402028
27 23 1.9996235454229676
27 24 1.8660950216471126
27 25 1.8400529615453356
27 26 2.548007303457331
27 27 2.2536548708962503
27 28 2.341166293650061
27 29 2.4095816425006307
28 0 5.682953673714489
28 1 4.128808528083759
28 2 3.5873303095121893
28 3 4.811188553900183
28 4 4.5408663772438995
28 5 4.340729439315356
28 6 3.0254364873255692
28 7 3.5273160710259805
28 8 4.966752650237227
28 9 4.050523628642709
28 10 3.972589798648787
28 11 4.479779818542424
28 12 3.686524662680304
28 13 3.298408672278517
28 14 2.6828771887827587
28 15 2.620684707381506
28 16 3.1407753066482216
28 17 2.5175306757725253
28 18 2.681647943020423
28 19 2.7790565293851963
28 20 2.3288209209450006
28 21 2.8267232183990743
28 22 2.7849916303430673
28 23 2.487872845934939
28 24 2.4211118610633497
28 25 2.8505244820374163
28 26 2.285164839991522
28 27 1.9616954748811515
28 28 2.806818662446494
28 29 2.1750972629176646
29 0 4.727924942929592
29 1 3.9883750373287192
29 2 5.053223341402939
29 3 3.5222800295105965
29 4 4.096636702922118
29 5 3.9275281031357143
29 6 4.32901984096646
29 7 3.209336784971511
29 8 3.5747806884539015
29 9 3.937876058227096
29 10 4.495684425683816
29 11 2.8427760005579663
29 12 2.8848865686385765
29 13 4.016502494771847
29 14 2.8130959801406132
29 15 3.12512767868821
29 16 2.5738531653344787
29 17 3.60672938661995
29 18 2.477120361905132
29 19 3.303643979672485
29 20 2.388965951253854
29 21 3.026576773922536
29 22 2.9469350719489475
29 23 2.7913575924667824
29 24 2.5191401543717755
29 25 2.061363692989368
29 26 2.5493092079048827
29 27 2.993655755478246
29 28 2.9146147448303514
29 29 2.443425510150945
