0 0 4.660905762808435
0 1 4.565294592408422
0 2 4.9240624302269795
0 3 5.01877640245852
0 4 4.526512449122834
0 5 3.234243447864352
0 6 4.072859332484617
0 7 4.110353905963907
0 8 5.206388815101579
0 9 4.857906030320714
0 10 3.421279374183148
0 11 3.5728572148880464
0 12 3.304570656529477
0 13 3.5110702356604175
0 14 3.532157309821862
0 15 3.8726204883174025
0 16 3.4475434446001847
0 17 3.815417339012192
0 18 4.485419948094271
0 19 2.825293773374099
0 20 3.2088513252912105
0 21 3.476212419900728
0 22 3.3582931279401413
0 23 4.187427473031602
0 24 5.6838754964997324
0 25 3.55670418053844
0 26 4.031966255427315
0 27 3.8152305828210404
0 28 3.538884976609587
0 29 3.4810779637677918
1 0 4.0574964370315625
1 1 3.5519319154320677
1 2 3.1402097797171615
1 3 4.616473006150172
1 4 4.189925293923075
1 5 3.4512412007540134
1 6 4.3607640164143495
1 7 3.987342270005527
1 8 4.3629070139382895
1 9 3.68281767675852
1 10 3.3430348103290055
1 11 4.496742789386146
1 12 3.928246934663732
1 13 3.8557524132146224
1 14 3.774865708200341
1 15 2.539928675711965
1 16 3.0889176626789276
1 17 3.7542437073381203
1 18 4.177179535478916
1 19 3.1950842707268237
1 20 5.449130214762315
1 21 4.052413695607002
1 22 3.05181283685639
1 23 3.325175006417232
1 24 3.5479192247481004
1 25 3.8393533889800167
1 26 4.381024078723444
1 27 3.5834749233157708
1 28 3.655970223046135
1 29 4.783561881295286
2 0 3.4489350894706434
2 1 4.471310584767431
2 2 4.216956808894079
2 3 4.546726448592428
2 4 3.8766017364123555
2 5 4.331186434114723
2 6 4.37876252526237
2 7 3.839177816134023
2 8 3.451568883291651
2 9 2.8280992790882737
2 10 4.165001748591301
2 11 3.9338891026885303
2 12 4.022942947574812
2 13 3.710672364785891
2 14 3.7237978398846296
2 15 3.5302424742042207
2 16 3.947608105278102
2 17 2.995109246792474
2 18 4.0669648740587006
2 19 3.077750366751715
2 20 3.3631434351254037
2 21 4.039607403305701
2 22 3.9714187922249056
2 23 3.8080339873496594
2 24 3.32319415832853
2 25 3.046341535185289
2 26 4.155539093496944
2 27 4.0240033593664775
2 28 3.721595388695519
2 29 2.9056240542481335
3 0 3.0221575877614417
3 1 3.5658877123378034
3 2 3.927412048466529
3 3 3.094479787632002
3 4 3.9821027097981685
3 5 4.363213629103274
3 6 2.9714176031758934
3 7 4.284886758485908
3 8 4.19822388138512
3 9 3.9409349558763966
3 10 3.776167084273421
3 11 3.678831314051207
3 12 2.921361799284857
3 13 4.51876362630652
3 14 3.7475379649636205
3 15 3.367021510908019
3 16 4.272910982425898
3 17 2.3880717090006485
3 18 3.7165892314883697
3 19 3.480190774245792
3 20 2.9559128290354533
3 21 3.6449338820465855
3 22 3.5856384537318746
3 23 3.315835599006135
3 24 3.9975116556954444
3 25 2.954660429565531
3 26 4.170856972084709
3 27 4.266067565275787
3 28 3.994368867526326
3 29 4.255272649079401
4 0 5.3484284268698365
4 1 4.397927079442416
4 2 4.400020429708809
4 3 4.407146745313715
4 4 3.7244463669091568
4 5 4.013904598982355
4 6 3.6742472391142216
4 7 3.8334168679887783
4 8 4.189557397016571
4 9 2.9800105717513476
4 10 3.1129385887316032
4 11 3.6826380798277394
4 12 3.5301368814569964
4 13 3.3634814278381024
4 14 2.8802962045770575
4 15 3.1064449461978643
4 16 3.543098326293451
4 17 2.842946734575164
4 18 2.7742687574274076
4 19 3.02622003072474
4 20 3.526298726022156
4 21 2.8491607263064815
4 22 4.424365636057092
4 23 3.607320198314207
4 24 4.255659263851374
4 25 2.7213250056466407
4 26 2.8663205335055424
4 27 3.8380217710915874
4 28 5.416695841211086
4 29 4.581384625498991
5 0 4.601280016205866
5 1 3.5067285774221646
5 2 3.8642926402645426
5 3 4.178966739645307
5 4 3.5588945891212607
5 5 3.3712726602727847
5 6 4.375372326323628
5 7 3.944084662265959
5 8 3.298988215251026
5 9 2.8117586860771113
5 10 3.4880638839858804
5 11 3.7164561481385925
5 12 3.2709398733545254
5 13 3.09741587790697
5 14 2.5781103015478655
5 15 3.211965206674502
5 16 2.8167722481909974
5 17 2.8643385383071545
5 18 2.996066797133483
5 19 3.0331638078966883
5 20 3.3969636312777967
5 21 3.0739270780964865
5 22 3.8328806649580525
5 23 2.727391157955823
5 24 3.893634438678467
5 25 3.2826775206844405
5 26 4.026769131237978
5 27 3.5428732563934986
5 28 3.4120459827317764
5 29 4.233734425553264
6 0 3.5559836126882134
6 1 4.048472839893733
6 2 4.735356541527688
6 3 4.0217989402045795
6 4 5.025396257885897
6 5 3.041236841129139
6 6 4.086209906351534
6 7 2.9075364896245532
6 8 3.794927195769766
6 9 3.722146604051866
6 10 2.6032806563601905
6 11 2.5747769409312564
6 12 3.3081200317553465
6 13 3.136978301064509
6 14 3.1798131484525585
6 15 2.2117326317604973
6 16 2.383340615209686
6 17 2.173244343522043
6 18 2.6377815060219802
6 19 3.50825503006625
6 20 3.4496448043707413
6 21 3.184870173799686
6 22 2.768382335948549
6 23 4.48695030115948
6 24 3.0523437020749737
6 25 2.758724011932015
6 26 3.522029973639112
6 27 3.80127173730876
6 28 3.028484462789735
6 29 3.2680186295060727
7 0 3.832347676780923
7 1 3.7113874061798673
7 2 4.297924036183074
7 3 5.027828764640592
7 4 4.298350650078648
7 5 4.568424318768793
7 6 2.76310410839756
7 7 3.2808235240745565
7 8 3.296413151775878
7 9 2.492077580307715
7 10 2.87271108472519
7 11 3.3085192624841535
7 12 3.333779416908129
7 13 2.4386400711888108
7 14 2.9891554385681123
7 15 2.0326549018923914
7 16 2.570423958469447
7 17 2.0164636614058025
7 18 2.2549945191859417
7 19 2.8146865998025494
7 20 2.872315006299558
7 21 3.4407358874675866
7 22 3.6270098061824543
7 23 3.501699288377497
7 24 2.892579624890959
7 25 3.617859486427034
7 26 3.2639316769563385
7 27 3.967487781033063
7 28 3.910201589273484
7 29 2.9297014362198
8 0 3.813225577479516
8 1 4.066127330174586
8 2 5.133416043159378
8 3 4.043086487085057
8 4 2.900739232698098
8 5 3.9969863558734846
8 6 3.4082429281882822
8 7 3.6445377600591935
8 8 3.6702817730608084
8 9 3.3915613463983916
8 10 2.447353989296915
8 11 3.1991809655679733
8 12 2.730754484811289
8 13 2.974156270015182
8 14 2.9019097893899706
8 15 2.031482080973384
8 16 2.535585822498734
8 17 1.8638196748727327
8 18 3.0026661310130662
8 19 3.0737313823341914
8 20 2.1247894410075396
8 21 2.8568194490484964
8 22 2.853510996303728
8 23 2.578925074200467
8 24 2.1644285694116183
8 25 3.632132730113687
8 26 3.2404649806970434
8 27 3.5881851746959343
8 28 3.5095441263972855
8 29 3.6327809326664036
9 0 3.822279329222118
9 1 5.092976947245241
9 2 4.290950376726363
9 3 4.168162523858096
9 4 3.1187682529033687
9 5 3.8431448666746864
9 6 2.780279215926067
9 7 3.4549362125143297
9 8 3.069997358026856
9 9 3.2034554053089606
9 10 2.1709081641523174
9 11 3.950453849796523
9 12 1.7945661813673468
9 13 2.7043878674176716
9 14 1.684387563865238
9 15 0
9 16 1.5579108039645349
9 17 1.5754459068126188
9 18 1.4009893720786302
9 19 2.7221574162170645
9 20 2.740025818552932
9 21 2.9357046411808887
9 22 4.0640157415964735
9 23 4.061079572103532
9 24 3.579586854156157
9 25 3.4206760565150773
9 26 3.7129923412885795
9 27 3.277750270681076
9 28 3.4083656995472333
9 29 4.1487544197579815
10 0 3.193716856089218
10 1 4.695327598747065
10 2 3.8720874221871115
10 3 2.9709032435329292
10 4 4.198611670619399
10 5 3.956729179524194
10 6 3.6552842186033105
10 7 3.6102575558883667
10 8 3.185528323613048
10 9 2.9706411139709545
10 10 2.027103126477918
10 11 3.821456900977986
10 12 2.6187031585084486
10 13 2.1139478428938157
10 14 1.4393898206309617
10 15 0
10 16 0
10 17 0
10 18 2.155282841957467
10 19 2.802233201172432
10 20 2.7936290192646016
10 21 2.480953488270048
10 22 2.8149742231766406
10 23 3.561219794369306
10 24 3.694251145447006
10 25 2.474621458774352
10 26 3.617346738191308
10 27 2.790971994800425
10 28 3.987642483755384
10 29 2.8564533186791263
11 0 3.7808170898881537
11 1 3.9459282999626577
11 2 3.8313647831800783
11 3 3.647469439976555
11 4 2.9356982365620117
11 5 4.003782354423337
11 6 2.8796908524839737
11 7 2.88664489529749
11 8 3.2854981842139366
11 9 3.929533466994867
11 10 2.95786381549255
11 11 2.342530532464678
11 12 3.468311898965138
11 13 2.559836698539234
11 14 2.002475044668823
11 15 1.4618498207041337
11 16 0
11 17 1.2484207379634054
11 18 1.7220758128042275
11 19 1.9406034373732826
11 20 2.917041602851526
11 21 2.1670192439853735
11 22 2.661230772871558
11 23 3.3141277326124534
11 24 2.5400483125379036
11 25 3.5278860136185886
11 26 3.47701674440433
11 27 3.429804028264138
11 28 3.14345977199185
11 29 3.407636924223949
12 0 4.467699152883095
12 1 3.664772661438333
12 2 3.3519749735911755
12 3 3.560040587253559
12 4 3.846540536319419
12 5 3.9534280258413044
12 6 3.025288093791278
12 7 3.0847717247827275
12 8 3.0547643284975297
12 9 2.9487244484527917
12 10 2.487078148102671
12 11 2.5462667729319217
12 12 3.1250449524989787
12 13 2.2059489142489146
12 14 2.209336417301672
12 15 1.9772565975274612
12 16 1.4137329038781303
12 17 2.2115867675329315
12 18 1.6168319903376156
12 19 2.2634602637301042
12 20 2.2289074887526916
12 21 2.5170156597137354
12 22 2.9130157567708137
12 23 2.6235305305172645
12 24 2.485682568707699
12 25 2.7620548547042403
12 26 2.6719751136735
12 27 3.0809372041933782
12 28 3.608334603916629
12 29 3.671191691888724
13 0 4.2126791064339955
13 1 3.2884277348487636
13 2 3.7525989906547266
13 3 4.641348315236111
13 4 3.8753529484513236
13 5 2.8754488090427754
13 6 3.7266822265277844
13 7 3.5136019599445527
13 8 3.035322357880828
13 9 3.0643594401736642
13 10 3.5786477898144593
13 11 2.056003390322644
13 12 2.0866373590787397
13 13 1.8837346626577818
13 14 2.186725552300616
13 15 2.1290200862945414
13 16 1.780357336699402
13 17 2.3073513299329598
13 18 1.9458535624553486
13 19 2.7081509636188406
13 20 2.9238372742053604
13 21 2.218982128810779
13 22 2.8398189839304964
13 23 2.6749243609568163
13 24 2.5631746666177997
13 25 2.8022638733457037
13 26 3.173570226981046
13 27 2.686999850207573
13 28 3.602210505588492
13 29 2.736354988166244
14 0 3.8884832421505253
14 1 3.8335414512728754
14 2 3.635510413966516
14 3 3.1764054703668707
14 4 3.5376444778038003
14 5 2.4784906127571324
14 6 3.0084577388866167
14 7 3.836890833140656
14 8 2.7291297849479363
14 9 2.7748347156781192
14 10 3.3008569495638738
14 11 2.944023332078921
14 12 1.8637379675551053
14 13 2.3919645252018964
14 14 2.3214064800161998
14 15 2.0713248455605036
14 16 2.4176492484739516
14 17 3.164167908148102
14 18 2.7707112019929774
14 19 2.9048183564210133
14 20 2.339487535657513
14 21 2.8901319325269603
14 22 3.640873075268425
14 23 2.4230267976981614
14 24 2.7504925287916393
14 25 4.388221932182901
14 26 2.6648121802461104
14 27 3.4359564420951503
14 28 3.669597609827774
14 29 3.4797854906047023
15 0 4.275092572281472
15 1 3.537332997837279
15 2 2.833817588588434
15 3 4.176127335268305
15 4 3.7998073787330733
15 5 3.15161571113373
15 6 3.518906295662744
15 7 2.8258680986472076
15 8 2.6297327112247393
15 9 3.7249471545224115
15 10 3.9320537311294186
15 11 2.259921800106207
15 12 2.4020157237503854
15 13 2.099654413356215
15 14 2.5128693681332255
15 15 2.7772550671430474
15 16 2.401159593986095
15 17 1.9275711862694325
15 18 2.0558219530218595
15 19 1.9300319253214853
15 20 2.2993108214016837
15 21 2.180540911600359
15 22 3.274675839794093
15 23 2.8056512886057527
15 24 2.6430699215484883
15 25 2.911723260609649
15 26 3.75184666026142
15 27 3.2168928367115877
15 28 4.116853854915908
15 29 3.5160879257165725
16 0 3.8657638281283746
16 1 4.570273984756627
16 2 3.476686397307846
16 3 3.9916774029004207
16 4 3.4810608625153687
16 5 3.8504387466389587
16 6 2.919753555549137
16 7 3.013020270652112
16 8 3.226205396363145
16 9 3.012380110051202
16 10 2.562573954132307
16 11 2.1868929667336627
16 12 2.000271641949508
16 13 2.3580412236825823
16 14 2.4176492484739516
16 15 2.461135835014297
16 16 1.735034617496734
16 17 2.6391620640858107
16 18 2.7080964236966976
16 19 2.294606435624583
16 20 2.425875257252452
16 21 2.8687029267662085
16 22 3.188891959422106
16 23 3.0860974368862832
16 24 2.866465726284383
16 25 2.49167417235272
16 26 2.7082030372525474
16 27 2.654197645804606
16 28 2.6811623376255045
16 29 2.750980080734972
17 0 4.771072522834132
17 1 4.647763648433368
17 2 3.814483516973902
17 3 4.190594671327732
17 4 3.0294162514445975
17 5 3.7069316752166057
17 6 3.163256422273739
17 7 3.8645320345046863
17 8 2.796375679029181
17 9 3.3435446346056352
17 10 2.3706152393374293
17 11 3.368442183345606
17 12 2.630123114891308
17 13 2.3073513299329598
17 14 2.6049178288580395
17 15 2.8403371645718316
17 16 2.3195868078523625
17 17 2.596596607674298
17 18 2.083080602037229
17 19 2.0255787701441155
17 20 2.8180695817079613
17 21 2.573056521033935
17 22 2.6917863164971996
17 23 3.587407855308468
17 24 3.0092462099196213
17 25 2.86009569034002
17 26 3.797107138034102
17 27 3.275232095618428
17 28 3.3529773688285793
17 29 2.3958243917875364
18 0 4.550597840224313
18 1 3.4798729851288392
18 2 3.5954705844353647
18 3 3.807899841205287
18 4 3.829903760088433
18 5 3.40013143195111
18 6 3.3946428277839527
18 7 3.534981198527027
18 8 3.4222200698803182
18 9 3.463227092495585
18 10 2.779606672709192
18 11 2.433189473520682
18 12 1.6168319903376156
18 13 1.9243346935468426
18 14 1.3558983764893646
18 15 2.634646735077056
18 16 2.338639171429022
18 17 1.975023139188708
18 18 2.9105109921872434
18 19 2.705701553477052
18 20 2.6673682444951345
18 21 1.9707613198509037
18 22 2.1624754163227844
18 23 2.787901643368521
18 24 2.6584527419202235
18 25 2.5699473168132196
18 26 2.8919565608180173
18 27 2.506010682903236
18 28 3.328505081069279
18 29 2.688770509849932
19 0 4.547714467408724
19 1 4.712056445798497
19 2 3.062034036798823
19 3 3.1962485973505537
19 4 3.407126917651617
19 5 3.6758010981934484
19 6 3.228117664895295
19 7 3.9185485496139423
19 8 3.0588066907134723
19 9 3.361043333692555
19 10 2.221825298200476
19 11 1.9406034373732826
19 12 1.638257963832171
19 13 1.8829294156351233
19 14 0
19 15 1.4671656388016783
19 16 1.7026120326206444
19 17 1.8351228601721212
19 18 2.5533290818045575
19 19 2.6231645499123837
19 20 2.3801560902835104
19 21 2.1197600041583624
19 22 2.2631431383464555
19 23 2.744094719569176
19 24 2.77385254173679
19 25 2.944407642432003
19 26 2.7754908639135056
19 27 2.696422737443966
19 28 3.3649567438376793
19 29 3.2294479096234188
20 0 4.378761240583238
20 1 4.562685385712052
20 2 2.7333437339543325
20 3 4.2923074964818975
20 4 3.2071771127427806
20 5 3.2906730739621173
20 6 2.6897719678303424
20 7 3.1494396041607793
20 8 2.340449992645341
20 9 2.916290607708509
20 10 2.7936290192646016
20 11 3.130023013723144
20 12 1.5994534972517982
20 13 0
20 14 0
20 15 0
20 16 1.7334310975699005
20 17 1.7908122984256205
20 18 2.8417246052511445
20 19 3.025711317350212
20 20 2.3766832997684957
20 21 2.7158848793244013
20 22 2.509333842316776
20 23 2.2294731247647124
20 24 2.3664779545052084
20 25 2.3487636443051723
20 26 3.276386375392468
20 27 3.206519846543758
20 28 2.4248367671826334
20 29 2.3265710979664043
21 0 3.8299945750524214
21 1 3.2694218483034514
21 2 2.908329568394209
21 3 4.032495359506407
21 4 4.233464549419743
21 5 3.169738413185817
21 6 3.6330467563901085
21 7 2.893998888465691
21 8 3.3992867114889616
21 9 2.9357046411808887
21 10 3.0691150829010616
21 11 1.9834261294953919
21 12 1.5900721776766082
21 13 1.524967876539843
21 14 0
21 15 0
21 16 2.024565312375043
21 17 1.892826331892233
21 18 2.4930500513984737
21 19 2.6336359548922537
21 20 2.3594829023894888
21 21 2.7409609568802775
21 22 2.4609244688669256
21 23 2.2468162485536163
21 24 2.354905798450019
21 25 2.333261025811488
21 26 1.8566153765343263
21 27 2.708985993337855
21 28 2.9956099510794045
21 29 2.392857925965594
22 0 4.485742546510045
22 1 3.882296690981643
22 2 3.9146555007530615
22 3 3.805455351120855
22 4 4.0701282433719035
22 5 4.165430751996826
22 6 3.0501793305966856
22 7 3.826792041620849
22 8 2.853510996303728
22 9 3.246385739870259
22 10 3.193092923199051
22 11 2.4744504239493756
22 12 2.2482834297426284
22 13 2.050328521044859
22 14 1.867043206193415
22 15 2.1063461961505694
22 16 2.361673816404585
22 17 1.9984879475406645
22 18 2.5035860380084154
22 19 2.406936509263583
22 20 2.719536487359153
22 21 2.558902804163768
22 22 2.158464955841117
22 23 2.559119207090388
22 24 1.8974744929344036
22 25 2.2431636501810277
22 26 2.297403937659347
22 27 2.2366927830915717
22 28 1.8933179220348308
22 29 2.999740753397413
23 0 4.600987818214176
23 1 5.505054482963705
23 2 2.730124416861735
23 3 4.10045221261463
23 4 4.363452409625629
23 5 2.3390390577792446
23 6 3.2726588384177755
23 7 3.501699288377497
23 8 4.1276776220126745
23 9 3.059198044922226
23 10 2.6294526042558193
23 11 2.9168229127570284
23 12 2.302099390704887
23 13 2.605364104834407
23 14 2.351297784090754
23 15 2.457553254957654
23 16 2.1228561595225717
23 17 2.4671622054295357
23 18 2.8802358536314445
23 19 3.260169417773016
23 20 2.8136674146641707
23 21 2.3373043829087448
23 22 2.1717289751427855
23 23 1.6953125587347788
23 24 1.9254719151077724
23 25 1.4958481607418601
23 26 1.5329875249865526
23 27 2.554258090288806
23 28 2.97208262207579
23 29 3.0080462410380764
24 0 4.006131458407626
24 1 4.117619323629151
24 2 3.405720436310249
24 3 3.2713586315035816
24 4 4.608384371858997
24 5 2.530280774342075
24 6 3.0523437020749737
24 7 3.040908400392929
24 8 1.8538274606410536
24 9 3.02790158005037
24 10 2.689202069901724
24 11 3.8280361065015835
24 12 2.8880991882352083
24 13 2.38997337795149
24 14 2.139630607848126
24 15 2.2962953918914186
24 16 2.452188768279253
24 17 2.021634225899673
24 18 2.985151634573332
24 19 2.90972594552509
24 20 2.238461251004066
24 21 1.6617126518898644
24 22 2.066152256979073
24 23 1.481075424510265
24 24 1.326343240137908
24 25 0
24 26 0
24 27 1.699905392106654
24 28 2.392890636186775
24 29 2.1619691213119023
25 0 3.8273962267915795
25 1 3.9549786214307825
25 2 4.096144293755658
25 3 3.906735904552874
25 4 4.1469071499878245
25 5 3.2826775206844405
25 6 2.8301459553784665
25 7 2.612739312249898
25 8 4.369617598798258
25 9 3.3372136704784263
25 10 3.4287959692743915
25 11 3.1732266486385425
25 12 2.56309579796037
25 13 3.812131883834029
25 14 2.0151473534144304
25 15 2.7531130635153116
25 16 2.6035903174743535
25 17 1.9887340544008953
25 18 2.353620011669808
25 19 2.2864432993878956
25 20 2.6935979368856495
25 21 2.055767393017533
25 22 2.033938849047771
25 23 1.502923871795253
25 24 0
25 25 0
25 26 0.9337653422936586
25 27 1.5036301410399793
25 28 2.2189350720117917
25 29 2.1755873604439055
26 0 3.2544564491558283
26 1 4.2577225216993995
26 2 4.613443572698659
26 3 3.5711394577576945
26 4 2.8663205335055424
26 5 4.289582662459543
26 6 4.025740883051506
26 7 2.5485312585665545
26 8 3.261452587728257
26 9 2.6376995922460074
26 10 3.423046205679858
26 11 2.3250778868869397
26 12 2.300890677309413
26 13 3.2908708486213007
26 14 2.3403217573004573
26 15 4.09621002770508
26 16 2.538759158468727
26 17 2.553167676273862
26 18 2.7751236493894957
26 19 3.132025962758457
26 20 2.684025513781371
26 21 1.9669389903947965
26 22 2.0697640953845524
26 23 1.5400595479105592
26 24 0
26 25 0
26 26 0
26 27 1.7020009394255358
26 28 2.080106366058799
26 29 2.4227991662319694
27 0 3.988673315186516
27 1 3.051067917595787
27 2 3.3391081421529116
27 3 4.266067565275787
27 4 3.8185097722168986
27 5 4.421300856467387
27 6 3.6313602780818113
27 7 2.903526212340209
27 8 3.2183291672199266
27 9 3.860766850950636
27 10 3.0357424564291953
27 11 2.4182864314383115
27 12 3.109112978169125
27 13 3.1593604452974127
27 14 2.4966587736943295
27 15 2.7192579075051966
27 16 3.240689709336563
27 17 3.25734998954873
27 18 2.5661811747175984
27 19 3.3832899932649245
27 20 2.239635358064382
27 21 2.8578309484731466
27 22 2.0904744335036525
27 23 2.2046380134627936
27 24 1.2599252977466058
27 25 1.5510385048889552
27 26 1.903801391898116
27 27 1.8637940983818144
27 28 2.2015123891257873
27 29 2.5541433013131396
28 0 4.574383870236842
28 1 3.4482281140194697
28 2 3.721595388695519
28 3 5.154247144410866
28 4 3.8811764410819674
28 5 3.3373797558486045
28 6 4.700373742806703
28 7 4.6540246077522776
28 8 3.3669311773329103
28 9 2.650924254733883
28 10 2.6922686953537953
28 11 3.2738275566364177
28 12 3.1491887205683198
28 13 3.0172788668820094
28 14 2.4741895011810184
28 15 2.558982358834323
28 16 2.7989331071105332
28 17 3.368929068046455
28 18 2.899240567394008
28 19 3.226575255538039
28 20 2.7976487573874538
28 21 2.8755584322487966
28 22 2.6412013745032903
28 23 2.6013531742022242
28 24 1.9839958478541182
28 25 2.2518821976032948
28 26 2.491654996001255
28 27 1.6743446932787358
28 28 1.8447904236442842
28 29 2.949338694401456
29 0 4.074036860702078
29 1 4.783561881295286
29 2 4.205506308488583
29 3 4.244686546939922
29 4 5.350388622382451
29 5 4.193950094934926
29 6 2.7793095718707885
29 7 3.48961849820786
29 8 3.842148637328947
29 9 3.3485848196420873
29 10 3.685538353693029
29 11 3.8680775340883438
29 12 3.6375544131481
29 13 3.314242029847538
29 14 2.295876443609859
29 15 3.0413457176904903
29 16 2.5464497468829874
29 17 3.245458237914027
29 18 3.38754318439425
29 19 3.346614648369569
29 20 2.9493573413338567
29 21 2.445939201839406
29 22 2.968905779565627
29 23 2.484682319079904
29 24 2.127767594632983
29 25 1.9579368622552207
29 26 2.2999851108058476
29 27 2.7450432157014695
29 28 2.4030337458731994
29 29 3.4802391151475986
