0 0 32.30525405991274
0 1 30.717833284958186
0 2 32.31191662110904
0 3 30.207941536344055
0 4 32.97133369690329
0 5 31.46614941715093
0 6 31.920292899128032
0 7 30.191769794645666
0 8 33.32459143732191
0 9 32.123543270005236
0 10 32.70067800770345
0 11 33.54842146356606
0 12 30.890262042741806
0 13 32.71438961734399
0 14 32.306822649560615
0 15 31.625707635522314
0 16 31.125395140064565
0 17 30.138969904798643
0 18 31.50533371241918
0 19 31.394730642880017
0 20 30.984758302232244
0 21 32.16092169660904
0 22 30.7951269193955
0 23 32.20398881846955
0 24 31.546600693671493
0 25 33.20134116911343
0 26 30.05169948887043
0 27 33.325247191633885
0 28 30.15762218598686
0 29 31.904260700097375
1 0 32.235556088924405
1 1 33.73237467246365
1 2 32.86729115325411
1 3 31.356509966980564
1 4 31.59798337613644
1 5 33.469248027556254
1 6 33.80568995895744
1 7 33.296794416316295
1 8 30.664075762049
1 9 33.917455749451406
1 10 32.577981955853325
1 11 33.25899850283276
1 12 33.958923811901045
1 13 31.465425943632418
1 14 35.86582340323139
1 15 34.16420644138165
1 16 31.840139423314007
1 17 33.02912509292114
1 18 33.943598182044475
1 19 32.611531874872185
1 20 33.79964044678904
1 21 29.17437744675778
1 22 33.5442574859606
1 23 31.931433536874017
1 24 32.63311842896921
1 25 31.009594205550496
1 26 32.24195979060562
1 27 31.05305615670153
1 28 32.44041980407099
1 29 31.511404576338602
2 0 32.25922056050496
2 1 29.932509778700485
2 2 30.929172906347468
2 3 34.62244845062016
2 4 32.15696525490722
2 5 34.81834146744881
2 6 32.73215620243381
2 7 31.13141580386281
2 8 33.59370855843267
2 9 29.82805209230257
2 10 30.470716092301007
2 11 33.048202895113285
2 12 33.00911254659019
2 13 33.20274603864522
2 14 36.109980126032525
2 15 31.326542553219948
2 16 31.008438745786588
2 17 30.888973407891626
2 18 32.70414834400195
2 19 33.71932508664276
2 20 33.4869386121002
2 21 31.34706620998819
2 22 33.17337378456473
2 23 32.07810377274276
2 24 31.469866593952737
2 25 33.03435262241372
2 26 33.95055309070715
2 27 31.526377999125756
2 28 31.391042523540193
2 29 29.897889281576095
3 0 29.852202435281658
3 1 30.536953223594455
3 2 33.643808481323035
3 3 33.71594100682937
3 4 33.43617723664264
3 5 32.055199750648576
3 6 31.93771860011662
3 7 31.920969800127672
3 8 34.88815582797599
3 9 28.432311465223357
3 10 30.07048841372893
3 11 32.49484548498796
3 12 33.19388512793783
3 13 32.74971181953827
3 14 34.23366777208677
3 15 34.62298425034083
3 16 31.274289539873504
3 17 31.70481663891809
3 18 33.42946854123352
3 19 32.78553886350167
3 20 33.29342710716227
3 21 33.51694166093037
3 22 32.674794896589916
3 23 29.185223031312155
3 24 30.815358993612804
3 25 32.48035927131633
3 26 34.314209632069215
3 27 30.967179026539075
3 28 30.428300945983874
3 29 31.13435405479233
4 0 31.53474179717717
4 1 31.44052048470367
4 2 33.196692414505335
4 3 34.03456025792797
4 4 32.28370484295969
4 5 31.27440707629534
4 6 34.02933543895773
4 7 32.622036750627615
4 8 33.58830388586865
4 9 31.48981370252039
4 10 31.951731176078603
4 11 32.93757763359719
4 12 29.679005813011813
4 13 30.075014370563856
4 14 31.647313609494013
4 15 34.2407656201645
4 16 30.203559080842425
4 17 30.870555751697058
4 18 31.933354633968726
4 19 32.74031887511467
4 20 31.901583664343633
4 21 33.084342374146786
4 22 31.766603277582274
4 23 31.626153129793934
4 24 33.643813300397255
4 25 32.4063925924484
4 26 30.19815649685389
4 27 29.5952335460527
4 28 31.16617392043267
4 29 29.99487805361696
5 0 34.32354789883302
5 1 32.87995731747007
5 2 33.58260985136434
5 3 33.14465979665231
5 4 30.535153622761126
5 5 34.27470453817938
5 6 31.794512086695608
5 7 34.596199113835596
5 8 34.7656168782927
5 9 33.13469850507077
5 10 31.997591670519007
5 11 30.307594292614244
5 12 32.18068279838321
5 13 34.697139695016936
5 14 32.34149202329429
5 15 32.68485532283293
5 16 32.959562808741325
5 17 32.874037197275236
5 18 32.89910965307671
5 19 32.4239853395193
5 20 33.24170307673342
5 21 30.829751023979703
5 22 30.107250645684616
5 23 31.72201040684493
5 24 31.095082309601835
5 25 31.67787611000015
5 26 31.990206749614497
5 27 33.86770929732434
5 28 32.12170719737097
5 29 32.078301001531365
6 0 32.1510989451745
6 1 31.83018776263483
6 2 31.636816546128493
6 3 33.348010368565674
6 4 33.5629288655877
6 5 31.889402865045433
6 6 30.71562802553862
6 7 31.81601873105611
6 8 33.1632561928116
6 9 32.08954352830083
6 10 34.05957258736764
6 11 35.72857657683497
6 12 31.16128141667479
6 13 32.08583673808537
6 14 30.446910667379065
6 15 34.053135819125835
6 16 31.86039149313758
6 17 33.00360290364498
6 18 32.64199084194301
6 19 29.494381342502233
6 20 27.596546512232994
6 21 31.604606373738317
6 22 34.088387020291215
6 23 32.10346687853955
6 24 31.78427855975527
6 25 31.89202407985959
6 26 31.95689082540627
6 27 32.01199002256141
6 28 30.84986787866764
6 29 29.42502635273162
7 0 30.574175880147035
7 1 32.30153552950998
7 2 33.03024182391532
7 3 31.959942794761588
7 4 31.396085223581927
7 5 33.20956070463682
7 6 31.3992873230067
7 7 35.04269037385901
7 8 34.129503194584096
7 9 33.35940136240454
7 10 35.34444347785097
7 11 34.54109337931568
7 12 35.82016487862768
7 13 32.65157145183609
7 14 37.14117304019556
7 15 31.95236034917224
7 16 34.09350048898848
7 17 33.89536840764365
7 18 32.173695956006576
7 19 32.418043514269044
7 20 30.68694896689853
7 21 31.606346021835243
7 22 33.239836103322205
7 23 33.01689430482969
7 24 30.825249750410403
7 25 30.415989902995378
7 26 31.216505648184036
7 27 31.438548538178598
7 28 28.33517677968205
7 29 30.3070900765929
8 0 32.04393304809844
8 1 32.43442494402051
8 2 31.287594175040443
8 3 32.114966647582015
8 4 30.637217524231925
8 5 30.16555353382502
8 6 30.84906770695658
8 7 31.5247428315515
8 8 35.597933292898354
8 9 33.555196178248195
8 10 31.591811888490568
8 11 29.20579215389681
8 12 35.256083836919736
8 13 32.784771625191446
8 14 37.108939029898174
8 15 36.475580370194336
8 16 35.53518514275412
8 17 32.75627009121452
8 18 32.82147762974887
8 19 31.996536253341418
8 20 33.427149935861955
8 21 33.300096595853
8 22 31.655212852201995
8 23 32.62706557050405
8 24 32.7495563416183
8 25 32.3847476878015
8 26 34.398681127548215
8 27 32.230132027380876
8 28 31.044719812612346
8 29 28.876273758817273
9 0 31.306717524462396
9 1 30.793184986178826
9 2 34.725517526965454
9 3 34.78006072688016
9 4 32.38872063986194
9 5 32.3049347970731
9 6 29.84772883004435
9 7 34.4377734263528
9 8 33.414624622660234
9 9 31.20428907861233
9 10 34.109454846897684
9 11 35.077429745039176
9 12 30.603096843969745
9 13 34.77294551423646
9 14 33.58118287740978
9 15 33.71092498031944
9 16 35.738183086710414
9 17 34.87222575363819
9 18 36.86567474773417
9 19 31.570263656031326
9 20 30.56187000872412
9 21 35.80918195484797
9 22 32.47141990833469
9 23 32.14892927008603
9 24 30.525063469633047
9 25 31.79818336886512
9 26 29.953279260369428
9 27 32.6111002666359
9 28 30.177420942746288
9 29 31.56607952286829
10 0 33.51090787598441
10 1 30.32185468607948
10 2 31.725557982553607
10 3 33.370433784416235
10 4 33.17937828550775
10 5 34.694070926921846
10 6 31.151095838964125
10 7 32.311958032510965
10 8 32.86922297587745
10 9 32.21769036280246
10 10 33.065270623170434
10 11 35.27660142100899
10 12 31.191191520432785
10 13 14.139452434263928
10 14 32.59981372109434
10 15 31.8619005669154
10 16 34.84935638689126
10 17 32.93060446031015
10 18 32.965183549730064
10 19 35.25732317515463
10 20 31.555154503983314
10 21 29.910234372565142
10 22 31.421826532620717
10 23 29.58714230182707
10 24 31.550567095809402
10 25 32.39842097694082
10 26 30.244060163408452
10 27 30.18338225420561
10 28 29.825104771436994
10 29 31.36605221702551
11 0 32.89155904268291
11 1 32.37506173242957
11 2 32.573959700685116
11 3 31.614795094171487
11 4 32.35089251332455
11 5 33.97467095865878
11 6 33.59039397831331
11 7 34.53669259067903
11 8 35.96997575658954
11 9 32.90463064756343
11 10 37.21949392009241
11 11 34.20299907830348
11 12 31.121045158648553
11 13 32.86538361953607
11 14 33.67747196355256
11 15 33.57988661849626
11 16 36.53546776682132
11 17 32.820225380739494
11 18 32.14668865580394
11 19 35.25747677865843
11 20 33.97085305921285
11 21 31.640458912028944
11 22 33.47013991891839
11 23 30.74241705111628
11 24 31.73396271364975
11 25 28.866079686174537
11 26 30.202955673602744
11 27 35.67663016836806
11 28 28.30758059775804
11 29 32.257146157109254
12 0 31.76388804551843
12 1 31.900538084589982
12 2 30.677390766062956
12 3 32.16469310380599
12 4 33.14338968833182
12 5 31.50382184086605
12 6 29.87601387472696
12 7 34.68325885136696
12 8 34.643822954993425
12 9 31.96914187129875
12 10 36.70341853612171
12 11 33.58530187720343
12 12 37.19320381675242
12 13 32.044508865431254
12 14 35.64979182563442
12 15 36.33136805751031
12 16 33.42840890926627
12 17 34.10437896077274
12 18 33.433805221462606
12 19 32.03934196041231
12 20 34.40939666036765
12 21 29.459467239219364
12 22 33.14268731911826
12 23 34.950241115539605
12 24 30.364305898892262
12 25 32.23276399705603
12 26 32.793404785850626
12 27 30.875462339766962
12 28 31.555075220635437
12 29 30.097418441086372
13 0 30.096551713393602
13 1 30.777490228175633
13 2 31.20897643599624
13 3 37.07297555461549
13 4 30.99015097407357
13 5 34.51502198891916
13 6 32.16397991178457
13 7 31.842256869292385
13 8 30.769365075845023
13 9 34.48358841174342
13 10 37.6965458471373
13 11 36.0914390920497
13 12 35.22122090605299
13 13 35.308170599650545
13 14 32.07150022665311
13 15 32.30729292454434
13 16 31.293898929271037
13 17 33.24457480245176
13 18 35.614230252615606
13 19 33.44047787039585
13 20 33.363787915181085
13 21 33.765388572817784
13 22 33.38439213757021
13 23 31.511457512951324
13 24 33.36065745687603
13 25 32.76050672654101
13 26 33.16956618372644
13 27 32.027429902253175
13 28 32.41762062132188
13 29 30.823963344308574
14 0 33.002116273900164
14 1 30.17017407395184
14 2 32.7900032508596
14 3 32.068577088771946
14 4 30.3496881954128
14 5 32.59826396087351
14 6 30.86585137094159
14 7 36.035665985918676
14 8 34.633634637691124
14 9 36.79438297813945
14 10 31.451359513384702
14 11 29.670607016603242
14 12 34.997390321220394
14 13 32.0668783169678
14 14 33.2298898316758
14 15 36.64530446071371
14 16 33.87694834557149
14 17 33.3345117838117
14 18 32.06079900690085
14 19 32.79699172012887
14 20 31.459139123664485
14 21 31.317633406466747
14 22 33.5977518705751
14 23 31.036401356436535
14 24 31.816201915304266
14 25 30.29848308127076
14 26 30.857753690663596
14 27 31.51970663657716
14 28 31.69971399177203
14 29 32.056230216348574
15 0 32.24037484538966
15 1 34.33838271687748
15 2 33.09898168725051
15 3 31.624867083888567
15 4 30.100981940858937
15 5 33.9288822304277
15 6 31.99421306189071
15 7 31.309519008865482
15 8 32.804021231961286
15 9 34.163799589276245
15 10 34.56723774524565
15 11 29.5768711051516
15 12 33.468199986226914
15 13 33.172351118552236
15 14 34.87566347110512
15 15 34.542938444256386
15 16 32.887165665989926
15 17 36.27993860662834
15 18 31.572075090367296
15 19 32.13582584385496
15 20 31.00822583135762
15 21 28.024534519024435
15 22 30.01452095943633
15 23 34.21382262340408
15 24 28.925705044575665
15 25 32.65812549675766
15 26 29.66471408148621
15 27 31.574099422758465
15 28 32.41332245716222
15 29 31.427225550447492
16 0 33.74800725139489
16 1 31.47680009255927
16 2 35.04159572937255
16 3 31.760761960799055
16 4 31.502305701833336
16 5 30.544255333253812
16 6 32.864282275773235
16 7 34.392644384366875
16 8 32.65455480886259
16 9 32.41624156767674
16 10 33.419373355804616
16 11 30.071580224828093
16 12 32.663165940505266
16 13 32.215110709201554
16 14 33.87694834557149
16 15 35.60711110162032
16 16 33.8091909001541
16 17 33.34189641378036
16 18 32.59382480045732
16 19 35.178033236214176
16 20 34.163576139797435
16 21 33.16921372701125
16 22 28.3570637143674
16 23 32.26601025539345
16 24 31.905742583041746
16 25 31.394630025349453
16 26 31.508174799213254
16 27 32.15692443972147
16 28 29.591706876504567
16 29 31.16113597668606
17 0 33.47268519685055
17 1 28.701331713969108
17 2 31.64687276002921
17 3 32.181810048276226
17 4 32.038262023821545
17 5 32.233486459327665
17 6 33.67887798453254
17 7 31.779187869720346
17 8 33.49236996291918
17 9 33.182076753047824
17 10 31.65222264886951
17 11 31.414270989530948
17 12 32.45850598500015
17 13 33.24457480245176
17 14 35.352321177904486
17 15 34.37281630611314
17 16 33.3323440893396
17 17 32.32137639501089
17 18 32.01580213935929
17 19 34.092975405391456
17 20 33.249547226730506
17 21 34.72802182294833
17 22 32.37770378031887
17 23 30.312845985910705
17 24 31.553780757081473
17 25 30.14644573907607
17 26 32.60813071044652
17 27 32.18865596041752
17 28 30.608181479176473
17 29 31.12108002644688
18 0 33.55992252487902
18 1 32.99277311040146
18 2 31.946804353631123
18 3 32.14762570146848
18 4 33.9546786296619
18 5 33.82377029704315
18 6 32.516402488186024
18 7 30.57004556756181
18 8 35.94627038926714
18 9 32.56318110609069
18 10 34.29925366873706
18 11 32.72572926264955
18 12 33.433805221462606
18 13 34.333421347929374
18 14 34.73135816728303
18 15 36.51038203054458
18 16 35.10074409685359
18 17 33.791681278439
18 18 33.75848201249333
18 19 30.766787112994344
18 20 35.42534179401339
18 21 33.959350712862445
18 22 31.29724290090223
18 23 30.604911743563193
18 24 28.54303222101488
18 25 29.850234800130384
18 26 29.187192404884325
18 27 32.23684064426757
18 28 31.852036733997853
18 29 28.59004726903013
19 0 33.33728037335746
19 1 31.918457544777777
19 2 31.898563411635923
19 3 31.16503572519358
19 4 31.29165501997847
19 5 32.03816276032522
19 6 32.577541432469324
19 7 28.578001941566587
19 8 33.68487043328568
19 9 33.39514865471122
19 10 29.69015793973514
19 11 35.25747677865843
19 12 31.996235142313125
19 13 35.65753522057853
19 14 35.218744004431315
19 15 36.811885110060736
19 16 31.041120540921245
19 17 31.568365739963056
19 18 31.82257224628862
19 19 33.26880729685395
19 20 31.964279261836776
19 21 33.51587150982086
19 22 33.22545552318167
19 23 30.7046159223552
19 24 29.601033659922432
19 25 28.756901551998087
19 26 32.107513904108
19 27 33.46369754028144
19 28 29.97483858064976
19 29 32.56656443873869
20 0 29.42622957646564
20 1 32.96657718854652
20 2 31.284418619261448
20 3 33.12427746293523
20 4 32.8458532729601
20 5 29.966074693632457
20 6 31.98828904751913
20 7 33.44001357665554
20 8 31.778588942770778
20 9 30.79361490564469
20 10 31.555154503983314
20 11 34.517825049436304
20 12 32.2134667807085
20 13 35.387032819152864
20 14 35.678220008322725
20 15 31.59487494071456
20 16 34.44634125282827
20 17 15.401663814518392
20 18 27.76215333380677
20 19 33.592946592788124
20 20 34.346385317432464
20 21 35.4133133036811
20 22 32.14114152354306
20 23 30.790792631481327
20 24 33.013987197297226
20 25 32.16876122467481
20 26 31.565243308887702
20 27 31.4787262302835
20 28 29.90442640735286
20 29 28.431990944560432
21 0 31.37200707618567
21 1 33.64976462614466
21 2 29.720022036050338
21 3 32.951648265425135
21 4 31.41285336601023
21 5 33.667394723561316
21 6 31.589519539446695
21 7 33.02912887819226
21 8 31.618262988234065
21 9 35.80918195484797
21 10 32.451586066340646
21 11 33.96481319066826
21 12 32.25988904751472
21 13 35.94237050646093
21 14 36.52285451096333
21 15 32.95958497411853
21 16 31.795878089322304
21 17 31.03629745819935
21 18 31.85701459244289
21 19 30.266593180587908
21 20 34.540869945339644
21 21 36.21848081917546
21 22 32.148265191408576
21 23 34.55068153946098
21 24 32.26743678162396
21 25 31.261880531053183
21 26 31.09582797398834
21 27 31.051985784947792
21 28 33.494360686079176
21 29 29.844718104605665
22 0 30.40434581854735
22 1 31.07132066827696
22 2 33.38956018576685
22 3 32.90942173166069
22 4 33.234697815761855
22 5 32.074177659248214
22 6 31.41095763588777
22 7 31.224453968121505
22 8 31.655212852201995
22 9 31.673566192476073
22 10 31.312043914523233
22 11 34.45087709220102
22 12 33.91875045459883
22 13 32.13155650488326
22 14 36.579888048079276
22 15 34.88977909627361
22 16 34.22637221554101
22 17 35.987374191279855
22 18 32.86115012442503
22 19 34.51622137246896
22 20 33.65990602633107
22 21 34.57680614739275
22 22 31.986928842086083
22 23 29.56116814750357
22 24 31.036581366864826
22 25 30.655115469023965
22 26 31.7183642831485
22 27 29.83818682714309
22 28 31.537726954263416
22 29 31.200976348826877
23 0 31.744210995349242
23 1 33.66488967130185
23 2 31.210447697079065
23 3 31.302882603970623
23 4 31.21633821303353
23 5 33.696196662834936
23 6 31.0501993520288
23 7 33.01689430482969
23 8 31.620146313602437
23 9 32.67301917823717
23 10 32.26813462938159
23 11 31.909102426178286
23 12 36.48581892531602
23 13 34.77473230000506
23 14 33.903522864084565
23 15 35.91516711889852
23 16 32.0089518639309
23 17 31.174751377794898
23 18 33.80324797507633
23 19 34.29048652340426
23 20 33.351275581478134
23 21 35.37771504748449
23 22 30.698497988540247
23 23 29.4940179311963
23 24 29.8980591224286
23 25 26.756985920373264
23 26 29.86828347755392
23 27 29.923106390176724
23 28 31.435874533434713
23 29 30.259127319407654
24 0 32.52419142058288
24 1 32.08914790855272
24 2 33.48049999344735
24 3 31.08418711057324
24 4 31.515294385664117
24 5 31.156659138362805
24 6 31.78427855975527
24 7 32.29450700945571
24 8 29.606388221908663
24 9 32.87670561940863
24 10 30.48658803028936
24 11 31.92840679777302
24 12 32.16807989710824
24 13 36.12333028107874
24 14 34.08433321880195
24 15 31.048692232358064
24 16 32.23819039948063
24 17 36.061133857879895
24 18 31.066539608823224
24 19 31.499376252824405
24 20 32.97869280632495
24 21 32.42416212911436
24 22 30.478615515938554
24 23 31.329448713924762
24 24 27.138728500125886
24 25 27.024514293347053
24 26 29.44349459186036
24 27 28.440352441147915
24 28 31.503222742117853
24 29 27.461435056770203
25 0 30.95092581806963
25 1 30.634320111717727
25 2 33.857842661971866
25 3 35.00995361958475
25 4 31.12783904484238
25 5 31.67787611000015
25 6 28.369594805893236
25 7 34.50232867354622
25 8 32.230569285524304
25 9 33.56725193332677
25 10 31.595770954090067
25 11 29.28007635752338
25 12 33.025660448814655
25 13 31.41731989610068
25 14 34.94522557198888
25 15 32.12936897497243
25 16 32.677283730863024
25 17 33.5592058397797
25 18 30.281885666370073
25 19 31.9751108790749
25 20 35.267638807516065
25 21 32.68446962560613
25 22 29.50409451978381
25 23 28.15737441075863
25 24 28.354464317554562
25 25 13.149177959708481
25 26 22.992242836851425
25 27 29.951151163442184
25 28 30.785974042664165
25 29 27.972388194965372
26 0 31.405495453098588
26 1 31.052978846441793
26 2 31.16607116160446
26 3 34.83164195208397
26 4 30.19815649685389
26 5 29.560505633481565
26 6 32.16038332083116
26 7 30.664808884330096
26 8 32.181826742259105
26 9 33.206547811975874
26 10 32.77973808903535
26 11 33.236182508100434
26 12 28.918743234157017
26 13 33.01051279004029
26 14 31.344782361510884
26 15 31.381807306654427
26 16 34.71948406056128
26 17 33.49888127589926
26 18 30.374522785571127
26 19 34.10399991233236
26 20 27.867458367237266
26 21 31.7278773137944
26 22 29.790173477945597
26 23 30.457124781384064
26 24 27.269121860356318
26 25 24.893499240595354
26 26 26.652902446260278
26 27 28.839284529820272
26 28 30.580855822114913
26 29 29.94426904302587
27 0 30.557884515126243
27 1 32.40268777966357
27 2 28.871226836182068
27 3 30.967179026539075
27 4 31.851278040963525
27 5 31.28372617768807
27 6 30.67983025059565
27 7 30.994562094060843
27 8 31.077375519243397
27 9 33.62102296146922
27 10 27.51264756202175
27 11 31.13787739612596
27 12 33.21812540794257
27 13 31.10140114699099
27 14 33.471768139411665
27 15 30.515508061685306
27 16 31.338187381098606
27 17 32.67875989583431
27 18 33.82472898676044
27 19 29.897869897723393
27 20 32.39224042049034
27 21 30.954323154728865
27 22 30.848223529615346
27 23 32.16487246639472
27 24 28.09799033135894
27 25 31.42681009595292
27 26 30.399961947154416
27 27 28.893229960011453
27 28 30.666649011186475
27 29 29.714366286472405
28 0 31.230517227565098
28 1 32.671024083170586
28 2 31.391042523540193
28 3 31.642516331005382
28 4 31.049179379468487
28 5 31.65946895226879
28 6 34.303384021082515
28 7 31.484628733488673
28 8 33.088366506009564
28 9 33.476155297674
28 10 31.483996616955988
28 11 31.774107132971714
28 12 31.49922612988754
28 13 33.26026971427373
28 14 30.285917974965198
28 15 33.15034764383516
28 16 32.492898712373865
28 17 31.748822147690984
28 18 29.004137772423668
28 19 31.706613578744022
28 20 33.50362924220836
28 21 30.779193698533035
28 22 32.03324750939952
28 23 30.017202609479316
28 24 33.19750567002487
28 25 32.48282704541789
28 26 30.3112034059183
28 27 30.81436321460039
28 28 29.93869726998675
28 29 31.092378116022516
29 0 28.38143882015796
29 1 31.511404576338602
29 2 31.783446806220827
29 3 31.763031976687575
29 4 30.980966724063148
29 5 30.926383287973092
29 6 32.39860259269721
29 7 31.830580785526617
29 8 32.764919570758614
29 9 31.37308654025218
29 10 34.00571662047653
29 11 32.319363595644035
29 12 31.470227021483915
29 13 31.674598388396085
29 14 28.3185626032455
29 15 30.598334585506517
29 16 29.719969032923455
29 17 31.22154889700351
29 18 31.527596963338535
29 19 30.938115799604404
29 20 31.466878590365063
29 21 33.020549258792535
29 22 29.393111080846413
29 23 30.902619212692628
29 24 28.59428161146183
29 25 28.273602499586175
29 26 27.917916259731548
29 27 31.755383484883332
29 28 27.48016220993869
29 29 27.498111970234458
