0 0 27.813244032728004
0 1 31.260554217353306
0 2 29.82591417314503
0 3 29.36966381875237
0 4 32.99859071534585
0 5 30.014177125905487
0 6 30.49093710281788
0 7 33.13080027583972
0 8 31.837377486082087
0 9 32.943881670496594
0 10 30.982078234776555
0 11 31.033859923607476
0 12 32.75582439360793
0 13 29.256620177238194
0 14 32.0719858895268
0 15 31.828692619985677
0 16 33.42275112795306
0 17 31.81571232172334
0 18 31.393158224472092
0 19 31.188604535019564
0 20 31.787036844043023
0 21 31.136410149794557
0 22 31.922242684729287
0 23 31.492847969512002
0 24 30.726143778838292
0 25 31.752209806153484
0 26 31.86818119994303
0 27 30.494200635948044
0 28 33.08326728340693
0 29 31.04781498348939
1 0 31.21118562485928
1 1 30.47529727645696
1 2 30.163673965882584
1 3 34.10575966749209
1 4 31.37497046193973
1 5 30.56406558497696
1 6 34.08942378224403
1 7 32.3475737622714
1 8 31.33396044868034
1 9 33.053104493733734
1 10 30.940763747139567
1 11 33.53165281344559
1 12 31.238890454511605
1 13 31.55887771584828
1 14 31.635267752707826
1 15 32.95248164454486
1 16 30.286478337700448
1 17 34.828414943548125
1 18 34.04551338203881
1 19 33.09753519315204
1 20 31.130909116338287
1 21 34.22252643047355
1 22 31.11162300950906
1 23 30.085637029062
1 24 30.352453361289463
1 25 33.707913772321106
1 26 33.798739064299404
1 27 31.41322404579492
1 28 31.2049678733729
1 29 31.95471195011547
2 0 30.643144643897365
2 1 30.075120229994813
2 2 32.077710477441244
2 3 32.35415969472318
2 4 30.671293348956976
2 5 32.843189103882146
2 6 33.223768541187056
2 7 31.948200856965638
2 8 31.843856436328785
2 9 35.27205197757747
2 10 33.965979819161795
2 11 33.03003854530637
2 12 27.79070791144297
2 13 33.0608457219913
2 14 31.896377373783327
2 15 31.815483137343385
2 16 29.377309597389416
2 17 33.92807576862877
2 18 34.12120911609847
2 19 32.67903356544085
2 20 31.557299167204896
2 21 32.39200133313567
2 22 33.10244997562658
2 23 30.046738766231197
2 24 31.555787983418664
2 25 32.31893524824033
2 26 29.67974919017993
2 27 31.66935293211415
2 28 32.559238255422066
2 29 32.138485022568105
3 0 31.597455731267793
3 1 30.644022789696923
3 2 31.785114242040212
3 3 33.718117798764894
3 4 32.96218719044079
3 5 32.06548694347132
3 6 34.724399782639225
3 7 30.696164499165285
3 8 32.83312582352131
3 9 35.06954469046805
3 10 31.17599530796546
3 11 30.106451043457206
3 12 30.069468516368314
3 13 33.689998213600326
3 14 32.67609126158815
3 15 31.5394852023276
3 16 34.5833971649998
3 17 34.174361317614576
3 18 34.47989873901121
3 19 32.99994138834581
3 20 32.12820972101689
3 21 33.47627917864165
3 22 34.1193477701206
3 23 34.56123875082096
3 24 30.97274180705905
3 25 31.623224217304802
3 26 30.715172033040265
3 27 34.406272135788505
3 28 32.05196710705659
3 29 30.677203133456825
4 0 32.1222358198556
4 1 30.84464054752298
4 2 29.573618593334132
4 3 32.709561941886015
4 4 30.599269759029305
4 5 30.77529130702454
4 6 30.030977611529135
4 7 31.784696173970843
4 8 31.96163581327927
4 9 33.71788921594971
4 10 30.386934665775993
4 11 33.27801530334507
4 12 36.24180151806956
4 13 34.55027260169024
4 14 31.635917772365797
4 15 33.80506842894623
4 16 31.47133865803609
4 17 30.94407820679606
4 18 32.60314207697695
4 19 30.582715836360446
4 20 33.95139100366266
4 21 32.63991490704236
4 22 31.418438958569155
4 23 33.505150902579416
4 24 32.582421627233316
4 25 34.31643967284642
4 26 29.937044797019883
4 27 31.815979160295516
4 28 32.587951196366646
4 29 31.060955607270667
5 0 29.972343395764145
5 1 31.322545637582643
5 2 31.421127217865962
5 3 31.699115751398555
5 4 31.922756478343377
5 5 33.020737690562584
5 6 29.223702131280472
5 7 36.36098215515671
5 8 34.2831050548444
5 9 34.40688354593413
5 10 29.243377793819743
5 11 34.2375558686182
5 12 33.92494740941059
5 13 32.22154838883604
5 14 34.453517991711806
5 15 31.498709445520678
5 16 35.19886255525274
5 17 32.03626208457582
5 18 33.943327684735884
5 19 30.815624332896064
5 20 32.45060574844499
5 21 33.55073337423106
5 22 32.81712072561273
5 23 30.271668673463065
5 24 31.304933113992575
5 25 32.281233210756895
5 26 32.48582519119724
5 27 32.59661182969542
5 28 33.10233756401687
5 29 31.923658463444347
6 0 33.839908285649614
6 1 29.583179128150952
6 2 31.45001274217322
6 3 33.23584336325227
6 4 32.25167779538609
6 5 33.46005565984017
6 6 34.3752044247054
6 7 31.48826659109985
6 8 32.47789642427182
6 9 32.97166153022506
6 10 32.1323957644217
6 11 32.042502419643455
6 12 30.862214669613657
6 13 31.993253614530563
6 14 34.530190588372236
6 15 30.815179333870713
6 16 35.40678540952474
6 17 32.86253405270685
6 18 35.85023855152839
6 19 32.835728786367824
6 20 36.32200031658493
6 21 32.05379058281444
6 22 34.50666498990014
6 23 32.280771739194954
6 24 32.77069912273055
6 25 33.702043960612194
6 26 31.823283414815954
6 27 32.16485015278586
6 28 32.56362582679953
6 29 32.07919945688693
7 0 32.414582694622034
7 1 30.830483990728613
7 2 32.025975160533044
7 3 31.648019461355464
7 4 32.15498160222057
7 5 34.9266581099362
7 6 31.637298762569813
7 7 34.39770520466901
7 8 31.58863789753901
7 9 30.976783958525427
7 10 33.699414137084396
7 11 30.976148122316
7 12 30.511320389128556
7 13 35.04509794787409
7 14 35.245750208252836
7 15 35.96850726939396
7 16 30.48492937530722
7 17 35.14174844506867
7 18 33.36284764414621
7 19 33.20075132087824
7 20 31.306779584602022
7 21 33.989180772174805
7 22 31.499061868323867
7 23 30.97920522198697
7 24 31.619791641752617
7 25 34.510065813921166
7 26 30.572208799283676
7 27 31.852787428405197
7 28 31.111956155160293
7 29 31.98982589156908
8 0 32.309332441490156
8 1 32.141094607882486
8 2 31.760644074588527
8 3 31.421050199046675
8 4 32.31628560358535
8 5 35.860050459739824
8 6 31.82435054834678
8 7 34.42265248879973
8 8 31.841827705790188
8 9 34.08129408613995
8 10 33.853602152858585
8 11 37.08555486485442
8 12 33.97956687742916
8 13 36.95131371347637
8 14 37.41683151341619
8 15 34.34976016117285
8 16 35.102388560655434
8 17 36.37642816785626
8 18 33.38004292369643
8 19 32.27957295777014
8 20 32.405126770406866
8 21 32.89348320317471
8 22 34.38270029734924
8 23 28.406713160800777
8 24 32.158810684281754
8 25 33.24637379143147
8 26 32.31632064199774
8 27 30.924787902753206
8 28 32.08322095836591
8 29 30.591365830130563
9 0 32.42739813161082
9 1 32.43302702935882
9 2 31.59945208734828
9 3 30.456570992086473
9 4 31.369061055710564
9 5 31.321267308700133
9 6 32.10863728598021
9 7 33.87368106419318
9 8 32.03374535163577
9 9 34.4407786254787
9 10 35.38377592386944
9 11 30.319140782250017
9 12 36.04286423846138
9 13 34.19828988062865
9 14 34.39052713462598
9 15 33.719441913556395
9 16 32.41381584819814
9 17 34.4216759246199
9 18 37.94501933787181
9 19 31.006479624354878
9 20 36.41183743694145
9 21 31.593683669789414
9 22 32.84817702112399
9 23 32.694553743016534
9 24 29.777340757422742
9 25 31.565996325620286
9 26 29.56866537508185
9 27 33.76823566734749
9 28 33.94777175304843
9 29 32.01100226366632
10 0 31.023947898421934
10 1 34.50679779305662
10 2 32.975460682186615
10 3 31.74202838214416
10 4 33.12251818230412
10 5 30.22159524620825
10 6 31.92288023922133
10 7 30.254025566240884
10 8 30.724006654916444
10 9 33.04923622199295
10 10 33.81172259797935
10 11 33.278973396928684
10 12 34.6604879173495
10 13 33.62856359282055
10 14 33.56819803296434
10 15 15.898500267917253
10 16 31.41385401156415
10 17 35.559587322750595
10 18 34.26594792415855
10 19 33.66237551991378
10 20 30.173640073433184
10 21 32.34920763130074
10 22 30.760317423640927
10 23 30.809331003930986
10 24 32.808181345347585
10 25 30.134031001419626
10 26 31.335438129782744
10 27 32.017201741548135
10 28 33.128977240209366
10 29 31.07309973626436
11 0 31.219400903372346
11 1 33.76246526823643
11 2 32.85674559499526
11 3 30.57132783802322
11 4 34.06475691348759
11 5 32.097940314363306
11 6 34.24538552124079
11 7 32.577788326499686
11 8 35.285809926505095
11 9 32.15132055146862
11 10 32.607510400433405
11 11 29.016024585312696
11 12 34.3555462009958
11 13 33.49855393770561
11 14 32.78796352019113
11 15 35.44089431943416
11 16 32.61785749872372
11 17 33.19365279107241
11 18 36.81091925542939
11 19 33.18851828757877
11 20 31.969993871224712
11 21 35.46970515433845
11 22 33.105449968234474
11 23 33.474781185838694
11 24 31.141875293259115
11 25 30.939718242240932
11 26 30.084790894302678
11 27 34.08494292834009
11 28 31.16616035093184
11 29 32.593649435565716
12 0 33.407721665792685
12 1 32.71558134547979
12 2 32.38263811947174
12 3 32.7635457211115
12 4 34.00077003081789
12 5 30.078128268224614
12 6 32.822211567414236
12 7 32.20326839645647
12 8 31.708035417685966
12 9 32.87638347334352
12 10 36.430341342680805
12 11 32.92694268431887
12 12 38.3097284447609
12 13 34.20354243041792
12 14 32.612656848284175
12 15 34.36756451839524
12 16 34.382651783771436
12 17 36.17223621258152
12 18 36.60017011620794
12 19 31.861105525459305
12 20 32.59656343120462
12 21 32.17651023182713
12 22 29.890977636518965
12 23 30.01333207862048
12 24 31.20688032843735
12 25 31.378284409924746
12 26 34.366248883943776
12 27 30.711582500246834
12 28 31.04911423365542
12 29 29.612010910608113
13 0 30.35113712066267
13 1 33.946773928406024
13 2 33.04209253126698
13 3 33.014350654552295
13 4 33.93969590537747
13 5 34.38764502851735
13 6 33.547465797554864
13 7 32.870007200884224
13 8 33.2152570355041
13 9 31.331447614667344
13 10 35.293857031017716
13 11 32.043575460114965
13 12 33.53299537194788
13 13 34.76241723031682
13 14 34.97165715487115
13 15 34.668249108252645
13 16 31.460685187977663
13 17 38.56212383274672
13 18 36.028300973388575
13 19 32.213726867112904
13 20 31.101094206048412
13 21 33.11500766211643
13 22 34.849718730998475
13 23 31.84678500231331
13 24 33.9915033169558
13 25 34.739324283641615
13 26 31.519236793899545
13 27 33.359598858880574
13 28 29.17500802977217
13 29 30.399439078312795
14 0 31.696197659966042
14 1 30.736265888663805
14 2 31.10612402441319
14 3 32.28714109692094
14 4 32.002785859668876
14 5 29.474885869324417
14 6 33.41099135171471
14 7 31.50167952050816
14 8 31.524526659068297
14 9 33.02890794097096
14 10 34.707994369535285
14 11 33.005348705920944
14 12 33.032943351310905
14 13 33.838163255340774
14 14 31.64975504045531
14 15 33.64030717780957
14 16 33.83850975549883
14 17 33.89584600981053
14 18 35.75398276887021
14 19 34.30300721065733
14 20 31.177755254238853
14 21 34.53442255452087
14 22 31.814943985669046
14 23 28.93491970357058
14 24 33.07357068669529
14 25 32.99225436154519
14 26 33.29205145565724
14 27 32.68436357282289
14 28 32.85243435994471
14 29 30.5495948136611
15 0 30.740355942305268
15 1 31.369440879694444
15 2 32.46360715326952
15 3 33.43168353756151
15 4 35.40463832034148
15 5 32.010518184989
15 6 32.59512436849643
15 7 33.31213935376888
15 8 31.588789038392274
15 9 31.725224636164178
15 10 34.0385355248165
15 11 34.76229838798601
15 12 32.49327563277456
15 13 31.63394276961729
15 14 33.4040837795239
15 15 29.636597629964896
15 16 34.92507914355545
15 17 34.0261096659137
15 18 31.63969595726757
15 19 32.960380164285134
15 20 30.586448193143223
15 21 32.01883961461231
15 22 31.824707112309625
15 23 30.350719346341542
15 24 28.101151432293804
15 25 30.040730688143416
15 26 30.648120852932852
15 27 33.12098757043821
15 28 31.11109858285587
15 29 31.335627250016987
16 0 33.88679282875689
16 1 33.99668951751635
16 2 31.499874343659137
16 3 34.06552580843151
16 4 31.776311895434002
16 5 32.0249226739656
16 6 31.63475764708775
16 7 31.878624551742387
16 8 31.578974956305395
16 9 30.440206988592525
16 10 34.00194488962485
16 11 33.64477027858697
16 12 33.81310094212506
16 13 36.83745681556544
16 14 33.83850975549883
16 15 32.64974583444907
16 16 36.16285211071367
16 17 34.491862965950084
16 18 31.54875627420561
16 19 32.36594833707295
16 20 33.14727979048564
16 21 32.7535577738812
16 22 33.37577012619347
16 23 35.360947985058694
16 24 31.10198473211513
16 25 31.40951868345417
16 26 30.870549555355737
16 27 29.55929213180069
16 28 27.511188489679775
16 29 30.83834334063397
17 0 30.772216521380702
17 1 31.434716462603046
17 2 34.59923315895642
17 3 33.6701547191895
17 4 30.961922344425837
17 5 31.117657987790952
17 6 32.1799974692256
17 7 34.198454911951714
17 8 32.16196104942425
17 9 33.1149901043125
17 10 34.250325065258565
17 11 32.19481652480837
17 12 35.510043847642855
17 13 38.56212383274672
17 14 33.70928733587124
17 15 35.85755731058659
17 16 35.346428871187655
17 17 32.91128765565575
17 18 34.14723775808901
17 19 32.85650381046715
17 20 32.68505554028985
17 21 33.335687148881824
17 22 32.68868644839563
17 23 35.921955733743985
17 24 31.842700988763735
17 25 31.68039911336236
17 26 31.101420561866256
17 27 30.598455911505802
17 28 30.544056186541788
17 29 30.34865097603232
18 0 31.169325789265365
18 1 30.985680665859814
18 2 29.37348599650824
18 3 33.45331071087046
18 4 33.652764196225164
18 5 31.430946950434294
18 6 31.419861948565043
18 7 33.836773309894895
18 8 30.999379512962875
18 9 29.67163128296158
18 10 29.02458806854224
18 11 33.307604965091386
18 12 36.60017011620794
18 13 37.285841232014064
18 14 35.3388573186878
18 15 35.23138326800584
18 16 31.90059338079159
18 17 33.9251488250571
18 18 35.93966964994181
18 19 31.09980787619847
18 20 30.913468275320906
18 21 33.373744839946525
18 22 30.218126103632994
18 23 33.244546542511685
18 24 33.088673359236466
18 25 31.079783894478123
18 26 29.616066284364397
18 27 31.039434663376817
18 28 31.647754238511528
18 29 30.71462194784977
19 0 32.14405436477001
19 1 28.748077040027198
19 2 30.858707827424396
19 3 32.03531478600688
19 4 34.41236488220018
19 5 31.58901394139053
19 6 31.23052206406679
19 7 29.65368739693445
19 8 31.978907700471378
19 9 32.50159933572415
19 10 29.719903892810517
19 11 33.18851828757877
19 12 37.459138599827554
19 13 34.96208524471035
19 14 34.5102895322959
19 15 28.93313759768401
19 16 34.31892081697389
19 17 36.18169683054252
19 18 31.78233168925454
19 19 34.83457303608321
19 20 34.5763937260808
19 21 29.386092868663503
19 22 35.94007648377712
19 23 31.501622506024226
19 24 31.549995414961632
19 25 32.308863927665385
19 26 32.22285983873799
19 27 32.13905705308231
19 28 30.09061525980268
19 29 31.86553828496938
20 0 32.1655315160048
20 1 31.4451748998758
20 2 28.798123218020837
20 3 31.415332502958616
20 4 31.248650400323076
20 5 31.132632502423803
20 6 32.01141684607837
20 7 32.79759417895503
20 8 29.362939184201103
20 9 33.06766633211628
20 10 30.173640073433184
20 11 33.91158627916222
20 12 32.03678939037878
20 13 33.50530892915602
20 14 30.49056421223626
20 15 15.697083460141316
20 16 31.89748321418722
20 17 32.19057304949271
20 18 34.93668423755928
20 19 32.60806190083103
20 20 32.93039889660435
20 21 33.0862013442618
20 22 28.982001741440808
20 23 34.320443368205034
20 24 30.45370505689529
20 25 30.502383993135716
20 26 27.761636907153125
20 27 28.56147489311362
20 28 30.52075720969593
20 29 30.396949092766324
21 0 32.293343239669596
21 1 31.80835275400727
21 2 31.684545949504813
21 3 32.65288809562537
21 4 34.45058215554054
21 5 32.702071878757025
21 6 32.1263104086577
21 7 30.318384354663525
21 8 32.757682505830246
21 9 31.593683669789414
21 10 33.62674558148595
21 11 32.28569133962957
21 12 34.19954562856414
21 13 32.370593349736154
21 14 31.351069120704203
21 15 32.92811303188076
21 16 31.648639525416005
21 17 37.08200296724422
21 18 31.924821203382088
21 19 36.0278969952755
21 20 31.626791379620126
21 21 31.006041969302508
21 22 30.007010496605297
21 23 31.74808051940848
21 24 31.34981985362117
21 25 29.888805867916904
21 26 26.85143510980904
21 27 30.697656465146736
21 28 28.52022133853967
21 29 27.621888852565334
22 0 31.071824877357656
22 1 32.73069927235713
22 2 33.20355281477721
22 3 33.6287533317121
22 4 32.69608554955365
22 5 30.754624375860093
22 6 32.28201557403944
22 7 33.79971274503551
22 8 34.38270029734924
22 9 31.961504182623617
22 10 33.240794180248464
22 11 30.368536865906737
22 12 30.962606058465123
22 13 32.94693880285548
22 14 37.010793756943755
22 15 35.29422926111199
22 16 35.60994945249103
22 17 34.2553109537713
22 18 36.919213052266706
22 19 34.890765568477974
22 20 32.05241037925768
22 21 34.02671820525362
22 22 30.382585400718487
22 23 30.934821546383983
22 24 33.128107623171296
22 25 31.45312889314696
22 26 28.433578945701278
22 27 29.48853403214539
22 28 28.400623223899203
22 29 32.32738942429258
23 0 29.728674860580675
23 1 34.358785710761296
23 2 31.58588814417158
23 3 29.05477362663229
23 4 33.582962400109906
23 5 32.513749775244136
23 6 31.269235407152454
23 7 30.97920522198697
23 8 34.634637860300806
23 9 31.41232429044283
23 10 32.87120654311533
23 11 32.80818397649835
23 12 37.29796329067927
23 13 33.11211868701193
23 14 32.032695127819
23 15 36.52006283449594
23 16 33.30617259674607
23 17 36.61084988729566
23 18 33.62903964874229
23 19 30.303247342106328
23 20 29.668897475154566
23 21 31.64854918602498
23 22 31.392185488647005
23 23 30.041659965729316
23 24 31.0438262278655
23 25 30.746714941695704
23 26 28.700053111613446
23 27 29.210614108916747
23 28 32.80643344834707
23 29 31.033356633980304
24 0 33.12453086478136
24 1 32.49796194133514
24 2 30.403946529692323
24 3 30.906802685402578
24 4 32.303107962321434
24 5 33.52920822922506
24 6 32.77069912273055
24 7 28.54726540534209
24 8 32.905022241163806
24 9 28.994201366638393
24 10 33.2799995382605
24 11 33.16778903631172
24 12 35.90629937519919
24 13 33.41057339590086
24 14 34.6826602489195
24 15 32.11509560906584
24 16 34.22531840287272
24 17 32.390142752297024
24 18 32.67441713178995
24 19 30.99114629496619
24 20 33.09806976193456
24 21 30.3984352764889
24 22 29.6670051997047
24 23 28.93680251955181
24 24 26.323419441764685
24 25 24.658213467270613
24 26 27.221438123337567
24 27 30.009805069148094
24 28 28.76950633529819
24 29 29.551161784617246
25 0 31.713977494413456
25 1 31.45613785870195
25 2 31.0849133192396
25 3 28.972875989383937
25 4 32.14458289250669
25 5 32.281233210756895
25 6 31.322280732784144
25 7 31.339059107672533
25 8 33.31168550347461
25 9 32.23083571414318
25 10 30.558720473340617
25 11 34.01915823552231
25 12 33.667685770865454
25 13 33.64828975486448
25 14 29.497006433716603
25 15 33.23518679458033
25 16 33.46598372778843
25 17 33.57421750626202
25 18 31.554344944727983
25 19 31.744080547025455
25 20 32.16261293529759
25 21 32.90919525727121
25 22 31.59960152921175
25 23 27.824775287019232
25 24 25.7846963489384
25 25 11.184183130313054
25 26 25.848047845748024
25 27 29.689408412951078
25 28 30.44879134262177
25 29 28.418969866475244
26 0 33.990408696307085
26 1 32.29206643126693
26 2 32.97310229202808
26 3 34.07529654486314
26 4 29.937044797019883
26 5 33.632168347078434
26 6 28.651851431962346
26 7 33.76583678058803
26 8 28.089114605282084
26 9 29.900795133885012
26 10 31.188963059381894
26 11 32.41554742360857
26 12 29.525691700076944
26 13 32.91112701479876
26 14 34.397244476041294
26 15 32.688047637542965
26 16 33.88524285237673
26 17 35.82528927930767
26 18 30.7929867100966
26 19 31.33760218578877
26 20 33.844823933519386
26 21 30.73195768570374
26 22 30.087886558556484
26 23 29.05900319145425
26 24 26.159072032116065
26 25 24.922728247130195
26 26 25.887537946119746
26 27 28.14470398180968
26 28 28.33686065223451
26 29 26.886599117101376
27 0 31.465687286441177
27 1 31.969912396166485
27 2 29.70059586767194
27 3 34.406272135788505
27 4 31.086867128757014
27 5 30.891764903537634
27 6 33.91927739456359
27 7 30.54090102466549
27 8 31.303609151031868
27 9 31.30524699741326
27 10 37.31248659424539
27 11 32.66269604430172
27 12 31.44441741087782
27 13 33.15186474404155
27 14 32.58617602548082
27 15 32.22401427706451
27 16 30.67889712043061
27 17 32.183209283408175
27 18 34.462211565995446
27 19 32.7516629878938
27 20 28.037569463008165
27 21 32.07622614816497
27 22 30.053183540048398
27 23 30.6809058469983
27 24 28.577774395795412
27 25 28.634069520147204
27 26 27.340240985600243
27 27 28.92104815586124
27 28 29.585945044287666
27 29 26.25344011352103
28 0 30.26567104598468
28 1 31.098560516132345
28 2 32.559238255422066
28 3 32.42100347803264
28 4 30.520067629491763
28 5 31.50716961057337
28 6 29.751643651139343
28 7 31.691279379151286
28 8 33.58522085211681
28 9 31.715390112437166
28 10 29.445365213058476
28 11 32.2227597135037
28 12 29.095645396786136
28 13 32.441452607002816
28 14 33.20919766413479
28 15 30.57276483287279
28 16 34.93001205711924
28 17 32.35303801629309
28 18 30.43593581065241
28 19 33.995593177128576
28 20 32.23839859764758
28 21 28.957277386320367
28 22 29.275817408501197
28 23 31.504231480026334
28 24 32.08551242702515
28 25 32.101676120819334
28 26 29.48045756868613
28 27 30.00108515174571
28 28 29.87110970681282
28 29 29.41613406040823
29 0 32.50282653895371
29 1 31.95471195011547
29 2 32.923890096423804
29 3 29.651432300426904
29 4 32.44479697304454
29 5 31.253389526016104
29 6 31.011942901918236
29 7 32.874835546463615
29 8 33.38644663392073
29 9 30.52515159354347
29 10 31.30380227083688
29 11 30.197637612191674
29 12 33.36570496347538
29 13 31.226742467307776
29 14 29.6209106999213
29 15 31.725618206187974
29 16 33.03672715805528
29 17 31.768835005035058
29 18 30.26286222767414
29 19 29.451146358223205
29 20 31.68440748580572
29 21 31.867028018963165
29 22 30.29135514558372
29 23 29.134184690836204
29 24 27.12390004250259
29 25 29.254209505016927
29 26 26.829758313076294
29 27 30.30108539900409
29 28 29.86744119917186
29 29 29.243537685146293
