0 0 30.427192965026
0 1 31.25247005517529
0 2 31.46533499106451
0 3 30.136754346193243
0 4 31.933493642998535
0 5 33.31694312793699
0 6 33.18012210485538
0 7 32.354341694131186
0 8 33.65701619477087
0 9 30.908641891612874
0 10 32.12319222793527
0 11 34.48436631448871
0 12 29.73954078868311
0 13 32.80511033224609
0 14 31.918820105582544
0 15 31.62548641456394
0 16 33.95137083579341
0 17 33.11249946620109
0 18 33.08784824681767
0 19 33.46183546104854
0 20 33.92372294392361
0 21 30.080214711103608
0 22 33.06789431708297
0 23 29.153403983505733
0 24 31.818455746711816
0 25 33.167220981652775
0 26 34.679931088403436
0 27 31.690574260411235
0 28 31.36713049394853
0 29 31.096566084267927
1 0 30.29997079611089
1 1 29.77827163182854
1 2 28.90833409393983
1 3 32.55473343763667
1 4 31.79336218821971
1 5 31.075812928477287
1 6 30.620344662748156
1 7 30.885743267674588
1 8 32.42515496027085
1 9 30.792943845380226
1 10 31.298191268041816
1 11 29.54640435414269
1 12 32.99180496276507
1 13 32.194909331097016
1 14 32.06660777722493
1 15 34.16399515118672
1 16 34.271976156773874
1 17 34.47862540614318
1 18 30.352809333249315
1 19 32.66490801459188
1 20 34.02299284424089
1 21 32.47802960903749
1 22 33.2522876484432
1 23 28.954295052541617
1 24 33.139931453544165
1 25 33.75738626176976
1 26 32.322769185000794
1 27 30.736168050123748
1 28 32.31727985872811
1 29 32.059538028610284
2 0 31.572685693408186
2 1 31.62016175295563
2 2 31.357395092650943
2 3 31.857444236918848
2 4 32.69933859697344
2 5 31.206058549032683
2 6 30.912872118623117
2 7 31.704486448829996
2 8 31.70545234292137
2 9 30.8660630506869
2 10 33.38300524236419
2 11 32.329286208468694
2 12 32.65149832389812
2 13 32.66237364335655
2 14 32.57807164001944
2 15 31.326374512281795
2 16 33.53812911699601
2 17 30.5229557017271
2 18 30.43844261294464
2 19 32.3584404556643
2 20 32.16141987926884
2 21 33.82364646275638
2 22 30.910225889704478
2 23 32.23935456882791
2 24 30.925932491618802
2 25 30.63241761127536
2 26 30.782223739214636
2 27 35.16157174400678
2 28 31.21359009739246
2 29 31.92883777326427
3 0 31.573118222623613
3 1 30.458251195570092
3 2 30.328269531434675
3 3 32.48241812933976
3 4 28.365682252276198
3 5 31.80562745513429
3 6 34.07108072284016
3 7 31.386507133524205
3 8 30.819089076432483
3 9 33.44742512197817
3 10 31.604098915471475
3 11 33.15346468476406
3 12 32.29964147660465
3 13 33.40975651807229
3 14 34.381896999597494
3 15 34.62282698989048
3 16 33.72982624299018
3 17 34.135903129070634
3 18 31.089926253211846
3 19 30.093011190882493
3 20 33.20938138736477
3 21 31.445571537668858
3 22 33.514999751245526
3 23 30.907443755105394
3 24 35.11048316465992
3 25 30.988220145189842
3 26 33.316413904404186
3 27 32.410459745273954
3 28 32.7347111799951
3 29 30.25255277461425
4 0 29.957972430783265
4 1 30.523282135269
4 2 30.949296987828667
4 3 33.22496224517552
4 4 29.945119673552302
4 5 32.0162471057831
4 6 32.82483345048491
4 7 31.574238219999543
4 8 30.849745479776413
4 9 32.47425684282909
4 10 32.07688898454057
4 11 33.76653298972275
4 12 33.895536882623574
4 13 32.32672050484265
4 14 30.058568768831545
4 15 34.240637893049104
4 16 31.171859577995395
4 17 32.41794448491305
4 18 32.07296381446117
4 19 31.154116827319044
4 20 34.627817745859645
4 21 34.898834977712404
4 22 32.34283844042764
4 23 31.951812083971934
4 24 33.050403549843324
4 25 34.13308770905952
4 26 31.149537619561173
4 27 31.29044230615306
4 28 30.456844447863816
4 29 32.71599978446236
5 0 31.280331072402678
5 1 32.87405983501192
5 2 32.48827118245153
5 3 32.506285182038106
5 4 33.612764486516575
5 5 34.230602420673705
5 6 30.52895702555305
5 7 29.89117840251483
5 8 34.196584725912565
5 9 32.268285087702054
5 10 30.71027574900042
5 11 32.5309587677746
5 12 32.62838287401431
5 13 35.824348925689115
5 14 29.760927540759187
5 15 32.6847590385231
5 16 35.15451581315508
5 17 32.28935432791933
5 18 32.0688687479945
5 19 31.140651041646468
5 20 32.19943713150493
5 21 35.06123386654536
5 22 33.70435926477464
5 23 32.53167937176293
5 24 32.657474338033545
5 25 31.25696483526031
5 26 32.59136887678403
5 27 30.420939814802185
5 28 31.543978059257757
5 29 32.89654500900221
6 0 31.29882970952068
6 1 33.620606861726074
6 2 30.966442842733855
6 3 33.37743975012258
6 4 33.45051572714455
6 5 29.993382698832384
6 6 32.248932626285765
6 7 31.56481758923708
6 8 32.26718241083883
6 9 33.971546186001696
6 10 32.965759809230754
6 11 30.39561304126381
6 12 33.71773776941294
6 13 36.04910337201019
6 14 33.57944895286352
6 15 34.05306046501368
6 16 32.39027179303971
6 17 32.926626764858916
6 18 33.02785598461181
6 19 35.16199054478328
6 20 35.72048140266077
6 21 30.394722208281028
6 22 33.50859941360717
6 23 31.941580987997476
6 24 34.15789717358962
6 25 31.924339899414196
6 26 30.3315383299712
6 27 32.00562148494686
6 28 28.788442462603722
6 29 30.22321777189388
7 0 29.65180403861347
7 1 32.82901718001964
7 2 32.63930550508911
7 3 33.0122822050901
7 4 31.369321569293835
7 5 31.325685727445602
7 6 33.35168139652553
7 7 32.3184367269851
7 8 33.96129819387092
7 9 31.303860673373045
7 10 30.471124404395823
7 11 31.781498751157375
7 12 32.191982345639055
7 13 33.82043659691024
7 14 33.313819855261514
7 15 31.952310368549227
7 16 35.24097750652401
7 17 33.97099224573273
7 18 32.17740264356925
7 19 32.667177594946374
7 20 31.92579743692834
7 21 33.77001882633141
7 22 33.835504690437475
7 23 30.73464922508896
7 24 31.381295079636683
7 25 32.503565520282116
7 26 32.949124140519736
7 27 32.84079130764705
7 28 31.455519941963207
7 29 34.235288597925674
8 0 32.25209353164336
8 1 32.49536168804891
8 2 32.1237041220794
8 3 31.023112081191186
8 4 32.019197943146914
8 5 32.03927283367227
8 6 33.374811552985335
8 7 32.784407633932666
8 8 31.33635800982779
8 9 33.996884570357224
8 10 31.474440333584266
8 11 35.293062125678134
8 12 34.64371872876542
8 13 30.616613402312865
8 14 34.548572944554785
8 15 36.475542306105474
8 16 34.652581976621775
8 17 33.010574974352664
8 18 36.128839648469054
8 19 34.83293026831706
8 20 36.4802833581445
8 21 33.66849507368021
8 22 32.54024565496233
8 23 31.688641016655815
8 24 33.739910161981285
8 25 32.82393555319473
8 26 29.410865134282844
8 27 33.275956470831176
8 28 31.201560683166978
8 29 30.56329725738297
9 0 32.005999852831756
9 1 33.32994789032009
9 2 31.85212425351262
9 3 33.956975150403046
9 4 32.30554424531161
9 5 36.557679516402004
9 6 35.149482998499785
9 7 33.68018963477878
9 8 31.422436693012312
9 9 32.77388754469871
9 10 35.21311530692956
9 11 30.907003661113407
9 12 34.46898788124245
9 13 34.107814840214935
9 14 35.54198230020255
9 15 33.71090121103146
9 16 33.9212366475665
9 17 32.90461011550189
9 18 31.155645543324596
9 19 34.63082270606131
9 20 36.83268637061505
9 21 32.80543107555028
9 22 35.447013809422785
9 23 34.67567063319101
9 24 32.605270613700526
9 25 32.7314819819902
9 26 31.8616127845195
9 27 31.878625512704808
9 28 32.09378739613925
9 29 31.372335151839465
10 0 32.85716977915785
10 1 32.78075369550133
10 2 34.356412049417536
10 3 32.850268353076885
10 4 29.915919921418368
10 5 29.983116195302603
10 6 32.758748228900195
10 7 33.47503086224346
10 8 31.260847837459828
10 9 31.62267818965212
10 10 31.93794293270273
10 11 33.722590246089325
10 12 33.60405073936153
10 13 34.02436349035957
10 14 34.31650216447197
10 15 31.86188107655867
10 16 33.061438343689794
10 17 17.684386358977257
10 18 30.39986795875858
10 19 37.2683358930766
10 20 32.769659858493085
10 21 34.32211367645146
10 22 35.879343589050954
10 23 30.752224738677143
10 24 34.83491153992628
10 25 29.528999899970625
10 26 34.8856503131664
10 27 33.40501628845807
10 28 33.03430086034029
10 29 32.64223223829505
11 0 30.065243920487212
11 1 32.25600106564454
11 2 32.80032493098533
11 3 32.948465782985465
11 4 33.69435647957228
11 5 32.26443933066451
11 6 32.91126526807722
11 7 33.27861525427951
11 8 30.89096869394157
11 9 31.983836193813897
11 10 30.458262558520662
11 11 33.71949538385679
11 12 30.754591717877716
11 13 35.33148048244336
11 14 36.653323885020875
11 15 33.579858674685084
11 16 31.80649150897107
11 17 34.470176775772565
11 18 33.565653773211835
11 19 34.38577224622973
11 20 34.8858802532196
11 21 33.40080971466831
11 22 34.69991676363456
11 23 31.546950817464158
11 24 32.07327295067141
11 25 30.928018764124513
11 26 34.586035150176585
11 27 31.405678577195726
11 28 32.55648384987455
11 29 31.896688926855095
12 0 32.466645052637155
12 1 31.756023422894327
12 2 31.05905150705962
12 3 34.71012982323597
12 4 32.48033050875934
12 5 31.44497177697567
12 6 31.35167911500684
12 7 30.85466382604189
12 8 31.758288911716164
12 9 33.615711754571855
12 10 30.53897722811682
12 11 34.69203752983012
12 12 30.53943313225193
12 13 34.772217515887576
12 14 37.99822960051392
12 15 36.33131651208276
12 16 32.02987728935293
12 17 31.592289418944727
12 18 34.04293490328841
12 19 36.165693667477555
12 20 31.33827704202372
12 21 35.81596950112181
12 22 33.918487901920344
12 23 29.780660307787947
12 24 32.093579734179066
12 25 29.011838476739808
12 26 31.419177148493613
12 27 32.68662070266527
12 28 31.831856739417752
12 29 33.2664476133947
13 0 34.70203248177274
13 1 30.975375216032923
13 2 30.29515399018592
13 3 31.025999940124038
13 4 34.83825020961575
13 5 33.35619985398569
13 6 34.54625325311073
13 7 32.22579155326394
13 8 31.308657931529577
13 9 31.341469081492335
13 10 31.118371546764376
13 11 33.90492566110068
13 12 33.115778644870026
13 13 34.44122651137596
13 14 33.71728760968774
13 15 32.30721771290661
13 16 32.288143619327926
13 17 32.5784153587901
13 18 34.257550929076
13 19 36.69289658544477
13 20 35.88321212854692
13 21 30.39127286827822
13 22 35.647983948521194
13 23 32.97153158061504
13 24 32.918921078144464
13 25 30.216011953688763
13 26 31.850779190692375
13 27 30.551942295609006
13 28 33.654441594929175
13 29 32.5012902630445
14 0 32.63396695312319
14 1 33.26201411675361
14 2 33.20690642682231
14 3 33.29922563030987
14 4 33.45565785812757
14 5 32.04041290252944
14 6 33.87716527317922
14 7 32.543559644089946
14 8 34.35869801269793
14 9 32.15966780912824
14 10 35.601534712833455
14 11 28.970127959422886
14 12 35.12922225311063
14 13 33.106673527018465
14 14 32.11896039383221
14 15 36.64518253912636
14 16 36.78254671515656
14 17 38.460839117566145
14 18 32.28597242661601
14 19 30.87106699977469
14 20 31.262929751670796
14 21 31.923054021263024
14 22 33.09177325534813
14 23 31.413229565567445
14 24 33.57067845499653
14 25 32.987815951298856
14 26 31.436513809382603
14 27 31.94679007934706
14 28 35.955153747460805
14 29 32.67694778069955
15 0 32.24004026809445
15 1 34.33804904869534
15 2 33.09868230828787
15 3 31.624602556360376
15 4 30.10075075206285
15 5 33.92864475788744
15 6 31.994010553754155
15 7 31.309341052255693
15 8 32.803854646069375
15 9 34.1636446850876
15 10 34.567096765663514
15 11 29.576760428481368
15 12 33.468080990125905
15 13 33.172233696442106
15 14 34.8755345442324
15 15 34.54279969718668
15 16 32.88701722372877
15 17 36.27974754271998
15 18 31.571872435447407
15 19 32.13556412967761
15 20 31.007897044784883
15 21 28.02414458788373
15 22 30.01397706917869
15 23 34.21302994018542
15 24 28.924869552522296
15 25 32.65698290337815
15 26 29.663494059007913
15 27 31.572616908361077
15 28 32.41163130037594
15 29 31.425446674075832
16 0 32.03761614805795
16 1 28.498528048791677
16 2 32.48006233260003
16 3 32.224588253920096
16 4 34.15411539354651
16 5 32.45632589835678
16 6 29.145941219984774
16 7 35.2923011910769
16 8 35.275866997649196
16 9 31.104990901317958
16 10 33.97489474217299
16 11 31.728596638654906
16 12 35.82416118569565
16 13 32.74290422113173
16 14 36.78254671515656
16 15 35.6069664545979
16 16 30.456646560244664
16 17 30.829996837484252
16 18 35.54339314784707
16 19 33.56204257155526
16 20 30.21969232248738
16 21 32.30618110212259
16 22 33.071380039682666
16 23 32.382008603411265
16 24 32.88182358627719
16 25 31.371437248558912
16 26 32.42652135471763
16 27 29.68575825926009
16 28 30.206798721819847
16 29 30.30312329047407
17 0 33.295475266400274
17 1 31.067409810233983
17 2 32.15600944610055
17 3 33.003748706331415
17 4 30.72642736044549
17 5 33.83980174706027
17 6 31.300841942669855
17 7 32.80758473849278
17 8 31.878057185685797
17 9 33.394734053527344
17 10 34.394440561509214
17 11 35.722698367954294
17 12 34.96551409408514
17 13 32.5784153587901
17 14 33.25343894412831
17 15 34.37269725305748
17 16 35.79456488398939
17 17 32.2185990972427
17 18 36.158748662159866
17 19 31.023750508988247
17 20 31.652039657279033
17 21 27.514894368071726
17 22 33.275599553769545
17 23 32.225791553300226
17 24 31.305881984411272
17 25 30.82948087509375
17 26 30.6291356062181
17 27 31.6813573597183
17 28 31.167572315216745
17 29 28.921665407259987
18 0 33.355163386742646
18 1 32.65166726733192
18 2 30.970138906711394
18 3 32.66921568629842
18 4 32.756163410116706
18 5 31.12988067226985
18 6 32.977054681909
18 7 33.969708962869845
18 8 32.82134383052767
18 9 33.37138745580499
18 10 35.23135101325057
18 11 36.52298372566302
18 12 34.04293490328841
18 13 31.900607142617105
18 14 36.971629785425066
18 15 36.51028851460665
18 16 37.31760624533879
18 17 30.554511659135247
18 18 32.080499911856954
18 19 31.90925377076594
18 20 32.06134065752618
18 21 31.655400269992
18 22 32.67491185148302
18 23 31.19294346411586
18 24 30.593028466816502
18 25 31.07770569956781
18 26 32.081479680391375
18 27 29.584451583819455
18 28 29.09652902181591
18 29 30.41803630277409
19 0 30.572119298267808
19 1 33.36516604016949
19 2 32.3841361322827
19 3 33.59920158201839
19 4 32.50911293758461
19 5 35.756067776256536
19 6 33.156829469268864
19 7 32.922544603105294
19 8 36.02590927720464
19 9 34.73684210325385
19 10 36.003640328786105
19 11 34.38577224622973
19 12 30.206962642010218
19 13 34.997781522340595
19 14 31.912796627651055
19 15 36.81181843816984
19 16 34.3538928423709
19 17 34.14290110647995
19 18 33.53849359816109
19 19 33.886240141267415
19 20 29.17773500353188
19 21 30.771779053022755
19 22 30.38955007171613
19 23 30.77739737010206
19 24 31.346573703610787
19 25 30.085587404067876
19 26 32.43233081371805
19 27 32.81125197455736
19 28 30.042850806145626
19 29 27.676966865244292
20 0 31.700603641316622
20 1 31.891443833425463
20 2 32.25925209144481
20 3 33.16143804467659
20 4 32.54586640410509
20 5 32.07583161630669
20 6 34.16674579239581
20 7 30.843967652572758
20 8 37.01985425029591
20 9 35.73785303657211
20 10 32.769659858493085
20 11 36.2211264547589
20 12 34.202599091705316
20 13 16.55645283266436
20 14 34.20451998855159
20 15 31.594824691005
20 16 30.626343507340653
20 17 34.63845239713009
20 18 32.92745911374971
20 19 32.40992363017258
20 20 33.19649122648955
20 21 30.66714686470371
20 22 30.172427907122525
20 23 30.700173499432157
20 24 30.34125771803297
20 25 30.799574168350887
20 26 31.053276324155945
20 27 34.13281396833022
20 28 29.790268353310633
20 29 29.089758806560777
21 0 32.286360001851556
21 1 29.174056371497656
21 2 32.78175711523074
21 3 30.975253018603357
21 4 29.982234301633675
21 5 32.944832217609374
21 6 29.595276035207934
21 7 33.22932534278689
21 8 34.0298791174094
21 9 32.80543107555028
21 10 35.83350179354021
21 11 34.46842728891719
21 12 30.008029677472454
21 13 31.34400402451964
21 14 34.04876009361045
21 15 32.959513653919636
21 16 35.895048349546656
21 17 32.12058081031726
21 18 34.71238649204533
21 19 31.51482912050764
21 20 33.396133092999364
21 21 32.66613777750724
21 22 29.734013907018294
21 23 31.215356101829684
21 24 31.711326022230697
21 25 29.235757908994227
21 26 30.77699908995064
21 27 28.655459452006234
21 28 30.68432586192143
21 29 30.220497381373775
22 0 31.554573161105974
22 1 32.944411122721775
22 2 33.44985796010773
22 3 34.922423067036725
22 4 28.745223159827614
22 5 33.60376987518932
22 6 33.111439243581515
22 7 33.073538496393795
22 8 32.54024565496233
22 9 31.287894411905345
22 10 34.799253351705374
22 11 31.880651195519597
22 12 34.05853535400695
22 13 36.41838308737749
22 14 35.22098988250801
22 15 34.88964916236472
22 16 34.161690828720424
22 17 31.86627109221448
22 18 31.29649952793906
22 19 34.98170662175587
22 20 31.94447792622339
22 21 29.26019981170605
22 22 29.08919964339585
22 23 29.400776258089255
22 24 30.7500216865009
22 25 31.849589302951433
22 26 30.59878456623659
22 27 28.457674007035976
22 28 29.221772867741347
22 29 31.305485112903536
23 0 34.22528590400001
23 1 33.760269727380404
23 2 31.592431889473094
23 3 33.8600478500672
23 4 33.66465067110983
23 5 30.22725718579774
23 6 31.220548548209017
23 7 30.73464922508896
23 8 31.37407275313165
23 9 34.06870334884306
23 10 35.154462258035075
23 11 32.338767175601895
23 12 36.66226278074538
23 13 32.67123254241973
23 14 34.00685767166824
23 15 35.914938091212036
23 16 31.260228220356673
23 17 30.79006561866238
23 18 33.0396246970698
23 19 31.85422529297045
23 20 32.752865441840626
23 21 30.699470404981785
23 22 32.74650836762922
23 23 28.98537980800669
23 24 29.353633445915438
23 25 30.415454729053224
23 26 27.533399095906447
23 27 31.183909653082065
23 28 29.528397974269748
23 29 30.84089858278348
24 0 33.677819337760894
24 1 31.10268465724727
24 2 31.58542383929695
24 3 32.57346315645013
24 4 30.401026390289612
24 5 31.081916416635842
24 6 34.15789717358962
24 7 32.929094734114116
24 8 33.435873207610754
24 9 32.27366867206774
24 10 30.681542019842574
24 11 32.310507960327186
24 12 34.72305735868114
24 13 32.35332508004222
24 14 30.96128921394009
24 15 31.048378659284918
24 16 32.94411157702963
24 17 29.920940382011086
24 18 31.401808782582318
24 19 29.962935275609894
24 20 33.80417469626908
24 21 30.17337539576537
24 22 31.05913271706767
24 23 27.380482585095056
24 24 25.840490888650383
24 25 25.786785130337424
24 26 27.694310231945522
24 27 26.766041882784613
24 28 29.072931998700522
24 29 27.74241259664187
25 0 33.36982537961642
25 1 31.91908619213106
25 2 31.10232839337318
25 3 30.88342031874105
25 4 32.418562042865645
25 5 31.25696483526031
25 6 31.530139733053893
25 7 31.481696284820583
25 8 28.86632690499877
25 9 32.51661347187967
25 10 31.5752747241704
25 11 33.47342276058519
25 12 37.07846555009701
25 13 33.72651056101827
25 14 32.13648106926779
25 15 32.128895789580596
25 16 33.23518035436866
25 17 31.43509214326072
25 18 29.201410654010033
25 19 31.53055586230514
25 20 32.56882269647945
25 21 29.495914754126115
25 22 30.62900209595556
25 23 32.17057502377657
25 24 24.08376453053501
25 25 9.319371068617846
25 26 26.37621358717151
25 27 29.566440270865808
25 28 28.99903753634545
25 29 27.0493273761389
26 0 32.16781747343936
26 1 32.43063703621017
26 2 31.319309226784753
26 3 30.387177904067972
26 4 31.149537619561173
26 5 29.368316582161377
26 6 32.28138305476715
26 7 33.67989022096699
26 8 32.48516116184154
26 9 29.874838168585825
26 10 32.8376590216666
26 11 29.97127944778293
26 12 31.59780879499495
26 13 33.99216426228163
26 14 33.43890391095302
26 15 31.38118036689038
26 16 31.2717760625364
26 17 33.872937392208385
26 18 32.2542793073093
26 19 32.403837476074685
26 20 31.39216064839577
26 21 29.704188796926367
26 22 28.48067870291166
26 23 29.668452227364615
26 24 25.151495763317747
26 25 26.172011528942004
26 26 25.030012906246363
26 27 26.5833157152771
26 28 27.68972567776493
26 29 27.447805170936952
27 0 32.62460684980938
27 1 29.934984541066214
27 2 33.96331473584964
27 3 32.410459745273954
27 4 30.891539084095026
27 5 32.33029741966456
27 6 33.20324704213863
27 7 32.37506686162688
27 8 31.666746088498165
27 9 31.995071378524898
27 10 31.390177895690144
27 11 32.22586904182305
27 12 33.48145904193096
27 13 31.885382089455447
27 14 32.14677306466849
27 15 30.514729901472933
27 16 31.809952496799646
27 17 30.408029324303513
27 18 30.41108320453435
27 19 31.31257954900273
27 20 32.54438615608462
27 21 29.192995659947364
27 22 28.087631349303752
27 23 31.557178733729085
27 24 29.763437865227953
27 25 27.760396619948125
27 26 28.95209624017121
27 27 30.017085882700425
27 28 31.76931783875492
27 29 31.26541956204705
28 0 31.101499054844247
28 1 30.431393583792644
28 2 31.21359009739246
28 3 30.711593344958178
28 4 29.25499102889193
28 5 33.31467615281288
28 6 32.50834950454277
28 7 31.5987229259513
28 8 31.31097853653361
28 9 31.66804619596674
28 10 32.60174600029775
28 11 33.348644098034676
28 12 31.555287041970463
28 13 31.090824645030388
28 14 33.573600432846625
28 15 33.14932172968999
28 16 31.784344935234817
28 17 30.83609038592468
28 18 33.43764996900668
28 19 31.043758438856347
28 20 31.89778100513726
28 21 31.466904100282008
28 22 28.173144143560624
28 23 30.042078920184675
28 24 30.491256296688107
28 25 28.942319751335354
28 26 28.030386630867042
28 27 28.95528247737462
28 28 29.75735967819175
28 29 27.69840842750361
29 0 31.03341927900841
29 1 32.059538028610284
29 2 33.1501994427172
29 3 31.708195174939213
29 4 30.130823439542468
29 5 33.41811604808859
29 6 30.409556050580136
29 7 33.22792840648074
29 8 34.02880707978572
29 9 32.911532406818935
29 10 30.627658348536787
29 11 32.193275652897206
29 12 29.635124683515812
29 13 33.8654384705867
29 14 31.82022517981827
29 15 30.59723209551341
29 16 29.86954819056763
29 17 31.27406195146769
29 18 30.53515246953869
29 19 30.45896812508168
29 20 32.411701083411685
29 21 29.83865228201141
29 22 30.543716277532877
29 23 30.32939527249903
29 24 31.442029706215784
29 25 27.82311109266904
29 26 28.292109880963604
29 27 29.31907027699771
29 28 29.023310423156083
29 29 27.833368051395652
