0 0 30.774970106348373
0 1 33.51962499662877
0 2 32.799749743393704
0 3 32.716818255764075
0 4 31.259026501353294
0 5 30.76901874725005
0 6 32.38205570973902
0 7 31.99137853357893
0 8 33.92604659710672
0 9 33.240986368313415
0 10 31.994507863308744
0 11 32.130010925252215
0 12 29.910986970486718
0 13 31.987833989751422
0 14 31.577572816326658
0 15 31.58707555367666
0 16 30.87197195114336
0 17 31.510196515041134
0 18 34.05116492387558
0 19 31.44674808625084
0 20 32.13146976329084
0 21 30.873044704004496
0 22 31.823926762167073
0 23 32.46527777674299
0 24 32.163651548442104
0 25 31.540584242510693
0 26 31.337951899399883
0 27 32.081960702960615
0 28 32.339011867886555
0 29 30.016087347960017
1 0 30.862243115221485
1 1 30.46385896557423
1 2 27.823288225271007
1 3 30.903456966730836
1 4 30.788561822011985
1 5 30.456314101499338
1 6 32.74782243986838
1 7 32.829964592529585
1 8 34.68191838982359
1 9 32.56115849480397
1 10 31.339337913045657
1 11 32.65327071677325
1 12 33.041572889907876
1 13 32.10148193432728
1 14 32.926796194748086
1 15 31.337464833439345
1 16 32.335052979532605
1 17 33.571476090808986
1 18 34.710788943352
1 19 31.43248547725257
1 20 33.61453893628855
1 21 32.6265720660698
1 22 30.101483970006445
1 23 29.72796152172631
1 24 31.423820781730633
1 25 28.992500357905172
1 26 33.252140612839625
1 27 31.104061732528972
1 28 31.28830330420878
1 29 34.17772488980632
2 0 30.5535554545276
2 1 31.41023700578114
2 2 31.948773312307868
2 3 31.565013990777075
2 4 31.280598576814644
2 5 30.87811825137571
2 6 33.7427270805518
2 7 33.27003372738563
2 8 31.62580383001145
2 9 30.33896892532226
2 10 33.04220251201353
2 11 31.977584670467035
2 12 32.288890695428606
2 13 32.43696484297684
2 14 33.613747346124356
2 15 32.96075636719318
2 16 33.427076165210416
2 17 31.51626428749209
2 18 33.31417012660156
2 19 32.48271396377043
2 20 31.132096987471144
2 21 32.75286650149209
2 22 33.69531099655305
2 23 33.61574830212113
2 24 30.46902855074961
2 25 29.50320170198974
2 26 33.46380287785045
2 27 33.06434860369495
2 28 31.273070321132334
2 29 31.47931976092062
3 0 29.23608970769221
3 1 30.690998816554202
3 2 31.73498471738158
3 3 29.603369095996086
3 4 33.18559090361895
3 5 33.02669171825601
3 6 30.144445820892646
3 7 33.26684854736407
3 8 32.68740569374752
3 9 33.31960459383355
3 10 33.67885445927386
3 11 30.806903953637445
3 12 32.108341234693135
3 13 34.84627602736767
3 14 34.268330403736755
3 15 33.52176927092392
3 16 35.083795969507484
3 17 31.535139027330597
3 18 33.89314184565992
3 19 33.78462120844761
3 20 30.38846917411992
3 21 33.74041514982096
3 22 33.2152557250577
3 23 30.571657014920437
3 24 32.445320895148804
3 25 31.128694540140476
3 26 32.670651661235546
3 27 32.15569504735543
3 28 32.021942451615665
3 29 29.366788760997622
4 0 33.409135350586006
4 1 31.336784845037386
4 2 33.18157586612633
4 3 34.82065657059293
4 4 32.550351458500444
4 5 32.33245887892517
4 6 32.18769126556972
4 7 31.96240821012265
4 8 34.22994558642407
4 9 30.94474553977558
4 10 32.50898367095844
4 11 34.63284818898533
4 12 32.07009138902244
4 13 32.99199548598128
4 14 33.20651371347969
4 15 32.98911954637791
4 16 34.387279879995354
4 17 32.213968786633046
4 18 31.024472273380166
4 19 33.96242151073445
4 20 31.96339519958975
4 21 32.28455247996032
4 22 35.04185850403323
4 23 33.28622446182473
4 24 35.08641399187555
4 25 30.84024923395276
4 26 29.521180654838915
4 27 32.12754648119051
4 28 34.13191261433943
4 29 31.539304185750577
5 0 30.162568731570527
5 1 30.815949349399045
5 2 30.780367812811395
5 3 32.21787368416412
5 4 31.289410746573566
5 5 30.031476430889082
5 6 33.451886500814034
5 7 33.79402937492198
5 8 29.63393929343684
5 9 32.62701116863063
5 10 33.33187598925983
5 11 32.59843646250855
5 12 31.77614518582406
5 13 31.599156641674075
5 14 30.390662314742134
5 15 33.07462359302243
5 16 33.66124515982348
5 17 33.14249274568083
5 18 33.1558551274741
5 19 33.02727343889929
5 20 33.232945404790016
5 21 31.46837207913709
5 22 32.72981653237858
5 23 30.850167406724232
5 24 32.72137881612908
5 25 32.26848199633908
5 26 33.810272513750945
5 27 29.926107794545445
5 28 31.14758807998711
5 29 32.69616685080739
6 0 30.090049088822944
6 1 31.80346705153633
6 2 33.10968016613858
6 3 30.854242895288582
6 4 33.587890171451114
6 5 31.563571057368524
6 6 35.06301579419397
6 7 32.10304752180498
6 8 33.81696889850385
6 9 34.62420515462729
6 10 32.03206233223819
6 11 29.821841241511756
6 12 31.04188503995812
6 13 34.88749657833172
6 14 32.39346054352264
6 15 35.006594244859734
6 16 33.04898986424098
6 17 32.04731603992615
6 18 31.511688823954614
6 19 35.03119859696226
6 20 33.21982598517609
6 21 33.59583051905269
6 22 29.60730978770948
6 23 35.255878801981815
6 24 31.116765170181157
6 25 31.433789057092866
6 26 32.711338359820786
6 27 33.2477730368321
6 28 30.77228439447652
6 29 29.946322576683706
7 0 32.871270794656986
7 1 30.344202955433364
7 2 32.106904815664834
7 3 34.99097045662034
7 4 34.52373623179147
7 5 34.424953790155776
7 6 32.3740071913037
7 7 30.287227606449985
7 8 32.49384915694015
7 9 29.232002724185545
7 10 29.939780981041032
7 11 34.00153964395684
7 12 34.30098990524269
7 13 32.64830411096443
7 14 31.41392134307636
7 15 35.63758329197359
7 16 35.47382030040976
7 17 31.440672024833646
7 18 34.05077958483667
7 19 35.62894430129809
7 20 34.41173490474007
7 21 33.39145689587782
7 22 35.866845253891704
7 23 31.87753834936756
7 24 33.19947768094864
7 25 31.9158601219545
7 26 32.448848608043384
7 27 34.48497487514143
7 28 33.27179688360602
7 29 30.42333586467559
8 0 32.04026827485249
8 1 29.82526438158003
8 2 32.45807376218401
8 3 30.691670234942833
8 4 31.399267608421155
8 5 32.85929844893608
8 6 31.98504901838234
8 7 33.745066330427015
8 8 33.48295935861549
8 9 35.05741655199295
8 10 31.43591890551103
8 11 34.05025143889922
8 12 33.299113613747366
8 13 34.50988478508673
8 14 37.8066061032736
8 15 35.81296080786558
8 16 36.68900295388857
8 17 36.84501249714374
8 18 36.091452307424376
8 19 33.07644273694215
8 20 29.666693062877236
8 21 32.51950970248061
8 22 34.48847822870693
8 23 28.995481915334977
8 24 28.55713755580621
8 25 32.70894635022018
8 26 32.09189715467796
8 27 30.718995380490373
8 28 28.75864591545965
8 29 31.633528959656225
9 0 33.20304755750739
9 1 32.88126934866101
9 2 34.3276030138109
9 3 32.097628784440815
9 4 30.567375031218653
9 5 32.570055308754604
9 6 31.85480792505828
9 7 32.494118019237334
9 8 31.331439119994
9 9 31.939334571827768
9 10 29.840788493686937
9 11 37.66613901546667
9 12 31.92250261146865
9 13 35.8754336138308
9 14 34.32241124861796
9 15 33.20024845515601
9 16 36.20287963498538
9 17 34.19753745782804
9 18 34.63895461979917
9 19 36.576386957055206
9 20 33.90096347828414
9 21 34.108314018680346
9 22 34.91431910659757
9 23 35.43229847900892
9 24 33.16296769426065
9 25 32.19045473003635
9 26 33.90255998192411
9 27 31.173130205898442
9 28 32.275834185555745
9 29 34.3596535601611
10 0 30.87748283683897
10 1 34.62645905706731
10 2 32.28581345656784
10 3 30.36447323743533
10 4 31.84379139486235
10 5 34.547300589501994
10 6 34.203959186352996
10 7 31.26371958551452
10 8 32.978530176755676
10 9 34.19194274518483
10 10 32.045996836113055
10 11 35.66067152313118
10 12 32.57551621353367
10 13 34.61250423743993
10 14 34.0831074030582
10 15 30.688411142153903
10 16 17.92609343959608
10 17 32.973508991845776
10 18 35.44984571977213
10 19 34.523907372052264
10 20 31.100966768025454
10 21 33.12306959056389
10 22 33.82564944094706
10 23 33.557822102976836
10 24 33.32192211434012
10 25 31.706914519910946
10 26 31.050710963774847
10 27 31.33146889518991
10 28 32.757316463441974
10 29 32.29108001264605
11 0 30.817226091163818
11 1 30.434583566932123
11 2 31.724296726098082
11 3 32.42576716975037
11 4 33.53104298515666
11 5 30.999279418426624
11 6 29.952312817873125
11 7 30.042489465873878
11 8 32.17491299249399
11 9 34.44495925361162
11 10 32.813801703120475
11 11 30.115901301580987
11 12 33.87831733353792
11 13 33.508802848440645
11 14 34.82476905094105
11 15 33.55344024830724
11 16 34.09882408813321
11 17 31.508837188492034
11 18 31.312316549042063
11 19 34.97502225435337
11 20 31.764934604024475
11 21 32.801163386563275
11 22 33.497495462328004
11 23 32.127118019969906
11 24 30.18569287512063
11 25 32.47951128432833
11 26 33.12775752457593
11 27 31.83273347796224
11 28 32.79312089336283
11 29 30.83019142415084
12 0 29.87432321608
12 1 31.33370039820181
12 2 30.91242101679755
12 3 33.09224434701435
12 4 33.09803859113878
12 5 34.569510179449544
12 6 32.316883187438755
12 7 31.660204156525477
12 8 31.621548617593334
12 9 32.70071509089133
12 10 32.19333127023606
12 11 30.367630978834487
12 12 34.38264561010318
12 13 32.90327768955736
12 14 33.30043140180528
12 15 34.11816657547063
12 16 31.54423672071348
12 17 34.693949658953386
12 18 31.273653490524204
12 19 35.420061631033064
12 20 30.34542421322088
12 21 30.707591048507574
12 22 32.47897883139742
12 23 32.65843177643905
12 24 31.909642894605213
12 25 32.07604550690904
12 26 30.72662142167139
12 27 30.601668410190406
12 28 31.353704841162674
12 29 32.54967410897518
13 0 31.64769918120244
13 1 31.243243778679165
13 2 32.03813443502031
13 3 34.114125592766065
13 4 32.202596345628045
13 5 32.619126382978
13 6 32.80720372444186
13 7 34.60372344001408
13 8 32.14774774273782
13 9 32.30259884138324
13 10 35.749489290497934
13 11 28.19661792442483
13 12 31.356468677792336
13 13 32.75558525086103
13 14 34.129495799563685
13 15 35.425316270851155
13 16 31.675008415937068
13 17 33.48983787309312
13 18 33.11718792616074
13 19 34.00978277279632
13 20 33.74889787681807
13 21 30.532452113041103
13 22 33.52907051558518
13 23 29.886918598369828
13 24 29.607009726154427
13 25 30.02614707754987
13 26 32.010905193829466
13 27 29.509402541732122
13 28 34.76990807060892
13 29 30.837678903157112
14 0 32.624500787880464
14 1 31.89098934879495
14 2 32.678937635136336
14 3 35.0785647597037
14 4 33.16024657594307
14 5 28.81025612985064
14 6 33.82961917591676
14 7 33.65347707385519
14 8 30.729321927115024
14 9 32.638649923025795
14 10 34.70297853286227
14 11 35.683996635563894
14 12 31.011842932211348
14 13 32.634850995864916
14 14 32.24924852736198
14 15 33.95471611237931
14 16 33.292060227607216
14 17 37.26525743844904
14 18 33.8419164429954
14 19 35.19845044262596
14 20 32.460827554165554
14 21 31.53542201237718
14 22 35.85280269863826
14 23 31.003933969059744
14 24 30.55607894333708
14 25 33.88915139590372
14 26 30.676986081522795
14 27 31.898822802887135
14 28 30.57426419777066
14 29 31.324446542181366
15 0 32.446856446033735
15 1 29.862313884444923
15 2 30.124573368033055
15 3 33.75468881853699
15 4 32.247131810797256
15 5 28.875138358990604
15 6 32.34815187270009
15 7 29.166193476021736
15 8 30.902765746412996
15 9 32.15120848539689
15 10 35.153907427274
15 11 33.19091383511828
15 12 32.362004538741616
15 13 35.16234004473152
15 14 37.476828052464924
15 15 34.751787841893936
15 16 35.65103389169949
15 17 32.21780482444135
15 18 32.153339888092745
15 19 29.5656472063846
15 20 32.62698830207157
15 21 32.09609244921181
15 22 34.31823945282132
15 23 31.5383059183545
15 24 32.63268835015291
15 25 30.671032018031795
15 26 31.32279652215926
15 27 32.25102502782443
15 28 34.03151615343597
15 29 33.516497351120634
16 0 31.04421361159284
16 1 32.531847936146704
16 2 31.91177995260124
16 3 33.005939262119185
16 4 32.353132430048795
16 5 32.51383651426326
16 6 29.16635588365484
16 7 30.805767789626977
16 8 33.501500104607125
16 9 34.19259016186755
16 10 32.70376969722179
16 11 33.34390833864544
16 12 32.693435066504875
16 13 35.87505091997738
16 14 33.292060227607216
16 15 35.52364483160823
16 16 30.785124982759534
16 17 34.278057867655704
16 18 30.917237074727712
16 19 31.90216719065203
16 20 32.05488603285492
16 21 30.971917951550896
16 22 34.49801301556642
16 23 34.47823018813259
16 24 29.853841186441684
16 25 32.694983848861085
16 26 31.08773261412088
16 27 29.071016816487525
16 28 29.7517008318795
16 29 30.95701658752996
17 0 33.899503796193706
17 1 34.17148095042136
17 2 32.69434776099947
17 3 34.04398438204088
17 4 30.770307246107777
17 5 34.42150841272562
17 6 34.24704696385504
17 7 33.49863048601025
17 8 34.20587093890151
17 9 35.206922144141444
17 10 31.18759750818497
17 11 32.63178365116056
17 12 33.64224021265776
17 13 33.48983787309312
17 14 33.715362317234856
17 15 34.47853724771918
17 16 34.94860375971778
17 17 34.948266934401474
17 18 34.5243637628481
17 19 31.21099766451984
17 20 33.47469035531688
17 21 31.97354071252826
17 22 33.95583343329465
17 23 33.35126305384032
17 24 33.12606571037346
17 25 30.14505764419727
17 26 31.263645720367787
17 27 32.87298740181233
17 28 32.05523297159254
17 29 28.580276815306185
18 0 31.158310327689737
18 1 29.913727945469166
18 2 31.11357729357544
18 3 32.41907455717047
18 4 33.54060611801348
18 5 34.63718305483702
18 6 31.552311757191898
18 7 33.99733677303792
18 8 33.78180776755853
18 9 33.485630460953274
18 10 32.37731427476805
18 11 33.07294909698266
18 12 31.273653490524204
18 13 33.00602597227504
18 14 32.346208852591786
18 15 38.30918766139071
18 16 35.826808274268316
18 17 33.23386628798525
18 18 34.74496987888719
18 19 33.875195879234354
18 20 33.376774220545705
18 21 28.61084412930044
18 22 30.79130358056689
18 23 31.088786300109494
18 24 32.8295710174288
18 25 30.31399526680534
18 26 31.41450187595266
18 27 29.20309101381488
18 28 33.2338430402148
18 29 31.723257731961716
19 0 31.458888586412158
19 1 31.747958307489967
19 2 29.24467497146979
19 3 32.81885569241678
19 4 32.446331723482324
19 5 33.1506482225062
19 6 31.740550714762872
19 7 36.60028477767661
19 8 32.725324775176446
19 9 33.51219824992827
19 10 31.115110412648384
19 11 34.97502225435337
19 12 31.43423342695651
19 13 34.102682090938465
19 14 31.812378118645064
19 15 32.49027675491253
19 16 35.17037392756674
19 17 31.36659796342389
19 18 32.86273452378849
19 19 32.783685869988254
19 20 32.166769686161615
19 21 30.76159249045297
19 22 33.56207495911997
19 23 31.00470657175562
19 24 30.37566980521941
19 25 31.24392204550992
19 26 29.99781701278123
19 27 30.03849278846813
19 28 29.901261192076593
19 29 31.449073884290883
20 0 32.80702652560056
20 1 34.07371002464777
20 2 30.171662704636077
20 3 34.61496493388321
20 4 32.42957864204673
20 5 32.69499842387026
20 6 31.125460845996926
20 7 32.435607877334
20 8 29.854812277317887
20 9 34.452486152062
20 10 31.100966768025454
20 11 37.658859566684754
20 12 34.29967692340935
20 13 31.962321386515864
20 14 14.730280526790043
20 15 32.64490727565444
20 16 32.542279805045595
20 17 33.2311615487465
20 18 37.17982977199472
20 19 35.30387758956338
20 20 31.215312309969136
20 21 34.19194430988643
20 22 31.882243411065073
20 23 30.49945895044342
20 24 30.174793248895405
20 25 31.35751982267165
20 26 29.45940023754335
20 27 32.54071443466451
20 28 28.817516707271263
20 29 31.47093452552924
21 0 30.690406583844872
21 1 30.81689654032754
21 2 31.694595267026386
21 3 32.95001555789192
21 4 34.338101345293474
21 5 32.70113462936701
21 6 31.470070247872133
21 7 32.00103607089675
21 8 33.92410204318047
21 9 34.108314018680346
21 10 34.969311247599975
21 11 34.94946301559267
21 12 32.06032202459843
21 13 32.64600220718047
21 14 34.20259910365189
21 15 30.01200438247335
21 16 36.4345597030804
21 17 33.031290600067564
21 18 34.616143242406395
21 19 34.61617418508469
21 20 31.03662889926758
21 21 32.97314818599401
21 22 30.310349054215383
21 23 31.05899563303688
21 24 31.73202673665612
21 25 31.283946714790897
21 26 29.98153833104156
21 27 30.93542364631872
21 28 32.037974225556944
21 29 26.971738943865486
22 0 32.310774189080774
22 1 32.242516309416175
22 2 31.760734389552074
22 3 31.648309285296786
22 4 32.94327918648081
22 5 32.07688928934964
22 6 30.262041218845717
22 7 33.76210887014023
22 8 34.48847822870693
22 9 35.65459081160365
22 10 35.187836743588065
22 11 33.656392094498926
22 12 35.893256562106004
22 13 33.27216283160915
22 14 32.993412314532705
22 15 34.45271802281944
22 16 34.81300500823884
22 17 31.724333783101656
22 18 33.84810461972815
22 19 31.987163957085915
22 20 34.930833671109326
22 21 32.53010831113305
22 22 31.84181773699499
22 23 33.0920587123757
22 24 30.516895471856937
22 25 31.28303901333541
22 26 31.759999108277633
22 27 28.391087060042352
22 28 28.145000757261492
22 29 30.748917113901545
23 0 32.989794365357334
23 1 32.81940527008247
23 2 28.440922274098572
23 3 33.21537859256035
23 4 32.777838934211566
23 5 29.974676224550468
23 6 33.800533148169
23 7 31.87753834936756
23 8 34.580061044128136
23 9 33.02370962392377
23 10 32.95456052509602
23 11 33.88075083678034
23 12 33.58697788915083
23 13 34.59453390328995
23 14 34.016261973819745
23 15 36.2057472060727
23 16 32.68981004669476
23 17 33.808203477870634
23 18 30.990589671865607
23 19 34.811978528762715
23 20 31.53850932595319
23 21 34.4000959849218
23 22 32.61808258477989
23 23 29.602089756146135
23 24 30.563875099925408
23 25 29.524397439415402
23 26 27.882614690334616
23 27 31.491900245356252
23 28 30.57240166708316
23 29 31.48296135366226
24 0 30.696277730289598
24 1 33.32790145090643
24 2 30.704466509808892
24 3 31.897349216907557
24 4 36.97053729940389
24 5 30.493908283042586
24 6 31.116765170181157
24 7 32.163881400795916
24 8 29.37361523090891
24 9 31.885100335075872
24 10 31.339458569548793
24 11 34.993852017482766
24 12 32.871905723821826
24 13 32.237847178825476
24 14 31.691859723615345
24 15 36.073752504983034
24 16 32.39346087730743
24 17 31.561319076090562
24 18 34.30848153738377
24 19 33.157660109069
24 20 28.933350254426802
24 21 30.204857318534266
24 22 30.253584808701046
24 23 26.93023279257013
24 24 27.97772189809269
24 25 23.57401421520953
24 26 25.898563208308587
24 27 29.8726373821356
24 28 30.202103411607624
24 29 26.962008732963106
25 0 31.534914425419256
25 1 32.96444290294825
25 2 33.41102438370594
25 3 31.492206638007914
25 4 33.86176019420994
25 5 32.26848199633908
25 6 30.450274075460907
25 7 29.72128770390601
25 8 32.088404874355405
25 9 31.882429725784455
25 10 32.9419071636919
25 11 31.28222855358285
25 12 32.729830352274426
25 13 35.56437271222559
25 14 27.350928757402578
25 15 32.42244826068793
25 16 33.337074598835315
25 17 30.128574143621652
25 18 31.029543519422457
25 19 30.579066225820572
25 20 32.58204629538565
25 21 31.707448909079027
25 22 29.80919747748203
25 23 28.07774539677606
25 24 26.23083163501638
25 25 9.27504867090377
25 26 26.603823479530238
25 27 26.890428310679937
25 28 29.725356625063622
25 29 28.103763302407316
26 0 29.6862847038357
26 1 31.32213723663119
26 2 31.91140367332491
26 3 31.670033910078914
26 4 29.521180654838915
26 5 32.87102461503601
26 6 30.973911535547145
26 7 29.57608808224877
26 8 32.5880458833362
26 9 30.87777953049503
26 10 31.568342187987884
26 11 29.276077984304035
26 12 29.385856009316655
26 13 32.543056169699526
26 14 30.816716029626754
26 15 35.18351827368114
26 16 32.3686100419654
26 17 31.036378703073755
26 18 33.81381431256124
26 19 31.922143620427835
26 20 30.63414952137947
26 21 29.24314200212375
26 22 30.59291879925207
26 23 28.042682055296407
26 24 29.1883917127498
26 25 25.13440002776977
26 26 24.995924160760275
26 27 29.414605631304944
26 28 29.11106252649708
26 29 28.103641312322928
27 0 30.86778478529834
27 1 30.81433010708874
27 2 31.100809128416085
27 3 32.15569504735543
27 4 32.84045758518057
27 5 32.95878820275689
27 6 33.410237623727795
27 7 30.745261118412614
27 8 32.53311005994056
27 9 35.00898451951586
27 10 30.76100756434317
27 11 31.375258645524365
27 12 32.22538440818986
27 13 30.833559022005783
27 14 29.68074776590265
27 15 29.761141962041982
27 16 30.446784424881095
27 17 31.720650206654117
27 18 32.729909377194005
27 19 32.200804368753516
27 20 30.156772234552967
27 21 31.10990402356156
27 22 31.11524342760395
27 23 28.78896954545189
27 24 27.21353441083793
27 25 26.72949303377528
27 26 29.87212609175973
27 27 26.210126872311076
27 28 30.8710190112884
27 29 27.915939720091874
28 0 31.110751146273245
28 1 33.13612602060752
28 2 31.273070321132334
28 3 32.81271737825111
28 4 30.931224535343834
28 5 33.683955066031494
28 6 34.643336957902
28 7 32.306938627727185
28 8 31.754017590084384
28 9 31.13091970197356
28 10 29.9920486583387
28 11 30.931722002136812
28 12 29.6165276305133
28 13 31.374379518085373
28 14 29.131084996864942
28 15 29.820792687698418
28 16 30.23290274747694
28 17 32.278220913743525
28 18 30.217065959031565
28 19 31.80294203158197
28 20 30.646082586742317
28 21 31.961195598048143
28 22 29.396228285056104
28 23 30.883878471118297
28 24 27.949567974038803
28 25 30.760289906700706
28 26 28.73666920661061
28 27 29.801255609065496
28 28 28.95410978813899
28 29 31.0647222037933
29 0 29.49217222160981
29 1 34.17772488980632
29 2 33.27907556145206
29 3 30.419905946226944
29 4 32.16108109956008
29 5 32.09944290073999
29 6 29.69126436443171
29 7 31.607315650842306
29 8 32.386585495204315
29 9 31.7457067621001
29 10 31.358529982923145
29 11 32.79154017637055
29 12 33.207703951862534
29 13 31.224800735630968
29 14 27.58556887207571
29 15 29.288005989796975
29 16 28.957395919919158
29 17 32.34560124287721
29 18 30.192564381934393
29 19 32.79163500417934
29 20 31.02956257578377
29 21 32.30437287048791
29 22 27.87153411411574
29 23 28.49553896430309
29 24 30.1886235187097
29 25 28.530834106107076
29 26 26.442543753554286
29 27 26.994995122735418
29 28 28.9764274823716
29 29 30.201674816795876
