0 0 30.019716961639464
0 1 32.45271705404829
0 2 28.981657635730897
0 3 31.637061226720668
0 4 33.3940107734508
0 5 29.926243618313542
0 6 31.99446058756439
0 7 32.64393787076584
0 8 31.93673768818378
0 9 32.05619824636804
0 10 31.590921140751767
0 11 34.41653604712361
0 12 31.94637538356065
0 13 33.497650980805886
0 14 32.70347003049301
0 15 31.791136183776892
0 16 33.619747433781676
0 17 32.27043386519762
0 18 29.882389190357287
0 19 32.58899792232627
0 20 33.869741325314706
0 21 32.00948492346206
0 22 30.806942730166043
0 23 32.65688836089187
0 24 30.693876311803756
0 25 31.970589479416475
0 26 31.371460057222567
0 27 34.043513185621386
0 28 29.890521488566378
0 29 30.24063086019227
1 0 28.730527921539935
1 1 28.280159397354115
1 2 31.84359811837216
1 3 31.6959899030397
1 4 31.328564818538638
1 5 33.2369817161902
1 6 32.326278525253926
1 7 32.26200279953281
1 8 32.19043386692272
1 9 33.72316287876309
1 10 31.396845739019483
1 11 32.463727186831505
1 12 36.83117525638547
1 13 30.882704797739663
1 14 33.34101863293153
1 15 31.516355278322827
1 16 33.16081596476387
1 17 30.48458728111721
1 18 33.48475761775519
1 19 34.94532171021206
1 20 34.9219367914469
1 21 33.16165473376029
1 22 29.365292511622375
1 23 32.72565374873196
1 24 30.46435498331762
1 25 31.652988151200002
1 26 31.58280140905781
1 27 31.885731126263583
1 28 32.28903730245244
1 29 32.40763314850365
2 0 28.823825258449542
2 1 32.860581000380954
2 2 30.64354434515573
2 3 30.940948880051433
2 4 31.85772127085929
2 5 34.46545060483391
2 6 35.918670620550614
2 7 35.48299060814354
2 8 32.09108054498794
2 9 33.08506586538513
2 10 34.214928744856515
2 11 31.87749723075993
2 12 32.40352270296015
2 13 32.553582406071115
2 14 28.983455923241003
2 15 33.123494600332045
2 16 33.16841282017124
2 17 32.87209445967778
2 18 33.37809362934391
2 19 35.810738076655845
2 20 35.5458768435667
2 21 30.52313355796678
2 22 32.13250813385722
2 23 32.14095014634961
2 24 33.96976199711335
2 25 34.026849674893384
2 26 32.01550700616309
2 27 32.71484522821865
2 28 32.23337263444383
2 29 32.61410844622175
3 0 31.51563264127831
3 1 34.13342894639294
3 2 32.65239503374356
3 3 30.49652817859749
3 4 33.6026783015433
3 5 28.991593026469626
3 6 32.711520423193775
3 7 33.553281112618066
3 8 32.5950828497838
3 9 35.4052326373808
3 10 34.54904636436085
3 11 31.200191901053373
3 12 30.012288438692853
3 13 34.11377569024163
3 14 32.455920758709425
3 15 33.660994530342954
3 16 33.53971705296371
3 17 33.567147285927284
3 18 33.29087350079147
3 19 33.35091335528701
3 20 32.163700332634114
3 21 30.7596916241748
3 22 33.35135792484602
3 23 33.57658324987653
3 24 31.01149352694023
3 25 30.796333694922225
3 26 31.57936220538383
3 27 32.496078197211084
3 28 33.138576790917504
3 29 31.187629507200494
4 0 31.072713148826672
4 1 31.686027426270154
4 2 32.65372674600568
4 3 33.57432198496314
4 4 33.02126012190447
4 5 33.33512465220469
4 6 32.406181389877666
4 7 32.70126315099719
4 8 34.01656421000632
4 9 30.20251760394801
4 10 34.157382909771954
4 11 34.44319372063021
4 12 31.471963161320527
4 13 32.31487847012286
4 14 32.69615448912443
4 15 33.10018547776888
4 16 30.313794606647573
4 17 31.878430815855754
4 18 31.327066099257507
4 19 34.26245633198354
4 20 32.519895907901244
4 21 31.884074343692497
4 22 33.74144457601585
4 23 33.90944488139829
4 24 33.35758306261497
4 25 32.51174539580161
4 26 32.25012485100787
4 27 32.647284897453694
4 28 31.79023084790301
4 29 33.194560223518664
5 0 31.03900296287584
5 1 32.20433348259357
5 2 32.322351455756056
5 3 32.846855553214596
5 4 32.544598995529604
5 5 34.00924535801326
5 6 35.565416645604586
5 7 33.33622675332897
5 8 33.15350924811103
5 9 30.59036342806714
5 10 34.270436497363825
5 11 33.268048347938375
5 12 31.66184005484748
5 13 33.72614424140339
5 14 32.8439145467715
5 15 33.16040601700667
5 16 30.49972207235953
5 17 32.080654877085095
5 18 29.59146877760642
5 19 32.75339198175855
5 20 34.60666089897762
5 21 35.55167815676437
5 22 34.006230064599066
5 23 32.37794490319048
5 24 32.51395716965643
5 25 29.9745368584436
5 26 30.698938278545715
5 27 30.841334912546678
5 28 31.705893786590984
5 29 33.806762316755396
6 0 32.36066928105713
6 1 33.25868485775891
6 2 32.72876822584978
6 3 32.255524216520506
6 4 31.303569603145686
6 5 33.02993146026192
6 6 31.839117569113974
6 7 32.98423065578574
6 8 34.21320254619331
6 9 31.42194754369895
6 10 36.266930271498836
6 11 32.695559681418096
6 12 31.81770774508014
6 13 32.29276550728903
6 14 31.38129305548239
6 15 35.07161683077503
6 16 33.52733953910382
6 17 35.456730055595564
6 18 32.73258692481153
6 19 34.12279196643644
6 20 34.99878630638541
6 21 31.704261683953295
6 22 32.12655471156987
6 23 31.13560230422434
6 24 34.77356659999795
6 25 33.6071218323303
6 26 31.447922381281394
6 27 30.16839259522614
6 28 32.662011292186335
6 29 34.420988766115784
7 0 32.83479786510336
7 1 32.14728799740774
7 2 31.25663329506413
7 3 33.492851993249126
7 4 32.63104139418309
7 5 32.84736044154246
7 6 35.29597438621246
7 7 35.65653756595589
7 8 30.954324099259207
7 9 33.2469882585822
7 10 31.81191931149301
7 11 34.22523331461246
7 12 31.522583759125975
7 13 34.730089748835574
7 14 35.88480434780087
7 15 35.680072105958665
7 16 33.36207860305111
7 17 33.59979846918307
7 18 34.84321002404298
7 19 30.321412730871266
7 20 30.331472758653288
7 21 28.179832893323475
7 22 32.928000065208984
7 23 29.191166154098514
7 24 32.23351895625691
7 25 32.38239385649057
7 26 34.528344782188036
7 27 31.127891453251955
7 28 32.36700262687199
7 29 33.46335960423078
8 0 32.84264645426219
8 1 32.82447971048022
8 2 33.043297847092965
8 3 30.059688241066283
8 4 33.964988598190885
8 5 32.44404274189833
8 6 32.50957186523204
8 7 33.28271138177156
8 8 33.246771766702224
8 9 32.19439102427902
8 10 34.49797365948673
8 11 31.204630004799494
8 12 33.42546583074125
8 13 35.505502953534844
8 14 33.11222710092253
8 15 35.836056738103494
8 16 37.33159143254457
8 17 33.81696270846972
8 18 32.55856272621838
8 19 32.4364244602993
8 20 33.83920047056388
8 21 34.749529084369215
8 22 34.147979215618975
8 23 32.314840769625036
8 24 29.957642500384257
8 25 30.820976256132692
8 26 31.339984641571238
8 27 32.54261481987732
8 28 32.77436666152209
8 29 31.946248650288
9 0 32.75353526956383
9 1 33.96921679275922
9 2 31.98083436357296
9 3 33.95390805177857
9 4 33.98572880386178
9 5 33.79750571977579
9 6 34.78543521052299
9 7 33.413817012190826
9 8 32.725955082063884
9 9 30.804443956273257
9 10 31.743243139873268
9 11 36.04786127837965
9 12 36.528457046788276
9 13 30.124167346910276
9 14 30.491657188047437
9 15 33.20937750553298
9 16 36.38017389457721
9 17 35.950295997977115
9 18 36.52785757752902
9 19 33.64812135465514
9 20 32.13817871900705
9 21 35.541203671968624
9 22 33.74385130030594
9 23 30.84401930540973
9 24 32.71769521537241
9 25 32.78680694845361
9 26 32.80282137849528
9 27 31.54172735855777
9 28 32.03849679000949
9 29 34.29550795161914
10 0 36.4231075733567
10 1 34.86376682502693
10 2 30.24221046028965
10 3 31.701988238277593
10 4 31.575271308741964
10 5 33.52941303822141
10 6 32.56417343306192
10 7 34.90879892750953
10 8 32.385407511617935
10 9 33.336137787668065
10 10 36.20029661728315
10 11 32.01441385651162
10 12 36.98835028890864
10 13 33.70328523048507
10 14 18.24838110835476
10 15 30.69291398128038
10 16 34.74236492309113
10 17 35.29736309352818
10 18 33.068375889720926
10 19 31.474352491444627
10 20 33.426408207619566
10 21 32.26258338451398
10 22 32.69320450796743
10 23 33.50172231990971
10 24 30.777048654293335
10 25 32.04996246245517
10 26 34.2912906580558
10 27 34.6796955032857
10 28 32.288111454499834
10 29 32.62993771933823
11 0 35.17358326625808
11 1 32.2500918393755
11 2 34.753344000154
11 3 34.023410544497125
11 4 33.776088705446796
11 5 33.28317183549308
11 6 32.84750870801723
11 7 31.27848219769379
11 8 33.445453607432825
11 9 37.766073297535684
11 10 35.579240622774385
11 11 38.10381061341971
11 12 34.4241108611463
11 13 35.345932925262495
11 14 32.76265365973954
11 15 33.56443981103461
11 16 32.210203986443666
11 17 35.9127275165233
11 18 35.46375300820077
11 19 33.03232547433971
11 20 33.680368613369
11 21 33.78628117572764
11 22 30.559339132403053
11 23 31.905997900465255
11 24 34.172927553629876
11 25 33.91992088408115
11 26 33.54474633877437
11 27 31.39260851886667
11 28 32.628383616892485
11 29 28.95428900849288
12 0 35.202492802306594
12 1 32.001727243890606
12 2 31.27090952983815
12 3 34.63962819840613
12 4 31.525423167423845
12 5 31.695160310469863
12 6 32.684636220737865
12 7 33.05789784159233
12 8 32.39728107906039
12 9 34.54005471495674
12 10 33.74649454588686
12 11 36.275946512016226
12 12 33.8950738706443
12 13 33.68283222517743
12 14 32.03856133387038
12 15 34.148594253470485
12 16 35.342460307267324
12 17 33.72560262165438
12 18 34.13073624187023
12 19 33.32435446342222
12 20 33.8095429311995
12 21 34.175619955020146
12 22 32.769339256063574
12 23 31.41823107621685
12 24 34.21160601171837
12 25 31.231628366296018
12 26 33.14969910785534
12 27 29.75848449395548
12 28 30.500898747699935
12 29 32.52948863364207
13 0 34.384906999010816
13 1 30.831600398879523
13 2 32.26735717602553
13 3 33.82748755798231
13 4 29.01000984700297
13 5 35.21998511262128
13 6 32.802508071317874
13 7 30.430406786551465
13 8 33.98066349323072
13 9 32.872975611209505
13 10 31.126097513508583
13 11 35.68055025073815
13 12 32.96432021495735
13 13 34.114639850269974
13 14 34.18363980066027
13 15 35.48926712866893
13 16 36.53878588075627
13 17 35.12501126521938
13 18 32.38102445892341
13 19 32.03164767797474
13 20 33.64322927440823
13 21 34.182811105517
13 22 31.60734117120229
13 23 31.622426772671222
13 24 33.136423629177585
13 25 34.73489542664558
13 26 33.40005185197874
13 27 32.69062419050666
13 28 30.74134770449113
13 29 32.513600542646756
14 0 32.533909942889906
14 1 33.1335614737325
14 2 31.50575410809598
14 3 32.07794196035461
14 4 31.723768390680014
14 5 32.26536496435479
14 6 30.808507621665388
14 7 35.1700655937376
14 8 31.625034955677027
14 9 34.73929745558889
14 10 33.70034883198868
14 11 35.419683557961
14 12 32.20567543644357
14 13 31.880446905879747
14 14 33.86203142899327
14 15 34.050186578238986
14 16 33.9825089283591
14 17 34.886128713844094
14 18 31.793540148360112
14 19 35.47139592644263
14 20 31.72015431306016
14 21 35.73542756883741
14 22 34.26043734457138
14 23 30.32537889977548
14 24 33.49679179012122
14 25 32.26112527439214
14 26 30.851588143193556
14 27 33.91552437173631
14 28 34.058242950685376
14 29 34.93747622892827
15 0 32.7682423791763
15 1 30.14135971234509
15 2 30.38873475534632
15 3 34.03081729073656
15 4 32.491616553724526
15 5 29.076583586511397
15 6 32.55423055125898
15 7 29.33454787369579
15 8 31.063217906998357
15 9 32.3005556138251
15 10 35.299817537368554
15 11 33.31482145200682
15 12 32.47276139131729
15 13 35.276660344372665
15 14 37.59876656063797
15 15 34.87231028105369
15 16 35.791769194802036
15 17 32.371502115335375
15 18 32.34735611719666
15 19 29.797166476937807
15 20 32.960474185273966
15 21 32.5201097888535
15 22 34.89250298714499
15 23 32.18952165640344
15 24 33.440563403940224
15 25 31.555375292192004
15 26 32.3460127201698
15 27 33.41507796524955
15 28 35.359228821519935
15 29 34.903907209923
16 0 35.513323944040565
16 1 31.429647844453534
16 2 31.665703054568898
16 3 32.35065949304493
16 4 32.93467282177722
16 5 31.11411059771146
16 6 32.00623540175575
16 7 31.104098940299885
16 8 30.594886724344505
16 9 30.579665028460568
16 10 35.0138532910439
16 11 30.232044788671747
16 12 30.9602783045226
16 13 35.071310428157474
16 14 33.9825089283591
16 15 35.64492451066881
16 16 36.45222761813558
16 17 34.27099017777396
16 18 35.059836805296015
16 19 35.36231291271329
16 20 35.43595748103451
16 21 34.385979251873565
16 22 35.85623803791646
16 23 34.46253282250093
16 24 30.272423224635553
16 25 31.46531182465154
16 26 31.45284734459351
16 27 30.51830693975066
16 28 30.518440683631685
16 29 33.96323916136666
17 0 31.39018352374662
17 1 32.55419650184286
17 2 30.775382073330427
17 3 33.76217878779524
17 4 33.37047176121724
17 5 31.993261771779654
17 6 35.59991879282612
17 7 33.57685554271668
17 8 34.76624108563624
17 9 32.42875424085029
17 10 30.929817166697415
17 11 33.024826798427526
17 12 31.575025427949203
17 13 35.12501126521938
17 14 35.344696691123524
17 15 34.5703986518118
17 16 36.23207670023518
17 17 35.0887389507256
17 18 33.39975560620365
17 19 35.49860888117465
17 20 34.21734168665835
17 21 35.83417126445967
17 22 33.92138619124168
17 23 35.54202887060758
17 24 32.2180672858907
17 25 33.34833167902289
17 26 30.52467318942957
17 27 32.982887420991794
17 28 32.56574215141493
17 29 33.46443010853439
18 0 32.41645236675124
18 1 32.33386237740342
18 2 30.414025208516186
18 3 33.1478068845589
18 4 33.50105949310791
18 5 33.27172609289573
18 6 34.103079587971166
18 7 32.10588757726857
18 8 32.93995363140696
18 9 32.41946373953988
18 10 33.38721023916597
18 11 33.654041506144736
18 12 34.13073624187023
18 13 33.21580007990667
18 14 36.1442947547323
18 15 38.370449948195265
18 16 31.38489069233597
18 17 33.44268282618738
18 18 35.282361637389265
18 19 35.11573308386718
18 20 35.43322130624875
18 21 34.064206493823306
18 22 33.02712918185711
18 23 29.54528001138546
18 24 33.724157024748266
18 25 36.00684086422264
18 26 31.28087028439126
18 27 33.47968131319936
18 28 34.78814693673712
18 29 32.4996923844108
19 0 32.906816205275916
19 1 31.74737669076266
19 2 33.12846681357747
19 3 33.41211236255689
19 4 34.37573220590436
19 5 35.086172010871266
19 6 32.960992740143226
19 7 31.65893346520364
19 8 35.25245818397159
19 9 31.197030857806734
19 10 37.2734044864885
19 11 33.03232547433971
19 12 34.58056599845752
19 13 33.83262739968798
19 14 32.65909560928453
19 15 32.513369422885496
19 16 33.100934994471956
19 17 36.34891847957762
19 18 33.70387492643358
19 19 31.032786688831255
19 20 34.50862850702921
19 21 35.29938918653271
19 22 33.48704001185392
19 23 35.43974953281833
19 24 30.677661537415542
19 25 32.62015894322688
19 26 35.368615744778054
19 27 29.05476886448777
19 28 30.95138889135403
19 29 32.47963148486021
20 0 32.86282452792832
20 1 30.455041903477092
20 2 31.40873502263008
20 3 32.680000711081526
20 4 32.812436387716325
20 5 33.54096760058888
20 6 30.978727153131985
20 7 30.969373159949576
20 8 30.261099363553363
20 9 34.262181452491326
20 10 33.426408207619566
20 11 31.572842137486678
20 12 33.084968205466296
20 13 36.501639236850565
20 14 32.2567998850535
20 15 32.65733086461029
20 16 14.622912701020121
20 17 31.01165160090384
20 18 33.154298922038016
20 19 32.182366347902864
20 20 33.204443917937255
20 21 36.633159437030294
20 22 33.90219992729953
20 23 32.95970695337195
20 24 36.14425215770174
20 25 32.31834240080196
20 26 31.365158999581325
20 27 32.68260960143801
20 28 33.50610031410395
20 29 34.18289262718959
21 0 32.845419851575365
21 1 32.704331740516835
21 2 32.86150209985958
21 3 32.961436981153945
21 4 35.00739895760823
21 5 28.900481129523758
21 6 31.24157740343255
21 7 30.74921957065049
21 8 32.47685007674807
21 9 35.541203671968624
21 10 34.24074552120008
21 11 32.98203077903449
21 12 33.48010513147359
21 13 38.699396484785204
21 14 33.12270808699452
21 15 30.03718758831471
21 16 30.87661889653911
21 17 31.174756228780296
21 18 33.91248571102454
21 19 32.82976849186228
21 20 34.20855278343336
21 21 33.968280069496515
21 22 34.886128713844094
21 23 34.52904055729615
21 24 32.675747245953964
21 25 32.7742939623662
21 26 35.40601238225892
21 27 33.14890607885671
21 28 33.19620327360985
21 29 32.07222210617195
22 0 29.964592041123776
22 1 35.10781039185296
22 2 31.817073362475984
22 3 29.852125773390327
22 4 31.378012797626447
22 5 30.87349647374266
22 6 30.64058437348874
22 7 33.50550297472137
22 8 34.147979215618975
22 9 32.07277904288437
22 10 32.406754829062464
22 11 37.167873043227765
22 12 36.044302963848814
22 13 35.11808244292728
22 14 37.125767852585035
22 15 34.53078555836864
22 16 33.250780574525386
22 17 34.3410765710767
22 18 33.19753629299552
22 19 36.46468593369703
22 20 31.26401819630156
22 21 34.97311828345048
22 22 33.96349905329615
22 23 34.32078728261015
22 24 32.646293241170866
22 25 34.24220224815102
22 26 33.267524909766884
22 27 33.925580419028904
22 28 32.28102910567288
22 29 33.41834107522846
23 0 31.406035472564994
23 1 35.03219164801885
23 2 30.974079051266592
23 3 31.89245012267455
23 4 33.89061888749141
23 5 30.55362817239098
23 6 34.42900347411483
23 7 29.191166154098514
23 8 31.871250254702623
23 9 34.16072654065766
23 10 34.26388997999034
23 11 29.492642233706587
23 12 30.78525673410493
23 13 32.32187055473858
23 14 35.9055132303374
23 15 36.37606392976673
23 16 33.340530094254056
23 17 35.60799540581159
23 18 34.76852709828905
23 19 33.33190649704409
23 20 35.023644133086606
23 21 36.990262024652594
23 22 35.27944768491293
23 23 34.346718952803165
23 24 35.030466370573045
23 25 30.86476388315462
23 26 32.89363793357877
23 27 33.3159306383404
23 28 35.06654481966457
23 29 33.68575468967407
24 0 32.24587183685231
24 1 32.03659665717348
24 2 31.86566588060211
24 3 30.773930686940613
24 4 33.02686791487331
24 5 33.130374812456175
24 6 34.77356659999795
24 7 31.101314705034245
24 8 36.46169575318263
24 9 33.51520627664668
24 10 34.89906850786472
24 11 32.89577928821879
24 12 33.711374651671086
24 13 30.85556597453448
24 14 34.96914457631993
24 15 36.36288589718209
24 16 33.064096683494384
24 17 33.493654467137816
24 18 35.38809805018021
24 19 34.51737856187075
24 20 33.77523220014132
24 21 34.10206018861246
24 22 35.07850023315424
24 23 33.57757590601172
24 24 33.20382415986833
24 25 32.67243915797674
24 26 31.82915173327849
24 27 35.78020064342837
24 28 35.25837266690454
24 29 33.0626993551099
25 0 32.05137606553089
25 1 29.944156651952383
25 2 31.09680163002776
25 3 36.93932769811862
25 4 31.470529697166977
25 5 29.9745368584436
25 6 35.504110350369956
25 7 32.4532766633642
25 8 30.48367317762809
25 9 32.75241906528628
25 10 33.46673042536882
25 11 31.39617133420136
25 12 32.2327920953401
25 13 33.50013503249194
25 14 34.753467155481154
25 15 32.80912447911301
25 16 35.58817383630782
25 17 33.23730627191009
25 18 34.35925299618709
25 19 30.35967650864306
25 20 34.713303126583625
25 21 35.646646321245775
25 22 33.154295421572826
25 23 30.651787054150866
25 24 33.179476212665946
25 25 16.368487842489145
25 26 32.16252118698383
25 27 32.45615035976931
25 28 36.00740624174921
25 29 33.8210272620946
26 0 29.5075118711858
26 1 33.49923688041427
26 2 33.714255095929055
26 3 33.69939553808935
26 4 32.25012485100787
26 5 29.390269742960392
26 6 33.644718919691016
26 7 29.631739192332034
26 8 31.44251375804499
26 9 31.154582970394358
26 10 31.31560606752184
26 11 31.878373572477315
26 12 34.3577431708093
26 13 32.87570800641926
26 14 32.210642938525766
26 15 35.75024552879654
26 16 34.215844554631545
26 17 31.86681824855738
26 18 34.28889638943834
26 19 31.411175039469292
26 20 31.19407100303611
26 21 34.63632233973337
26 22 34.31364642002268
26 23 35.27223931972581
26 24 34.512348598709345
26 25 33.39440231427342
26 26 32.52536802073668
26 27 36.459048688174484
26 28 32.9261475597114
26 29 29.45147644391458
27 0 33.70274993088772
27 1 30.227166710750943
27 2 33.556638089608974
27 3 32.496078197211084
27 4 32.07748391790493
27 5 29.75028555729267
27 6 35.34285069082092
27 7 35.02145309912509
27 8 33.069461534135385
27 9 32.083302143825286
27 10 32.063062368348454
27 11 31.735460693173597
27 12 31.070603166591194
27 13 34.28676945720882
27 14 31.25351057256044
27 15 30.363785260196863
27 16 35.24912600437229
27 17 34.62668695540777
27 18 31.2435265490907
27 19 32.52859220186213
27 20 31.095160739607973
27 21 32.23783015916364
27 22 32.34367121139911
27 23 34.25938874344543
27 24 32.926605147102215
27 25 34.47434885664283
27 26 34.14609089874857
27 27 34.78909257251505
27 28 32.09913124930125
27 29 32.932132021216276
28 0 30.9086066473673
28 1 31.624203992094152
28 2 32.23337263444383
28 3 32.954737429880936
28 4 32.53081779536304
28 5 32.80803789241902
28 6 29.147550386077512
28 7 31.63317852394307
28 8 35.547820548493306
28 9 34.87926522259182
28 10 34.97822257398376
28 11 35.00272405837314
28 12 32.37166592820546
28 13 33.97788129207427
28 14 29.74445139374988
28 15 30.53983357440771
28 16 32.51626199824041
28 17 31.190807717305464
28 18 31.397148448754134
28 19 31.25512243381884
28 20 33.58171441290516
28 21 31.24024658731531
28 22 34.481304099629526
28 23 32.58967938534657
28 24 35.73379492861872
28 25 36.88914035577833
28 26 33.56151966717162
28 27 31.522583759125975
28 28 34.13852664697634
28 29 29.094849409350267
29 0 33.639248233100446
29 1 32.40763314850365
29 2 32.60901635082925
29 3 30.72456834838208
29 4 31.145459382381503
29 5 31.573660540455098
29 6 33.4663236814516
29 7 31.65798435034355
29 8 30.71406476289562
29 9 34.119537408160355
29 10 33.070693238688754
29 11 30.417041582385938
29 12 32.33911277250192
29 13 33.04141674944387
29 14 30.693206458476883
29 15 30.094822051931963
29 16 29.05132247018442
29 17 33.59320007676228
29 18 30.583084541826896
29 19 33.880704369307814
29 20 30.941036769044114
29 21 34.743889801949855
29 22 32.38100723910065
29 23 33.933034134273065
29 24 32.54327546672305
29 25 31.333686350146355
29 26 34.50638006504961
29 27 33.491080040733706
29 28 32.95432786931781
29 29 30.651364244540023
