0 0 30.21393043301349
0 1 31.88137119766435
0 2 31.645066009198285
0 3 32.49491201913202
0 4 33.21308694069491
0 5 31.704932322940845
0 6 33.496261977630226
0 7 32.2354861686737
0 8 32.731397101056494
0 9 34.03152168679366
0 10 33.785113586272615
0 11 31.877965699416965
0 12 32.65186746155254
0 13 31.04332386344974
0 14 30.55023967055052
0 15 32.546845877575194
0 16 32.84972293296092
0 17 32.94793415196351
0 18 32.03182709791548
0 19 31.776910087092666
0 20 33.745137388673434
0 21 30.02176796575341
0 22 30.156301432652455
0 23 31.104549941269877
0 24 31.846017370020157
0 25 34.09843651699084
0 26 29.748524415950087
0 27 29.980911456689203
0 28 30.276879173237674
0 29 29.66304951621625
1 0 31.219123046647017
1 1 31.346735954231846
1 2 31.05596871199177
1 3 30.015516118650716
1 4 30.370997422627212
1 5 34.64495584117374
1 6 33.58168211066673
1 7 32.24560714072891
1 8 30.78542133314582
1 9 34.70875208810533
1 10 32.65394963059309
1 11 32.96667249498608
1 12 34.654767594850334
1 13 34.70864824865878
1 14 32.460487815507854
1 15 32.99332028488004
1 16 32.41113820066822
1 17 32.731768459922996
1 18 31.977632797237234
1 19 31.379166443776214
1 20 30.78444670719146
1 21 31.715189013552685
1 22 31.14199452900005
1 23 29.20403515542049
1 24 30.74844566617018
1 25 29.03199857296583
1 26 31.159312058545243
1 27 28.325780864816025
1 28 31.910301108251467
1 29 28.400394509923007
2 0 31.77977255368221
2 1 33.071323147066984
2 2 30.474717169709997
2 3 32.86927129651529
2 4 33.8198154154573
2 5 33.066912338830626
2 6 32.657237349347874
2 7 34.6026602857265
2 8 32.812839585476986
2 9 34.87152931787622
2 10 34.275752611233784
2 11 31.071782633949653
2 12 31.69557638807122
2 13 30.360350963045853
2 14 33.91033166824095
2 15 35.97850291027463
2 16 35.57528104351584
2 17 34.778737769670755
2 18 33.03293830360288
2 19 31.699151548827132
2 20 34.90879733574671
2 21 30.557428820794208
2 22 33.50777037919133
2 23 30.476806180045443
2 24 31.94751412206983
2 25 32.04059296296403
2 26 30.875273924851047
2 27 31.223646463149098
2 28 28.647819549377413
2 29 32.64973187798966
3 0 30.896903808542376
3 1 29.520325866779984
3 2 31.908153597388274
3 3 32.02062809740684
3 4 33.554811331226766
3 5 32.14716056851176
3 6 32.79928112628376
3 7 35.99141194966041
3 8 32.92643767373794
3 9 33.21948549285631
3 10 33.06283884676307
3 11 31.68784614656441
3 12 35.061532558434585
3 13 33.17579732836326
3 14 32.142684868512184
3 15 34.29577596740206
3 16 32.05964730271066
3 17 29.033388428329847
3 18 34.02114390714127
3 19 33.51250866361111
3 20 31.828075413476267
3 21 34.08617964479186
3 22 31.54578158798814
3 23 31.389655255913436
3 24 30.600258465428137
3 25 34.64230615085305
3 26 31.31977124798936
3 27 29.540302380517783
3 28 30.318872994459774
3 29 31.517796996831656
4 0 31.546838627981145
4 1 31.783000955136348
4 2 33.79665968981989
4 3 33.00290427450331
4 4 32.30649597442543
4 5 33.78215791754104
4 6 33.13296890342083
4 7 31.365279540616168
4 8 33.76481581458744
4 9 31.859513304893298
4 10 32.63903193199694
4 11 36.31624773561608
4 12 32.56728090706211
4 13 33.228631616053235
4 14 33.47388358842444
4 15 33.062377644216916
4 16 32.671152208337155
4 17 30.36864287755072
4 18 32.05634803234256
4 19 30.100538370059816
4 20 33.42986462659182
4 21 32.784896193514506
4 22 34.5518974309806
4 23 30.660230803945378
4 24 30.995314379549136
4 25 31.91967269367853
4 26 31.147932786506594
4 27 33.04934112419567
4 28 30.827304401320866
4 29 29.848278488072275
5 0 32.69806517843104
5 1 30.539564495633844
5 2 33.64406162923037
5 3 32.229984371898325
5 4 32.0486376600212
5 5 32.9222380105157
5 6 32.240816582375665
5 7 29.19837543176562
5 8 33.80619507559261
5 9 32.99146453910389
5 10 33.61850844682291
5 11 35.747612241622974
5 12 32.295726053996255
5 13 32.41812126868121
5 14 32.384361981127974
5 15 34.12833347637506
5 16 31.642840574756104
5 17 34.21020650208185
5 18 32.000933691865924
5 19 32.72692949400195
5 20 28.31581889056098
5 21 33.314218611067645
5 22 29.53698963584265
5 23 29.013397328809003
5 24 29.828321194606325
5 25 30.740097494830053
5 26 30.452043399605348
5 27 33.562772342713714
5 28 31.55490158001114
5 29 32.7617117825737
6 0 31.073279790436796
6 1 30.845628450282636
6 2 32.27600422354203
6 3 31.743597030844697
6 4 31.25613399033652
6 5 29.936411957661083
6 6 30.452460806176823
6 7 33.659821048516086
6 8 34.44709372897537
6 9 35.844712437017115
6 10 36.04619849634477
6 11 32.673649293730136
6 12 34.38580915955247
6 13 32.291623969698364
6 14 33.10784377020557
6 15 32.74348041280846
6 16 31.772291625000882
6 17 30.846319047215065
6 18 30.182540549565758
6 19 33.14986598254141
6 20 31.741896607191936
6 21 33.35447087928049
6 22 31.518249895110532
6 23 34.426988412817884
6 24 35.018975011133854
6 25 32.604183395152425
6 26 30.373291511345645
6 27 30.15126808352021
6 28 30.534580652222537
6 29 32.37631506525469
7 0 31.37846386182476
7 1 30.840788448930823
7 2 34.748773918317106
7 3 32.333352689600666
7 4 30.478082347251185
7 5 35.79444810635878
7 6 30.124931765064368
7 7 33.62871085625885
7 8 34.52881344865083
7 9 33.68392533114786
7 10 34.193743270887175
7 11 36.846850838097346
7 12 34.41953844060148
7 13 34.01945579225297
7 14 31.372473008676376
7 15 35.07015082560882
7 16 31.717579134273183
7 17 35.30873602674501
7 18 32.613283908101444
7 19 31.442240832530278
7 20 32.55039027156935
7 21 30.67146890673676
7 22 33.15112576112834
7 23 31.79145145398293
7 24 32.00255549573596
7 25 32.50627694442614
7 26 29.971124438664745
7 27 29.187920618274916
7 28 32.63993526449965
7 29 31.25335683176471
8 0 33.45779900392321
8 1 30.120492870008462
8 2 33.83982440468538
8 3 31.037803709631262
8 4 34.09168810973129
8 5 31.759251636640727
8 6 32.38701826743255
8 7 34.829406050442735
8 8 35.152304668890814
8 9 36.61399517836187
8 10 31.570447236121705
8 11 36.264105343519496
8 12 34.031873094705304
8 13 34.67441864024701
8 14 32.34184020232347
8 15 34.11491922800684
8 16 36.18768524096087
8 17 32.234452174985094
8 18 33.961149938203434
8 19 31.071852615684058
8 20 29.48494347730806
8 21 33.67521896827427
8 22 29.656992004770803
8 23 29.92605766307325
8 24 35.16790562004761
8 25 33.248363879055056
8 26 34.541741088983535
8 27 31.010815406585095
8 28 31.530416822919864
8 29 32.1622128747935
9 0 30.265043855580082
9 1 32.70705758976882
9 2 33.605153230543614
9 3 33.18066856583315
9 4 34.138997210242664
9 5 33.16213860533933
9 6 32.603264577110664
9 7 33.27240463655308
9 8 32.023362661071815
9 9 33.27544849669751
9 10 31.553526541597396
9 11 35.495070955910926
9 12 30.34517267736262
9 13 32.62117941889808
9 14 34.77304949052692
9 15 33.75581293630513
9 16 34.84071070854653
9 17 35.21703873662196
9 18 33.83146830598385
9 19 35.194840807481626
9 20 31.836109297157662
9 21 31.040755548794532
9 22 33.15739652543182
9 23 30.068409296973602
9 24 31.17060276833843
9 25 34.37983784180175
9 26 33.5760822158673
9 27 31.66025076706955
9 28 32.879881849139075
9 29 30.188007479153235
10 0 33.13880995219797
10 1 33.520617854588984
10 2 30.91190335595216
10 3 33.011029178761994
10 4 33.63283825505744
10 5 30.97307073996661
10 6 31.487855738413483
10 7 33.63554514682052
10 8 31.81142181024344
10 9 35.58823406463055
10 10 33.01170411450222
10 11 14.7571156031974
10 12 33.93673170301141
10 13 35.995257752376205
10 14 35.29285784641794
10 15 33.27896724947698
10 16 30.890892309408645
10 17 34.18479680099915
10 18 32.62229203166424
10 19 31.653227001013818
10 20 32.41334923475229
10 21 33.47187997286241
10 22 32.22969631160538
10 23 31.693935362079515
10 24 31.462317640336448
10 25 31.873611599920228
10 26 28.888567450025793
10 27 29.30977488557387
10 28 32.69648997570707
10 29 30.79483146807971
11 0 30.933086162475064
11 1 32.362419995088615
11 2 35.09506398475911
11 3 33.94211150079008
11 4 32.30150973294077
11 5 31.72882518793999
11 6 33.987041501213064
11 7 31.806584856543758
11 8 32.82023927667113
11 9 34.23779830023607
11 10 28.837240046265723
11 11 32.17863726952262
11 12 36.19540476867525
11 13 32.09067935560684
11 14 32.07025041639354
11 15 33.533024196419625
11 16 34.39938560390222
11 17 33.6453866027954
11 18 32.73660418221511
11 19 31.454478040378003
11 20 33.92420304080803
11 21 31.34180207096423
11 22 29.882891393980685
11 23 33.61692071022103
11 24 29.435275653628036
11 25 32.55362490224331
11 26 30.81693262701774
11 27 31.50736631349506
11 28 29.1024555566336
11 29 29.98329193591238
12 0 30.639524029240164
12 1 33.87349578652583
12 2 32.6030732754097
12 3 34.591776657100354
12 4 30.410900408498954
12 5 31.781868682643793
12 6 31.032267697173726
12 7 37.201608754250096
12 8 36.46641371270681
12 9 36.18830019841614
12 10 34.3512072832138
12 11 34.66377222106572
12 12 36.29771135449965
12 13 33.4066204403751
12 14 34.333794576843125
12 15 32.92693464357095
12 16 37.96422785892856
12 17 34.59927807119666
12 18 32.927490425061364
12 19 32.86111131613224
12 20 32.26861196429352
12 21 32.72843003846102
12 22 31.25506443701983
12 23 34.02199110266994
12 24 29.14589456723717
12 25 30.99244491523213
12 26 34.04086340065392
12 27 29.846928090355053
12 28 31.812981226953138
12 29 32.019018853404134
13 0 32.291744257585265
13 1 28.858658361544695
13 2 31.37845614652627
13 3 32.848599599098954
13 4 31.149144179985242
13 5 33.49515593299881
13 6 32.85822311414089
13 7 33.52782412502501
13 8 35.00613148032909
13 9 35.8789670545493
13 10 38.18033100225779
13 11 34.221514777588645
13 12 34.73302660048118
13 13 35.43163890270726
13 14 36.210753359259634
13 15 31.68437550184143
13 16 32.74627129731734
13 17 27.25034047104038
13 18 35.78492643235853
13 19 33.268821218176704
13 20 34.95840225185894
13 21 32.620546603334176
13 22 32.9207563371427
13 23 29.499614033984958
13 24 33.95542051710462
13 25 31.99834901906584
13 26 29.317596300218536
13 27 32.6279228562564
13 28 30.539239880579718
13 29 30.348178755198862
14 0 31.597284836275133
14 1 30.18455811205929
14 2 34.745934422287874
14 3 34.533363474692315
14 4 33.99991470556737
14 5 32.17975267725136
14 6 30.769723616179487
14 7 31.99258293418224
14 8 32.791108363126774
14 9 32.48516361269615
14 10 33.9246442310857
14 11 34.77278434547784
14 12 32.76692449996518
14 13 32.50990142074806
14 14 34.85782005646675
14 15 36.08959649688485
14 16 30.98479234287393
14 17 32.83405610865304
14 18 31.824638722195402
14 19 31.712528995387004
14 20 31.68611600785748
14 21 31.330235066780688
14 22 34.505619328495264
14 23 31.877814205504013
14 24 28.164105299531652
14 25 32.532393599307824
14 26 30.17152656285283
14 27 30.958559232704182
14 28 32.30776086186792
14 29 32.169567798413254
15 0 34.653483752920295
15 1 30.71397633851364
15 2 30.04408416906209
15 3 33.06720970681791
15 4 32.55627493115989
15 5 33.582202715563945
15 6 32.21509291544764
15 7 34.01036069725034
15 8 31.909846255146356
15 9 34.69570380517641
15 10 32.626251975756325
15 11 32.11068034729211
15 12 33.681253268923214
15 13 30.98786541075702
15 14 33.1345624104104
15 15 31.552592186444436
15 16 35.576451930453274
15 17 35.87969601597922
15 18 30.271685684096845
15 19 30.887237074978678
15 20 32.49499693907822
15 21 32.08840453909484
15 22 34.493639474197956
15 23 31.21573922214091
15 24 30.896135101204084
15 25 28.828149537117355
15 26 32.87458723361163
15 27 33.59236391077211
15 28 29.905392493763618
15 29 30.35324171712709
16 0 31.329416429191753
16 1 32.27229127192248
16 2 31.116293465007015
16 3 35.035263149641835
16 4 34.12758336739701
16 5 33.61503190237333
16 6 31.962317973498013
16 7 31.317285424793383
16 8 32.700092735714996
16 9 30.88922296026155
16 10 35.69771879297676
16 11 34.08911196459212
16 12 31.303228608546632
16 13 33.07671826295106
16 14 30.98479234287393
16 15 33.19340167639604
16 16 31.62183350399548
16 17 34.64419741085876
16 18 33.51424032189773
16 19 33.64055792363718
16 20 32.30008380312373
16 21 32.7882321945133
16 22 33.109286926022094
16 23 33.63654360460347
16 24 32.22800435630328
16 25 31.49584294476305
16 26 30.65682685798016
16 27 30.506815493209633
16 28 29.787200666519183
16 29 32.56210892230508
17 0 31.790941330091986
17 1 33.79412148060255
17 2 31.12388749087949
17 3 34.55231150503181
17 4 32.25460058072033
17 5 30.799512802356713
17 6 34.8265281638629
17 7 31.435190167430836
17 8 31.313544425995453
17 9 32.82056110312491
17 10 33.44006243662422
17 11 34.243529634184284
17 12 36.6721560133245
17 13 27.25034047104038
17 14 32.76499415111918
17 15 32.95099433157109
17 16 33.39733858980606
17 17 34.73309618611795
17 18 33.16228486614916
17 19 32.130747880517276
17 20 35.18002764153042
17 21 29.921704600215236
17 22 34.188497773846976
17 23 32.57469200108571
17 24 31.571107491337703
17 25 34.582072837294085
17 26 33.6868254614712
17 27 30.765775981361365
17 28 30.017210551788207
17 29 30.827471678905454
18 0 30.79196539639403
18 1 34.87421798680007
18 2 31.419171448555378
18 3 30.761313748594468
18 4 33.10204490031089
18 5 31.482998028629698
18 6 32.28821390881666
18 7 30.536204246349495
18 8 34.83730677936368
18 9 31.41207995977402
18 10 31.905635451756023
18 11 31.19887611336918
18 12 32.927490425061364
18 13 29.386196495859366
18 14 34.08152273699506
18 15 35.13475222661105
18 16 30.687041254559524
18 17 35.90765084767845
18 18 33.027464276675886
18 19 35.34144075382554
18 20 36.625046063193345
18 21 34.44428573102838
18 22 33.722253274347416
18 23 33.93300625833905
18 24 33.236948208224916
18 25 31.454032787960557
18 26 33.74802576311176
18 27 32.998501376127834
18 28 28.685107388295545
18 29 30.586486491680983
19 0 32.80508932855515
19 1 31.642446430367283
19 2 31.36995795206316
19 3 30.30545043230944
19 4 31.95830050207723
19 5 33.85995013907752
19 6 32.908568013223224
19 7 33.17529011759307
19 8 32.5687941323625
19 9 32.237282130131035
19 10 31.435346039407374
19 11 31.454478040378003
19 12 37.06238166654085
19 13 31.125688046641404
19 14 32.85883420056305
19 15 33.68614302837014
19 16 35.44606624970111
19 17 35.66533730914478
19 18 33.729951478502194
19 19 34.04693246618264
19 20 34.36242973825623
19 21 31.924159292399942
19 22 35.287631966933674
19 23 29.178256287578638
19 24 31.13771692607618
19 25 33.209260003788636
19 26 33.00293449892384
19 27 30.82099779964272
19 28 31.17226242167592
19 29 32.76067342476168
20 0 31.818558700460862
20 1 32.38010756773105
20 2 31.52512039712101
20 3 32.53983170968301
20 4 32.24370184712733
20 5 30.64370593491335
20 6 33.22378886076815
20 7 32.045114701265625
20 8 33.661734381398446
20 9 31.922915314541967
20 10 32.41334923475229
20 11 33.78755887879816
20 12 30.99665709839824
20 13 33.24189542899069
20 14 33.012880656503015
20 15 33.27896724948101
20 16 34.97739096064317
20 17 31.026146299967703
20 18 31.91459483987914
20 19 13.991732901302722
20 20 33.64908055879113
20 21 37.455898020738196
20 22 34.035859102681414
20 23 33.941149191341005
20 24 34.00613803981903
20 25 31.06454466425405
20 26 30.519686292533272
20 27 29.81813006431332
20 28 30.911903356063583
20 29 30.68106138354704
21 0 30.63640468474861
21 1 32.28789670278367
21 2 31.459876669007603
21 3 32.06855061574569
21 4 32.154962978775316
21 5 33.94901280618153
21 6 32.64500523650634
21 7 35.06234951702415
21 8 31.381735311713832
21 9 31.040755548794532
21 10 31.907490708139573
21 11 34.006677383805396
21 12 31.394147471040988
21 13 31.20170691414607
21 14 34.335501691833315
21 15 35.989653498272055
21 16 36.08634955584437
21 17 35.78789005321837
21 18 28.70891336632953
21 19 35.58298444434754
21 20 32.76467200481251
21 21 32.60588154524729
21 22 33.94163255154852
21 23 31.768674678765745
21 24 30.872611834223523
21 25 30.16731992082808
21 26 32.62969417583722
21 27 30.169075583503634
21 28 30.1239322557468
21 29 30.994736753647146
22 0 30.342711189892707
22 1 32.37975125530595
22 2 32.170115615898034
22 3 29.367970461497276
22 4 32.190108000529555
22 5 28.395714586748234
22 6 31.682176014916305
22 7 31.95818113758063
22 8 29.656992004770803
22 9 34.15075814826756
22 10 31.95237703742345
22 11 32.056839298030624
22 12 33.997336565741314
22 13 34.19416034699433
22 14 30.59318433828179
22 15 33.75541647408589
22 16 35.4735665100265
22 17 34.97162794288287
22 18 37.56290822797088
22 19 32.52892301612103
22 20 32.037105517896684
22 21 32.47536619391212
22 22 34.28363157167623
22 23 31.565328452078276
22 24 30.204455071940536
22 25 30.668493137607747
22 26 30.510628434600495
22 27 31.92106505621605
22 28 33.00211859192091
22 29 28.894959922474442
23 0 32.35356226783965
23 1 33.20356629805473
23 2 30.71205002801491
23 3 34.36451890238568
23 4 32.328785048151914
23 5 30.868165350372525
23 6 32.86099314315176
23 7 31.79145145398293
23 8 31.58575256149667
23 9 31.12689905612652
23 10 31.561875165713538
23 11 28.914042532299025
23 12 34.123491101208394
23 13 30.399694457638475
23 14 34.59094867257966
23 15 32.58383416260858
23 16 35.38191686382288
23 17 34.251274911800465
23 18 35.37889986472357
23 19 32.75275630054212
23 20 31.72756602297535
23 21 30.47960922517925
23 22 32.19527275961132
23 23 31.74595043708605
23 24 29.373183620313085
23 25 30.430698819540776
23 26 28.678967025132806
23 27 29.88812090339436
23 28 31.63564552458115
23 29 28.620664727125018
24 0 32.15192357566971
24 1 30.31751349186548
24 2 32.003713018204856
24 3 30.084116038785353
24 4 29.883672026167485
24 5 31.46643324542384
24 6 35.018975011133854
24 7 33.03478368918619
24 8 30.670613097715474
24 9 30.72443166112851
24 10 33.268455482172264
24 11 35.21952143610359
24 12 32.502901443392446
24 13 31.513363936031993
24 14 31.84520566201792
24 15 32.72503338160277
24 16 32.435603287575034
24 17 32.17832002595914
24 18 34.15733202229703
24 19 32.75003421319965
24 20 33.0011130901408
24 21 33.26012001399028
24 22 33.2727609883514
24 23 29.282204978035423
24 24 28.655801915724638
24 25 26.765409616148112
24 26 28.512815323392434
24 27 30.30866045140385
24 28 33.05519960498676
24 29 29.38821965778253
25 0 32.493223054823716
25 1 32.38133855137036
25 2 32.00378584905738
25 3 31.022164077723797
25 4 32.082202455763344
25 5 30.740097494830053
25 6 29.658359250479275
25 7 33.76632865315533
25 8 31.876553171360616
25 9 32.15410808771682
25 10 30.66965851509311
25 11 30.601347921938206
25 12 29.734127099426573
25 13 33.477768660537414
25 14 31.40844916310613
25 15 31.125040130470126
25 16 35.52544303547203
25 17 30.659285448869824
25 18 33.021681855812716
25 19 32.0180752315769
25 20 33.562694653109624
25 21 36.468143537726654
25 22 29.71791877325156
25 23 32.156321482887314
25 24 27.124651369711312
25 25 11.471286930285823
25 26 27.796570605424733
25 27 34.63027462858156
25 28 31.30120838784541
25 29 30.454210766283172
26 0 28.519726173021766
26 1 32.81333926502766
26 2 29.94983547904575
26 3 32.03423044515259
26 4 31.147932786506594
26 5 31.751497389709478
26 6 28.98307083827248
26 7 32.17368645650301
26 8 34.107170038312695
26 9 32.922575547617754
26 10 33.36057993307703
26 11 31.042270161488158
26 12 30.914615088739364
26 13 31.66054901396665
26 14 30.548954002682486
26 15 31.786601115575053
26 16 34.08907928683183
26 17 33.44700159384447
26 18 32.65860811098812
26 19 33.44532583511689
26 20 31.689798341205215
26 21 33.676941331541386
26 22 30.73139920687217
26 23 29.60982700258473
26 24 27.166903764619867
26 25 26.550664741456014
26 26 27.5642580351356
26 27 30.462890176873422
26 28 31.963794719909107
26 29 30.441014277028685
27 0 30.338772768961732
27 1 33.01083162811998
27 2 35.54512788257297
27 3 29.540302380517783
27 4 31.5362289971798
27 5 35.07742690444267
27 6 31.693725645341743
27 7 31.57569308340739
27 8 31.44374671493655
27 9 30.785310266255536
27 10 30.709791682745408
27 11 29.358065440863612
27 12 33.028207295430306
27 13 29.313904258573473
27 14 29.730603029777303
27 15 29.57389376901528
27 16 31.46449384966112
27 17 34.73511357236082
27 18 32.63543983916295
27 19 30.986469302289173
27 20 32.07508429140655
27 21 30.44522889201982
27 22 30.27309034383965
27 23 28.32952336881516
27 24 29.60192217414255
27 25 30.735056444820064
27 26 32.032737416187786
27 27 32.86146988634739
27 28 29.9330491062427
27 29 31.429768811019702
28 0 30.792539550399944
28 1 29.28344320588309
28 2 28.647819549377413
28 3 30.893761133376348
28 4 32.81430078970039
28 5 29.74246311427412
28 6 31.110753668382078
28 7 30.022681584656112
28 8 32.493408006472485
28 9 32.053009319266955
28 10 32.80709294403634
28 11 30.290300368896123
28 12 29.646716594674896
28 13 31.217478407663922
28 14 28.973682499381905
28 15 32.643909957645654
28 16 32.05971585478071
28 17 31.65115213973445
28 18 32.17393332634582
28 19 31.461730847336046
28 20 33.90395984024186
28 21 31.357891680412692
28 22 29.630029315052493
28 23 31.22636431275758
28 24 31.770379466515507
28 25 30.78643562635923
28 26 32.42995998801254
28 27 29.95551007785342
28 28 27.64891052522932
28 29 30.36579315414641
29 0 30.285477974457393
29 1 28.400394509923007
29 2 31.861258637287573
29 3 32.956430258372045
29 4 30.763428792586716
29 5 31.898742724298824
29 6 32.01367678184184
29 7 31.378447853142998
29 8 30.92351318585188
29 9 32.37381114963234
29 10 28.442520772481394
29 11 31.85667549837539
29 12 31.172194029054637
29 13 30.837768180836125
29 14 33.89852234438011
29 15 31.08318068947269
29 16 31.554451655371974
29 17 29.88751744013279
29 18 32.67799387546667
29 19 29.467025733379167
29 20 32.26937420677725
29 21 32.476229340864336
29 22 29.42954168114739
29 23 31.08594225721707
29 24 29.706872636654104
29 25 31.288351123361863
29 26 30.881720473830445
29 27 29.84631929757846
29 28 30.770126011651058
29 29 31.363445302029174
