0 0 30.650111316833335
0 1 33.28656482475904
0 2 31.62705177305756
0 3 34.18023019169839
0 4 32.19932800127563
0 5 32.254306663319035
0 6 29.13871599939417
0 7 34.60663615161581
0 8 31.082492007100733
0 9 31.537953518522606
0 10 32.76458187524383
0 11 32.3232734563778
0 12 31.000033779448813
0 13 31.13234257114188
0 14 30.559623923634543
0 15 32.738553594507586
0 16 30.82259245318325
0 17 32.824911014599536
0 18 29.845588807895897
0 19 30.58665443160844
0 20 34.05625908833258
0 21 31.491236061201086
0 22 31.730989682809025
0 23 34.03701960395977
0 24 31.020791159155504
0 25 31.356793361483263
0 26 33.040060616812916
0 27 29.694090740418446
0 28 30.55538744366256
0 29 34.00834965274689
1 0 31.22738506796057
1 1 32.46427085854863
1 2 31.643037200398027
1 3 32.1925949841013
1 4 32.49321408310072
1 5 32.5204285976976
1 6 31.459825734273085
1 7 31.357430235990783
1 8 29.555790004923644
1 9 33.160709235317356
1 10 33.11303496502597
1 11 32.835436030052335
1 12 32.93656887157609
1 13 30.265286814986524
1 14 33.34752510475628
1 15 34.23724586625753
1 16 33.59747716503639
1 17 33.23401013816146
1 18 33.80488641871308
1 19 33.160085456942355
1 20 33.53845120021294
1 21 33.75709921493942
1 22 31.322783428452922
1 23 34.135333934171165
1 24 30.739218608565324
1 25 28.342378465850164
1 26 31.032174665096957
1 27 31.804219401214727
1 28 34.17593244088559
1 29 31.015187898803177
2 0 31.09108377304467
2 1 31.612250907771358
2 2 32.61527714855889
2 3 32.448492729546196
2 4 30.830003853781765
2 5 33.121247851544645
2 6 32.601399364680034
2 7 33.62977703742271
2 8 34.30150982255033
2 9 32.10101959037893
2 10 32.93684452377062
2 11 29.92388402428843
2 12 33.04315854583206
2 13 32.60122071357238
2 14 27.953472379592977
2 15 33.116067600657566
2 16 32.85074179174169
2 17 34.608142418215294
2 18 32.42184496914035
2 19 32.27276608322728
2 20 30.283833629561865
2 21 30.349631419365178
2 22 31.910465093707092
2 23 34.13173005242679
2 24 30.503047412040143
2 25 32.0283517806391
2 26 29.152413235525007
2 27 32.44296620606793
2 28 31.260274636748047
2 29 30.79525887976178
3 0 32.548344655531444
3 1 31.70272795271755
3 2 33.220404447372196
3 3 34.95399844219068
3 4 34.33028867628018
3 5 30.910583690498534
3 6 32.9323097739252
3 7 32.461972127611176
3 8 33.6321101254766
3 9 30.243614368161467
3 10 31.577651937239363
3 11 33.246455783241245
3 12 32.73308335256802
3 13 32.88807120712734
3 14 31.561867380730693
3 15 33.76564124749305
3 16 30.63434090733191
3 17 33.51749681096953
3 18 32.54595159034509
3 19 33.67274509600846
3 20 33.36616743569901
3 21 33.72041070144644
3 22 35.74975563171616
3 23 29.929337128538574
3 24 30.328937512726014
3 25 31.366080528589467
3 26 33.11339077582573
3 27 31.49014176900421
3 28 30.613903528309418
3 29 31.195599549744536
4 0 33.3388795319738
4 1 32.25764714276976
4 2 33.27858047618405
4 3 34.565761829657404
4 4 31.61031439114545
4 5 33.51451087656791
4 6 36.28411130958094
4 7 31.778045972694837
4 8 33.82966619174446
4 9 33.3741579381029
4 10 32.589779823650666
4 11 33.90065808385138
4 12 34.52522871937076
4 13 32.58466922004737
4 14 32.990811928629704
4 15 33.852219683716285
4 16 30.470181993632007
4 17 31.84396491341315
4 18 28.445396291079113
4 19 31.17809192186764
4 20 33.59702460313207
4 21 33.999024696977614
4 22 31.60207817520744
4 23 33.08821675703036
4 24 30.403653261659443
4 25 31.38530430859506
4 26 30.78329478796123
4 27 32.811014003822784
4 28 32.165539651769244
4 29 31.299168028815615
5 0 33.72015165365341
5 1 31.533847673390095
5 2 31.682941142476093
5 3 29.43248349560261
5 4 32.13389146930233
5 5 35.464658470755815
5 6 34.005780621796085
5 7 32.97108414778685
5 8 31.418818337683085
5 9 34.81958186655072
5 10 31.548874099748073
5 11 32.46325431594771
5 12 34.23504986307098
5 13 31.770900164969643
5 14 32.80392136144441
5 15 30.96615340084862
5 16 31.047752062490495
5 17 29.38177761291924
5 18 31.28738475023114
5 19 28.600723803189727
5 20 35.42160080500594
5 21 33.73327423901328
5 22 32.46510721181969
5 23 32.89256700590626
5 24 32.36821664836006
5 25 31.06122705693314
5 26 33.062191106088946
5 27 31.258294245859854
5 28 32.82698066703968
5 29 29.36331349739249
6 0 30.764841123141075
6 1 32.45684239874655
6 2 32.03079178533271
6 3 32.22140302070232
6 4 32.66353252142809
6 5 30.549912334584175
6 6 31.689539369654078
6 7 31.69645907946513
6 8 34.3839337507199
6 9 31.8751329720776
6 10 35.29604312991623
6 11 33.98597416932504
6 12 31.61649498407723
6 13 31.142182546043617
6 14 33.04193262303321
6 15 34.766687527506235
6 16 33.09042788954543
6 17 33.13419660736889
6 18 35.47031295629891
6 19 33.2882543612895
6 20 34.74748477947403
6 21 33.593062163265486
6 22 30.824320675259223
6 23 33.757972932738845
6 24 32.44335684621804
6 25 30.541980572678657
6 26 30.78725352669714
6 27 28.30954309489848
6 28 31.46692844290223
6 29 32.562785360487
7 0 33.32635453271222
7 1 32.90657590659904
7 2 33.463891196691236
7 3 32.48772916420926
7 4 32.097885691311745
7 5 31.746884462677805
7 6 30.80648194030803
7 7 34.133307268542104
7 8 34.50979450003836
7 9 34.43288334077263
7 10 37.77160080775329
7 11 35.32016345099258
7 12 37.84133361397965
7 13 35.56552842405432
7 14 32.5434237902482
7 15 30.83448755058221
7 16 36.26478694613459
7 17 31.897150223413163
7 18 33.9002010020708
7 19 32.55934793691962
7 20 34.25882526104269
7 21 31.93776441214473
7 22 31.49880892683715
7 23 32.62828091940644
7 24 32.633757494292915
7 25 33.19606508454923
7 26 28.964523475682366
7 27 30.65333602161776
7 28 31.150273435898523
7 29 32.31216322064208
8 0 32.42109076563728
8 1 30.134999681779163
8 2 31.370052957416473
8 3 33.88003727341036
8 4 33.95108449141643
8 5 34.26205063069354
8 6 31.866923362936458
8 7 32.23019219087529
8 8 34.380195934970274
8 9 34.39578463208834
8 10 35.57492082723825
8 11 33.72747351425173
8 12 37.0906396121268
8 13 34.78923098734587
8 14 34.743720932795824
8 15 34.09559921036861
8 16 32.04968688266652
8 17 33.844105253008514
8 18 31.036244397610805
8 19 33.436443838998656
8 20 30.03555732539277
8 21 34.45061671099638
8 22 30.62301014103322
8 23 34.14812524377503
8 24 32.924379793357495
8 25 31.53851447860374
8 26 31.885368269165422
8 27 30.604964168950602
8 28 30.069873636286804
8 29 31.621014675511184
9 0 33.29307107646567
9 1 33.83004489098383
9 2 32.91151138382573
9 3 34.80617158746603
9 4 34.44180696827454
9 5 33.05393982056302
9 6 31.939729432702055
9 7 32.14905110892283
9 8 33.142139223312334
9 9 34.24976043848312
9 10 33.05967952470825
9 11 33.19268888098067
9 12 32.99106179016693
9 13 35.38482253044702
9 14 33.03492328245444
9 15 35.787932244027004
9 16 36.411902967419245
9 17 34.993231042935385
9 18 33.92397572345097
9 19 32.04895008341081
9 20 30.188146797187798
9 21 32.09165078098039
9 22 29.92430741530294
9 23 31.03323865359371
9 24 30.46640437776204
9 25 31.468919185622934
9 26 34.91359022659529
9 27 32.6471319240594
9 28 31.1257658734547
9 29 31.08965208703544
10 0 30.266540422160812
10 1 29.93583437834273
10 2 31.095377445531796
10 3 35.30901659982056
10 4 32.093672981446126
10 5 30.98261960049231
10 6 30.409553391194613
10 7 30.77367542769217
10 8 32.03592071109732
10 9 34.386449155423364
10 10 33.11220209597428
10 11 32.53002779822337
10 12 15.133100570848127
10 13 32.158356343936184
10 14 37.54479601885013
10 15 33.536040282898185
10 16 33.745779097852875
10 17 30.29626945853052
10 18 35.869778794786754
10 19 30.887063732107976
10 20 33.4865327869367
10 21 33.20903824724769
10 22 30.705792646811503
10 23 33.59141941644806
10 24 32.9987299212261
10 25 32.732804271159054
10 26 29.979762931503892
10 27 31.832306602399317
10 28 30.13344265110025
10 29 28.579753372043825
11 0 33.63223236366128
11 1 30.719915878595515
11 2 32.92667192287712
11 3 32.38342759818664
11 4 30.4224112850565
11 5 33.423564095158234
11 6 33.04135809009184
11 7 35.65212540957979
11 8 34.79145823138791
11 9 34.19285507684883
11 10 36.70625459104639
11 11 31.75333806482724
11 12 33.32422694499258
11 13 36.2653612014561
11 14 32.85659689067259
11 15 31.66445574898554
11 16 32.766924499965306
11 17 31.149604822512213
11 18 35.083275000421686
11 19 34.14798073430433
11 20 30.562622355381304
11 21 31.189444813333377
11 22 33.281732190954536
11 23 31.100930584892513
11 24 31.924637622893407
11 25 31.257930959390347
11 26 29.826560500123204
11 27 32.364667990955574
11 28 29.284773801695472
11 29 33.725123027787696
12 0 30.102676308251848
12 1 34.46955458662941
12 2 33.045343595577386
12 3 33.615619180328046
12 4 28.835782037190523
12 5 32.34657446841649
12 6 34.87168331425534
12 7 32.344412045909486
12 8 33.012468857118385
12 9 31.859742239463394
12 10 36.6696016156006
12 11 35.62741226401358
12 12 34.12419612055612
12 13 34.83557637267803
12 14 31.372997950207772
12 15 36.503025822111425
12 16 35.73659329425102
12 17 32.28722838228389
12 18 32.04386857941926
12 19 33.27700009996476
12 20 33.95113832146436
12 21 32.29239435499254
12 22 33.603411833148414
12 23 32.41928557860287
12 24 33.58119554245678
12 25 32.57246007789227
12 26 31.703239980097678
12 27 29.611496978340295
12 28 31.81014552246982
12 29 31.69172655262871
13 0 31.18420354766821
13 1 33.04381116149043
13 2 33.41499890966299
13 3 33.605195209644485
13 4 32.107880494039016
13 5 32.80701668276309
13 6 31.650629480078745
13 7 34.80861743040213
13 8 33.25413866418302
13 9 31.13942865675307
13 10 36.45156822811232
13 11 33.790581559880096
13 12 34.621178299649905
13 13 34.768857659359824
13 14 36.88978585065268
13 15 34.99177775796077
13 16 31.546162887471393
13 17 31.57550987069187
13 18 33.15649483017472
13 19 31.940264914832987
13 20 34.1522976569155
13 21 33.38746307311072
13 22 32.476506124670394
13 23 29.566968439169276
13 24 31.099527386057765
13 25 28.96578474293731
13 26 31.76717614396798
13 27 31.96824468210129
13 28 30.903526519533745
13 29 30.15130498951664
14 0 31.78917815019509
14 1 29.273459528919595
14 2 31.35890197964639
14 3 30.51519270569235
14 4 29.300983323656357
14 5 33.447402403846795
14 6 32.25941671705834
14 7 32.28460851777801
14 8 32.413539285434716
14 9 31.600335952534383
14 10 32.58620006264518
14 11 35.257977239728355
14 12 34.00711511509612
14 13 35.42034616427861
14 14 36.04317215059086
14 15 35.92521762003942
14 16 33.83110126438202
14 17 32.079418391910274
14 18 32.610497698028325
14 19 32.04810019947303
14 20 31.39820579249493
14 21 33.19646097261629
14 22 33.06195903073922
14 23 31.417731458087754
14 24 32.436622522136496
14 25 32.994521898364766
14 26 31.184211382762353
14 27 31.460145854270838
14 28 31.46452832463849
14 29 33.06355951198377
15 0 31.124223548165162
15 1 31.913462981081643
15 2 34.314429453919026
15 3 31.655769779357406
15 4 33.457498054968646
15 5 34.473825221593536
15 6 33.53117093008129
15 7 33.33588682190923
15 8 32.252975122102505
15 9 31.961955840007455
15 10 31.698875328817362
15 11 33.68125326892282
15 12 34.57396158695109
15 13 31.875265804193937
15 14 34.86598132021237
15 15 32.66398182956207
15 16 32.039522551599816
15 17 36.46409050652507
15 18 33.02220195360445
15 19 34.43474886778484
15 20 31.736278131571353
15 21 32.92544668272964
15 22 35.076714842868164
15 23 32.175116007669494
15 24 31.521812372493837
15 25 29.91163516912055
15 26 33.404781408906196
15 27 30.298348095615005
15 28 28.296471725604512
15 29 31.349379275514433
16 0 32.71770804727688
16 1 32.125707127645214
16 2 32.22105250290132
16 3 32.46603805906238
16 4 32.42667996195926
16 5 33.34778230410603
16 6 31.259702738468263
16 7 31.831833362679085
16 8 32.46215438641051
16 9 29.821793116829255
16 10 36.26141434574316
16 11 34.85999045520424
16 12 30.774869453105513
16 13 35.788130494729685
16 14 33.83110126438202
16 15 32.11958016029039
16 16 33.7462095069012
16 17 35.61263903162255
16 18 33.910886719187985
16 19 34.10826059061134
16 20 33.76355694137196
16 21 33.157834696047495
16 22 29.709324007919108
16 23 34.07616663486544
16 24 34.245167046617844
16 25 29.879679480798696
16 26 32.211677031342276
16 27 34.4256064163089
16 28 30.304385430212164
16 29 31.55161641448811
17 0 32.99532254445866
17 1 32.39607219682557
17 2 33.26885467241305
17 3 32.192886401463284
17 4 33.126386094153325
17 5 32.1822523448347
17 6 33.97188966457167
17 7 34.02079490095535
17 8 33.73948136284257
17 9 33.96969676157224
17 10 35.78471145469009
17 11 34.8792129017852
17 12 30.41828992004118
17 13 31.57550987069187
17 14 28.966320342255084
17 15 33.091511165511385
17 16 37.45373091637386
17 17 31.838676781961095
17 18 33.08070373754601
17 19 32.00386283707761
17 20 34.863348996075175
17 21 34.18671219503812
17 22 31.138306643333614
17 23 31.01265385675212
17 24 32.12275590952947
17 25 33.362460438764096
17 26 31.753879606609665
17 27 31.434859685741777
17 28 30.955211535345313
17 29 31.911468722999746
18 0 32.32137942666058
18 1 31.589987462545164
18 2 31.55388763692625
18 3 32.26275891707689
18 4 32.57087106875143
18 5 32.939818650183405
18 6 34.07503665336194
18 7 32.97057348475669
18 8 30.232311819997594
18 9 31.605322134668647
18 10 30.03089410066946
18 11 34.17836715629182
18 12 32.04386857941926
18 13 36.08351483934053
18 14 33.963112410386515
18 15 33.18103677709945
18 16 34.611629150896
18 17 34.693307390994185
18 18 32.76826779788651
18 19 34.28681408304403
18 20 35.16236001323362
18 21 37.256747755448096
18 22 33.97730319049446
18 23 30.934099185640974
18 24 33.30236632579123
18 25 29.45174484677364
18 26 32.863918974139516
18 27 29.757801642744337
18 28 28.79541751642521
18 29 32.8723106522051
19 0 31.258946926214367
19 1 30.648445137511064
19 2 32.26432927568421
19 3 30.512318153618065
19 4 35.01078306675575
19 5 33.22570042924403
19 6 29.976515151118576
19 7 31.57858992833895
19 8 32.461282201247116
19 9 33.59970179429108
19 10 32.97641616373231
19 11 34.14798073430433
19 12 34.54552924195982
19 13 35.87095193027438
19 14 34.97054807745075
19 15 35.868049750403934
19 16 35.457490151036545
19 17 30.653370956917264
19 18 33.08242846452144
19 19 29.84048637417605
19 20 36.097190632128196
19 21 34.447586948490965
19 22 33.838267594930166
19 23 33.45183733517116
19 24 29.545014934895594
19 25 29.837963418702977
19 26 33.26562729308983
19 27 33.12061131596521
19 28 29.854441595954583
19 29 30.75427820070613
20 0 31.670738135808165
20 1 34.10696982605005
20 2 31.168431390788765
20 3 32.58411631280021
20 4 34.110155069011
20 5 31.6232176856859
20 6 34.972714294483
20 7 32.9400134843623
20 8 31.185016000255413
20 9 29.664353841340485
20 10 33.4865327869367
20 11 32.05605963917904
20 12 30.57903267033872
20 13 29.93917943389786
20 14 32.63307006563543
20 15 33.476859035342464
20 16 33.97105722931109
20 17 32.400148496898524
20 18 14.703411823494854
20 19 34.92582038606623
20 20 34.426015446345424
20 21 33.2835618972992
20 22 33.278363936790115
20 23 36.413026143251685
20 24 32.919257496441
20 25 31.703564791987986
20 26 33.284302045664006
20 27 30.02670348038792
20 28 33.385885159295
20 29 29.008390284126037
21 0 31.041123937297453
21 1 32.73567364538108
21 2 30.973602976720777
21 3 31.557759430230785
21 4 31.62276581642015
21 5 32.28024074443242
21 6 31.527163890909033
21 7 32.960769004744805
21 8 34.26986799627186
21 9 32.09165078098039
21 10 31.2315988318954
21 11 30.64840005139148
21 12 35.28756844672228
21 13 32.20350850393583
21 14 35.30388073651543
21 15 34.67017216846333
21 16 34.74047556010019
21 17 34.25845881025968
21 18 30.881040516446006
21 19 30.111421347216453
21 20 31.131705580670076
21 21 34.3085078835055
21 22 36.323022700530835
21 23 34.943001089491474
21 24 33.493751757818806
21 25 31.218609465952497
21 26 32.9157918220108
21 27 31.090709162409716
21 28 29.13335999817864
21 29 32.097370178184704
22 0 31.89218913036093
22 1 32.52495051058303
22 2 33.034746330944714
22 3 31.65621501574128
22 4 33.421601215744424
22 5 30.4213463908003
22 6 33.46100217694668
22 7 32.94474391495779
22 8 30.62301014103322
22 9 32.854859889593186
22 10 31.199032430372206
22 11 30.46914038142913
22 12 33.87604243871967
22 13 30.943181945612775
22 14 31.690003450438343
22 15 35.739459637419074
22 16 33.376170023294186
22 17 34.444180271605205
22 18 34.15540913922797
22 19 31.04875720626566
22 20 34.42606480944445
22 21 33.04390090148854
22 22 32.832048726534296
22 23 31.174981992893432
22 24 30.5929743994503
22 25 28.05866522110612
22 26 29.6519112080337
22 27 30.24378972321326
22 28 29.467789547906534
22 29 31.470528076999297
23 0 33.065757886254886
23 1 30.07683546040099
23 2 32.05658527076956
23 3 33.288002919335604
23 4 29.984401062848924
23 5 34.496529489919276
23 6 30.927980307419435
23 7 32.62828091940644
23 8 32.84550980821952
23 9 30.31530481749445
23 10 32.835081873575554
23 11 31.750308369194013
23 12 33.51827813671093
23 13 33.076478712327535
23 14 30.87837196909808
23 15 34.57949004594376
23 16 34.37930577367171
23 17 32.5495089431665
23 18 33.549236461101586
23 19 33.9888047399924
23 20 32.90532094910866
23 21 33.88241276922114
23 22 35.349221933932505
23 23 30.334600492090004
23 24 29.396326077269087
23 25 31.283165926306346
23 26 29.790079421106917
23 27 31.529645999059
23 28 29.739934216914026
23 29 28.70573642943988
24 0 31.10423615716091
24 1 30.767593518246077
24 2 30.9820501618939
24 3 31.640077576645737
24 4 29.805581891427924
24 5 31.938769422068713
24 6 32.44335684621804
24 7 31.409592206984826
24 8 33.97285455913531
24 9 34.3645103549116
24 10 30.857181140047953
24 11 32.82418218253393
24 12 32.224427683234794
24 13 33.371260204459155
24 14 32.88741912949665
24 15 33.77655617933945
24 16 32.305148533679436
24 17 32.285014933066414
24 18 34.00444777745272
24 19 30.93961233904324
24 20 32.16281149382363
24 21 32.09894900238439
24 22 30.997079462800972
24 23 30.842743563121985
24 24 28.65867793708904
24 25 27.96273878712296
24 26 27.651853177082415
24 27 29.27326603907091
24 28 31.412503043655448
24 29 29.580488772788236
25 0 28.75730480681027
25 1 30.45636408442909
25 2 31.377996741091998
25 3 33.285225437575846
25 4 31.52872556548875
25 5 31.06122705693314
25 6 33.88680983850641
25 7 32.17116344755572
25 8 32.39592211387753
25 9 35.45827121715211
25 10 32.3834565614515
25 11 32.83327673754146
25 12 31.662618947703027
25 13 32.57427278634223
25 14 35.09033326946797
25 15 32.142315903921485
25 16 33.17437784210934
25 17 33.9311723919159
25 18 33.39549823157705
25 19 31.45808474427344
25 20 33.23271430102724
25 21 30.63682914506744
25 22 29.384767670951398
25 23 29.682959680244057
25 24 28.281859369896747
25 25 10.66050758356563
25 26 25.428445285533353
25 27 27.63824065762713
25 28 28.707856545793952
25 29 28.109204001722336
26 0 31.199657083644084
26 1 27.30633794817158
26 2 32.414370541284306
26 3 32.794333264622296
26 4 30.78329478796123
26 5 30.760972986329
26 6 30.87897559071167
26 7 32.40492885291528
26 8 32.20385877158671
26 9 32.23329123512693
26 10 32.25453840986715
26 11 31.248352410717004
26 12 30.62261081741568
26 13 31.77260588841157
26 14 33.0587992249662
26 15 33.14621082402144
26 16 32.73591603074828
26 17 33.24257617011485
26 18 29.914546346704853
26 19 35.471485990808674
26 20 32.426103474168485
26 21 32.09123145550694
26 22 32.52094036689881
26 23 26.819391148624312
26 24 29.92558500900451
26 25 24.682040825993326
26 26 30.24347540235159
26 27 29.110718524602934
26 28 30.896677988761162
26 29 29.64124980821399
27 0 31.57740498938758
27 1 31.179163512043836
27 2 32.69558288317385
27 3 31.49014176900421
27 4 29.272705007577212
27 5 28.679478341989626
27 6 32.60867390706208
27 7 29.980295137277004
27 8 31.409202127682686
27 9 31.983663388429797
27 10 31.081761781399464
27 11 31.599772169780568
27 12 33.0369465496984
27 13 31.71718892540575
27 14 30.43899148707232
27 15 31.890764287713395
27 16 30.75488781704508
27 17 29.65141029010945
27 18 33.25494119605767
27 19 29.382678489569393
27 20 30.30594842765822
27 21 33.45154046511467
27 22 31.27662268671159
27 23 30.72105379619481
27 24 29.808365180387284
27 25 29.784988207129192
27 26 28.02437479129374
27 27 32.25998295331585
27 28 27.88957031596187
27 29 30.241075948927133
28 0 30.010731871671666
28 1 32.05588351226503
28 2 31.260274636748047
28 3 31.186255996252445
28 4 30.66488165310679
28 5 29.68929635587103
28 6 31.712419335872337
28 7 30.196701303194263
28 8 35.22208866650887
28 9 30.31547313978272
28 10 32.27641712420419
28 11 32.84289524852576
28 12 30.058838047505336
28 13 31.725586386431008
28 14 31.042282997243447
28 15 31.811174628135156
28 16 30.394978195057032
28 17 29.23295973722071
28 18 31.216295781405726
28 19 32.43968718093057
28 20 29.667898044839802
28 21 30.16510283890382
28 22 27.472725325144626
28 23 30.04399335777421
28 24 32.722465569734126
28 25 26.679096428664074
28 26 31.102986733019897
28 27 29.059616204768076
28 28 28.795015068091075
28 29 29.121386082470302
29 0 30.612022346220716
29 1 31.015187898803177
29 2 33.258457744487636
29 3 30.52019812104456
29 4 33.36455026626345
29 5 31.567259065490155
29 6 30.906279579272237
29 7 31.331300108796814
29 8 31.710942921382266
29 9 32.70537049569449
29 10 31.100221143477093
29 11 30.84659112275488
29 12 31.01507918499344
29 13 32.9918049627908
29 14 33.1110607428201
29 15 29.757117461181124
29 16 31.302629697426113
29 17 30.51034986616393
29 18 32.831508045888825
29 19 31.191040192712226
29 20 32.97339116981075
29 21 31.50789319277008
29 22 32.37970194580017
29 23 31.16780311552488
29 24 27.705219829499075
29 25 30.696693870646122
29 26 29.782622710554424
29 27 31.535946865046714
29 28 32.19524250356067
29 29 28.772125300112332
