0 0 1.1717749663697496
0 1 1.0027833016685994
0 2 1.0084820671541193
0 3 0
0 4 0.9923694394041417
0 5 1.2230907250260965
0 6 1.04491813883534
0 7 0
0 8 0
0 9 1.1385537732587463
0 10 0
0 11 1.3025846222840487
0 12 1.146889835793752
0 13 0
0 14 0
0 15 0.9901327461936764
0 16 1.0739489725655171
0 17 1.3862687122175266
0 18 1.1954390149669274
0 19 1.2557506171109665
0 20 1.3354420453340485
0 21 0
0 22 0
0 23 1.232880765682132
0 24 0
0 25 0
0 26 0
0 27 0.9842761104848093
0 28 1.1991880647154027
0 29 1.1216246391673577
1 0 1.0027833016685994
1 1 1.132475838788096
1 2 0
1 3 1.0580283085968551
1 4 0.9933032313101499
1 5 0
1 6 0
1 7 1.2645969248481903
1 8 1.157813207306274
1 9 1.2969129695852626
1 10 1.4446895200321377
1 11 1.3460139837021858
1 12 1.2098825703813343
1 13 1.4811058489320001
1 14 0
1 15 1.3720232169643105
1 16 0
1 17 1.0867427523626274
1 18 1.0816448896865691
1 19 1.2409661882377954
1 20 0
1 21 1.0298881196176803
1 22 1.1550048520662906
1 23 1.1238897252421585
1 24 1.1408130328313613
1 25 1.0801873843413754
1 26 0
1 27 1.1090287888682173
1 28 0
1 29 1.1831333925114165
2 0 1.0084820671541193
2 1 0
2 2 1.1924098254357585
2 3 1.130145199027714
2 4 1.1724992308212399
2 5 1.270378760272816
2 6 1.2922921019094358
2 7 1.3451983869086794
2 8 1.1059706503273234
2 9 0
2 10 1.414753564612402
2 11 1.0888216867721539
2 12 1.2004543319923242
2 13 0
2 14 1.3428457231433433
2 15 1.2141609050585067
2 16 1.1579095461011555
2 17 0
2 18 1.172360547485859
2 19 0.9691548452701275
2 20 1.196345957211874
2 21 1.167157082479522
2 22 0.9332377458154512
2 23 1.2650335177924552
2 24 1.0903865262911394
2 25 0
2 26 1.3637992084324537
2 27 1.294059445045988
2 28 1.003716171977727
2 29 1.1523520778200442
3 0 0
3 1 1.0580283085968551
3 2 1.130145199027714
3 3 1.263404473074473
3 4 1.2680903269203572
3 5 1.166092069100036
3 6 0
3 7 1.1910750614007004
3 8 1.4476020647865488
3 9 1.214773147611795
3 10 1.126619325933559
3 11 1.3435706850752174
3 12 1.109941927672049
3 13 1.279684809099538
3 14 1.1641817144586637
3 15 0
3 16 1.1729335627360071
3 17 1.3614575669165683
3 18 1.5413248377810695
3 19 1.3505426594366858
3 20 0
3 21 0
3 22 0
3 23 1.052326500774829
3 24 0.9807457539026516
3 25 1.1471812174538203
3 26 1.049498303218511
3 27 0
3 28 1.1233012034899033
3 29 0
4 0 0.9923694394041417
4 1 0.9933032313101499
4 2 1.1724992308212399
4 3 1.2680903269203572
4 4 1.2128586838128261
4 5 1.2629045506746173
4 6 0
4 7 1.1795744703918287
4 8 0
4 9 1.3625467581000192
4 10 0
4 11 1.1665761378099486
4 12 0
4 13 0
4 14 1.2884121307552827
4 15 0
4 16 1.4901424702088912
4 17 1.2213183305896194
4 18 1.1398056478618201
4 19 1.276353963560604
4 20 1.0587590146251757
4 21 1.2688056537696217
4 22 1.2300151196087794
4 23 1.200358470370725
4 24 1.0974538178589384
4 25 1.2545436086702255
4 26 1.2599886703823666
4 27 1.5280529202153696
4 28 1.1809261327564202
4 29 1.1229383868862162
5 0 1.2230907250260965
5 1 0
5 2 1.270378760272816
5 3 1.166092069100036
5 4 1.2629045506746173
5 5 0
5 6 1.2466939735872704
5 7 1.2836470541982414
5 8 0
5 9 0
5 10 1.2813826205703522
5 11 1.1529036775396035
5 12 1.2143078374169987
5 13 0
5 14 1.3096727189472774
5 15 1.2060861572073904
5 16 1.149298075459914
5 17 1.3784223192815845
5 18 0
5 19 1.231406840607052
5 20 1.1367377149803353
5 21 1.2396237266518921
5 22 1.4391107773576297
5 23 1.156799508587991
5 24 1.1825570496274116
5 25 0
5 26 1.2031880223504652
5 27 1.3661885407860779
5 28 1.05696376206626
5 29 1.2722665941767517
6 0 1.04491813883534
6 1 0
6 2 1.2922921019094358
6 3 0
6 4 0
6 5 1.2466939735872704
6 6 0
6 7 0
6 8 1.3270555999995715
6 9 0
6 10 0
6 11 0
6 12 0
6 13 1.2305743168693237
6 14 0
6 15 1.468635781491325
6 16 1.3534356988851486
6 17 0
6 18 0
6 19 1.239232420056888
6 20 0
6 21 1.0816976003509156
6 22 1.1437034807380788
6 23 1.242232269195615
6 24 1.1525869366336987
6 25 1.1560897924737825
6 26 1.213307867729035
6 27 1.1001955572627926
6 28 1.1967148491228778
6 29 1.3378625566844478
7 0 0
7 1 1.2645969248481903
7 2 1.3451983869086794
7 3 1.1910750614007004
7 4 1.1795744703918287
7 5 1.2836470541982414
7 6 0
7 7 0
7 8 1.277168270098513
7 9 0
7 10 1.421725129316239
7 11 1.2648944813286134
7 12 0
7 13 1.195318189284137
7 14 0
7 15 1.194019021549989
7 16 0
7 17 1.2307028429842233
7 18 0
7 19 1.177171448609143
7 20 1.2334063376053699
7 21 0
7 22 0
7 23 1.1608288853201538
7 24 0
7 25 1.2451291858768372
7 26 1.0294079474742077
7 27 0
7 28 0.9325433341014315
7 29 1.1072240759340604
8 0 0
8 1 1.157813207306274
8 2 1.1059706503273234
8 3 1.4476020647865488
8 4 0
8 5 0
8 6 1.3270555999995715
8 7 1.277168270098513
8 8 0
8 9 1.2913310427513396
8 10 1.3838191238936217
8 11 1.3429106532395938
8 12 1.2466573382874804
8 13 1.243865593845608
8 14 0
8 15 1.2384045380293291
8 16 0
8 17 1.0824423405936128
8 18 0
8 19 0
8 20 0
8 21 1.180993579572079
8 22 1.2153729506018536
8 23 1.1857858509023107
8 24 0
8 25 0
8 26 1.3310976770164171
8 27 1.1776393465141641
8 28 1.1489240343076204
8 29 0
9 0 1.1385537732587463
9 1 1.2969129695852626
9 2 0
9 3 1.214773147611795
9 4 1.3625467581000192
9 5 0
9 6 0
9 7 0
9 8 1.2913310427513396
9 9 0
9 10 1.2760652909868166
9 11 1.2237615617879638
9 12 0
9 13 1.5085727928389951
9 14 1.5381345932158492
9 15 1.1629866536039666
9 16 1.3039247084513055
9 17 1.2730231636697238
9 18 1.3256788242656297
9 19 1.1103155411056636
9 20 0
9 21 0
9 22 1.208356730164651
9 23 1.108502878904366
9 24 0
9 25 1.1933530493552995
9 26 0
9 27 1.3123886208975137
9 28 1.3352530753372323
9 29 1.1696586501378237
10 0 0
10 1 1.4446895200321377
10 2 1.414753564612402
10 3 1.126619325933559
10 4 0
10 5 1.2813826205703522
10 6 0
10 7 1.421725129316239
10 8 1.3838191238936217
10 9 1.2760652909868166
10 10 0
10 11 1.357172256371846
10 12 1.3741153303157365
10 13 1.349802585872961
10 14 1.1963291327775176
10 15 0
10 16 1.3498637732854621
10 17 0
10 18 0
10 19 0
10 20 0
10 21 1.1586260310289
10 22 0
10 23 1.021448854189366
10 24 0
10 25 1.17679418684193
10 26 1.1297733387773095
10 27 1.2510141447798422
10 28 1.1070981238147724
10 29 1.340773492036198
11 0 1.3025846222840487
11 1 1.3460139837021858
11 2 1.0888216867721539
11 3 1.3435706850752174
11 4 1.1665761378099486
11 5 1.1529036775396035
11 6 0
11 7 1.2648944813286134
11 8 1.3429106532395938
11 9 1.2237615617879638
11 10 1.357172256371846
11 11 1.406532664378934
11 12 1.1921158112654928
11 13 1.1968121861743983
11 14 0
11 15 1.2070775695053662
11 16 1.1415505621265412
11 17 1.3948603724248658
11 18 1.1774050625328398
11 19 0
11 20 0
11 21 1.2079073139302627
11 22 1.192666851223344
11 23 1.1407640842194526
11 24 0
11 25 0
11 26 1.605456257812768
11 27 0
11 28 1.3178370017234915
11 29 1.1847514805662924
12 0 1.146889835793752
12 1 1.2098825703813343
12 2 1.2004543319923242
12 3 1.109941927672049
12 4 0
12 5 1.2143078374169987
12 6 0
12 7 0
12 8 1.2466573382874804
12 9 0
12 10 1.3741153303157365
12 11 1.1921158112654928
12 12 1.3324709889389823
12 13 1.39937609164779
12 14 0
12 15 1.3780595137417628
12 16 1.1591725710346024
12 17 0
12 18 1.182910901506403
12 19 0
12 20 1.200626833260818
12 21 0
12 22 1.1355069534147846
12 23 1.2379893673880278
12 24 1.1560390928544144
12 25 1.162353596074543
12 26 0
12 27 0
12 28 0
12 29 1.2319029482548223
13 0 0
13 1 1.4811058489320001
13 2 0
13 3 1.279684809099538
13 4 0
13 5 0
13 6 1.2305743168693237
13 7 1.195318189284137
13 8 1.243865593845608
13 9 1.5085727928389951
13 10 1.349802585872961
13 11 1.1968121861743983
13 12 1.39937609164779
13 13 0
13 14 1.246515158396682
13 15 0
13 16 0
13 17 1.3640740927877975
13 18 0
13 19 1.2062112236953948
13 20 0
13 21 0
13 22 1.3547477728309945
13 23 1.1307643821948319
13 24 0
13 25 1.2700070806870511
13 26 0
13 27 1.2776588197931016
13 28 1.1603314354491763
13 29 0
14 0 0
14 1 0
14 2 1.3428457231433433
14 3 1.1641817144586637
14 4 1.2884121307552827
14 5 1.3096727189472774
14 6 0
14 7 0
14 8 0
14 9 1.5381345932158492
14 10 1.1963291327775176
14 11 0
14 12 0
14 13 1.246515158396682
14 14 1.3408545520785664
14 15 1.3075878565242138
14 16 0
14 17 0
14 18 0
14 19 0
14 20 0
14 21 1.1182246728123337
14 22 1.0870139992691257
14 23 0
14 24 1.1822857602579544
14 25 0
14 26 1.1662465178571557
14 27 0
14 28 1.0927974816540922
14 29 1.2391171412661286
15 0 0.9901327461936764
15 1 1.3720232169643105
15 2 1.2141609050585067
15 3 0
15 4 0
15 5 1.2060861572073904
15 6 1.468635781491325
15 7 1.194019021549989
15 8 1.2384045380293291
15 9 1.1629866536039666
15 10 0
15 11 1.2070775695053662
15 12 1.3780595137417628
15 13 0
15 14 1.3075878565242138
15 15 1.3061400680903956
15 16 0
15 17 1.199599382366507
15 18 1.1951364315531108
15 19 1.3500518058935806
15 20 0
15 21 1.2652079817713566
15 22 0
15 23 0
15 24 0
15 25 1.1880680633562897
15 26 0
15 27 0
15 28 0
15 29 1.1797238999423254
16 0 1.0739489725655171
16 1 0
16 2 1.1579095461011555
16 3 1.1729335627360071
16 4 1.4901424702088912
16 5 1.149298075459914
16 6 1.3534356988851486
16 7 0
16 8 0
16 9 1.3039247084513055
16 10 1.3498637732854621
16 11 1.1415505621265412
16 12 1.1591725710346024
16 13 0
16 14 0
16 15 0
16 16 0
16 17 0
16 18 1.2806129759469376
16 19 1.26500698030722
16 20 1.1729890446444817
16 21 0
16 22 0
16 23 0
16 24 0
16 25 1.284661607996034
16 26 0
16 27 1.0704928050580986
16 28 0
16 29 0
17 0 1.3862687122175266
17 1 1.0867427523626274
17 2 0
17 3 1.3614575669165683
17 4 1.2213183305896194
17 5 1.3784223192815845
17 6 0
17 7 1.2307028429842233
17 8 1.0824423405936128
17 9 1.2730231636697238
17 10 0
17 11 1.3948603724248658
17 12 0
17 13 1.3640740927877975
17 14 0
17 15 1.199599382366507
17 16 0
17 17 1.358742640106949
17 18 1.182085426898117
17 19 1.338370616797327
17 20 1.2026297674316693
17 21 0
17 22 0
17 23 1.3994837588545361
17 24 1.1699204168915698
17 25 0
17 26 0
17 27 1.1225109780181248
17 28 0
17 29 0
18 0 1.1954390149669274
18 1 1.0816448896865691
18 2 1.172360547485859
18 3 1.5413248377810695
18 4 1.1398056478618201
18 5 0
18 6 0
18 7 0
18 8 0
18 9 1.3256788242656297
18 10 0
18 11 1.1774050625328398
18 12 1.182910901506403
18 13 0
18 14 0
18 15 1.1951364315531108
18 16 1.2806129759469376
18 17 1.182085426898117
18 18 0
18 19 0
18 20 1.1598508483711607
18 21 0
18 22 1.2800831060471773
18 23 0
18 24 1.2339458928447413
18 25 0
18 26 1.1445978056102126
18 27 1.0970681685529347
18 28 1.2722386296757664
18 29 1.0489649156211684
19 0 1.2557506171109665
19 1 1.2409661882377954
19 2 0.9691548452701275
19 3 1.3505426594366858
19 4 1.276353963560604
19 5 1.231406840607052
19 6 1.239232420056888
19 7 1.177171448609143
19 8 0
19 9 1.1103155411056636
19 10 0
19 11 0
19 12 0
19 13 1.2062112236953948
19 14 0
19 15 1.3500518058935806
19 16 1.26500698030722
19 17 1.338370616797327
19 18 0
19 19 0
19 20 1.4931642132350489
19 21 0
19 22 0
19 23 1.3713217732784475
19 24 1.2114919868186833
19 25 0
19 26 0
19 27 0
19 28 0
19 29 1.165744253744846
20 0 1.3354420453340485
20 1 0
20 2 1.196345957211874
20 3 0
20 4 1.0587590146251757
20 5 1.1367377149803353
20 6 0
20 7 1.2334063376053699
20 8 0
20 9 0
20 10 0
20 11 0
20 12 1.200626833260818
20 13 0
20 14 0
20 15 0
20 16 1.1729890446444817
20 17 1.2026297674316693
20 18 1.1598508483711607
20 19 1.4931642132350489
20 20 0
20 21 0
20 22 0
20 23 0
20 24 1.323087444525995
20 25 0
20 26 0
20 27 1.289490514631305
20 28 0
20 29 1.0753210950952872
21 0 0
21 1 1.0298881196176803
21 2 1.167157082479522
21 3 0
21 4 1.2688056537696217
21 5 1.2396237266518921
21 6 1.0816976003509156
21 7 0
21 8 1.180993579572079
21 9 0
21 10 1.1586260310289
21 11 1.2079073139302627
21 12 0
21 13 0
21 14 1.1182246728123337
21 15 1.2652079817713566
21 16 0
21 17 0
21 18 0
21 19 0
21 20 0
21 21 0
21 22 1.3997343850740502
21 23 1.2033825202511759
21 24 0
21 25 1.298160283178151
21 26 0
21 27 0
21 28 1.2118440707583336
21 29 0.968318016857557
22 0 0
22 1 1.1550048520662906
22 2 0.9332377458154512
22 3 0
22 4 1.2300151196087794
22 5 1.4391107773576297
22 6 1.1437034807380788
22 7 0
22 8 1.2153729506018536
22 9 1.208356730164651
22 10 0
22 11 1.192666851223344
22 12 1.1355069534147846
22 13 1.3547477728309945
22 14 1.0870139992691257
22 15 0
22 16 0
22 17 0
22 18 1.2800831060471773
22 19 0
22 20 0
22 21 1.3997343850740502
22 22 0
22 23 1.3736493481063095
22 24 1.336484058973793
22 25 0
22 26 1.1873690792539506
22 27 0
22 28 0
22 29 1.023297750018964
23 0 1.232880765682132
23 1 1.1238897252421585
23 2 1.2650335177924552
23 3 1.052326500774829
23 4 1.200358470370725
23 5 1.156799508587991
23 6 1.242232269195615
23 7 1.1608288853201538
23 8 1.1857858509023107
23 9 1.108502878904366
23 10 1.021448854189366
23 11 1.1407640842194526
23 12 1.2379893673880278
23 13 1.1307643821948319
23 14 0
23 15 0
23 16 0
23 17 1.3994837588545361
23 18 0
23 19 1.3713217732784475
23 20 0
23 21 1.2033825202511759
23 22 1.3736493481063095
23 23 0
23 24 1.3157409453395605
23 25 0
23 26 0
23 27 1.128796626831209
23 28 1.3583758405072088
23 29 1.2602549611668756
24 0 0
24 1 1.1408130328313613
24 2 1.0903865262911394
24 3 0.9807457539026516
24 4 1.0974538178589384
24 5 1.1825570496274116
24 6 1.1525869366336987
24 7 0
24 8 0
24 9 0
24 10 0
24 11 0
24 12 1.1560390928544144
24 13 0
24 14 1.1822857602579544
24 15 0
24 16 0
24 17 1.1699204168915698
24 18 1.2339458928447413
24 19 1.2114919868186833
24 20 1.323087444525995
24 21 0
24 22 1.336484058973793
24 23 1.3157409453395605
24 24 1.1005729308127428
24 25 1.0285225282804564
24 26 0
24 27 1.2254415469660762
24 28 0.9574759318161595
24 29 0
25 0 0
25 1 1.0801873843413754
25 2 0
25 3 1.1471812174538203
25 4 1.2545436086702255
25 5 0
25 6 1.1560897924737825
25 7 1.2451291858768372
25 8 0
25 9 1.1933530493552995
25 10 1.17679418684193
25 11 0
25 12 1.162353596074543
25 13 1.2700070806870511
25 14 0
25 15 1.1880680633562897
25 16 1.284661607996034
25 17 0
25 18 0
25 19 0
25 20 0
25 21 1.298160283178151
25 22 0
25 23 0
25 24 1.0285225282804564
25 25 0
25 26 0
25 27 1.1046610664344767
25 28 0
25 29 1.0661321931515977
26 0 0
26 1 0
26 2 1.3637992084324537
26 3 1.049498303218511
26 4 1.2599886703823666
26 5 1.2031880223504652
26 6 1.213307867729035
26 7 1.0294079474742077
26 8 1.3310976770164171
26 9 0
26 10 1.1297733387773095
26 11 1.605456257812768
26 12 0
26 13 0
26 14 1.1662465178571557
26 15 0
26 16 0
26 17 0
26 18 1.1445978056102126
26 19 0
26 20 0
26 21 0
26 22 1.1873690792539506
26 23 0
26 24 0
26 25 0
26 26 1.0645471600409626
26 27 0
26 28 0
26 29 1.2456386054781767
27 0 0.9842761104848093
27 1 1.1090287888682173
27 2 1.294059445045988
27 3 0
27 4 1.5280529202153696
27 5 1.3661885407860779
27 6 1.1001955572627926
27 7 0
27 8 1.1776393465141641
27 9 1.3123886208975137
27 10 1.2510141447798422
27 11 0
27 12 0
27 13 1.2776588197931016
27 14 0
27 15 0
27 16 1.0704928050580986
27 17 1.1225109780181248
27 18 1.0970681685529347
27 19 0
27 20 1.289490514631305
27 21 0
27 22 0
27 23 1.128796626831209
27 24 1.2254415469660762
27 25 1.1046610664344767
27 26 0
27 27 1.1089883708321706
27 28 0
27 29 0
28 0 1.1991880647154027
28 1 0
28 2 1.003716171977727
28 3 1.1233012034899033
28 4 1.1809261327564202
28 5 1.05696376206626
28 6 1.1967148491228778
28 7 0.9325433341014315
28 8 1.1489240343076204
28 9 1.3352530753372323
28 10 1.1070981238147724
28 11 1.3178370017234915
28 12 0
28 13 1.1603314354491763
28 14 1.0927974816540922
28 15 0
28 16 0
28 17 0
28 18 1.2722386296757664
28 19 0
28 20 0
28 21 1.2118440707583336
28 22 0
28 23 1.3583758405072088
28 24 0.9574759318161595
28 25 0
28 26 0
28 27 0
28 28 0
28 29 0
29 0 1.1216246391673577
29 1 1.1831333925114165
29 2 1.1523520778200442
29 3 0
29 4 1.1229383868862162
29 5 1.2722665941767517
29 6 1.3378625566844478
29 7 1.1072240759340604
29 8 0
29 9 1.1696586501378237
29 10 1.340773492036198
29 11 1.1847514805662924
29 12 1.2319029482548223
29 13 0
29 14 1.2391171412661286
29 15 1.1797238999423254
29 16 0
29 17 0
29 18 1.0489649156211684
29 19 1.165744253744846
29 20 1.0753210950952872
29 21 0.968318016857557
29 22 1.023297750018964
29 23 1.2602549611668756
29 24 0
29 25 1.0661321931515977
29 26 1.2456386054781767
29 27 0
29 28 0
29 29 0
