0 0 1.2610000496395637
0 1 1.1784083265180305
0 2 1.2071022903775601
0 3 1.2134003844036911
0 4 0
0 5 0
0 6 0
0 7 1.0031481161501545
0 8 1.1709909629742346
0 9 1.1541868481220179
0 10 1.1506956226639302
0 11 1.2475869588403143
0 12 1.1276524590479824
0 13 1.390856610819502
0 14 1.22737688980573
0 15 1.3698726239889045
0 16 1.3799872956003936
0 17 1.2114610568156203
0 18 1.1276525928158587
0 19 1.196007333499062
0 20 0
0 21 0
0 22 1.1943263311737498
0 23 1.3329580088972406
0 24 1.3649530792950306
0 25 1.1447507219586914
0 26 0
0 27 0
0 28 1.0796068699520536
0 29 1.0505438187942673
1 0 1.0647608506123418
1 1 1.255421159379396
1 2 1.203447951036069
1 3 1.095930081908021
1 4 0
1 5 0.9798195530112422
1 6 1.1847173877695798
1 7 1.099086201044579
1 8 1.3351568163346665
1 9 1.0990114251054484
1 10 1.4562901372606194
1 11 1.0929044013186078
1 12 1.347743704388632
1 13 1.2730641460859848
1 14 1.155011333025566
1 15 1.1458874933575107
1 16 1.261206732397011
1 17 0
1 18 0
1 19 1.3186485197953741
1 20 1.1797249012715647
1 21 0
1 22 1.1716031754542995
1 23 1.1873112126011254
1 24 1.166751689096921
1 25 1.3018736023661424
1 26 1.0969546246758894
1 27 1.0221763379980886
1 28 0
1 29 1.1218668161498873
2 0 0.9601628075350809
2 1 1.0966607026785293
2 2 1.065728799829586
2 3 0
2 4 1.1081580302448497
2 5 1.1584750018619605
2 6 1.0712197400414756
2 7 1.2194705353915503
2 8 1.1185003715792257
2 9 1.157011788615198
2 10 1.2807059451341196
2 11 1.134200978209577
2 12 0
2 13 0
2 14 0
2 15 0
2 16 1.424737425748996
2 17 1.0154529719483962
2 18 0
2 19 0
2 20 1.2425250190627204
2 21 0
2 22 1.1583702384049015
2 23 1.1070527324787294
2 24 1.1127074646256716
2 25 1.080785952751365
2 26 1.488399087007537
2 27 0
2 28 1.1508221323706997
2 29 0
3 0 1.1768734326394386
3 1 1.0928016509981833
3 2 1.146498742990695
3 3 0
3 4 1.0960645279240626
3 5 0
3 6 1.002159539854166
3 7 1.2757715922748922
3 8 0
3 9 1.0811504666182736
3 10 1.4492517615234226
3 11 1.1127937203931153
3 12 1.1366446586965977
3 13 0
3 14 1.1324622763084824
3 15 1.2101994072138125
3 16 1.2471705078038755
3 17 0
3 18 0
3 19 1.3823939944149706
3 20 0
3 21 1.1314877311295588
3 22 0
3 23 1.048764499662175
3 24 1.2291450357613312
3 25 1.0461690636709227
3 26 1.4012318924588982
3 27 1.0321881640736552
3 28 0.9719192028918532
3 29 0
4 0 1.0725321918750035
4 1 1.2113675241998474
4 2 0
4 3 1.1949949498098822
4 4 1.3329870566502777
4 5 1.1322621419586918
4 6 1.3500579415630742
4 7 1.5097296228068438
4 8 1.2517869289534747
4 9 1.1420432864678984
4 10 1.3077075255726178
4 11 1.1612266409172112
4 12 0
4 13 0
4 14 1.2377781411659017
4 15 0
4 16 1.1423446756503148
4 17 1.354600245220987
4 18 0
4 19 1.1005824588584472
4 20 1.1261435795506216
4 21 1.3165531459527102
4 22 1.1860767356431399
4 23 1.2273346900905973
4 24 1.217530966890663
4 25 1.1322628867629725
4 26 1.1589355118528684
4 27 1.2708688019116452
4 28 1.1554823394395162
4 29 1.4588417486944545
5 0 1.1755892850994931
5 1 0
5 2 1.0664942524790648
5 3 1.1334719875049364
5 4 1.0573026806613262
5 5 0
5 6 1.2530637857477829
5 7 1.0597266514781898
5 8 0
5 9 0
5 10 0
5 11 1.2320332604237612
5 12 1.211769349841826
5 13 1.3039628912388364
5 14 0
5 15 1.4715424055572606
5 16 0
5 17 0
5 18 1.1612311954949912
5 19 1.3002901141649514
5 20 0
5 21 0
5 22 1.2959936669762295
5 23 1.22595883608931
5 24 1.327858139357372
5 25 1.383389289499338
5 26 1.013582485695673
5 27 0
5 28 0
5 29 0.890652539832301
6 0 0
6 1 1.1516667978824338
6 2 1.0740289021560965
6 3 1.1156533098278416
6 4 1.2338580240530277
6 5 1.3199957391633745
6 6 0
6 7 1.2107485056700866
6 8 1.167869563201555
6 9 0
6 10 0
6 11 1.1610103604123834
6 12 0
6 13 0
6 14 0
6 15 1.1941598846232855
6 16 0
6 17 0
6 18 0
6 19 1.2532456878785752
6 20 0
6 21 1.1957179740851962
6 22 0
6 23 1.3076090025287643
6 24 1.2175648922329039
6 25 0
6 26 1.3688124732140141
6 27 0
6 28 1.0497762147208203
6 29 0
7 0 0
7 1 1.1414419651880792
7 2 1.2229792311567191
7 3 1.3286196849342624
7 4 1.0871016051312534
7 5 1.2303314580227276
7 6 0
7 7 1.1020505770870235
7 8 1.2083146728390737
7 9 1.1908912989327658
7 10 0
7 11 1.6205460714262332
7 12 0
7 13 0
7 14 1.2000012230436277
7 15 1.2114256281860507
7 16 1.5379607686128642
7 17 1.1265704216524524
7 18 0
7 19 1.167798104772586
7 20 1.3044491493584176
7 21 0
7 22 1.1579219984302787
7 23 1.2753017587095836
7 24 1.3572935783027817
7 25 0
7 26 1.2752757328344977
7 27 1.2763720725696646
7 28 0
7 29 0
8 0 1.0891021093437094
8 1 1.2223470531889271
8 2 1.1670466489192737
8 3 0
8 4 1.2914861734605925
8 5 0
8 6 1.187032433685916
8 7 0
8 8 0
8 9 1.300891218636508
8 10 0
8 11 0
8 12 0
8 13 0
8 14 0
8 15 0
8 16 1.3272519676997392
8 17 0
8 18 1.1621853733753664
8 19 0
8 20 0
8 21 0
8 22 1.234389397467727
8 23 1.2236601063941437
8 24 0
8 25 0
8 26 1.2569615901418059
8 27 1.2995855458579533
8 28 1.1670483814220403
8 29 0
9 0 0
9 1 0.9992867190526679
9 2 1.1305269779500275
9 3 1.4155871024490896
9 4 1.3178641130606878
9 5 1.16122025492286
9 6 1.0944621104596184
9 7 1.154581560534538
9 8 1.4093943046658959
9 9 0
9 10 0
9 11 1.3329061812725624
9 12 0
9 13 0
9 14 1.2872535844195214
9 15 0
9 16 1.3324203809730628
9 17 0
9 18 0
9 19 1.0745587631516151
9 20 0
9 21 1.2479045839048362
9 22 0
9 23 0
9 24 1.1546225694048111
9 25 1.100047006502617
9 26 1.3719652991658293
9 27 0
9 28 1.335789515094888
9 29 1.389718156027444
10 0 0
10 1 0.9340305101153653
10 2 1.0816343262803585
10 3 1.2240713138970136
10 4 1.2449139233003252
10 5 1.2187186778633978
10 6 1.157492121818688
10 7 0
10 8 1.5289412644280627
10 9 0
10 10 0
10 11 1.308346736371188
10 12 0
10 13 1.2017537997434342
10 14 0
10 15 0
10 16 0
10 17 1.307677631723768
10 18 1.2366416871017212
10 19 0
10 20 1.1896459242749644
10 21 1.3367536325434284
10 22 1.116082313601131
10 23 1.2852148253093305
10 24 0
10 25 1.155210854160527
10 26 1.211298601570021
10 27 1.191832597052124
10 28 0
10 29 1.2707493836074362
11 0 1.0990674927614255
11 1 0
11 2 1.0961498741573588
11 3 1.4650555347728733
11 4 1.0770155127462675
11 5 1.121519408537332
11 6 1.074047726892877
11 7 1.2568729595954757
11 8 1.1878526384888108
11 9 0
11 10 1.2504389590735496
11 11 1.3780697692232942
11 12 1.1853301835713783
11 13 1.387303583888597
11 14 1.3176583102411439
11 15 0
11 16 1.2246315060737414
11 17 0
11 18 0
11 19 0
11 20 1.2211412615035246
11 21 0
11 22 0
11 23 0
11 24 0
11 25 1.066678814186731
11 26 1.0770172650094276
11 27 0
11 28 1.2060877122107185
11 29 1.0873725951899036
12 0 1.051354464891681
12 1 1.2444301613398545
12 2 0
12 3 0
12 4 1.124513696643606
12 5 1.1716326979481477
12 6 1.3124890577423958
12 7 0
12 8 0
12 9 0
12 10 0
12 11 0
12 12 0
12 13 1.2422398495349822
12 14 1.204155725020474
12 15 0
12 16 1.2276793748976083
12 17 0
12 18 0
12 19 0
12 20 0
12 21 1.232864999223199
12 22 1.2492429863286802
12 23 1.1600547760651008
12 24 1.1299846279334984
12 25 1.3165790526140737
12 26 0
12 27 1.36658782321424
12 28 1.3058238433895555
12 29 0
13 0 1.2411206529294287
13 1 0
13 2 1.14111576679382
13 3 1.3364081436549364
13 4 1.0225225853996323
13 5 1.1152690345074485
13 6 0
13 7 1.2151221258382583
13 8 0
13 9 1.14861289212368
13 10 0
13 11 1.3930448181222546
13 12 0
13 13 0
13 14 0
13 15 1.3169078331215183
13 16 1.2414149680365794
13 17 0
13 18 0
13 19 0
13 20 1.204258965288124
13 21 0
13 22 0
13 23 0
13 24 0
13 25 1.1191169592259926
13 26 0
13 27 1.2091344516556235
13 28 1.245926845846209
13 29 0
14 0 1.3901841078932475
14 1 1.0809698483288703
14 2 1.2903820023886319
14 3 1.2528533025910833
14 4 1.2499727193419934
14 5 1.382734428088086
14 6 1.0635210564507807
14 7 1.2777924848240312
14 8 1.0951687712050389
14 9 0
14 10 0
14 11 1.2341743640034541
14 12 0
14 13 1.2869557118774846
14 14 1.243279468579697
14 15 0
14 16 0
14 17 0
14 18 0
14 19 0
14 20 0
14 21 0
14 22 1.1819442253660561
14 23 1.2531135743210429
14 24 0
14 25 0
14 26 0
14 27 0
14 28 0
14 29 1.411581472421111
15 0 0
15 1 1.0646842583355958
15 2 1.1685871245836734
15 3 1.2627540592376991
15 4 0
15 5 1.2278759894448048
15 6 0
15 7 0
15 8 1.1464770863661182
15 9 1.1284565153985522
15 10 1.0776240288493228
15 11 0
15 12 0
15 13 1.3563555316374019
15 14 0
15 15 1.3060072930196933
15 16 1.1702260014852424
15 17 0
15 18 1.387081994529491
15 19 0
15 20 1.2179828050212524
15 21 0
15 22 1.0614283729020029
15 23 0
15 24 1.268948170318893
15 25 1.098715980781592
15 26 0
15 27 1.182892413229936
15 28 1.2638348729482933
15 29 1.0853888503774516
16 0 1.0726534838416488
16 1 0.9376896599876903
16 2 1.4701367985118088
16 3 1.1114892163800194
16 4 1.4100302873008166
16 5 0
16 6 0
16 7 1.1039050731599982
16 8 1.0821243573389134
16 9 1.2048483616564443
16 10 0
16 11 0
16 12 0
16 13 0
16 14 0
16 15 0
16 16 0
16 17 1.1553764716332569
16 18 0
16 19 1.1565983862463605
16 20 0
16 21 1.2817308027405163
16 22 0
16 23 0
16 24 1.2311572340061279
16 25 0
16 26 0
16 27 1.155738970252575
16 28 0
16 29 1.260873894846956
17 0 1.2126981880347074
17 1 0
17 2 1.0689272237381597
17 3 1.1028874039073315
17 4 1.1253735835256016
17 5 1.4613871865735157
17 6 0
17 7 0
17 8 1.2394431629718832
17 9 1.367533253197247
17 10 0
17 11 1.1360582827584866
17 12 0
17 13 0
17 14 0
17 15 0
17 16 0
17 17 0
17 18 0
17 19 0
17 20 1.1640789984506739
17 21 1.2445721587920235
17 22 0
17 23 0
17 24 1.1843335873888352
17 25 0
17 26 0
17 27 1.069457453336788
17 28 1.0443372152016126
17 29 0
18 0 1.3337845943840607
18 1 1.2306504944260825
18 2 1.3261239857998663
18 3 1.231866435004025
18 4 1.1038506870207
18 5 0
18 6 0
18 7 0
18 8 0
18 9 1.5517286999314173
18 10 1.5849444837686566
18 11 0
18 12 0
18 13 0
18 14 0
18 15 0
18 16 0
18 17 0
18 18 0
18 19 1.463156505803401
18 20 0
18 21 0
18 22 0
18 23 0
18 24 0
18 25 0
18 26 0
18 27 0
18 28 0
18 29 0
19 0 1.0102807358697163
19 1 1.2821862586723975
19 2 1.3224245641318078
19 3 1.280982009252291
19 4 0.874973482090033
19 5 1.318402595748313
19 6 1.1915392965244107
19 7 1.1464343376953068
19 8 1.2344130919890761
19 9 1.2478457203839073
19 10 0
19 11 0
19 12 0
19 13 1.3136190458950037
19 14 1.2678225590653993
19 15 1.2421901780160687
19 16 0
19 17 0
19 18 0
19 19 0
19 20 0
19 21 1.006459854171015
19 22 0
19 23 0
19 24 1.2868727050579838
19 25 0
19 26 0
19 27 0
19 28 1.018247976654787
19 29 0
20 0 1.1761991397912765
20 1 1.0809807468774544
20 2 1.275582944492708
20 3 1.3573332290379287
20 4 0
20 5 1.3435474141978758
20 6 1.1530661073566668
20 7 1.2269990176179242
20 8 0
20 9 1.1905280984473618
20 10 1.1896459242749644
20 11 0
20 12 1.393225523827279
20 13 0
20 14 1.4048576922770177
20 15 0
20 16 1.2420453491396126
20 17 1.3481214782214161
20 18 1.2224633830300684
20 19 1.1699651839418541
20 20 0
20 21 0
20 22 1.1773371089392437
20 23 0
20 24 1.1232016945039507
20 25 1.275677676335551
20 26 1.2113182978628922
20 27 1.1155482743472283
20 28 0
20 29 0
21 0 1.1133829743049033
21 1 1.0910906564372187
21 2 1.1124474712399983
21 3 1.3469530822420344
21 4 0
21 5 0
21 6 1.1071567255320118
21 7 0
21 8 0
21 9 1.2479045839048362
21 10 0
21 11 0
21 12 1.1692361858389546
21 13 0
21 14 1.2434152837703023
21 15 1.2955278116264837
21 16 0
21 17 0
21 18 0
21 19 0
21 20 0
21 21 0
21 22 1.1650791922309807
21 23 1.0820163908028564
21 24 1.1071784969430294
21 25 1.042175467762892
21 26 1.2421601993093478
21 27 0
21 28 0
21 29 1.2705055844471524
22 0 1.0932833968553588
22 1 1.2918350491244917
22 2 0
22 3 1.1862050714016767
22 4 0
22 5 1.1620107722748838
22 6 0
22 7 0
22 8 1.234389397467727
22 9 0
22 10 1.229120147935863
22 11 0
22 12 1.294540564046539
22 13 1.2668563825932508
22 14 0
22 15 0
22 16 1.2974334847196436
22 17 0
22 18 0
22 19 0
22 20 0
22 21 0
22 22 1.3796955484831015
22 23 1.086300821347956
22 24 0
22 25 0
22 26 1.0784518122430338
22 27 0
22 28 0
22 29 0
23 0 1.2313960792068526
23 1 1.0411594141876475
23 2 1.222979859815861
23 3 1.2934321935226427
23 4 1.1344142332260487
23 5 0
23 6 1.2663689787930297
23 7 1.2753017587095836
23 8 0
23 9 0
23 10 0
23 11 0
23 12 0
23 13 1.1936213245318077
23 14 0
23 15 0
23 16 1.2379610476217016
23 17 0
23 18 0
23 19 1.350653683199989
23 20 1.29525351105087
23 21 1.2430766165382519
23 22 0
23 23 0
23 24 0
23 25 0
23 26 0
23 27 0
23 28 0
23 29 0
24 0 0
24 1 1.1610901995148413
24 2 1.214808074438317
24 3 1.150717385461049
24 4 1.0217892903201145
24 5 0
24 6 1.2175648922329039
24 7 0
24 8 0
24 9 1.484805470358577
24 10 0
24 11 0
24 12 0
24 13 1.3192735606342358
24 14 0
24 15 0
24 16 0
24 17 0
24 18 0
24 19 1.0791559870568583
24 20 0
24 21 1.2002342525167873
24 22 1.1634555878408488
24 23 0
24 24 1.0526533081106613
24 25 0
24 26 0
24 27 0
24 28 0
24 29 0
25 0 0
25 1 1.1833618740634293
25 2 1.1085243223295624
25 3 1.200147624633306
25 4 1.0903608017379276
25 5 1.383389289499338
25 6 1.1609275562296448
25 7 0
25 8 1.2816432552205068
25 9 0
25 10 0
25 11 0
25 12 1.2014328369379526
25 13 0
25 14 1.3369615992540531
25 15 0
25 16 0
25 17 1.3549197876078425
25 18 1.385211852189209
25 19 0
25 20 0
25 21 1.2363244424225532
25 22 0
25 23 1.212958954139321
25 24 0
25 25 0
25 26 1.010489651169228
25 27 0
25 28 0
25 29 0
26 0 0
26 1 1.05123902505187
26 2 1.037735872350998
26 3 1.065379911147224
26 4 1.1589355118528684
26 5 1.1183636854986025
26 6 0
26 7 0.9894710919684669
26 8 0
26 9 1.2524934131880026
26 10 0
26 11 0
26 12 1.2253343083684598
26 13 0
26 14 0
26 15 1.1971882993301801
26 16 1.1074878684549734
26 17 0
26 18 1.1263381198523357
26 19 1.2117715294748455
26 20 0
26 21 0
26 22 0
26 23 0
26 24 1.1715108478456726
26 25 0
26 26 1.1720735684266814
26 27 0
26 28 0.9535638317887721
26 29 1.2166352477958158
27 0 0
27 1 1.1798124099025928
27 2 1.0995974396544743
27 3 1.0321881640736552
27 4 0
27 5 1.1833196013779388
27 6 1.0294629171361394
27 7 0
27 8 1.123262488276199
27 9 1.1588456575175001
27 10 0
27 11 0
27 12 1.1366460510001084
27 13 0
27 14 0
27 15 1.3171498289605044
27 16 1.0812961723348251
27 17 1.281542928195915
27 18 0
27 19 0
27 20 0
27 21 1.064210218650738
27 22 0
27 23 1.182025900179631
27 24 1.099721759010862
27 25 0
27 26 0
27 27 0
27 28 1.0418246924945576
27 29 1.031222365570162
28 0 0.9786283276121672
28 1 0
28 2 1.1508221323706997
28 3 1.2162052116147613
28 4 1.2625661237145203
28 5 1.203927341198439
28 6 1.3509935439411815
28 7 1.2965587610862233
28 8 0
28 9 1.1743629476124675
28 10 1.3701607405009426
28 11 1.35687478777247
28 12 0
28 13 1.2643405731657196
28 14 1.3548891408110548
28 15 1.1973001326462593
28 16 0
28 17 0
28 18 1.2993905098768537
28 19 0
28 20 1.081631436436369
28 21 0
28 22 1.1018302157020197
28 23 0
28 24 1.2904418625325433
28 25 0
28 26 0
28 27 0
28 28 0
28 29 1.1792452732550016
29 0 0.9748395535136395
29 1 1.1218668161498873
29 2 1.140435952135162
29 3 1.228897295803147
29 4 1.052032153266868
29 5 1.129551968143737
29 6 1.2893460448589233
29 7 1.0183035583779145
29 8 0
29 9 1.1962849902680943
29 10 0
29 11 1.17973088285122
29 12 1.1799588060163217
29 13 1.2632318831259726
29 14 1.0247328657276145
29 15 1.271873022699732
29 16 1.0898747973834846
29 17 0
29 18 0
29 19 1.1753976822654677
29 20 1.1570512962799349
29 21 1.107091164986915
29 22 1.0764890821429562
29 23 1.121445010538244
29 24 1.115013814870645
29 25 1.1033376429693884
29 26 1.1847720376568738
29 27 0
29 28 1.10226064469827
29 29 0
