0 0 1.3336417866993036
0 1 0.9750630787073736
0 2 1.023179213068406
0 3 1.0331028949277414
0 4 1.2585748307708637
0 5 0.9820480758463352
0 6 1.1029021006188429
0 7 1.0873290634384472
0 8 1.1836048280849616
0 9 0
0 10 0
0 11 0
0 12 1.3587396156821505
0 13 1.1994777623470103
0 14 1.4119566059173625
0 15 1.1718522048613589
0 16 1.0948943364106842
0 17 0
0 18 1.2432104891732951
0 19 1.164639148729949
0 20 1.061084364612251
0 21 1.3068694472963664
0 22 1.1058467929229494
0 23 0.9650638527974126
0 24 1.1921487764699559
0 25 1.2135045954107775
0 26 0
0 27 1.1010329589524637
0 28 1.2225009858833227
0 29 1.0145458893839696
1 0 1.080725409644215
1 1 0.9916404456664765
1 2 0
1 3 0
1 4 1.1340013126629584
1 5 1.1632700481094662
1 6 1.1561700261335375
1 7 0
1 8 1.3285812696380903
1 9 1.2820198120553241
1 10 1.1155139118258781
1 11 1.4629000202520652
1 12 1.2979389514117905
1 13 1.2997093961901385
1 14 1.3326775624935356
1 15 1.2268055895304857
1 16 1.387589704528067
1 17 1.2315700659606295
1 18 1.139817075821993
1 19 1.2199398364165808
1 20 0
1 21 0
1 22 0.9798917633699071
1 23 1.1018845496458352
1 24 1.1621178774230028
1 25 1.23634275565842
1 26 1.111393515624308
1 27 0
1 28 0.922082549227513
1 29 1.1037542223450263
2 0 1.195810914347872
2 1 1.226625547518627
2 2 0
2 3 1.1342146120543073
2 4 1.1249880349245904
2 5 1.110197428633855
2 6 1.2117429936275304
2 7 1.1738654704768086
2 8 1.2650761024396435
2 9 1.2814448952436766
2 10 0
2 11 1.2412919623751972
2 12 0
2 13 0
2 14 1.341280142264489
2 15 0
2 16 0
2 17 0
2 18 1.1586987065270884
2 19 0
2 20 1.227113649978347
2 21 1.1699210760982075
2 22 0
2 23 0
2 24 1.223019350049104
2 25 1.1350684137178764
2 26 1.2652380031666712
2 27 1.0128092151486547
2 28 1.22367522426744
2 29 0
3 0 0.9175596904429675
3 1 0.9901852298427612
3 2 0
3 3 0.9900080656339982
3 4 1.0207375934310658
3 5 1.3106693574647663
3 6 1.136574814004705
3 7 1.2375467434889689
3 8 0
3 9 1.3644824543679213
3 10 0
3 11 0
3 12 1.237162990923063
3 13 1.2744352360881084
3 14 1.2709928128461863
3 15 1.227598009394578
3 16 1.5783345206603616
3 17 0
3 18 1.2866698264771397
3 19 1.1214086733344775
3 20 1.127059986644138
3 21 1.1112603475680654
3 22 0.907842145284379
3 23 1.3153536003922848
3 24 1.2686310861044219
3 25 1.0809375985160314
3 26 0.9043353853773636
3 27 1.2186651647155506
3 28 1.0893708925514853
3 29 0
4 0 0
4 1 0
4 2 1.0420823385308144
4 3 1.0796439876695103
4 4 0
4 5 1.1073316581938941
4 6 1.117365685049292
4 7 0
4 8 1.1154422593363014
4 9 0
4 10 0
4 11 0
4 12 0
4 13 0
4 14 1.0986695956502475
4 15 0
4 16 0
4 17 1.1986086233164963
4 18 1.5056854524019396
4 19 0
4 20 0
4 21 0
4 22 1.1552038233932262
4 23 1.0793813610401939
4 24 1.312441341592432
4 25 0
4 26 1.2267184912096267
4 27 1.1822473907071376
4 28 1.0803407786598618
4 29 1.1085465745577485
5 0 0.9465397931457261
5 1 1.1475523195659096
5 2 1.2738149568885424
5 3 1.4987966023918387
5 4 1.2202605805246582
5 5 0
5 6 0
5 7 0
5 8 0
5 9 1.2142366042109198
5 10 1.1333539815891902
5 11 1.3041609836646137
5 12 0
5 13 0
5 14 1.210929621120513
5 15 1.0544113064532281
5 16 0
5 17 0
5 18 1.1502714981702624
5 19 1.5650705672488496
5 20 1.0471060723839758
5 21 0
5 22 0
5 23 1.1186049223287964
5 24 1.3575625920322338
5 25 1.1518679657098227
5 26 0.978426845615336
5 27 1.2019199421974516
5 28 1.227264402791723
5 29 1.0583752133066773
6 0 1.1127573842880496
6 1 0
6 2 0
6 3 1.2583775870235263
6 4 1.2091114506322629
6 5 1.1905871432597879
6 6 0
6 7 0
6 8 1.0934799595175075
6 9 0
6 10 0
6 11 0
6 12 1.3085981307609005
6 13 0
6 14 1.1352850992369365
6 15 1.2691895937130333
6 16 0
6 17 1.0793232040168665
6 18 0
6 19 1.1858382837148373
6 20 0
6 21 1.2338787837890441
6 22 1.2622402759585198
6 23 0
6 24 1.4093226167011337
6 25 1.4127582341029203
6 26 1.0895708882798947
6 27 1.4276722936301298
6 28 1.1275510025867264
6 29 1.234194391534538
7 0 1.2144062659838
7 1 1.0582145177540525
7 2 1.1992951732971842
7 3 1.385954397655442
7 4 0
7 5 1.3733202829360622
7 6 0
7 7 0
7 8 1.2055110646297185
7 9 1.2361860681189731
7 10 0
7 11 0
7 12 0
7 13 1.3672458442204252
7 14 0
7 15 1.3318996818820383
7 16 0
7 17 1.452278539562536
7 18 1.1673654247963625
7 19 0
7 20 1.0411123520888297
7 21 0
7 22 1.5336212147540436
7 23 0
7 24 1.0763410973978935
7 25 1.0769470857004213
7 26 1.3184042559170268
7 27 1.1526667677550482
7 28 1.1318408215697235
7 29 1.1468565934017259
8 0 1.131387488452871
8 1 1.1632366709550408
8 2 0
8 3 1.3439256271379885
8 4 0
8 5 0
8 6 1.2318631497023196
8 7 1.2877729720147977
8 8 0
8 9 0
8 10 0
8 11 0
8 12 0
8 13 0
8 14 0
8 15 0
8 16 1.2766395505905632
8 17 1.4039724981330457
8 18 1.1009942808553272
8 19 1.0872950741070484
8 20 1.1802559959136387
8 21 1.1735461624081691
8 22 0
8 23 1.2131915026915732
8 24 0
8 25 1.2417752975908012
8 26 1.1383059402837095
8 27 1.2854508842429737
8 28 1.4055770764860953
8 29 0
9 0 1.1641528171199074
9 1 1.0754162977198523
9 2 1.223999732218374
9 3 0
9 4 0
9 5 1.1909404691744774
9 6 0
9 7 0
9 8 0
9 9 1.1994270022053122
9 10 0
9 11 1.3015699065045236
9 12 1.172462992917533
9 13 1.2917319786358754
9 14 1.3223106200183439
9 15 0
9 16 0
9 17 0
9 18 0
9 19 1.1845561147458166
9 20 1.0485118775468423
9 21 1.2874079783041827
9 22 0
9 23 1.2375621004574002
9 24 1.4259390176806435
9 25 1.0740300688867126
9 26 1.100155165768083
9 27 0
9 28 1.3271985991668624
9 29 1.0896494754977981
10 0 1.414224942435142
10 1 1.2226375271418664
10 2 1.3545663514742332
10 3 1.1834750531562621
10 4 0
10 5 0
10 6 0
10 7 1.2592838207857953
10 8 1.260363079885429
10 9 0
10 10 0
10 11 0
10 12 0
10 13 0
10 14 0
10 15 0
10 16 1.1798552669232243
10 17 1.4189629926296863
10 18 0
10 19 0
10 20 0
10 21 1.1396026096638063
10 22 1.2823661957989196
10 23 0
10 24 1.2533927325823044
10 25 0
10 26 1.201470837919412
10 27 0
10 28 1.0196123701095472
10 29 1.438677148666416
11 0 1.1307902012453168
11 1 1.2091242057920353
11 2 1.2887745863329605
11 3 0
11 4 1.2072561721253072
11 5 0
11 6 0
11 7 1.2050306509383337
11 8 0
11 9 1.2663113234047882
11 10 0
11 11 1.4891019064035866
11 12 0
11 13 0
11 14 0
11 15 1.2890694221632606
11 16 1.3904385725314226
11 17 0
11 18 0
11 19 0
11 20 0
11 21 1.204004303455884
11 22 1.118086059335725
11 23 1.3467339822383064
11 24 0
11 25 1.3876692887612356
11 26 1.2442134159958695
11 27 0
11 28 0
11 29 1.2530700473357206
12 0 1.304973990609985
12 1 1.1496292028612387
12 2 1.3248494053082533
12 3 0
12 4 1.5271873794312056
12 5 1.2406412664373196
12 6 0
12 7 1.3105703389227523
12 8 0
12 9 1.2084021086954941
12 10 0
12 11 0
12 12 1.4791945338230228
12 13 0
12 14 1.2889950867762692
12 15 0
12 16 0
12 17 1.3484334321471882
12 18 0
12 19 1.2692719772789212
12 20 1.3435953303237944
12 21 0
12 22 0
12 23 0
12 24 0
12 25 1.1578355002177738
12 26 1.2493887676885784
12 27 1.4224708940903297
12 28 0
12 29 0
13 0 1.1254113807586095
13 1 1.1130411469894557
13 2 1.1118845217801936
13 3 0
13 4 1.3994097583020728
13 5 0
13 6 0
13 7 0
13 8 0
13 9 1.414130016980988
13 10 0
13 11 1.2075077082699746
13 12 1.3269312133529538
13 13 0
13 14 0
13 15 0
13 16 1.0883710737634824
13 17 1.3782587964081
13 18 0
13 19 1.1234775618372064
13 20 0
13 21 0
13 22 0
13 23 1.155937891942719
13 24 0
13 25 1.4061060554823936
13 26 0
13 27 1.2344494483662762
13 28 1.1740940469151757
13 29 1.1872182625948282
14 0 0
14 1 1.3114389965962006
14 2 1.4045814695955177
14 3 0
14 4 1.0722157691998724
14 5 0
14 6 1.2264264819334925
14 7 0
14 8 0
14 9 1.060225048288713
14 10 0
14 11 0
14 12 1.359226092248819
14 13 0
14 14 0
14 15 0
14 16 0
14 17 0
14 18 0
14 19 1.2558069478221747
14 20 0
14 21 0
14 22 1.188249352190531
14 23 1.1505956452684358
14 24 1.2114695121482397
14 25 1.1072505843167781
14 26 1.180126405794072
14 27 0
14 28 1.2744853344611082
14 29 1.1819071524880738
15 0 1.2682358247260928
15 1 1.038960991868703
15 2 1.2609259566923763
15 3 1.3922273679761366
15 4 0
15 5 0
15 6 0
15 7 0
15 8 1.369467924634469
15 9 1.1615160038959231
15 10 0
15 11 0
15 12 0
15 13 0
15 14 0
15 15 1.217548974265398
15 16 1.1618832186414971
15 17 0
15 18 1.2418808041291072
15 19 0
15 20 1.296240882731019
15 21 1.2784782336006446
15 22 0
15 23 1.266192382348042
15 24 1.316398965755114
15 25 0
15 26 0
15 27 1.2671444403859664
15 28 0
15 29 1.211497958643449
16 0 1.149306768594557
16 1 0
16 2 1.357230166460925
16 3 1.1294608592929687
16 4 1.1582519589758113
16 5 1.2286838487973388
16 6 0
16 7 1.08645486113075
16 8 1.157009526965254
16 9 1.2368432800222466
16 10 0
16 11 0
16 12 1.1607304877797517
16 13 0
16 14 0
16 15 1.224939557357046
16 16 0
16 17 0
16 18 0
16 19 0
16 20 0
16 21 1.089545431261606
16 22 1.249078888892796
16 23 0
16 24 0
16 25 1.249817936491617
16 26 1.1190735277523414
16 27 0
16 28 0
16 29 1.1637013790224136
17 0 1.0543102584138886
17 1 0
17 2 0
17 3 1.2636096715550202
17 4 0
17 5 1.2611013685100436
17 6 1.262199319152764
17 7 0
17 8 1.2167413232121367
17 9 0
17 10 0
17 11 0
17 12 1.2037856620224503
17 13 1.3782587964081
17 14 1.1014125572181963
17 15 1.2500491094280328
17 16 0
17 17 1.2567575281638055
17 18 0
17 19 1.216711273119726
17 20 0
17 21 1.3665162116958132
17 22 0
17 23 1.3520816855253635
17 24 0
17 25 0
17 26 0
17 27 0
17 28 1.2006620590619037
17 29 1.2395718361487804
18 0 1.114203802501092
18 1 1.320488606358403
18 2 0
18 3 1.1792950831482214
18 4 1.038988228684865
18 5 1.2496751432939337
18 6 0
18 7 0
18 8 1.2238168930692976
18 9 0
18 10 0
18 11 0
18 12 0
18 13 0
18 14 0
18 15 0
18 16 1.349843602433408
18 17 0
18 18 1.2634786643072227
18 19 0
18 20 0
18 21 0
18 22 0
18 23 1.3105703389237515
18 24 0
18 25 1.0518480302419158
18 26 0
18 27 1.272422204891948
18 28 1.2630520107919945
18 29 1.1668038688266376
19 0 1.4469014437180991
19 1 1.2720879738542237
19 2 1.1439364766279858
19 3 1.201669078492336
19 4 1.0919268781000142
19 5 0
19 6 1.1473739332578319
19 7 1.13886371240158
19 8 0
19 9 1.097768629621428
19 10 0
19 11 0
19 12 0
19 13 0
19 14 0
19 15 0
19 16 0
19 17 1.3173031078269533
19 18 0
19 19 1.224092245094517
19 20 1.2435055827996917
19 21 0
19 22 1.2272329444640164
19 23 0
19 24 1.091463144667379
19 25 1.1925725868208958
19 26 0
19 27 0
19 28 0
19 29 0
20 0 1.045682570254369
20 1 1.016868804565567
20 2 1.1845106785353514
20 3 1.1704310264430071
20 4 1.0955219770997637
20 5 1.1079612144878643
20 6 1.1163711403006016
20 7 1.1421610768562287
20 8 0
20 9 1.3594670306739849
20 10 0
20 11 0
20 12 1.049246527084558
20 13 1.3073723599312743
20 14 0
20 15 1.3463733819458592
20 16 0
20 17 1.3573332223090122
20 18 1.190036413568248
20 19 1.4877542274272233
20 20 1.5011343944627367
20 21 0
20 22 1.1803210643864386
20 23 0
20 24 0
20 25 1.1473166835076665
20 26 0
20 27 1.1615385368837963
20 28 0
20 29 1.0605494967701496
21 0 0
21 1 1.017216128860129
21 2 0
21 3 1.256395424996715
21 4 1.229774226194117
21 5 0
21 6 1.1868333897156875
21 7 1.4850745205487095
21 8 0
21 9 1.2874079783041827
21 10 1.1671370819235105
21 11 0
21 12 0
21 13 0
21 14 0
21 15 1.2721874544282006
21 16 0
21 17 0
21 18 1.3462375314109025
21 19 0
21 20 1.0375543988342617
21 21 0
21 22 0
21 23 0
21 24 1.1329508347392654
21 25 0
21 26 0
21 27 0
21 28 0
21 29 0
22 0 1.1302428790004673
22 1 0
22 2 1.0086463215529395
22 3 0
22 4 0
22 5 1.3964601097471887
22 6 0
22 7 1.0976494548161229
22 8 0
22 9 1.2422523588853873
22 10 1.2160552299130303
22 11 0
22 12 0
22 13 0
22 14 1.2151147529719302
22 15 0
22 16 1.1866972566180163
22 17 0
22 18 1.389359528913157
22 19 1.2385257929705236
22 20 0
22 21 1.2529065289211392
22 22 0
22 23 0
22 24 1.1107242527165087
22 25 1.0409944085626033
22 26 0
22 27 1.174569145681151
22 28 0
22 29 0
23 0 0
23 1 1.1823048881064449
23 2 1.14967334609828
23 3 1.1748334363654405
23 4 1.2716598665047536
23 5 1.2320189103542598
23 6 1.2814866492280337
23 7 0
23 8 1.328118158179803
23 9 1.1319741873024578
23 10 1.3136257348473146
23 11 0
23 12 1.175322151158407
23 13 1.2046656244113718
23 14 1.2519206684927333
23 15 0
23 16 0
23 17 1.3513334037776705
23 18 1.3228223736679947
23 19 0
23 20 1.2672603798622395
23 21 1.1626318107085685
23 22 0
23 23 1.0328307525380764
23 24 1.111853661594126
23 25 0
23 26 1.1748231350650902
23 27 0
23 28 0
23 29 1.16014037398874
24 0 0
24 1 1.0181064845989045
24 2 1.2487705728367244
24 3 1.007150263105616
24 4 1.2852705138445815
24 5 1.2647752691139211
24 6 1.4093226167011337
24 7 1.3274394727388448
24 8 1.132863365675211
24 9 0
24 10 0
24 11 1.2271139342301294
24 12 0
24 13 0
24 14 1.1090506977066157
24 15 0
24 16 0
24 17 1.2654487785342772
24 18 0
24 19 1.2792339717104417
24 20 0
24 21 1.3382333474265424
24 22 1.0808252729847652
24 23 1.1874819555000586
24 24 1.0211223248078893
24 25 0
24 26 0
24 27 1.074660962594002
24 28 0
24 29 1.1350108429432195
25 0 0
25 1 0
25 2 1.0601940578822386
25 3 1.0663375096933505
25 4 1.0047569544854444
25 5 1.1518679657098227
25 6 1.2327905391903768
25 7 1.1057227159297383
25 8 0
25 9 1.0470862338848819
25 10 0
25 11 0
25 12 0
25 13 0
25 14 0
25 15 0
25 16 0
25 17 0
25 18 0
25 19 0
25 20 0
25 21 0
25 22 1.211122802259933
25 23 0
25 24 1.1232306655784732
25 25 0
25 26 0.9219988508924122
25 27 0
25 28 1.1135194505925141
25 29 0
26 0 0
26 1 0
26 2 1.19853545118106
26 3 1.229161969703385
26 4 1.2267184912096267
26 5 0
26 6 1.3654907086739252
26 7 1.206430205712779
26 8 0
26 9 1.2896778716525006
26 10 0
26 11 1.2361454754942154
26 12 1.3364202986791236
26 13 1.1707340041701344
26 14 1.2459967489290211
26 15 0
26 16 0
26 17 0
26 18 1.3219119104277832
26 19 0
26 20 0
26 21 1.3834374483740148
26 22 0
26 23 1.1441340657340557
26 24 0
26 25 1.1553342129918198
26 26 0
26 27 1.0072746042230576
26 28 1.1654308602588874
26 29 0
27 0 1.1027971253090756
27 1 1.1125143016454755
27 2 1.1141527896331664
27 3 1.2186651647155506
27 4 1.638553439171999
27 5 1.3768836206341624
27 6 1.3488440333125755
27 7 1.1815888274712927
27 8 1.2068960284372088
27 9 1.1918643379626561
27 10 1.145447721551435
27 11 1.1088880910598646
27 12 0
27 13 1.1329143373118984
27 14 0
27 15 1.1411081496426003
27 16 1.1824492218288105
27 17 1.290169004436236
27 18 1.0127866121161369
27 19 1.1400389398667023
27 20 1.3097650583761864
27 21 0
27 22 0
27 23 1.2320514204899249
27 24 0
27 25 0
27 26 1.123294605751581
27 27 0
27 28 0.9746753279034763
27 29 0
28 0 1.1333450248768515
28 1 1.0795121650102018
28 2 1.22367522426744
28 3 0
28 4 1.16032089452982
28 5 1.1757930394172333
28 6 0.9275000822048203
28 7 0
28 8 1.0773390789689758
28 9 1.5296504580742478
28 10 0
28 11 0
28 12 1.280324062789335
28 13 0
28 14 1.207102350712945
28 15 0
28 16 0
28 17 0
28 18 1.301418013045821
28 19 0
28 20 0
28 21 1.328742861340279
28 22 1.1403194625876634
28 23 0
28 24 0
28 25 0.9196171157095452
28 26 0
28 27 0
28 28 0
28 29 0
29 0 1.2122669241693318
29 1 1.1037542223450263
29 2 0
29 3 0
29 4 0
29 5 1.3049130261405884
29 6 1.1099113240799456
29 7 0
29 8 1.1170133233682749
29 9 1.3750928920162004
29 10 1.1722259888234923
29 11 1.2006607169655632
29 12 0
29 13 1.207782057663782
29 14 0
29 15 1.198477929382661
29 16 1.1087440376496198
29 17 0
29 18 0
29 19 0
29 20 0
29 21 0
29 22 0
29 23 0
29 24 1.210817543600478
29 25 0
29 26 0
29 27 0
29 28 0
29 29 0
