0 0 0
0 1 0
0 2 0
0 3 1.2779661015571764
0 4 0
0 5 0
0 6 1.4084886929654319
0 7 1.107706380301062
0 8 0
0 9 0
0 10 0
0 11 0
0 12 0
0 13 1.3317889208269855
0 14 0
0 15 0
0 16 0
0 17 0
0 18 0
0 19 0
0 20 0
0 21 1.1457402336425708
0 22 0
0 23 0
0 24 0
0 25 0
0 26 0
0 27 0
0 28 0
0 29 0
1 0 1.1466185063245689
1 1 0
1 2 0
1 3 0
1 4 0
1 5 0
1 6 0
1 7 0
1 8 0
1 9 0
1 10 0
1 11 0
1 12 0
1 13 0
1 14 1.043761857336029
1 15 0
1 16 1.0617491699815322
1 17 0
1 18 0
1 19 0
1 20 0
1 21 0
1 22 0
1 23 0
1 24 0
1 25 0
1 26 0
1 27 0
1 28 0
1 29 0
2 0 0
2 1 0
2 2 0
2 3 0
2 4 0
2 5 0
2 6 1.4631751831077593
2 7 1.219545117917442
2 8 1.1972558599290912
2 9 0
2 10 0
2 11 0
2 12 0
2 13 1.2247693817923098
2 14 0
2 15 0
2 16 0
2 17 1.417906681464712
2 18 0
2 19 0
2 20 0
2 21 0
2 22 0
2 23 0
2 24 0
2 25 0
2 26 0
2 27 0
2 28 0
2 29 0
3 0 0
3 1 1.334762231509575
3 2 0
3 3 0
3 4 0
3 5 0
3 6 0
3 7 0
3 8 0
3 9 0
3 10 0
3 11 0
3 12 1.158960981270139
3 13 0
3 14 1.1764094797716607
3 15 0
3 16 0
3 17 0
3 18 1.26893961802482
3 19 0
3 20 0
3 21 0
3 22 0
3 23 0
3 24 0
3 25 0
3 26 0
3 27 0
3 28 0
3 29 0
4 0 1.0492738190458422
4 1 0
4 2 0
4 3 0
4 4 0
4 5 0
4 6 1.178822542472276
4 7 0.9854636017947112
4 8 0
4 9 0
4 10 0
4 11 1.4898965583396706
4 12 1.1438828880657812
4 13 1.2031932989974339
4 14 0
4 15 0
4 16 0
4 17 0
4 18 0
4 19 0
4 20 0
4 21 0
4 22 0
4 23 0
4 24 0
4 25 1.1457402336425708
4 26 0
4 27 0
4 28 0
4 29 0
5 0 0
5 1 0
5 2 1.3113988684241351
5 3 1.5973026264862678
5 4 0
5 5 1.2471636644351114
5 6 0
5 7 0
5 8 0
5 9 0
5 10 0
5 11 0
5 12 0
5 13 1.3534312218458966
5 14 0
5 15 0
5 16 1.0087337349402667
5 17 0
5 18 0
5 19 0
5 20 0
5 21 0
5 22 0
5 23 0
5 24 0
5 25 0
5 26 0
5 27 0
5 28 0
5 29 0
6 0 1.1795622781068897
6 1 0
6 2 1.1825190756898898
6 3 0
6 4 0
6 5 1.216400343635843
6 6 1.22058910046273
6 7 1.331761012538991
6 8 1.7839299952419587
6 9 1.368742865420641
6 10 1.2604689316405704
6 11 1.325992413971178
6 12 0
6 13 0
6 14 0
6 15 1.062847275882804
6 16 1.273742199577773
6 17 1.2448074887617604
6 18 0
6 19 0
6 20 0
6 21 0
6 22 0
6 23 0
6 24 0
6 25 0
6 26 0
6 27 0
6 28 0
6 29 0
7 0 1.556875700106755
7 1 0
7 2 0
7 3 1.2026619926709765
7 4 1.222933688356771
7 5 1.3268555114189122
7 6 0
7 7 1.2235294736083284
7 8 1.1708689120014437
7 9 0
7 10 1.1724120944445149
7 11 1.4739155325959195
7 12 1.2228303054046663
7 13 0
7 14 1.1883034020701302
7 15 0
7 16 0
7 17 1.2489913271625084
7 18 0.9925597844325471
7 19 0
7 20 0
7 21 0
7 22 1.26893961802482
7 23 0
7 24 0
7 25 0
7 26 0
7 27 0
7 28 0
7 29 0
8 0 0
8 1 0
8 2 1.267746154366079
8 3 1.1902730795259375
8 4 0
8 5 1.5093378703683693
8 6 1.1419486675520976
8 7 0
8 8 1.2474074572182685
8 9 0
8 10 0
8 11 0
8 12 0
8 13 0
8 14 0
8 15 0
8 16 1.202663872709701
8 17 0
8 18 1.2489913271625084
8 19 1.2448074887617604
8 20 0
8 21 0
8 22 0
8 23 1.417906681464712
8 24 0
8 25 0
8 26 0
8 27 0
8 28 0
8 29 0
9 0 0
9 1 1.376573012010172
9 2 0
9 3 1.2390634103761105
9 4 0
9 5 1.4719395169629679
9 6 1.2530147439065933
9 7 0
9 8 1.3002595955140839
9 9 1.6638263255103543
9 10 1.6197964130032585
9 11 1.6738212761437876
9 12 1.2868368362675733
9 13 0
9 14 1.364348308301566
9 15 0
9 16 1.3562519359489984
9 17 1.202663872709701
9 18 0
9 19 1.273742199577773
9 20 1.0087337349402667
9 21 0
9 22 0
9 23 0
9 24 1.0617491699815322
9 25 0
9 26 0
9 27 0
9 28 0
9 29 0
10 0 0
10 1 1.172596416936726
10 2 1.2414339580013094
10 3 1.5034850027629831
10 4 1.2940833023027587
10 5 1.7718459027984064
10 6 1.345239905279601
10 7 1.5637733796052964
10 8 2.867818343014782
10 9 1.8451572636908056
10 10 1.3502181862574272
10 11 1.6248769888153407
10 12 1.3989657937837503
10 13 2.2684668327580013
10 14 1.2217222246406403
10 15 1.569082124642049
10 16 0
10 17 0
10 18 0
10 19 1.062847275882804
10 20 0
10 21 0
10 22 0
10 23 0
10 24 0
10 25 0
10 26 0
10 27 0
10 28 0
10 29 0
11 0 1.172596416936726
11 1 1.223209694594104
11 2 1.356808228833937
11 3 1.1683306497191601
11 4 1.8063685797279043
11 5 1.6160777797099162
11 6 1.6992367566044149
11 7 2.002192903146819
11 8 1.7927940905308337
11 9 1.640046239058482
11 10 1.7851218719971897
11 11 1.7786547626789724
11 12 1.8320387891309027
11 13 1.7393974903809044
11 14 1.5519291134463356
11 15 1.2217222246406403
11 16 1.364348308301566
11 17 0
11 18 1.1883034020701302
11 19 0
11 20 0
11 21 0
11 22 1.1764094797716607
11 23 0
11 24 1.043761857336029
11 25 0
11 26 0
11 27 0
11 28 0
11 29 0
12 0 1.2414339580013094
12 1 1.356808228833937
12 2 1.4923988164123132
12 3 1.4347923812068224
12 4 1.4240613885131397
12 5 1.9456242263266208
12 6 1.7061544684014405
12 7 1.3529648205231397
12 8 2.1211677125872845
12 9 1.7297397997445543
12 10 1.6857380374793816
12 11 1.5767196045575436
12 12 1.9416948538087464
12 13 1.5035648027412432
12 14 1.7393974903809044
12 15 2.2684668327580013
12 16 0
12 17 0
12 18 0
12 19 0
12 20 1.3534312218458966
12 21 1.2031932989974339
12 22 0
12 23 1.2247693817923098
12 24 0
12 25 1.3317889208269855
12 26 0
12 27 0
12 28 0
12 29 0
13 0 1.5034850027629831
13 1 1.1683306497191601
13 2 1.4347923812068224
13 3 1.49370824140528
13 4 1.7680303567284956
13 5 1.673411902403135
13 6 1.564566518905431
13 7 1.7147377314448569
13 8 1.7590909882128294
13 9 2.4235698208986567
13 10 3.237979627519452
13 11 2.598017970253072
13 12 2.192300259576331
13 13 1.9416948538087464
13 14 1.8320387891309027
13 15 1.3989657937837503
13 16 1.2868368362675733
13 17 0
13 18 1.2228303054046663
13 19 0
13 20 0
13 21 1.1438828880657812
13 22 1.158960981270139
13 23 0
13 24 0
13 25 0
13 26 0
13 27 0
13 28 0
13 29 0
14 0 1.2940833023027587
14 1 1.8063685797279043
14 2 1.4240613885131397
14 3 1.7680303567284956
14 4 1.6306714891581777
14 5 1.8426212857259625
14 6 1.823153248634768
14 7 1.6679120662782099
14 8 3.68839974366861
14 9 4.37789405889368
14 10 4.782802620485909
14 11 3.69244304113343
14 12 2.598017970253072
14 13 1.5767196045575436
14 14 1.7786547626789724
14 15 1.6248769888153407
14 16 1.6738212761437876
14 17 0
14 18 1.4739155325959195
14 19 1.325992413971178
14 20 0
14 21 1.4898965583396706
14 22 0
14 23 0
14 24 0
14 25 0
14 26 0
14 27 0
14 28 0
14 29 0
15 0 1.7718459027984064
15 1 1.6160777797099162
15 2 1.9456242263266208
15 3 1.673411902403135
15 4 1.8426212857259625
15 5 2.188737232420406
15 6 1.7733817220440242
15 7 2.810066346651056
15 8 3.152391740028559
15 9 7.176914911468508
15 10 33.89186915275171
15 11 4.782802620485909
15 12 3.237979627519452
15 13 1.6857380374793816
15 14 1.7851218719971897
15 15 1.3502181862574272
15 16 1.6197964130032585
15 17 0
15 18 1.1724120944445149
15 19 1.2604689316405704
15 20 0
15 21 0
15 22 0
15 23 0
15 24 0
15 25 0
15 26 1.3297662415320752
15 27 0
15 28 0
15 29 0
16 0 1.345239905279601
16 1 1.6992367566044149
16 2 1.7061544684014405
16 3 1.564566518905431
16 4 1.823153248634768
16 5 1.7733817220440242
16 6 1.9555790322823638
16 7 1.9661742895922476
16 8 3.1814522658353384
16 9 5.549170836588635
16 10 7.176914911468508
16 11 4.37789405889368
16 12 2.4235698208986567
16 13 1.7297397997445543
16 14 1.640046239058482
16 15 1.8451572636908056
16 16 1.6638263255103543
16 17 0
16 18 0
16 19 1.368742865420641
16 20 0
16 21 0
16 22 0
16 23 0
16 24 0
16 25 0
16 26 0
16 27 0
16 28 0
16 29 0
17 0 1.5637733796052964
17 1 2.002192903146819
17 2 1.3529648205231397
17 3 1.7147377314448569
17 4 1.6679120662782099
17 5 2.810066346651056
17 6 1.9661742895922476
17 7 2.2461520057306132
17 8 2.343337431629723
17 9 3.1814522658353384
17 10 3.152391740028559
17 11 3.68839974366861
17 12 1.7590909882128294
17 13 2.1211677125872845
17 14 1.7927940905308337
17 15 2.867818343014782
17 16 1.3002595955140839
17 17 1.2474074572182685
17 18 1.1708689120014437
17 19 1.7839299952419587
17 20 0
17 21 0
17 22 0
17 23 1.1972558599290912
17 24 0
17 25 0
17 26 0
17 27 0
17 28 0
17 29 0
18 0 2.867818343014782
18 1 1.7927940905308337
18 2 2.1211677125872845
18 3 1.7590909882128294
18 4 3.68839974366861
18 5 3.152391740028559
18 6 3.1814522658353384
18 7 2.343337431629723
18 8 2.2461520057306132
18 9 1.9661742895922476
18 10 2.810066346651056
18 11 1.6679120662782099
18 12 1.7147377314448569
18 13 1.3529648205231397
18 14 2.002192903146819
18 15 1.5637733796052964
18 16 0
18 17 0
18 18 1.2235294736083284
18 19 1.331761012538991
18 20 0
18 21 0.9854636017947112
18 22 0
18 23 1.219545117917442
18 24 0
18 25 1.107706380301062
18 26 0
18 27 0
18 28 0
18 29 0
19 0 1.8451572636908056
19 1 1.640046239058482
19 2 1.7297397997445543
19 3 2.4235698208986567
19 4 4.37789405889368
19 5 7.176914911468508
19 6 5.549170836588635
19 7 3.1814522658353384
19 8 1.9661742895922476
19 9 1.9555790322823638
19 10 1.7733817220440242
19 11 1.823153248634768
19 12 1.564566518905431
19 13 1.7061544684014405
19 14 1.6992367566044149
19 15 1.345239905279601
19 16 1.2530147439065933
19 17 1.1419486675520976
19 18 0
19 19 1.22058910046273
19 20 0
19 21 1.178822542472276
19 22 0
19 23 1.4631751831077593
19 24 0
19 25 1.4084886929654319
19 26 0
19 27 0
19 28 0
19 29 0
20 0 1.3502181862574272
20 1 1.7851218719971897
20 2 1.6857380374793816
20 3 3.237979627519452
20 4 4.782802620485909
20 5 33.89186915275171
20 6 7.176914911468508
20 7 3.152391740028559
20 8 2.810066346651056
20 9 1.7733817220440242
20 10 2.188737232420406
20 11 1.8426212857259625
20 12 1.673411902403135
20 13 1.9456242263266208
20 14 1.6160777797099162
20 15 1.7718459027984064
20 16 1.4719395169629679
20 17 1.5093378703683693
20 18 1.3268555114189122
20 19 1.216400343635843
20 20 1.2471636644351114
20 21 0
20 22 0
20 23 0
20 24 0
20 25 0
20 26 0
20 27 0
20 28 0
20 29 1.6242079338751716
21 0 1.6248769888153407
21 1 1.7786547626789724
21 2 1.5767196045575436
21 3 2.598017970253072
21 4 3.69244304113343
21 5 4.782802620485909
21 6 4.37789405889368
21 7 3.68839974366861
21 8 1.6679120662782099
21 9 1.823153248634768
21 10 1.8426212857259625
21 11 1.6306714891581777
21 12 1.7680303567284956
21 13 1.4240613885131397
21 14 1.8063685797279043
21 15 1.2940833023027587
21 16 0
21 17 0
21 18 1.222933688356771
21 19 0
21 20 0
21 21 0
21 22 0
21 23 0
21 24 0
21 25 0
21 26 0
21 27 0
21 28 0
21 29 1.1257360237024265
22 0 1.3989657937837503
22 1 1.8320387891309027
22 2 1.9416948538087464
22 3 2.192300259576331
22 4 2.598017970253072
22 5 3.237979627519452
22 6 2.4235698208986567
22 7 1.7590909882128294
22 8 1.7147377314448569
22 9 1.564566518905431
22 10 1.673411902403135
22 11 1.7680303567284956
22 12 1.49370824140528
22 13 1.4347923812068224
22 14 1.1683306497191601
22 15 1.5034850027629831
22 16 1.2390634103761105
22 17 1.1902730795259375
22 18 1.2026619926709765
22 19 0
22 20 1.5973026264862678
22 21 0
22 22 0
22 23 0
22 24 0
22 25 1.2779661015571764
22 26 0
22 27 0
22 28 0
22 29 1.1726609043502154
23 0 2.2684668327580013
23 1 1.7393974903809044
23 2 1.5035648027412432
23 3 1.9416948538087464
23 4 1.5767196045575436
23 5 1.6857380374793816
23 6 1.7297397997445543
23 7 2.1211677125872845
23 8 1.3529648205231397
23 9 1.7061544684014405
23 10 1.9456242263266208
23 11 1.4240613885131397
23 12 1.4347923812068224
23 13 1.4923988164123132
23 14 1.356808228833937
23 15 1.2414339580013094
23 16 0
23 17 1.267746154366079
23 18 0
23 19 1.1825190756898898
23 20 1.3113988684241351
23 21 0
23 22 0
23 23 0
23 24 0
23 25 0
23 26 0
23 27 0
23 28 0
23 29 0
24 0 1.2217222246406403
24 1 1.5519291134463356
24 2 1.7393974903809044
24 3 1.8320387891309027
24 4 1.7786547626789724
24 5 1.7851218719971897
24 6 1.640046239058482
24 7 1.7927940905308337
24 8 2.002192903146819
24 9 1.6992367566044149
24 10 1.6160777797099162
24 11 1.8063685797279043
24 12 1.1683306497191601
24 13 1.356808228833937
24 14 1.223209694594104
24 15 1.172596416936726
24 16 1.376573012010172
24 17 0
24 18 0
24 19 0
24 20 0
24 21 0
24 22 1.334762231509575
24 23 0
24 24 0
24 25 0
24 26 1.1983277968961352
24 27 0
24 28 1.0800692000036578
24 29 0
25 0 1.569082124642049
25 1 1.2217222246406403
25 2 2.2684668327580013
25 3 1.3989657937837503
25 4 1.6248769888153407
25 5 1.3502181862574272
25 6 1.8451572636908056
25 7 2.867818343014782
25 8 1.5637733796052964
25 9 1.345239905279601
25 10 1.7718459027984064
25 11 1.2940833023027587
25 12 1.5034850027629831
25 13 1.2414339580013094
25 14 1.172596416936726
25 15 0
25 16 0
25 17 0
25 18 1.556875700106755
25 19 1.1795622781068897
25 20 0
25 21 1.0492738190458422
25 22 0
25 23 0
25 24 1.1466185063245689
25 25 0
25 26 0
25 27 1.100022506119421
25 28 0
25 29 0
26 0 0
26 1 1.364348308301566
26 2 0
26 3 1.2868368362675733
26 4 1.6738212761437876
26 5 1.6197964130032585
26 6 1.6638263255103543
26 7 1.3002595955140839
26 8 0
26 9 1.2530147439065933
26 10 1.4719395169629679
26 11 0
26 12 1.2390634103761105
26 13 0
26 14 1.376573012010172
26 15 0
26 16 0
26 17 1.0640940030600388
26 18 1.5247036895803858
26 19 0
26 20 0
26 21 0
26 22 0
26 23 0
26 24 0
26 25 0
26 26 0
26 27 1.2309616598605762
26 28 0
26 29 0
27 0 0
27 1 0
27 2 0
27 3 0
27 4 0
27 5 0
27 6 0
27 7 1.2474074572182685
27 8 0
27 9 1.1419486675520976
27 10 1.5093378703683693
27 11 0
27 12 1.1902730795259375
27 13 1.267746154366079
27 14 0
27 15 0
27 16 1.0640940030600388
27 17 0
27 18 0
27 19 0.9824624722781637
27 20 0
27 21 0
27 22 0.9988627528510076
27 23 0
27 24 0
27 25 0
27 26 0
27 27 1.308468905218665
27 28 0
27 29 0
28 0 0
28 1 1.1883034020701302
28 2 0
28 3 1.2228303054046663
28 4 1.4739155325959195
28 5 1.1724120944445149
28 6 0
28 7 1.1708689120014437
28 8 1.2235294736083284
28 9 0
28 10 1.3268555114189122
28 11 1.222933688356771
28 12 1.2026619926709765
28 13 0
28 14 0
28 15 1.556875700106755
28 16 1.5247036895803858
28 17 0
28 18 1.2050559648151609
28 19 0
28 20 0
28 21 0
28 22 0
28 23 0
28 24 0
28 25 0
28 26 0
28 27 0
28 28 1.2180271573368489
28 29 0
29 0 1.062847275882804
29 1 0
29 2 0
29 3 0
29 4 1.325992413971178
29 5 1.2604689316405704
29 6 1.368742865420641
29 7 1.7839299952419587
29 8 1.331761012538991
29 9 1.22058910046273
29 10 1.216400343635843
29 11 0
29 12 0
29 13 1.1825190756898898
29 14 0
29 15 1.1795622781068897
29 16 0
29 17 0.9824624722781637
29 18 0
29 19 0
29 20 0
29 21 0
29 22 0
29 23 1.076138302517152
29 24 0
29 25 0
29 26 0
29 27 0
29 28 0
29 29 0
