0 0 12.372872806891582
0 1 12.18506075073465
0 2 12.563813590363884
0 3 13.090349695042715
0 4 12.419928432353428
0 5 13.672399363184637
0 6 13.799649751625843
0 7 13.688458148292334
0 8 15.156294984345012
0 9 14.27434595329864
0 10 12.610474811552182
0 11 15.318004768263652
0 12 14.0095530591939
0 13 12.258275558313906
0 14 13.411260378576731
0 15 13.23857666090555
0 16 11.073676363635718
0 17 14.314651713385981
0 18 11.51286371934901
0 19 11.203370929150259
0 20 13.996168982122049
0 21 11.47768092463177
0 22 11.061693931905353
0 23 12.482988380228807
0 24 12.024445905650014
0 25 10.882382860332237
0 26 11.252100698136836
0 27 10.628685520864945
0 28 10.357323499978747
0 29 12.830240188029373
1 0 13.432703006464202
1 1 13.474039020487963
1 2 13.32114371257647
1 3 13.906326620212806
1 4 13.419911831957021
1 5 15.448505066778585
1 6 12.7542462654087
1 7 14.944790336370977
1 8 15.913593086349227
1 9 13.335612115752582
1 10 14.239524971930036
1 11 14.538814613732638
1 12 13.093794493262724
1 13 13.648061945930726
1 14 14.210616662960163
1 15 15.306145861259298
1 16 13.980822322377849
1 17 12.800177583257506
1 18 12.251209890713463
1 19 12.780215257997213
1 20 11.649213115493122
1 21 13.093845135090863
1 22 12.95823205783234
1 23 11.108746162021857
1 24 11.117896142758731
1 25 12.024445905650014
1 26 11.789648988318538
1 27 10.95276721255621
1 28 10.621696988657405
1 29 9.489665523617088
2 0 14.257736384035573
2 1 12.93625469983184
2 2 14.778272353541338
2 3 13.837981221893047
2 4 12.16372339732121
2 5 13.913012715227826
2 6 14.826278011490762
2 7 13.016950321104918
2 8 15.019733690579468
2 9 14.845971354093187
2 10 14.256793030500416
2 11 16.20054231931378
2 12 14.299679155071322
2 13 15.435680959849334
2 14 15.312785336895137
2 15 13.84061113921521
2 16 14.513680549062137
2 17 13.643575239134366
2 18 12.967219439672697
2 19 13.02094984407152
2 20 13.714052953587109
2 21 13.751925405543194
2 22 13.38026626754394
2 23 10.363427156274195
2 24 11.108746162021857
2 25 12.482988380228807
2 26 11.729686299829238
2 27 11.326297303469348
2 28 12.133814256871602
2 29 10.009339789509257
3 0 15.790360419593288
3 1 15.907843414274748
3 2 12.985069998163334
3 3 15.067011944607822
3 4 11.986879181110886
3 5 14.638646485217132
3 6 14.532870464608965
3 7 15.128248236272105
3 8 13.02294558970207
3 9 12.660114886287236
3 10 15.410208929174068
3 11 16.019088351566776
3 12 14.67093201681427
3 13 13.250625708798493
3 14 14.893407660950512
3 15 14.936837254681173
3 16 14.518453252732314
3 17 15.44083690825524
3 18 13.994889614430114
3 19 11.910027367861085
3 20 12.70669001410828
3 21 12.489313288916556
3 22 13.09297792070633
3 23 13.38026626754394
3 24 12.95823205783234
3 25 11.061693931905353
3 26 13.526005842044523
3 27 10.348861246788877
3 28 10.268952264972306
3 29 10.182366206957571
4 0 15.009200585849113
4 1 15.036723546278361
4 2 12.944746887348998
4 3 12.09600768075542
4 4 14.361253875376295
4 5 15.587702574817552
4 6 13.595179686906542
4 7 14.465678939849319
4 8 14.017524122818086
4 9 15.104270672567113
4 10 14.254253458357807
4 11 16.119343951009228
4 12 15.745338116818917
4 13 15.928089703052558
4 14 15.320380729769225
4 15 13.659437479427616
4 16 14.331722203918503
4 17 13.057373513040606
4 18 13.994843639882305
4 19 14.978768823094004
4 20 14.044192136979424
4 21 13.134616242671912
4 22 12.489313288916556
4 23 13.751925405543194
4 24 13.093845135090863
4 25 11.47768092463177
4 26 10.798454034172272
4 27 13.033693010637704
4 28 12.594678343862336
4 29 10.705275941082004
5 0 15.254850817214923
5 1 14.163952100186481
5 2 17.008575691038907
5 3 15.057210761655208
5 4 14.855098101574411
5 5 15.373024335918906
5 6 15.460837678556679
5 7 14.642875047650383
5 8 13.959241544450123
5 9 13.829449448452538
5 10 13.974727921333661
5 11 14.986479865465157
5 12 13.285519613907704
5 13 14.667770231309893
5 14 15.269574226474138
5 15 15.057101945519419
5 16 14.950225535021385
5 17 13.902262286876192
5 18 13.750661212891155
5 19 14.389721212554967
5 20 13.680503130286338
5 21 14.044192136979424
5 22 12.70669001410828
5 23 13.714052953587109
5 24 11.649213115493122
5 25 13.996168982122049
5 26 12.221070242921355
5 27 10.957042047000984
5 28 11.871155246961768
5 29 10.98259348486198
6 0 14.949669742093842
6 1 13.589559069440226
6 2 14.561384530575506
6 3 12.521377703508067
6 4 15.458181969352653
6 5 13.997893622001687
6 6 14.344389428618607
6 7 12.69516856213882
6 8 13.372312799417179
6 9 13.932280319092294
6 10 14.821261978345817
6 11 14.634374748213466
6 12 16.61116415688504
6 13 15.51982186921132
6 14 16.167323807744854
6 15 13.535034696956526
6 16 17.385879980688994
6 17 14.573146759043796
6 18 13.734225949040344
6 19 14.750700460682198
6 20 14.389721212554967
6 21 14.978768823094004
6 22 11.910027367861085
6 23 13.02094984407152
6 24 12.780215257997213
6 25 11.203370929150259
6 26 12.513984399969198
6 27 13.043765333187114
6 28 12.4840676849031
6 29 11.187865704051662
7 0 14.305611132425303
7 1 14.133212748643498
7 2 14.496338334031185
7 3 15.429060036884382
7 4 14.231300208083466
7 5 14.93319580571967
7 6 14.684873317992935
7 7 14.691252079471639
7 8 15.709715459310798
7 9 15.212777020184769
7 10 15.998400465905723
7 11 14.288730306920804
7 12 14.95854962684108
7 13 16.074099610941424
7 14 15.497502756191725
7 15 15.178009890642121
7 16 12.095759993514752
7 17 15.98190286452234
7 18 16.129901275232484
7 19 13.734225949040344
7 20 13.750661212891155
7 21 13.994843639882305
7 22 13.994889614430114
7 23 12.967219439672697
7 24 12.251209890713463
7 25 11.51286371934901
7 26 10.923491456541955
7 27 11.290765089137471
7 28 10.236805663861126
7 29 11.640886519521302
8 0 14.051873867455697
8 1 12.90724524065621
8 2 17.17817972490507
8 3 15.179015360775626
8 4 13.020593642744423
8 5 16.590445534455572
8 6 18.100755315622056
8 7 14.297292127209067
8 8 16.505550846960567
8 9 14.526713146506502
8 10 15.761047672844978
8 11 15.417190529560479
8 12 14.389184301521269
8 13 14.853512866858637
8 14 11.927597098255376
8 15 15.841354715431242
8 16 15.722416029365506
8 17 14.041969739803084
8 18 15.98190286452234
8 19 14.573146759043796
8 20 13.902262286876192
8 21 13.057373513040606
8 22 15.44083690825524
8 23 13.643575239134366
8 24 12.800177583257506
8 25 14.314651713385981
8 26 12.264283998808494
8 27 11.216038915665145
8 28 11.515168577405388
8 29 12.937706256634753
9 0 15.462432686176381
9 1 14.668797171875354
9 2 12.005912529779659
9 3 13.50167209437688
9 4 14.881862315293194
9 5 16.38646536585287
9 6 19.866639562808885
9 7 18.36295944766881
9 8 18.758595222760505
9 9 17.201687511841673
9 10 14.734625325103506
9 11 14.915148161632434
9 12 14.11634866925139
9 13 17.286226634614334
9 14 14.943613510579661
9 15 15.26301283612904
9 16 15.517736436131559
9 17 15.722416029365506
9 18 12.095759993514752
9 19 17.385879980688994
9 20 14.950225535021385
9 21 14.331722203918503
9 22 14.518453252732314
9 23 14.513680549062137
9 24 13.980822322377849
9 25 11.073676363635718
9 26 13.027663818523013
9 27 11.798308618544816
9 28 13.096881860320229
9 29 12.385469762104014
10 0 16.68239209850865
10 1 13.375792933518085
10 2 14.428741851486915
10 3 15.15620756148514
10 4 15.578815607774242
10 5 15.954599552307092
10 6 17.504215656390294
10 7 16.62464855118164
10 8 17.197583819574824
10 9 17.842764402695355
10 10 19.55941067036801
10 11 15.729744432733254
10 12 14.110498836968326
10 13 15.096998159705866
10 14 15.24928356582267
10 15 14.503285710360464
10 16 15.26301283612904
10 17 15.841354715431242
10 18 15.178009890642121
10 19 13.535034696956526
10 20 15.057101945519419
10 21 13.659437479427616
10 22 14.936837254681173
10 23 13.84061113921521
10 24 15.306145861259298
10 25 13.23857666090555
10 26 13.47908679363596
10 27 12.380297489851369
10 28 11.525128358134856
10 29 11.255345178227813
11 0 13.375792933518085
11 1 15.98208287097406
11 2 15.624670548959962
11 3 13.802181889109457
11 4 15.85119888582004
11 5 14.424648525182223
11 6 15.150945017734838
11 7 15.443133973713268
11 8 17.421824084522296
11 9 17.924473264808384
11 10 20.083520214705793
11 11 19.81963722120182
11 12 17.129029764699016
11 13 17.10836724051635
11 14 15.9283625463472
11 15 15.24928356582267
11 16 14.943613510579661
11 17 11.927597098255376
11 18 15.497502756191725
11 19 16.167323807744854
11 20 15.269574226474138
11 21 15.320380729769225
11 22 14.893407660950512
11 23 15.312785336895137
11 24 14.210616662960163
11 25 13.411260378576731
11 26 12.272822060708064
11 27 12.462071997539054
11 28 10.708526442519021
11 29 11.839842828154046
12 0 14.428741851486915
12 1 15.624670548959962
12 2 15.507328842173267
12 3 14.437240496612622
12 4 15.553709451162993
12 5 16.37781161464858
12 6 18.290353996436497
12 7 20.900313192081352
12 8 17.775555416301
12 9 21.34656161957484
12 10 20.357199609267848
12 11 18.27767722139235
12 12 16.589143563962008
12 13 16.618974383426565
12 14 17.10836724051635
12 15 15.096998159705866
12 16 17.286226634614334
12 17 14.853512866858637
12 18 16.074099610941424
12 19 15.51982186921132
12 20 14.667770231309893
12 21 15.928089703052558
12 22 13.250625708798493
12 23 15.435680959849334
12 24 13.648061945930726
12 25 12.258275558313906
12 26 12.600645695129002
12 27 11.18789048187624
12 28 12.101162745214438
12 29 11.516606638874872
13 0 15.15620756148514
13 1 13.802181889109457
13 2 14.437240496612622
13 3 16.37067236710431
13 4 15.91927993588035
13 5 18.375645166826242
13 6 17.936851353694703
13 7 18.277545364719042
13 8 20.60151822121956
13 9 21.606137668788026
13 10 20.71279031571967
13 11 23.985613339060144
13 12 18.372146148164298
13 13 16.589143563962008
13 14 17.129029764699016
13 15 14.110498836968326
13 16 14.11634866925139
13 17 14.389184301521269
13 18 14.95854962684108
13 19 16.61116415688504
13 20 13.285519613907704
13 21 15.745338116818917
13 22 14.67093201681427
13 23 14.299679155071322
13 24 13.093794493262724
13 25 14.0095530591939
13 26 13.544742087656363
13 27 11.531196571295506
13 28 12.95587137841843
13 29 12.672108224138803
14 0 15.578815607774242
14 1 15.85119888582004
14 2 15.553709451162993
14 3 15.91927993588035
14 4 17.349778275384836
14 5 16.306721015647376
14 6 19.28232732022217
14 7 21.962077696415896
14 8 19.990719052701138
14 9 25.171560980176057
14 10 26.365886629713128
14 11 24.860854802505283
14 12 23.985613339060144
14 13 18.27767722139235
14 14 19.81963722120182
14 15 15.729744432733254
14 16 14.915148161632434
14 17 15.417190529560479
14 18 14.288730306920804
14 19 14.634374748213466
14 20 14.986479865465157
14 21 16.119343951009228
14 22 16.019088351566776
14 23 16.20054231931378
14 24 14.538814613732638
14 25 15.318004768263652
14 26 13.997922108600545
14 27 13.07075577472623
14 28 13.7348951989451
14 29 10.517699409872138
15 0 15.954599552307092
15 1 14.424648525182223
15 2 16.37781161464858
15 3 18.375645166826242
15 4 16.306721015647376
15 5 18.976291509293397
15 6 16.21935900051284
15 7 20.806448694352497
15 8 23.28078675056251
15 9 20.161356371987395
15 10 8.889230340380994
15 11 26.365886629713128
15 12 20.71279031571967
15 13 20.357199609267848
15 14 20.083520214705793
15 15 19.55941067036801
15 16 14.734625325103506
15 17 15.761047672844978
15 18 15.998400465905723
15 19 14.821261978345817
15 20 13.974727921333661
15 21 14.254253458357807
15 22 15.410208929174068
15 23 14.256793030500416
15 24 14.239524971930036
15 25 12.610474811552182
15 26 13.941331366474799
15 27 13.736768947651555
15 28 10.778882395119382
15 29 11.529655052175169
16 0 17.504215656390294
16 1 15.150945017734838
16 2 18.290353996436497
16 3 17.936851353694703
16 4 19.28232732022217
16 5 16.21935900051284
16 6 22.560584301897297
16 7 19.991102040879554
16 8 23.733020118128568
16 9 19.576537423512306
16 10 20.161356371987395
16 11 25.171560980176057
16 12 21.606137668788026
16 13 21.34656161957484
16 14 17.924473264808384
16 15 17.842764402695355
16 16 17.201687511841673
16 17 14.526713146506502
16 18 15.212777020184769
16 19 13.932280319092294
16 20 13.829449448452538
16 21 15.104270672567113
16 22 12.660114886287236
16 23 14.845971354093187
16 24 13.335612115752582
16 25 14.27434595329864
16 26 13.158613139194241
16 27 13.592573576914898
16 28 12.317369383739695
16 29 11.256707276807116
17 0 16.62464855118164
17 1 15.443133973713268
17 2 20.900313192081352
17 3 18.277545364719042
17 4 21.962077696415896
17 5 20.806448694352497
17 6 19.991102040879554
17 7 23.166097215944657
17 8 21.387363569540955
17 9 23.733020118128568
17 10 23.28078675056251
17 11 19.990719052701138
17 12 20.60151822121956
17 13 17.775555416301
17 14 17.421824084522296
17 15 17.197583819574824
17 16 18.758595222760505
17 17 16.505550846960567
17 18 15.709715459310798
17 19 13.372312799417179
17 20 13.959241544450123
17 21 14.017524122818086
17 22 13.02294558970207
17 23 15.019733690579468
17 24 15.913593086349227
17 25 15.156294984345012
17 26 11.799167839277835
17 27 12.481451115389952
17 28 12.275836479830122
17 29 11.662073968525421
18 0 17.197583819574824
18 1 17.421824084522296
18 2 17.775555416301
18 3 20.60151822121956
18 4 19.990719052701138
18 5 23.28078675056251
18 6 23.733020118128568
18 7 21.387363569540955
18 8 23.166097215944657
18 9 19.991102040879554
18 10 20.806448694352497
18 11 21.962077696415896
18 12 18.277545364719042
18 13 20.900313192081352
18 14 15.443133973713268
18 15 16.62464855118164
18 16 18.36295944766881
18 17 14.297292127209067
18 18 14.691252079471639
18 19 12.69516856213882
18 20 14.642875047650383
18 21 14.465678939849319
18 22 15.128248236272105
18 23 13.016950321104918
18 24 14.944790336370977
18 25 13.688458148292334
18 26 14.540831761351253
18 27 12.369193874805257
18 28 12.646787903138941
18 29 12.428974409049632
19 0 17.842764402695355
19 1 17.924473264808384
19 2 21.34656161957484
19 3 21.606137668788026
19 4 25.171560980176057
19 5 20.161356371987395
19 6 19.576537423512306
19 7 23.733020118128568
19 8 19.991102040879554
19 9 22.560584301897297
19 10 16.21935900051284
19 11 19.28232732022217
19 12 17.936851353694703
19 13 18.290353996436497
19 14 15.150945017734838
19 15 17.504215656390294
19 16 19.866639562808885
19 17 18.100755315622056
19 18 14.684873317992935
19 19 14.344389428618607
19 20 15.460837678556679
19 21 13.595179686906542
19 22 14.532870464608965
19 23 14.826278011490762
19 24 12.7542462654087
19 25 13.799649751625843
19 26 12.890880460027473
19 27 13.558647073396774
19 28 11.29190676380639
19 29 12.559211848595755
20 0 19.55941067036801
20 1 20.083520214705793
20 2 20.357199609267848
20 3 20.71279031571967
20 4 26.365886629713128
20 5 8.889230340380994
20 6 20.161356371987395
20 7 23.28078675056251
20 8 20.806448694352497
20 9 16.21935900051284
20 10 18.976291509293397
20 11 16.306721015647376
20 12 18.375645166826242
20 13 16.37781161464858
20 14 14.424648525182223
20 15 15.954599552307092
20 16 16.38646536585287
20 17 16.590445534455572
20 18 14.93319580571967
20 19 13.997893622001687
20 20 15.373024335918906
20 21 15.587702574817552
20 22 14.638646485217132
20 23 13.913012715227826
20 24 15.448505066778585
20 25 13.672399363184637
20 26 13.354051916521115
20 27 12.354325182787417
20 28 13.71795676350397
20 29 11.60032798657978
21 0 15.729744432733254
21 1 19.81963722120182
21 2 18.27767722139235
21 3 23.985613339060144
21 4 24.860854802505283
21 5 26.365886629713128
21 6 25.171560980176057
21 7 19.990719052701138
21 8 21.962077696415896
21 9 19.28232732022217
21 10 16.306721015647376
21 11 17.349778275384836
21 12 15.91927993588035
21 13 15.553709451162993
21 14 15.85119888582004
21 15 15.578815607774242
21 16 14.881862315293194
21 17 13.020593642744423
21 18 14.231300208083466
21 19 15.458181969352653
21 20 14.855098101574411
21 21 14.361253875376295
21 22 11.986879181110886
21 23 12.16372339732121
21 24 13.419911831957021
21 25 12.419928432353428
21 26 12.409803300016396
21 27 12.402639059834511
21 28 12.096989857797091
21 29 13.909363699870413
22 0 14.110498836968326
22 1 17.129029764699016
22 2 16.589143563962008
22 3 18.372146148164298
22 4 23.985613339060144
22 5 20.71279031571967
22 6 21.606137668788026
22 7 20.60151822121956
22 8 18.277545364719042
22 9 17.936851353694703
22 10 18.375645166826242
22 11 15.91927993588035
22 12 16.37067236710431
22 13 14.437240496612622
22 14 13.802181889109457
22 15 15.15620756148514
22 16 13.50167209437688
22 17 15.179015360775626
22 18 15.429060036884382
22 19 12.521377703508067
22 20 15.057210761655208
22 21 12.09600768075542
22 22 15.067011944607822
22 23 13.837981221893047
22 24 13.906326620212806
22 25 13.090349695042715
22 26 12.81484252946853
22 27 12.954388847245346
22 28 13.403544148720362
22 29 11.02967879027076
23 0 15.096998159705866
23 1 17.10836724051635
23 2 16.618974383426565
23 3 16.589143563962008
23 4 18.27767722139235
23 5 20.357199609267848
23 6 21.34656161957484
23 7 17.775555416301
23 8 20.900313192081352
23 9 18.290353996436497
23 10 16.37781161464858
23 11 15.553709451162993
23 12 14.437240496612622
23 13 15.507328842173267
23 14 15.624670548959962
23 15 14.428741851486915
23 16 12.005912529779659
23 17 17.17817972490507
23 18 14.496338334031185
23 19 14.561384530575506
23 20 17.008575691038907
23 21 12.944746887348998
23 22 12.985069998163334
23 23 14.778272353541338
23 24 13.32114371257647
23 25 12.563813590363884
23 26 12.30314464495812
23 27 11.019422359380933
23 28 12.211585037913956
23 29 10.600503446084346
24 0 15.24928356582267
24 1 15.9283625463472
24 2 17.10836724051635
24 3 17.129029764699016
24 4 19.81963722120182
24 5 20.083520214705793
24 6 17.924473264808384
24 7 17.421824084522296
24 8 15.443133973713268
24 9 15.150945017734838
24 10 14.424648525182223
24 11 15.85119888582004
24 12 13.802181889109457
24 13 15.624670548959962
24 14 15.98208287097406
24 15 13.375792933518085
24 16 14.668797171875354
24 17 12.90724524065621
24 18 14.133212748643498
24 19 13.589559069440226
24 20 14.163952100186481
24 21 15.036723546278361
24 22 15.907843414274748
24 23 12.93625469983184
24 24 13.474039020487963
24 25 12.18506075073465
24 26 13.642501072356001
24 27 14.098917925313978
24 28 12.28464837042586
24 29 10.661782432856626
25 0 14.503285710360464
25 1 15.24928356582267
25 2 15.096998159705866
25 3 14.110498836968326
25 4 15.729744432733254
25 5 19.55941067036801
25 6 17.842764402695355
25 7 17.197583819574824
25 8 16.62464855118164
25 9 17.504215656390294
25 10 15.954599552307092
25 11 15.578815607774242
25 12 15.15620756148514
25 13 14.428741851486915
25 14 13.375792933518085
25 15 16.68239209850865
25 16 15.462432686176381
25 17 14.051873867455697
25 18 14.305611132425303
25 19 14.949669742093842
25 20 15.254850817214923
25 21 15.009200585849113
25 22 15.790360419593288
25 23 14.257736384035573
25 24 13.432703006464202
25 25 12.372872806891582
25 26 12.471465805408409
25 27 11.766076372010504
25 28 11.16711204669265
25 29 10.664513771217669
26 0 15.26301283612904
26 1 14.943613510579661
26 2 17.286226634614334
26 3 14.11634866925139
26 4 14.915148161632434
26 5 14.734625325103506
26 6 17.201687511841673
26 7 18.758595222760505
26 8 18.36295944766881
26 9 19.866639562808885
26 10 16.38646536585287
26 11 14.881862315293194
26 12 13.50167209437688
26 13 12.005912529779659
26 14 14.668797171875354
26 15 15.462432686176381
26 16 12.88845665292548
26 17 14.647447815401344
26 18 16.17790862207399
26 19 13.13050314852317
26 20 15.471445440626834
26 21 16.037152350629196
26 22 14.744533870209544
26 23 10.665719891794339
26 24 11.50099924035578
26 25 11.893247904556643
26 26 13.252134494612399
26 27 12.838474200619935
26 28 11.866406019108771
26 29 10.90592975072471
27 0 15.841354715431242
27 1 11.927597098255376
27 2 14.853512866858637
27 3 14.389184301521269
27 4 15.417190529560479
27 5 15.761047672844978
27 6 14.526713146506502
27 7 16.505550846960567
27 8 14.297292127209067
27 9 18.100755315622056
27 10 16.590445534455572
27 11 13.020593642744423
27 12 15.179015360775626
27 13 17.17817972490507
27 14 12.90724524065621
27 15 14.051873867455697
27 16 14.647447815401344
27 17 16.68230077344518
27 18 13.61892533307686
27 19 14.61954921073556
27 20 16.70157481687503
27 21 15.90029544534141
27 22 14.785038688066084
27 23 13.79099049006451
27 24 12.291594898054253
27 25 11.814908377138583
27 26 11.669487708830804
27 27 11.922728248324516
27 28 12.270884152067694
27 29 12.024563346160994
28 0 15.178009890642121
28 1 15.497502756191725
28 2 16.074099610941424
28 3 14.95854962684108
28 4 14.288730306920804
28 5 15.998400465905723
28 6 15.212777020184769
28 7 15.709715459310798
28 8 14.691252079471639
28 9 14.684873317992935
28 10 14.93319580571967
28 11 14.231300208083466
28 12 15.429060036884382
28 13 14.496338334031185
28 14 14.133212748643498
28 15 14.305611132425303
28 16 16.17790862207399
28 17 13.61892533307686
28 18 14.08402546410836
28 19 14.139432930523114
28 20 13.432439504720081
28 21 13.40752755677949
28 22 10.602269035117617
28 23 13.33491806106169
28 24 14.27027057164784
28 25 11.385155485210712
28 26 10.839894937542823
28 27 10.687883640199214
28 28 11.869499212237278
28 29 12.114592489708418
29 0 13.535034696956526
29 1 16.167323807744854
29 2 15.51982186921132
29 3 16.61116415688504
29 4 14.634374748213466
29 5 14.821261978345817
29 6 13.932280319092294
29 7 13.372312799417179
29 8 12.69516856213882
29 9 14.344389428618607
29 10 13.997893622001687
29 11 15.458181969352653
29 12 12.521377703508067
29 13 14.561384530575506
29 14 13.589559069440226
29 15 14.949669742093842
29 16 13.13050314852317
29 17 14.61954921073556
29 18 14.139432930523114
29 19 16.267288928567982
29 20 13.333686461549567
29 21 14.075834602434773
29 22 14.076775786862282
29 23 14.012345592394764
29 24 11.828080671006926
29 25 12.718063068207929
29 26 9.949467802109428
29 27 11.974200046198574
29 28 11.756671800917536
29 29 11.048422599296817
