0 0 3.043891134054225
0 1 2.895806893569381
0 2 3.140953397590971
0 3 2.937043649932052
0 4 3.3602714124298463
0 5 3.037617924211185
0 6 3.2666943965451036
0 7 3.6680399422951444
0 8 2.754742112592152
0 9 2.8344295953437832
0 10 3.185979747363051
0 11 2.923172019841391
0 12 3.2152049133176734
0 13 3.1996176881022738
0 14 2.8593271586359483
0 15 2.8318142888718283
0 16 2.9974015939572833
0 17 2.9781057012906467
0 18 2.753165237728939
0 19 3.2339416814086177
0 20 2.8863536382561175
0 21 3.0194817838828105
0 22 3.318912185924123
0 23 2.8591757718093382
0 24 2.6914718085479947
0 25 2.586861369587414
0 26 3.037669587765563
0 27 3.019512932063905
0 28 2.6938507046784026
0 29 2.47098012194442
1 0 3.2010197435354963
1 1 3.2046475194972137
1 2 3.1264333229235532
1 3 3.157495276395049
1 4 2.9599057872353804
1 5 2.8945002714598704
1 6 3.320719052325982
1 7 3.288861954294119
1 8 2.6985015217739576
1 9 3.605071686399066
1 10 2.908427178446159
1 11 3.462522428949324
1 12 3.1329482660048864
1 13 3.2299017764679614
1 14 2.90728665415058
1 15 3.147466847626946
1 16 3.156691908795949
1 17 3.351146104025534
1 18 3.0772399254115297
1 19 3.129303510921183
1 20 3.3257152692685037
1 21 3.0798256536616275
1 22 2.778793810647317
1 23 3.1187764425035893
1 24 2.833815671434521
1 25 2.6914718085479947
1 26 2.4644916216271824
1 27 3.382004679929367
1 28 2.8809967987118443
1 29 3.23153061850748
2 0 3.1982108613926847
2 1 3.2925231861902535
2 2 3.286154949363146
2 3 2.76003450600599
2 4 3.2852161530161164
2 5 3.189102277413417
2 6 3.1124188866107247
2 7 2.970523959094047
2 8 3.4815776599353927
2 9 3.75812495871034
2 10 3.3120344094340295
2 11 3.5314302912461293
2 12 3.3170012705953433
2 13 3.021308793671986
2 14 3.0747635207811705
2 15 3.267106055754712
2 16 2.978023213525142
2 17 3.3983920609389355
2 18 3.3289724681874207
2 19 3.1642974938529362
2 20 2.86464011275409
2 21 2.8253732321579355
2 22 3.0819485259540995
2 23 3.5147124622865658
2 24 3.1187764425035893
2 25 2.8591757718093382
2 26 2.6560047871539565
2 27 2.4985652326139247
2 28 3.0175716083842987
2 29 2.6604603784912046
3 0 2.8669765801622296
3 1 2.724176144939227
3 2 3.577433189877358
3 3 3.3498707736396325
3 4 3.8180587193375506
3 5 3.22773644158058
3 6 3.362432030910848
3 7 3.380578339641268
3 8 3.565704734672202
3 9 3.825835393845923
3 10 3.2368280131478273
3 11 3.4836177468540552
3 12 2.842493078257765
3 13 3.627539632867924
3 14 3.0996109106337175
3 15 3.4487516368042175
3 16 3.1598490828639685
3 17 2.8133372682024835
3 18 2.9619035034719254
3 19 3.4869266578043017
3 20 3.0028350505653285
3 21 3.130566655533174
3 22 3.1092748130418757
3 23 3.0819485259540995
3 24 2.778793810647317
3 25 3.318912185924123
3 26 2.9331811122982994
3 27 2.9033638184630046
3 28 2.9376851417444048
3 29 3.114582809799522
4 0 3.039784725392475
4 1 3.134767394712592
4 2 3.370053933574444
4 3 3.356684783058715
4 4 3.0746605808873264
4 5 3.0836355451559503
4 6 3.3428653850399948
4 7 2.847014582768318
4 8 3.021018129917691
4 9 3.0959868702774784
4 10 2.998055429082222
4 11 3.2105006879417792
4 12 3.1680067944173658
4 13 3.0782857997543625
4 14 3.425688484407895
4 15 3.5278353664876256
4 16 3.0607736104932584
4 17 3.2643433782601514
4 18 3.5386601331012497
4 19 2.9497296146037075
4 20 3.024038407680958
4 21 3.0476284850588042
4 22 3.130566655533174
4 23 2.8253732321579355
4 24 3.0798256536616275
4 25 3.0194817838828105
4 26 2.7984782782879187
4 27 2.4874839248583047
4 28 2.653193661270492
4 29 2.8890724261501024
5 0 3.2491898443455827
5 1 3.4770327928061637
5 2 2.9974831278265945
5 3 3.3902372031882155
5 4 3.493667028827567
5 5 3.5899259646413446
5 6 3.4765170117091633
5 7 3.5954265128891842
5 8 3.98025844162491
5 9 3.7060306960443
5 10 3.4151722729101923
5 11 3.818502791302387
5 12 3.6387368837829674
5 13 3.6691097815614135
5 14 3.348855999047142
5 15 3.5256492276773055
5 16 3.2219575924072994
5 17 3.4393839338015813
5 18 3.6641617240632063
5 19 3.128017220868444
5 20 3.265236365245821
5 21 3.024038407680958
5 22 3.0028350505653285
5 23 2.86464011275409
5 24 3.3257152692685037
5 25 2.8863536382561175
5 26 2.903415296280521
5 27 2.85608191592783
5 28 2.907671550192695
5 29 3.104556655034514
6 0 3.060023880885989
6 1 3.521946408641272
6 2 3.4612419660704075
6 3 3.602931049728256
6 4 3.52490093075802
6 5 4.006580107609165
6 6 3.5839040254377377
6 7 3.6202784915593376
6 8 3.8345128989759214
6 9 3.72571587380413
6 10 3.590627157849254
6 11 3.5726905240220113
6 12 3.265104489038514
6 13 3.853680373844797
6 14 3.2526492881816775
6 15 3.498719706120333
6 16 3.0414504680857917
6 17 2.9956865836351065
6 18 3.770305044049095
6 19 3.3339463706366717
6 20 3.128017220868444
6 21 2.9497296146037075
6 22 3.4869266578043017
6 23 3.1642974938529362
6 24 3.129303510921183
6 25 3.2339416814086177
6 26 3.110212681226111
6 27 2.9255533151262303
6 28 2.903972602170795
6 29 2.726992283832464
7 0 3.1976742092033694
7 1 3.561431136599387
7 2 3.3064877352532114
7 3 3.949104652297788
7 4 4.019309462721535
7 5 3.949658086403384
7 6 4.254268100426999
7 7 4.987551054236131
7 8 4.116998117246981
7 9 3.7518299168981817
7 10 3.9817347893229904
7 11 4.350392139326232
7 12 4.426645705564892
7 13 4.343992208907311
7 14 3.4030190105622817
7 15 3.6653186031354457
7 16 4.098635220824064
7 17 2.9690555078222953
7 18 2.7920438476686353
7 19 3.770305044049095
7 20 3.6641617240632063
7 21 3.5386601331012497
7 22 2.9619035034719254
7 23 3.3289724681874207
7 24 3.0772399254115297
7 25 2.753165237728939
7 26 2.7471765827273424
7 27 3.001009170318125
7 28 2.966255499449523
7 29 3.1727829477276557
8 0 3.417613369675761
8 1 3.4448391013913535
8 2 3.434758612002214
8 3 4.374998177386346
8 4 5.2987691920370965
8 5 3.819639961671321
8 6 3.484709336035267
8 7 4.274773228960745
8 8 3.9907999446511995
8 9 5.021859376395172
8 10 4.442984990534748
8 11 4.204688326243767
8 12 4.167187062901432
8 13 3.8635268832927414
8 14 4.9037656479384495
8 15 3.6817218873803768
8 16 3.480702376126981
8 17 3.5126701597863486
8 18 2.9690555078222953
8 19 2.9956865836351065
8 20 3.4393839338015813
8 21 3.2643433782601514
8 22 2.8133372682024835
8 23 3.3983920609389355
8 24 3.351146104025534
8 25 2.9781057012906467
8 26 2.839181745724167
8 27 3.1392717617214942
8 28 3.00808526522046
8 29 2.5955770937223757
9 0 3.898349065148365
9 1 3.511195009085802
9 2 4.443603218925449
9 3 4.012205328836929
9 4 4.453352472964997
9 5 4.21843202562567
9 6 4.387821557919285
9 7 4.083955053689644
9 8 4.125515012927401
9 9 4.445302401121651
9 10 5.637075585025545
9 11 4.390049766785902
9 12 5.005635295605659
9 13 4.269325548223193
9 14 4.364562631181062
9 15 4.139690103241673
9 16 4.00564857490896
9 17 3.480702376126981
9 18 4.098635220824064
9 19 3.0414504680857917
9 20 3.2219575924072994
9 21 3.0607736104932584
9 22 3.1598490828639685
9 23 2.978023213525142
9 24 3.156691908795949
9 25 2.9974015939572833
9 26 2.7526986325167413
9 27 3.0330941873296324
9 28 2.970489438634783
9 29 2.6494275368870097
10 0 3.225233158739087
10 1 4.336060027123909
10 2 4.321037873582275
10 3 4.256503131888027
10 4 4.877437328364203
10 5 5.471843496343308
10 6 5.2383871867127025
10 7 5.3284129971736025
10 8 4.984874485663092
10 9 5.249800235018764
10 10 4.498383158729172
10 11 4.544979663679169
10 12 5.660931351590059
10 13 4.917123637486617
10 14 4.305116410638447
10 15 4.8269029963808645
10 16 4.139690103241673
10 17 3.6817218873803768
10 18 3.6653186031354457
10 19 3.498719706120333
10 20 3.5256492276773055
10 21 3.5278353664876256
10 22 3.4487516368042175
10 23 3.267106055754712
10 24 3.147466847626946
10 25 2.8318142888718283
10 26 2.9362218030649063
10 27 2.6622539457068246
10 28 3.1531777233347826
10 29 3.168843597669515
11 0 4.336060027123909
11 1 3.928556683367925
11 2 4.5541954480263485
11 3 4.841199235923665
11 4 4.55538928719222
11 5 5.4761949906741725
11 6 4.992819111998157
11 7 6.704580115416979
11 8 6.638922052939893
11 9 5.0672763447496205
11 10 5.677862448474608
11 11 4.763784549069
11 12 6.091795430697714
11 13 4.995793061201682
11 14 5.042902941980498
11 15 4.305116410638447
11 16 4.364562631181062
11 17 4.9037656479384495
11 18 3.4030190105622817
11 19 3.2526492881816775
11 20 3.348855999047142
11 21 3.425688484407895
11 22 3.0996109106337175
11 23 3.0747635207811705
11 24 2.90728665415058
11 25 2.8593271586359483
11 26 2.9261208302459996
11 27 2.7329823028089586
11 28 3.236137831528148
11 29 2.796304176478703
12 0 4.321037873582275
12 1 4.5541954480263485
12 2 5.125226657732324
12 3 5.578857526927085
12 4 5.201522928822344
12 5 5.923292962742269
12 6 5.8226656650154425
12 7 5.416648538094411
12 8 6.566270743945069
12 9 6.658515422312134
12 10 6.881167860164738
12 11 6.292154188459986
12 12 6.2511921602670615
12 13 6.757113080252807
12 14 4.995793061201682
12 15 4.917123637486617
12 16 4.269325548223193
12 17 3.8635268832927414
12 18 4.343992208907311
12 19 3.853680373844797
12 20 3.6691097815614135
12 21 3.0782857997543625
12 22 3.627539632867924
12 23 3.021308793671986
12 24 3.2299017764679614
12 25 3.1996176881022738
12 26 3.08208327906397
12 27 2.993682782787763
12 28 2.903138976224056
12 29 2.9297340852232634
13 0 4.256503131888027
13 1 4.841199235923665
13 2 5.578857526927085
13 3 4.679977524155243
13 4 5.880978121852513
13 5 5.134788250987178
13 6 5.927875594200224
13 7 6.790751129642416
13 8 5.762453647384601
13 9 6.917219215996166
13 10 8.130926620215513
13 11 6.860291950790508
13 12 5.960277559142442
13 13 6.2511921602670615
13 14 6.091795430697714
13 15 5.660931351590059
13 16 5.005635295605659
13 17 4.167187062901432
13 18 4.426645705564892
13 19 3.265104489038514
13 20 3.6387368837829674
13 21 3.1680067944173658
13 22 2.842493078257765
13 23 3.3170012705953433
13 24 3.1329482660048864
13 25 3.2152049133176734
13 26 2.946126024557348
13 27 3.1126023485151753
13 28 2.7599512030173936
13 29 2.9269815191624953
14 0 4.877437328364203
14 1 4.55538928719222
14 2 5.201522928822344
14 3 5.880978121852513
14 4 5.356909233558702
14 5 5.322597755400125
14 6 6.14012833803157
14 7 6.3553627177297125
14 8 8.171537553652556
14 9 9.330286973632461
14 10 10.51666829079258
14 11 8.086689511251183
14 12 6.860291950790508
14 13 6.292154188459986
14 14 4.763784549069
14 15 4.544979663679169
14 16 4.390049766785902
14 17 4.204688326243767
14 18 4.350392139326232
14 19 3.5726905240220113
14 20 3.818502791302387
14 21 3.2105006879417792
14 22 3.4836177468540552
14 23 3.5314302912461293
14 24 3.462522428949324
14 25 2.923172019841391
14 26 3.28024593147761
14 27 3.0356029281969468
14 28 2.833893260744911
14 29 2.8220195795185075
15 0 5.471843496343308
15 1 5.4761949906741725
15 2 5.923292962742269
15 3 5.134788250987178
15 4 5.322597755400125
15 5 5.465210543983075
15 6 8.06082600929102
15 7 7.124813609416684
15 8 7.841026715590251
15 9 10.944107796032437
15 10 23.57928773067829
15 11 10.51666829079258
15 12 8.130926620215513
15 13 6.881167860164738
15 14 5.677862448474608
15 15 4.498383158729172
15 16 5.637075585025545
15 17 4.442984990534748
15 18 3.9817347893229904
15 19 3.590627157849254
15 20 3.4151722729101923
15 21 2.998055429082222
15 22 3.2368280131478273
15 23 3.3120344094340295
15 24 2.908427178446159
15 25 3.185979747363051
15 26 3.5287960183847287
15 27 3.465019815341191
15 28 3.335737468489597
15 29 3.164366974207119
16 0 5.2383871867127025
16 1 4.992819111998157
16 2 5.8226656650154425
16 3 5.927875594200224
16 4 6.14012833803157
16 5 8.06082600929102
16 6 6.088402226450886
16 7 6.981415815075011
16 8 7.917826539410134
16 9 9.607201717088193
16 10 10.944107796032437
16 11 9.330286973632461
16 12 6.917219215996166
16 13 6.658515422312134
16 14 5.0672763447496205
16 15 5.249800235018764
16 16 4.445302401121651
16 17 5.021859376395172
16 18 3.7518299168981817
16 19 3.72571587380413
16 20 3.7060306960443
16 21 3.0959868702774784
16 22 3.825835393845923
16 23 3.75812495871034
16 24 3.605071686399066
16 25 2.8344295953437832
16 26 3.3207072805644375
16 27 3.2604086045049954
16 28 2.962948106068683
16 29 3.187506692837776
17 0 5.3284129971736025
17 1 6.704580115416979
17 2 5.416648538094411
17 3 6.790751129642416
17 4 6.3553627177297125
17 5 7.124813609416684
17 6 6.981415815075011
17 7 6.745951518879483
17 8 6.717567304005206
17 9 7.917826539410134
17 10 7.841026715590251
17 11 8.171537553652556
17 12 5.762453647384601
17 13 6.566270743945069
17 14 6.638922052939893
17 15 4.984874485663092
17 16 4.125515012927401
17 17 3.9907999446511995
17 18 4.116998117246981
17 19 3.8345128989759214
17 20 3.98025844162491
17 21 3.021018129917691
17 22 3.565704734672202
17 23 3.4815776599353927
17 24 2.6985015217739576
17 25 2.754742112592152
17 26 3.0657136087667496
17 27 3.6918126158169224
17 28 3.050582119239222
17 29 2.83436279297669
18 0 4.984874485663092
18 1 6.638922052939893
18 2 6.566270743945069
18 3 5.762453647384601
18 4 8.171537553652556
18 5 7.841026715590251
18 6 7.917826539410134
18 7 6.717567304005206
18 8 6.745951518879483
18 9 6.981415815075011
18 10 7.124813609416684
18 11 6.3553627177297125
18 12 6.790751129642416
18 13 5.416648538094411
18 14 6.704580115416979
18 15 5.3284129971736025
18 16 4.083955053689644
18 17 4.274773228960745
18 18 4.987551054236131
18 19 3.6202784915593376
18 20 3.5954265128891842
18 21 2.847014582768318
18 22 3.380578339641268
18 23 2.970523959094047
18 24 3.288861954294119
18 25 3.6680399422951444
18 26 2.9834774331059344
18 27 3.5484381763768567
18 28 3.0392296946052104
18 29 2.953098358285944
19 0 5.249800235018764
19 1 5.0672763447496205
19 2 6.658515422312134
19 3 6.917219215996166
19 4 9.330286973632461
19 5 10.944107796032437
19 6 9.607201717088193
19 7 7.917826539410134
19 8 6.981415815075011
19 9 6.088402226450886
19 10 8.06082600929102
19 11 6.14012833803157
19 12 5.927875594200224
19 13 5.8226656650154425
19 14 4.992819111998157
19 15 5.2383871867127025
19 16 4.387821557919285
19 17 3.484709336035267
19 18 4.254268100426999
19 19 3.5839040254377377
19 20 3.4765170117091633
19 21 3.3428653850399948
19 22 3.362432030910848
19 23 3.1124188866107247
19 24 3.320719052325982
19 25 3.2666943965451036
19 26 3.1648393175596636
19 27 3.0570601896256506
19 28 2.908645058740591
19 29 2.8864295791478947
20 0 4.498383158729172
20 1 5.677862448474608
20 2 6.881167860164738
20 3 8.130926620215513
20 4 10.51666829079258
20 5 23.57928773067829
20 6 10.944107796032437
20 7 7.841026715590251
20 8 7.124813609416684
20 9 8.06082600929102
20 10 5.465210543983075
20 11 5.322597755400125
20 12 5.134788250987178
20 13 5.923292962742269
20 14 5.4761949906741725
20 15 5.471843496343308
20 16 4.21843202562567
20 17 3.819639961671321
20 18 3.949658086403384
20 19 4.006580107609165
20 20 3.5899259646413446
20 21 3.0836355451559503
20 22 3.22773644158058
20 23 3.189102277413417
20 24 2.8945002714598704
20 25 3.037617924211185
20 26 2.8306130453850415
20 27 3.2280391496858223
20 28 3.01786897901803
20 29 3.043870978322173
21 0 4.544979663679169
21 1 4.763784549069
21 2 6.292154188459986
21 3 6.860291950790508
21 4 8.086689511251183
21 5 10.51666829079258
21 6 9.330286973632461
21 7 8.171537553652556
21 8 6.3553627177297125
21 9 6.14012833803157
21 10 5.322597755400125
21 11 5.356909233558702
21 12 5.880978121852513
21 13 5.201522928822344
21 14 4.55538928719222
21 15 4.877437328364203
21 16 4.453352472964997
21 17 5.2987691920370965
21 18 4.019309462721535
21 19 3.52490093075802
21 20 3.493667028827567
21 21 3.0746605808873264
21 22 3.8180587193375506
21 23 3.2852161530161164
21 24 2.9599057872353804
21 25 3.3602714124298463
21 26 3.104512254123703
21 27 2.920436476110306
21 28 3.0181419850459434
21 29 2.7126900409433135
22 0 5.660931351590059
22 1 6.091795430697714
22 2 6.2511921602670615
22 3 5.960277559142442
22 4 6.860291950790508
22 5 8.130926620215513
22 6 6.917219215996166
22 7 5.762453647384601
22 8 6.790751129642416
22 9 5.927875594200224
22 10 5.134788250987178
22 11 5.880978121852513
22 12 4.679977524155243
22 13 5.578857526927085
22 14 4.841199235923665
22 15 4.256503131888027
22 16 4.012205328836929
22 17 4.374998177386346
22 18 3.949104652297788
22 19 3.602931049728256
22 20 3.3902372031882155
22 21 3.356684783058715
22 22 3.3498707736396325
22 23 2.76003450600599
22 24 3.157495276395049
22 25 2.937043649932052
22 26 3.10288736904922
22 27 2.8460399740160227
22 28 2.8388039987511138
22 29 3.0644730265276086
23 0 4.917123637486617
23 1 4.995793061201682
23 2 6.757113080252807
23 3 6.2511921602670615
23 4 6.292154188459986
23 5 6.881167860164738
23 6 6.658515422312134
23 7 6.566270743945069
23 8 5.416648538094411
23 9 5.8226656650154425
23 10 5.923292962742269
23 11 5.201522928822344
23 12 5.578857526927085
23 13 5.125226657732324
23 14 4.5541954480263485
23 15 4.321037873582275
23 16 4.443603218925449
23 17 3.434758612002214
23 18 3.3064877352532114
23 19 3.4612419660704075
23 20 2.9974831278265945
23 21 3.370053933574444
23 22 3.577433189877358
23 23 3.286154949363146
23 24 3.1264333229235532
23 25 3.140953397590971
23 26 3.318071052445314
23 27 2.7058803793590953
23 28 2.9697276570608024
23 29 3.1119818906598455
24 0 4.305116410638447
24 1 5.042902941980498
24 2 4.995793061201682
24 3 6.091795430697714
24 4 4.763784549069
24 5 5.677862448474608
24 6 5.0672763447496205
24 7 6.638922052939893
24 8 6.704580115416979
24 9 4.992819111998157
24 10 5.4761949906741725
24 11 4.55538928719222
24 12 4.841199235923665
24 13 4.5541954480263485
24 14 3.928556683367925
24 15 4.336060027123909
24 16 3.511195009085802
24 17 3.4448391013913535
24 18 3.561431136599387
24 19 3.521946408641272
24 20 3.4770327928061637
24 21 3.134767394712592
24 22 2.724176144939227
24 23 3.2925231861902535
24 24 3.2046475194972137
24 25 2.895806893569381
24 26 2.685483319198006
24 27 2.8833142377591843
24 28 3.0367456419971637
24 29 3.122436660377762
25 0 4.8269029963808645
25 1 4.305116410638447
25 2 4.917123637486617
25 3 5.660931351590059
25 4 4.544979663679169
25 5 4.498383158729172
25 6 5.249800235018764
25 7 4.984874485663092
25 8 5.3284129971736025
25 9 5.2383871867127025
25 10 5.471843496343308
25 11 4.877437328364203
25 12 4.256503131888027
25 13 4.321037873582275
25 14 4.336060027123909
25 15 3.225233158739087
25 16 3.898349065148365
25 17 3.417613369675761
25 18 3.1976742092033694
25 19 3.060023880885989
25 20 3.2491898443455827
25 21 3.039784725392475
25 22 2.8669765801622296
25 23 3.1982108613926847
25 24 3.2010197435354963
25 25 3.043891134054225
25 26 2.860427937020277
25 27 3.0126193473224405
25 28 2.9311649022704476
25 29 2.760558010861544
26 0 4.139690103241673
26 1 4.364562631181062
26 2 4.269325548223193
26 3 5.005635295605659
26 4 4.390049766785902
26 5 5.637075585025545
26 6 4.445302401121651
26 7 4.125515012927401
26 8 4.083955053689644
26 9 4.387821557919285
26 10 4.21843202562567
26 11 4.453352472964997
26 12 4.012205328836929
26 13 4.443603218925449
26 14 3.511195009085802
26 15 3.898349065148365
26 16 3.753351020560903
26 17 3.159971462528496
26 18 3.2591210094469156
26 19 3.6057858387136164
26 20 2.8327701168597192
26 21 2.829591802179078
26 22 3.008151929943713
26 23 3.549710819353015
26 24 3.0339553551619547
26 25 2.928230747004039
26 26 2.966652494488877
26 27 2.9786232757120112
26 28 2.9504786705120996
26 29 3.0472450774083746
27 0 3.6817218873803768
27 1 4.9037656479384495
27 2 3.8635268832927414
27 3 4.167187062901432
27 4 4.204688326243767
27 5 4.442984990534748
27 6 5.021859376395172
27 7 3.9907999446511995
27 8 4.274773228960745
27 9 3.484709336035267
27 10 3.819639961671321
27 11 5.2987691920370965
27 12 4.374998177386346
27 13 3.434758612002214
27 14 3.4448391013913535
27 15 3.417613369675761
27 16 3.159971462528496
27 17 3.059420919565344
27 18 3.470698002851306
27 19 2.75808625156238
27 20 2.7457523553422445
27 21 3.1411861270173684
27 22 2.925426429566757
27 23 3.030464806609442
27 24 2.9291133563879286
27 25 3.139611717783887
27 26 3.144910684761505
27 27 3.043326905419783
27 28 2.8345259918767116
27 29 2.5541196595222204
28 0 3.6653186031354457
28 1 3.4030190105622817
28 2 4.343992208907311
28 3 4.426645705564892
28 4 4.350392139326232
28 5 3.9817347893229904
28 6 3.7518299168981817
28 7 4.116998117246981
28 8 4.987551054236131
28 9 4.254268100426999
28 10 3.949658086403384
28 11 4.019309462721535
28 12 3.949104652297788
28 13 3.3064877352532114
28 14 3.561431136599387
28 15 3.1976742092033694
28 16 3.2591210094469156
28 17 3.470698002851306
28 18 3.343263256203607
28 19 3.0172539914241288
28 20 2.774363673404802
28 21 3.4704773377883598
28 22 3.8279074385182654
28 23 3.0867865882087244
28 24 2.7386147482594394
28 25 2.8035334590728094
28 26 3.2061946349271837
28 27 2.8412360355733206
28 28 3.0235143263604414
28 29 2.721393965079427
29 0 3.498719706120333
29 1 3.2526492881816775
29 2 3.853680373844797
29 3 3.265104489038514
29 4 3.5726905240220113
29 5 3.590627157849254
29 6 3.72571587380413
29 7 3.8345128989759214
29 8 3.6202784915593376
29 9 3.5839040254377377
29 10 4.006580107609165
29 11 3.52490093075802
29 12 3.602931049728256
29 13 3.4612419660704075
29 14 3.521946408641272
29 15 3.060023880885989
29 16 3.6057858387136164
29 17 2.75808625156238
29 18 3.0172539914241288
29 19 2.785867416871331
29 20 3.5166452894374167
29 21 3.0053025320972417
29 22 2.8845852022258773
29 23 2.6524246922994186
29 24 3.1344413778168354
29 25 3.059802027258704
29 26 3.220251855593453
29 27 3.1462411530783503
29 28 2.7932092697077886
29 29 2.698425980663992
