0 0 1.7685809053704662
0 1 1.5313768839302848
0 2 1.5673770737320734
0 3 1.6580419194433058
0 4 1.9084432141625964
0 5 1.7256830096476958
0 6 1.8290573788176379
0 7 2.0559780699285
0 8 1.8392752031084618
0 9 1.4547569115175045
0 10 1.7597950960565545
0 11 1.7449440959495115
0 12 2.0487826777742715
0 13 1.9176929390379214
0 14 1.6981790739106901
0 15 1.5576012852596688
0 16 1.4863233643814333
0 17 1.599086452177816
0 18 1.477033174820328
0 19 1.5883699667057487
0 20 1.7210239782408656
0 21 1.6070781153305085
0 22 1.992761333788282
0 23 1.5211378490414214
0 24 1.5150801841119017
0 25 1.3872443301413986
0 26 1.7136591522604157
0 27 1.4127360505098991
0 28 1.2552239923336772
0 29 1.4427145465565792
1 0 1.841413489417545
1 1 1.847080010428653
1 2 1.8450740901085774
1 3 1.6215010418739437
1 4 1.695256775033823
1 5 1.5530187780662041
1 6 1.7809794538374977
1 7 1.9909585776952903
1 8 1.6466323538239065
1 9 2.092623244204239
1 10 1.671715188189248
1 11 1.8981930113827707
1 12 1.7038289599256828
1 13 1.6725155666869094
1 14 1.5758245549975667
1 15 1.9184758217501108
1 16 1.9095909277222862
1 17 1.9394835697788297
1 18 1.740744300970061
1 19 1.787586378530157
1 20 1.9585904693476663
1 21 1.727433647569973
1 22 1.548736068315488
1 23 1.5775793994647125
1 24 1.3987939571356478
1 25 1.5150801841119017
1 26 1.324040640445049
1 27 1.7555823353217366
1 28 1.383115908172788
1 29 1.6571446647346284
2 0 2.095379529877966
2 1 1.8164205275748386
2 2 1.7980650248746086
2 3 1.5018452601174148
2 4 1.622601952499306
2 5 1.6008829102700706
2 6 1.5710103483367992
2 7 1.5201968657373668
2 8 1.963287706591687
2 9 2.4418273843397134
2 10 2.0427390727411416
2 11 2.1520976565058096
2 12 1.9808987830132803
2 13 1.7205847215359666
2 14 1.8951571187292566
2 15 1.6765688751111207
2 16 1.6709554407349636
2 17 2.0398686864863382
2 18 1.802501613853351
2 19 1.7815966294586747
2 20 1.6247366156748233
2 21 1.6083524200463954
2 22 1.8612031965143054
2 23 1.691366540199139
2 24 1.5775793994647125
2 25 1.5211378490414214
2 26 1.408123201635921
2 27 1.3988375983069978
2 28 1.7877126535197772
2 29 1.2916871154115914
3 0 1.5465757519721013
3 1 1.4493205647651213
3 2 1.9542994401069411
3 3 1.9352222504696424
3 4 2.3812461829331473
3 5 1.7691910686712273
3 6 2.0831300533924533
3 7 1.9785886491962317
3 8 2.128092963648787
3 9 2.232628368460114
3 10 1.7776898896515314
3 11 2.1593731097912015
3 12 1.6611418664387088
3 13 2.199927261223128
3 14 2.120507258849008
3 15 2.0468372681952682
3 16 1.8295526189782378
3 17 1.5766017576839422
3 18 1.880954939969301
3 19 2.0314414696927865
3 20 1.4858963241253658
3 21 1.679590202360068
3 22 1.8313362198107555
3 23 1.8612031965143054
3 24 1.548736068315488
3 25 1.992761333788282
3 26 1.6063137140002337
3 27 1.400657941367404
3 28 1.6152289152235337
3 29 1.5989249115870876
4 0 1.602105680511984
4 1 1.7293078740581955
4 2 1.716900112438935
4 3 1.7465850300667647
4 4 1.6764067954942383
4 5 1.5879542821262376
4 6 1.7682338137084141
4 7 1.5086375533215917
4 8 1.5169826752372406
4 9 1.6786121280618824
4 10 1.549750754557981
4 11 1.97179508335981
4 12 1.7755472862733197
4 13 1.6786746829901753
4 14 2.122600235185904
4 15 2.0314363167750495
4 16 1.89016567277687
4 17 1.8075377088035984
4 18 1.893382917324822
4 19 1.589925182339587
4 20 1.739914734219739
4 21 1.682199826161874
4 22 1.679590202360068
4 23 1.6083524200463954
4 24 1.727433647569973
4 25 1.6070781153305085
4 26 1.4849891945349012
4 27 1.3631974051483364
4 28 1.481433057102462
4 29 1.4296235887143314
5 0 1.8325770284731617
5 1 1.9826121994541583
5 2 1.8734269548916216
5 3 2.0455362706617546
5 4 1.9766516358283208
5 5 2.2518232830078397
5 6 1.9934057568700887
5 7 2.1339683389151607
5 8 2.5154535824946036
5 9 2.2467402100798286
5 10 1.7719204800380148
5 11 2.064997516346071
5 12 2.009565262280378
5 13 2.2582471307660916
5 14 1.8158529304955813
5 15 2.0068253378272956
5 16 1.8901723325975093
5 17 2.2219782344609222
5 18 2.2607306304445434
5 19 1.817660074172208
5 20 1.946583217742701
5 21 1.739914734219739
5 22 1.4858963241253658
5 23 1.6247366156748233
5 24 1.9585904693476663
5 25 1.7210239782408656
5 26 1.515485599209184
5 27 1.5609756592694417
5 28 1.5500233935727428
5 29 1.9590410491788117
6 0 1.8313131745246458
6 1 1.8726446758141397
6 2 1.6497004258483956
6 3 2.0312553511404188
6 4 2.047664808757207
6 5 2.0950938533242685
6 6 1.9158752547245188
6 7 1.807939805626838
6 8 2.0494810322112684
6 9 1.9676368025063848
6 10 1.9265435026912308
6 11 2.0176230086338856
6 12 1.7314282216435728
6 13 2.2946914953348565
6 14 1.882481675834369
6 15 1.848052814392141
6 16 1.6425989584732839
6 17 1.7755393638152241
6 18 2.2336233387017814
6 19 2.1054273776447596
6 20 1.817660074172208
6 21 1.589925182339587
6 22 2.0314414696927865
6 23 1.7815966294586747
6 24 1.787586378530157
6 25 1.5883699667057487
6 26 1.666838344184209
6 27 1.5708685790819363
6 28 1.5715616435277244
6 29 1.4324706534941059
7 0 1.6988989153203635
7 1 2.0273760479912672
7 2 1.8533733884445633
7 3 2.1811915230714525
7 4 2.311817143129062
7 5 2.2916406336985538
7 6 2.314463729466278
7 7 2.522695314676081
7 8 2.408644618974398
7 9 1.9764104026517206
7 10 2.0031498070794855
7 11 2.305640939038095
7 12 2.5790602804898413
7 13 2.5439587400787462
7 14 1.8909332171959345
7 15 1.96074839253751
7 16 2.146127200288184
7 17 1.6487549872404739
7 18 1.5108369475470556
7 19 2.2336233387017814
7 20 2.2607306304445434
7 21 1.893382917324822
7 22 1.880954939969301
7 23 1.802501613853351
7 24 1.740744300970061
7 25 1.477033174820328
7 26 1.4999421104505373
7 27 1.62816398943323
7 28 1.634261691612475
7 29 1.8188885186752035
8 0 1.9406929439090956
8 1 1.792188443888413
8 2 1.8873625706436177
8 3 2.378339906819204
8 4 2.886808508727078
8 5 2.005757199499134
8 6 1.969959557083
8 7 2.2511253120897075
8 8 2.0857918170515615
8 9 2.8165883968600514
8 10 2.6087251320570997
8 11 2.2210248820077965
8 12 2.183831274315102
8 13 1.8421224466743813
8 14 2.632266573961511
8 15 1.9171488746899619
8 16 1.9993189562747036
8 17 2.1396146509547966
8 18 1.6487549872404739
8 19 1.7755393638152241
8 20 2.2219782344609222
8 21 1.8075377088035984
8 22 1.5766017576839422
8 23 2.0398686864863382
8 24 1.9394835697788297
8 25 1.599086452177816
8 26 1.6996253575015439
8 27 1.7220277139540234
8 28 1.5686891930447866
8 29 1.4836174022553983
9 0 2.3442479820657023
9 1 1.7413154222155809
9 2 2.136645450215024
9 3 2.192017839200864
9 4 2.2871898332464915
9 5 2.553617675405486
9 6 2.5173792590442248
9 7 2.127583068775153
9 8 2.2829072792491543
9 9 2.2686450174374078
9 10 3.073931829222093
9 11 2.107774940329214
9 12 2.4182475537674826
9 13 2.513906054193125
9 14 2.4245066552146737
9 15 2.36362230395558
9 16 2.163360230893341
9 17 1.9993189562747036
9 18 2.146127200288184
9 19 1.6425989584732839
9 20 1.8901723325975093
9 21 1.89016567277687
9 22 1.8295526189782378
9 23 1.6709554407349636
9 24 1.9095909277222862
9 25 1.4863233643814333
9 26 1.5372479332744273
9 27 1.6642296514763666
9 28 1.6765952659779142
9 29 1.5069122426747164
10 0 1.7632154010284578
10 1 2.3075457345572588
10 2 2.040056342483733
10 3 2.4136665066777936
10 4 2.991223171202002
10 5 3.0188694519025003
10 6 3.2193775510964806
10 7 3.060362421420143
10 8 2.711603847907473
10 9 2.795834737115256
10 10 2.4097644018622137
10 11 2.3543181694058246
10 12 3.0814429278359685
10 13 2.7442803431333465
10 14 2.12974359794965
10 15 2.851439889817134
10 16 2.36362230395558
10 17 1.9171488746899619
10 18 1.96074839253751
10 19 1.848052814392141
10 20 2.0068253378272956
10 21 2.0314363167750495
10 22 2.0468372681952682
10 23 1.6765688751111207
10 24 1.9184758217501108
10 25 1.5576012852596688
10 26 1.5554373022534178
10 27 1.4822058010607015
10 28 1.732827397508304
10 29 1.785121950310325
11 0 2.3075457345572588
11 1 2.209813134394458
11 2 2.4391046767097637
11 3 2.409256601945142
11 4 2.4710298494061265
11 5 3.0959432894157106
11 6 2.5173877875620962
11 7 4.119738483841192
11 8 3.93963234208101
11 9 2.658047223331836
11 10 3.246548038528133
11 11 2.792810500432127
11 12 3.308801794978502
11 13 2.7998915188365565
11 14 2.505273505548515
11 15 2.12974359794965
11 16 2.4245066552146737
11 17 2.632266573961511
11 18 1.8909332171959345
11 19 1.882481675834369
11 20 1.8158529304955813
11 21 2.122600235185904
11 22 2.120507258849008
11 23 1.8951571187292566
11 24 1.5758245549975667
11 25 1.6981790739106901
11 26 1.7184010083323622
11 27 1.5731013404641387
11 28 1.538791669891211
11 29 1.5628188442964426
12 0 2.040056342483733
12 1 2.4391046767097637
12 2 2.4650115811768396
12 3 2.791718934862117
12 4 2.8065105935957004
12 5 3.2816350996265333
12 6 3.577725575013547
12 7 3.4291072973259045
12 8 4.065065541924573
12 9 3.4324524151181
12 10 3.914466365215665
12 11 3.1583472857051493
12 12 3.699388699027138
12 13 3.890459046206162
12 14 2.7998915188365565
12 15 2.7442803431333465
12 16 2.513906054193125
12 17 1.8421224466743813
12 18 2.5439587400787462
12 19 2.2946914953348565
12 20 2.2582471307660916
12 21 1.6786746829901753
12 22 2.199927261223128
12 23 1.7205847215359666
12 24 1.6725155666869094
12 25 1.9176929390379214
12 26 1.6070568101678933
12 27 1.4937677951076518
12 28 1.474981899210609
12 29 1.5002747404648134
13 0 2.4136665066777936
13 1 2.409256601945142
13 2 2.791718934862117
13 3 2.492596724821814
13 4 3.101643743375749
13 5 2.909870802767343
13 6 3.045338350493815
13 7 3.480625309992472
13 8 3.08276341498684
13 9 3.8502462841978664
13 10 4.222222641281317
13 11 4.151747054663589
13 12 2.999989828893927
13 13 3.699388699027138
13 14 3.308801794978502
13 15 3.0814429278359685
13 16 2.4182475537674826
13 17 2.183831274315102
13 18 2.5790602804898413
13 19 1.7314282216435728
13 20 2.009565262280378
13 21 1.7755472862733197
13 22 1.6611418664387088
13 23 1.9808987830132803
13 24 1.7038289599256828
13 25 2.0487826777742715
13 26 1.7643700034866585
13 27 1.6075965326708237
13 28 1.684711720305669
13 29 1.6518708850359964
14 0 2.991223171202002
14 1 2.4710298494061265
14 2 2.8065105935957004
14 3 3.101643743375749
14 4 2.749250774051052
14 5 2.4357448472582184
14 6 3.1693328053956327
14 7 3.543386523026597
14 8 4.302283955149366
14 9 5.274218662689044
14 10 5.5744389162904735
14 11 4.240062383446955
14 12 4.151747054663589
14 13 3.1583472857051493
14 14 2.792810500432127
14 15 2.3543181694058246
14 16 2.107774940329214
14 17 2.2210248820077965
14 18 2.305640939038095
14 19 2.0176230086338856
14 20 2.064997516346071
14 21 1.97179508335981
14 22 2.1593731097912015
14 23 2.1520976565058096
14 24 1.8981930113827707
14 25 1.7449440959495115
14 26 1.9120979594268919
14 27 1.7242142477816893
14 28 1.586286544441446
14 29 1.5002115580773676
15 0 3.0188694519025003
15 1 3.0959432894157106
15 2 3.2816350996265333
15 3 2.909870802767343
15 4 2.4357448472582184
15 5 2.706075123719775
15 6 4.19651487392787
15 7 4.170258035721513
15 8 4.619040063884856
15 9 5.7525310324874015
15 10 11.01754304272297
15 11 5.5744389162904735
15 12 4.222222641281317
15 13 3.914466365215665
15 14 3.246548038528133
15 15 2.4097644018622137
15 16 3.073931829222093
15 17 2.6087251320570997
15 18 2.0031498070794855
15 19 1.9265435026912308
15 20 1.7719204800380148
15 21 1.549750754557981
15 22 1.7776898896515314
15 23 2.0427390727411416
15 24 1.671715188189248
15 25 1.7597950960565545
15 26 2.1079640731524023
15 27 2.0695580984867017
15 28 1.7760658491958075
15 29 1.8550087166105196
16 0 3.2193775510964806
16 1 2.5173877875620962
16 2 3.577725575013547
16 3 3.045338350493815
16 4 3.1693328053956327
16 5 4.19651487392787
16 6 3.440735400627786
16 7 3.695309800616902
16 8 4.516434647480071
16 9 4.880820606270138
16 10 5.7525310324874015
16 11 5.274218662689044
16 12 3.8502462841978664
16 13 3.4324524151181
16 14 2.658047223331836
16 15 2.795834737115256
16 16 2.2686450174374078
16 17 2.8165883968600514
16 18 1.9764104026517206
16 19 1.9676368025063848
16 20 2.2467402100798286
16 21 1.6786121280618824
16 22 2.232628368460114
16 23 2.4418273843397134
16 24 2.092623244204239
16 25 1.4547569115175045
16 26 1.9926313949771015
16 27 1.8686705053562678
16 28 1.5733642424024261
16 29 1.9011418021572222
17 0 3.060362421420143
17 1 4.119738483841192
17 2 3.4291072973259045
17 3 3.480625309992472
17 4 3.543386523026597
17 5 4.170258035721513
17 6 3.695309800616902
17 7 3.9851083972639914
17 8 3.4620920764077843
17 9 4.516434647480071
17 10 4.619040063884856
17 11 4.302283955149366
17 12 3.08276341498684
17 13 4.065065541924573
17 14 3.93963234208101
17 15 2.711603847907473
17 16 2.2829072792491543
17 17 2.0857918170515615
17 18 2.408644618974398
17 19 2.0494810322112684
17 20 2.5154535824946036
17 21 1.5169826752372406
17 22 2.128092963648787
17 23 1.963287706591687
17 24 1.6466323538239065
17 25 1.8392752031084618
17 26 1.811275764801422
17 27 2.0894919398540654
17 28 1.7601082910202206
17 29 1.6210850906144418
18 0 2.711603847907473
18 1 3.93963234208101
18 2 4.065065541924573
18 3 3.08276341498684
18 4 4.302283955149366
18 5 4.619040063884856
18 6 4.516434647480071
18 7 3.4620920764077843
18 8 3.9851083972639914
18 9 3.695309800616902
18 10 4.170258035721513
18 11 3.543386523026597
18 12 3.480625309992472
18 13 3.4291072973259045
18 14 4.119738483841192
18 15 3.060362421420143
18 16 2.127583068775153
18 17 2.2511253120897075
18 18 2.522695314676081
18 19 1.807939805626838
18 20 2.1339683389151607
18 21 1.5086375533215917
18 22 1.9785886491962317
18 23 1.5201968657373668
18 24 1.9909585776952903
18 25 2.0559780699285
18 26 1.7534654123143407
18 27 2.177964369982321
18 28 1.5053269978316606
18 29 1.7351481081824347
19 0 2.795834737115256
19 1 2.658047223331836
19 2 3.4324524151181
19 3 3.8502462841978664
19 4 5.274218662689044
19 5 5.7525310324874015
19 6 4.880820606270138
19 7 4.516434647480071
19 8 3.695309800616902
19 9 3.440735400627786
19 10 4.19651487392787
19 11 3.1693328053956327
19 12 3.045338350493815
19 13 3.577725575013547
19 14 2.5173877875620962
19 15 3.2193775510964806
19 16 2.5173792590442248
19 17 1.969959557083
19 18 2.314463729466278
19 19 1.9158752547245188
19 20 1.9934057568700887
19 21 1.7682338137084141
19 22 2.0831300533924533
19 23 1.5710103483367992
19 24 1.7809794538374977
19 25 1.8290573788176379
19 26 1.7612299794649466
19 27 1.7071494611643576
19 28 1.4900176826157094
19 29 1.7736136810073089
20 0 2.4097644018622137
20 1 3.246548038528133
20 2 3.914466365215665
20 3 4.222222641281317
20 4 5.5744389162904735
20 5 11.01754304272297
20 6 5.7525310324874015
20 7 4.619040063884856
20 8 4.170258035721513
20 9 4.19651487392787
20 10 2.706075123719775
20 11 2.4357448472582184
20 12 2.909870802767343
20 13 3.2816350996265333
20 14 3.0959432894157106
20 15 3.0188694519025003
20 16 2.553617675405486
20 17 2.005757199499134
20 18 2.2916406336985538
20 19 2.0950938533242685
20 20 2.2518232830078397
20 21 1.5879542821262376
20 22 1.7691910686712273
20 23 1.6008829102700706
20 24 1.5530187780662041
20 25 1.7256830096476958
20 26 1.4793101728799287
20 27 1.764757108198634
20 28 1.7636499671438928
20 29 1.566489821511777
21 0 2.3543181694058246
21 1 2.792810500432127
21 2 3.1583472857051493
21 3 4.151747054663589
21 4 4.240062383446955
21 5 5.5744389162904735
21 6 5.274218662689044
21 7 4.302283955149366
21 8 3.543386523026597
21 9 3.1693328053956327
21 10 2.4357448472582184
21 11 2.749250774051052
21 12 3.101643743375749
21 13 2.8065105935957004
21 14 2.4710298494061265
21 15 2.991223171202002
21 16 2.2871898332464915
21 17 2.886808508727078
21 18 2.311817143129062
21 19 2.047664808757207
21 20 1.9766516358283208
21 21 1.6764067954942383
21 22 2.3812461829331473
21 23 1.622601952499306
21 24 1.695256775033823
21 25 1.9084432141625964
21 26 1.6625425849606683
21 27 1.5871937370164706
21 28 1.7746593465678102
21 29 1.471649518856272
22 0 3.0814429278359685
22 1 3.308801794978502
22 2 3.699388699027138
22 3 2.999989828893927
22 4 4.151747054663589
22 5 4.222222641281317
22 6 3.8502462841978664
22 7 3.08276341498684
22 8 3.480625309992472
22 9 3.045338350493815
22 10 2.909870802767343
22 11 3.101643743375749
22 12 2.492596724821814
22 13 2.791718934862117
22 14 2.409256601945142
22 15 2.4136665066777936
22 16 2.192017839200864
22 17 2.378339906819204
22 18 2.1811915230714525
22 19 2.0312553511404188
22 20 2.0455362706617546
22 21 1.7465850300667647
22 22 1.9352222504696424
22 23 1.5018452601174148
22 24 1.6215010418739437
22 25 1.6580419194433058
22 26 1.8456830040034153
22 27 1.6141871835385417
22 28 1.5890799763946821
22 29 1.497895022524866
23 0 2.7442803431333465
23 1 2.7998915188365565
23 2 3.890459046206162
23 3 3.699388699027138
23 4 3.1583472857051493
23 5 3.914466365215665
23 6 3.4324524151181
23 7 4.065065541924573
23 8 3.4291072973259045
23 9 3.577725575013547
23 10 3.2816350996265333
23 11 2.8065105935957004
23 12 2.791718934862117
23 13 2.4650115811768396
23 14 2.4391046767097637
23 15 2.040056342483733
23 16 2.136645450215024
23 17 1.8873625706436177
23 18 1.8533733884445633
23 19 1.6497004258483956
23 20 1.8734269548916216
23 21 1.716900112438935
23 22 1.9542994401069411
23 23 1.7980650248746086
23 24 1.8450740901085774
23 25 1.5673770737320734
23 26 1.845882349101694
23 27 1.3264119506662233
23 28 1.702927847064579
23 29 1.550948848941945
24 0 2.12974359794965
24 1 2.505273505548515
24 2 2.7998915188365565
24 3 3.308801794978502
24 4 2.792810500432127
24 5 3.246548038528133
24 6 2.658047223331836
24 7 3.93963234208101
24 8 4.119738483841192
24 9 2.5173877875620962
24 10 3.0959432894157106
24 11 2.4710298494061265
24 12 2.409256601945142
24 13 2.4391046767097637
24 14 2.209813134394458
24 15 2.3075457345572588
24 16 1.7413154222155809
24 17 1.792188443888413
24 18 2.0273760479912672
24 19 1.8726446758141397
24 20 1.9826121994541583
24 21 1.7293078740581955
24 22 1.4493205647651213
24 23 1.8164205275748386
24 24 1.847080010428653
24 25 1.5313768839302848
24 26 1.556801924172757
24 27 1.7786546516120392
24 28 1.490029861673275
24 29 1.6518112700451022
25 0 2.851439889817134
25 1 2.12974359794965
25 2 2.7442803431333465
25 3 3.0814429278359685
25 4 2.3543181694058246
25 5 2.4097644018622137
25 6 2.795834737115256
25 7 2.711603847907473
25 8 3.060362421420143
25 9 3.2193775510964806
25 10 3.0188694519025003
25 11 2.991223171202002
25 12 2.4136665066777936
25 13 2.040056342483733
25 14 2.3075457345572588
25 15 1.7632154010284578
25 16 2.3442479820657023
25 17 1.9406929439090956
25 18 1.6988989153203635
25 19 1.8313131745246458
25 20 1.8325770284731617
25 21 1.602105680511984
25 22 1.5465757519721013
25 23 2.095379529877966
25 24 1.841413489417545
25 25 1.7685809053704662
25 26 1.7111488551817728
25 27 1.5530326979285272
25 28 1.4807332001131897
25 29 1.503841099803396
26 0 2.36362230395558
26 1 2.4245066552146737
26 2 2.513906054193125
26 3 2.4182475537674826
26 4 2.107774940329214
26 5 3.073931829222093
26 6 2.2686450174374078
26 7 2.2829072792491543
26 8 2.127583068775153
26 9 2.5173792590442248
26 10 2.553617675405486
26 11 2.2871898332464915
26 12 2.192017839200864
26 13 2.136645450215024
26 14 1.7413154222155809
26 15 2.3442479820657023
26 16 2.0870019395088786
26 17 1.5756776583773653
26 18 1.7996853374555852
26 19 2.0069940045670127
26 20 1.4258909984193218
26 21 1.6803325205076796
26 22 1.71164262033205
26 23 1.8567558637445238
26 24 1.4376249050444725
26 25 1.4764102541752346
26 26 1.729868109767209
26 27 1.555165553815625
26 28 1.5558535065815169
26 29 1.6860086250660808
27 0 1.9171488746899619
27 1 2.632266573961511
27 2 1.8421224466743813
27 3 2.183831274315102
27 4 2.2210248820077965
27 5 2.6087251320570997
27 6 2.8165883968600514
27 7 2.0857918170515615
27 8 2.2511253120897075
27 9 1.969959557083
27 10 2.005757199499134
27 11 2.886808508727078
27 12 2.378339906819204
27 13 1.8873625706436177
27 14 1.792188443888413
27 15 1.9406929439090956
27 16 1.5756776583773653
27 17 1.8176685519321045
27 18 2.051350628294702
27 19 1.7248614556358288
27 20 1.6199097931019903
27 21 1.8287011717499648
27 22 1.7307387896513557
27 23 1.5431201162489798
27 24 1.6596939635073256
27 25 1.8047149984788966
27 26 1.7745991493147124
27 27 1.547933870884166
27 28 1.6182932081281935
27 29 1.3690641401276116
28 0 1.96074839253751
28 1 1.8909332171959345
28 2 2.5439587400787462
28 3 2.5790602804898413
28 4 2.305640939038095
28 5 2.0031498070794855
28 6 1.9764104026517206
28 7 2.408644618974398
28 8 2.522695314676081
28 9 2.314463729466278
28 10 2.2916406336985538
28 11 2.311817143129062
28 12 2.1811915230714525
28 13 1.8533733884445633
28 14 2.0273760479912672
28 15 1.6988989153203635
28 16 1.7996853374555852
28 17 2.051350628294702
28 18 2.1350333072844556
28 19 1.5717494641518999
28 20 1.3756742950706313
28 21 2.071259106575727
28 22 2.189149227001257
28 23 1.717282271906787
28 24 1.5064427912697664
28 25 1.4984754000563456
28 26 1.5696783588556964
28 27 1.4740171347672935
28 28 1.7122554606842288
28 29 1.440503257175474
29 0 1.848052814392141
29 1 1.882481675834369
29 2 2.2946914953348565
29 3 1.7314282216435728
29 4 2.0176230086338856
29 5 1.9265435026912308
29 6 1.9676368025063848
29 7 2.0494810322112684
29 8 1.807939805626838
29 9 1.9158752547245188
29 10 2.0950938533242685
29 11 2.047664808757207
29 12 2.0312553511404188
29 13 1.6497004258483956
29 14 1.8726446758141397
29 15 1.8313131745246458
29 16 2.0069940045670127
29 17 1.7248614556358288
29 18 1.5717494641518999
29 19 1.4599117379923015
29 20 2.124769992818759
29 21 1.7750132805012653
29 22 1.5545853821995888
29 23 1.4133283039725262
29 24 1.8394704767669392
29 25 1.8301998863311348
29 26 1.7736622289271777
29 27 1.7850799901086296
29 28 1.4625859561855743
29 29 1.5153771270469247
