0 0 25.107477443353417
0 1 25.07913044907632
0 2 24.367185831837322
0 3 25.66702744002679
0 4 25.437607430969855
0 5 25.781288336905334
0 6 26.666553110866598
0 7 26.910074849383466
0 8 24.540352143061654
0 9 23.926840557604034
0 10 24.43696507794173
0 11 24.118773557864532
0 12 25.588452824695217
0 13 25.995854878919253
0 14 24.732454204648
0 15 23.349539585672165
0 16 23.368592743529323
0 17 24.137464440847396
0 18 23.8785321586498
0 19 24.67846842161472
0 20 22.553454380731864
0 21 24.885883446480758
0 22 23.836374798481224
0 23 23.887498073835655
0 24 23.439653218747093
0 25 21.365558719184936
0 26 23.156266595741673
0 27 23.18985931825079
0 28 21.77167773034375
0 29 21.952045980008617
1 0 26.832320537543023
1 1 26.383894141103276
1 2 24.545517771455707
1 3 24.325643925939136
1 4 24.71604945499374
1 5 24.56345816474773
1 6 25.575620142740604
1 7 26.596518383895734
1 8 25.50546298150214
1 9 26.839390840783253
1 10 25.55381104761943
1 11 25.617206569546244
1 12 25.36555704524438
1 13 25.23635503376393
1 14 23.909926448790117
1 15 24.546491947343437
1 16 26.566054537709068
1 17 25.434764253406897
1 18 25.426416756349422
1 19 25.428929908838185
1 20 24.59187364648021
1 21 24.622299070967873
1 22 24.519962916449664
1 23 24.077034985808655
1 24 24.296749137469842
1 25 23.439653218747093
1 26 22.126545020730525
1 27 23.670058605945137
1 28 23.111293000655454
1 29 22.699532149515957
2 0 26.418012424360136
2 1 24.202237650169575
2 2 25.60226775080631
2 3 24.9537366296432
2 4 25.321435271708832
2 5 25.732319633503888
2 6 26.76003629683786
2 7 25.745952489368218
2 8 28.10690570991056
2 9 27.097501112325432
2 10 25.801235424995998
2 11 27.573949708147236
2 12 27.466208099155324
2 13 26.43223223961078
2 14 25.27156766429863
2 15 25.616461611209715
2 16 24.125334123051992
2 17 27.1537984905924
2 18 25.768405339784923
2 19 24.256169423813233
2 20 24.843344426125988
2 21 24.258461978788947
2 22 23.268609387216653
2 23 25.22633600892449
2 24 24.077034985808655
2 25 23.887498073835655
2 26 22.113343024268236
2 27 22.429259167151976
2 28 23.934107441237572
2 29 22.232435614612978
3 0 25.0802859927121
3 1 24.83708744490888
3 2 27.336989469817546
3 3 26.84975386982922
3 4 26.520545723647597
3 5 24.6303737954758
3 6 25.07431875936054
3 7 24.84073736368113
3 8 24.951382292022746
3 9 26.24407599400624
3 10 24.800003271145837
3 11 25.152104590406715
3 12 25.861782485453993
3 13 25.83744357862057
3 14 26.935427872283146
3 15 26.964120706638493
3 16 25.093414850050397
3 17 24.957091828886462
3 18 26.017961945871864
3 19 25.034345235518064
3 20 23.82400902970921
3 21 25.407019909642916
3 22 24.349495569503947
3 23 23.268609387216653
3 24 24.519962916449664
3 25 23.836374798481224
3 26 22.645203597620316
3 27 22.970790238425426
3 28 23.820145284924124
3 29 23.980899851900077
4 0 25.4313196443376
4 1 24.739474212964737
4 2 25.44751948832758
4 3 24.584410533100932
4 4 25.042329463260455
4 5 25.836445347026892
4 6 25.76200505227733
4 7 24.53475701001857
4 8 26.015281838776914
4 9 25.476042586662654
4 10 24.26072211870711
4 11 28.04714099982986
4 12 26.29101290801803
4 13 26.721409787546932
4 14 26.10455934402019
4 15 26.960762365761624
4 16 26.48991307833278
4 17 25.218901335218877
4 18 25.786172235504296
4 19 22.82797840748628
4 20 24.392106082602083
4 21 24.480407070200613
4 22 25.407019909642916
4 23 24.258461978788947
4 24 24.622299070967873
4 25 24.885883446480758
4 26 23.485426935307405
4 27 23.7706292738679
4 28 22.520179932109176
4 29 23.208020205109424
5 0 25.280437247449104
5 1 25.25805305283104
5 2 26.46349389995479
5 3 28.0678103518233
5 4 26.74090291614034
5 5 27.957252144420412
5 6 25.55381148894031
5 7 26.88299533123923
5 8 27.116328046995555
5 9 28.32201445405485
5 10 25.437145205124192
5 11 25.808112419481276
5 12 25.162495917963938
5 13 28.780731186730993
5 14 26.808121266388984
5 15 27.01851188624901
5 16 25.467585112892756
5 17 25.744299544098965
5 18 24.97810996184046
5 19 26.388172194351824
5 20 25.502333252663515
5 21 24.392106082602083
5 22 23.82400902970921
5 23 24.843344426125988
5 24 24.59187364648021
5 25 22.553454380731864
5 26 23.697052041608938
5 27 23.493187212540345
5 28 22.187277328555147
5 29 22.619197620238616
6 0 26.035845645750626
6 1 26.97295542227706
6 2 27.55183131096444
6 3 26.742332990040776
6 4 25.586556972370758
6 5 28.17065162404087
6 6 28.44312570494283
6 7 28.416766774572686
6 8 29.635936474384017
6 9 29.452787653660597
6 10 27.45462337893582
6 11 28.63438767711846
6 12 26.876687826325103
6 13 27.326097196354016
6 14 26.64905154070565
6 15 26.77507504795374
6 16 28.076254817450113
6 17 26.778907699667293
6 18 26.581822786534943
6 19 25.75653612893388
6 20 26.388172194351824
6 21 22.82797840748628
6 22 25.034345235518064
6 23 24.256169423813233
6 24 25.428929908838185
6 25 24.67846842161472
6 26 24.247876265914343
6 27 23.727692080692297
6 28 23.569405313674107
6 29 23.079471352318155
7 0 26.82086900640027
7 1 26.622022299343172
7 2 26.57371985121923
7 3 28.23413027157754
7 4 28.761466510715934
7 5 29.24822265437229
7 6 29.03277490525898
7 7 30.076579060335636
7 8 29.86719327528254
7 9 27.441955963598126
7 10 28.102159612361476
7 11 29.522907188456845
7 12 29.24120759396758
7 13 29.473610746673863
7 14 27.840880448872
7 15 26.9753436025261
7 16 26.76730772665567
7 17 26.29364440988478
7 18 25.752902515006628
7 19 26.581822786534943
7 20 24.97810996184046
7 21 25.786172235504296
7 22 26.017961945871864
7 23 25.768405339784923
7 24 25.426416756349422
7 25 23.8785321586498
7 26 24.749044822433863
7 27 23.73249115649283
7 28 24.37488214765043
7 29 25.478469255536297
8 0 26.68208992228787
8 1 25.779606034716053
8 2 28.478228491849773
8 3 30.093280453630744
8 4 29.6447053624856
8 5 29.87886586840089
8 6 28.487610942723315
8 7 28.720710334935415
8 8 30.5162867794846
8 9 30.357570116639526
8 10 30.634404154920524
8 11 29.441860624192916
8 12 29.228875312545394
8 13 27.519785456400733
8 14 29.449317406148076
8 15 27.543259957483468
8 16 28.28454742971282
8 17 26.89925716905206
8 18 26.29364440988478
8 19 26.778907699667293
8 20 25.744299544098965
8 21 25.218901335218877
8 22 24.957091828886462
8 23 27.1537984905924
8 24 25.434764253406897
8 25 24.137464440847396
8 26 24.332339453636052
8 27 25.081663836045387
8 28 24.598016245348774
8 29 24.043240447112534
9 0 27.60712148712011
9 1 28.423541074802213
9 2 28.630164293564466
9 3 27.947392501421273
9 4 29.29754581107118
9 5 31.38332959385258
9 6 30.399227265212133
9 7 29.146974916439007
9 8 31.169538663540436
9 9 33.07875309763778
9 10 32.85609769557746
9 11 31.5385583664075
9 12 30.408663001250083
9 13 30.611972547898215
9 14 30.78853061045846
9 15 28.8996390585722
9 16 29.494327815250053
9 17 28.28454742971282
9 18 26.76730772665567
9 19 28.076254817450113
9 20 25.467585112892756
9 21 26.48991307833278
9 22 25.093414850050397
9 23 24.125334123051992
9 24 26.566054537709068
9 25 23.368592743529323
9 26 23.103811605159127
9 27 24.19956947312024
9 28 24.071696282542806
9 29 23.321404701595075
10 0 26.065688023183785
10 1 29.373595607646337
10 2 27.893782948514595
10 3 30.995613091340903
10 4 31.35689513611304
10 5 33.46084780249302
10 6 33.40794075880691
10 7 32.54501990621512
10 8 36.782684698700166
10 9 34.67397050854499
10 10 32.27396525762545
10 11 33.64781240723796
10 12 32.21804279903308
10 13 33.382983720668285
10 14 30.49856713164534
10 15 32.07700550635141
10 16 28.8996390585722
10 17 27.543259957483468
10 18 26.9753436025261
10 19 26.77507504795374
10 20 27.01851188624901
10 21 26.960762365761624
10 22 26.964120706638493
10 23 25.616461611209715
10 24 24.546491947343437
10 25 23.349539585672165
10 26 24.03222547840948
10 27 23.225307428190828
10 28 24.559886205433855
10 29 23.57571226579331
11 0 29.373595607646337
11 1 29.785602490262267
11 2 30.601313287133568
11 3 30.072604063450846
11 4 32.56268223772962
11 5 34.26084892985022
11 6 33.75164367027699
11 7 37.421350250936904
11 8 36.76356549859915
11 9 34.54743645806634
11 10 36.98283378601028
11 11 35.24340504908019
11 12 37.08131775388935
11 13 35.228066534659284
11 14 32.70722384734555
11 15 30.49856713164534
11 16 30.78853061045846
11 17 29.449317406148076
11 18 27.840880448872
11 19 26.64905154070565
11 20 26.808121266388984
11 21 26.10455934402019
11 22 26.935427872283146
11 23 25.27156766429863
11 24 23.909926448790117
11 25 24.732454204648
11 26 23.557228921896016
11 27 23.762217387297053
11 28 23.92140075466284
11 29 23.712012872221138
12 0 27.893782948514595
12 1 30.601313287133568
12 2 32.70339490018039
12 3 32.77693305639592
12 4 33.10480370699376
12 5 35.633185110250814
12 6 34.14199412668146
12 7 35.36386631767385
12 8 37.454940811615664
12 9 36.069006051491556
12 10 38.08830072383868
12 11 34.92587301488398
12 12 36.97451846305134
12 13 35.695080796035974
12 14 35.228066534659284
12 15 33.382983720668285
12 16 30.611972547898215
12 17 27.519785456400733
12 18 29.473610746673863
12 19 27.326097196354016
12 20 28.780731186730993
12 21 26.721409787546932
12 22 25.83744357862057
12 23 26.43223223961078
12 24 25.23635503376393
12 25 25.995854878919253
12 26 25.10226863430414
12 27 23.7527520999834
12 28 22.264185023833292
12 29 23.551177314916288
13 0 30.995613091340903
13 1 30.072604063450846
13 2 32.77693305639592
13 3 31.50198309737699
13 4 34.37966558922517
13 5 34.97513542806722
13 6 35.8353965646159
13 7 36.26280588885089
13 8 36.8438746159202
13 9 39.38746000637817
13 10 43.29641330511724
13 11 40.5926015577145
13 12 37.85595105840012
13 13 36.97451846305134
13 14 37.08131775388935
13 15 32.21804279903308
13 16 30.408663001250083
13 17 29.228875312545394
13 18 29.24120759396758
13 19 26.876687826325103
13 20 25.162495917963938
13 21 26.29101290801803
13 22 25.861782485453993
13 23 27.466208099155324
13 24 25.36555704524438
13 25 25.588452824695217
13 26 24.04832182738256
13 27 24.539699464892216
13 28 24.509345099764506
13 29 24.469160381649097
14 0 31.35689513611304
14 1 32.56268223772962
14 2 33.10480370699376
14 3 34.37966558922517
14 4 34.28421909477569
14 5 33.72092425483989
14 6 37.07320390849345
14 7 36.33330225563674
14 8 42.63056499312006
14 9 46.08757488001804
14 10 48.553692809346614
14 11 43.53307936760335
14 12 40.5926015577145
14 13 34.92587301488398
14 14 35.24340504908019
14 15 33.64781240723796
14 16 31.5385583664075
14 17 29.441860624192916
14 18 29.522907188456845
14 19 28.63438767711846
14 20 25.808112419481276
14 21 28.04714099982986
14 22 25.152104590406715
14 23 27.573949708147236
14 24 25.617206569546244
14 25 24.118773557864532
14 26 25.762133242424408
14 27 24.974919896397072
14 28 22.785399521957647
14 29 24.619688055799394
15 0 33.46084780249302
15 1 34.26084892985022
15 2 35.633185110250814
15 3 34.97513542806722
15 4 33.72092425483989
15 5 36.42830540879098
15 6 38.90692020484465
15 7 39.83916756706
15 8 42.0043955809529
15 9 51.079835783693106
15 10 87.60323072605077
15 11 48.553692809346614
15 12 43.29641330511724
15 13 38.08830072383868
15 14 36.98283378601028
15 15 32.27396525762545
15 16 32.85609769557746
15 17 30.634404154920524
15 18 28.102159612361476
15 19 27.45462337893582
15 20 25.437145205124192
15 21 24.26072211870711
15 22 24.800003271145837
15 23 25.801235424995998
15 24 25.55381104761943
15 25 24.43696507794173
15 26 26.4752836757639
15 27 26.125345132038685
15 28 24.56278654887811
15 29 24.974157811819264
16 0 33.40794075880691
16 1 33.75164367027699
16 2 34.14199412668146
16 3 35.8353965646159
16 4 37.07320390849345
16 5 38.90692020484465
16 6 38.20521656015621
16 7 37.46709788390506
16 8 42.514841211613074
16 9 49.37803454592114
16 10 51.079835783693106
16 11 46.08757488001804
16 12 39.38746000637817
16 13 36.069006051491556
16 14 34.54743645806634
16 15 34.67397050854499
16 16 33.07875309763778
16 17 30.357570116639526
16 18 27.441955963598126
16 19 29.452787653660597
16 20 28.32201445405485
16 21 25.476042586662654
16 22 26.24407599400624
16 23 27.097501112325432
16 24 26.839390840783253
16 25 23.926840557604034
16 26 26.317226278388482
16 27 25.080066188499963
16 28 24.79809910413376
16 29 25.240345804520643
17 0 32.54501990621512
17 1 37.421350250936904
17 2 35.36386631767385
17 3 36.26280588885089
17 4 36.33330225563674
17 5 39.83916756706
17 6 37.46709788390506
17 7 38.496896667738916
17 8 38.763336610958774
17 9 42.514841211613074
17 10 42.0043955809529
17 11 42.63056499312006
17 12 36.8438746159202
17 13 37.454940811615664
17 14 36.76356549859915
17 15 36.782684698700166
17 16 31.169538663540436
17 17 30.5162867794846
17 18 29.86719327528254
17 19 29.635936474384017
17 20 27.116328046995555
17 21 26.015281838776914
17 22 24.951382292022746
17 23 28.10690570991056
17 24 25.50546298150214
17 25 24.540352143061654
17 26 25.055636408178756
17 27 25.686464614280773
17 28 24.322981395165737
17 29 23.697464153162304
18 0 36.782684698700166
18 1 36.76356549859915
18 2 37.454940811615664
18 3 36.8438746159202
18 4 42.63056499312006
18 5 42.0043955809529
18 6 42.514841211613074
18 7 38.763336610958774
18 8 38.496896667738916
18 9 37.46709788390506
18 10 39.83916756706
18 11 36.33330225563674
18 12 36.26280588885089
18 13 35.36386631767385
18 14 37.421350250936904
18 15 32.54501990621512
18 16 29.146974916439007
18 17 28.720710334935415
18 18 30.076579060335636
18 19 28.416766774572686
18 20 26.88299533123923
18 21 24.53475701001857
18 22 24.84073736368113
18 23 25.745952489368218
18 24 26.596518383895734
18 25 26.910074849383466
18 26 24.51334301486762
18 27 25.675323365376492
18 28 23.84029740294752
18 29 23.121786596469615
19 0 34.67397050854499
19 1 34.54743645806634
19 2 36.069006051491556
19 3 39.38746000637817
19 4 46.08757488001804
19 5 51.079835783693106
19 6 49.37803454592114
19 7 42.514841211613074
19 8 37.46709788390506
19 9 38.20521656015621
19 10 38.90692020484465
19 11 37.07320390849345
19 12 35.8353965646159
19 13 34.14199412668146
19 14 33.75164367027699
19 15 33.40794075880691
19 16 30.399227265212133
19 17 28.487610942723315
19 18 29.03277490525898
19 19 28.44312570494283
19 20 25.55381148894031
19 21 25.76200505227733
19 22 25.07431875936054
19 23 26.76003629683786
19 24 25.575620142740604
19 25 26.666553110866598
19 26 24.458771264118838
19 27 24.653578748841376
19 28 23.742376215806786
19 29 25.150855490215644
20 0 32.27396525762545
20 1 36.98283378601028
20 2 38.08830072383868
20 3 43.29641330511724
20 4 48.553692809346614
20 5 87.60323072605077
20 6 51.079835783693106
20 7 42.0043955809529
20 8 39.83916756706
20 9 38.90692020484465
20 10 36.42830540879098
20 11 33.72092425483989
20 12 34.97513542806722
20 13 35.633185110250814
20 14 34.26084892985022
20 15 33.46084780249302
20 16 31.38332959385258
20 17 29.87886586840089
20 18 29.24822265437229
20 19 28.17065162404087
20 20 27.957252144420412
20 21 25.836445347026892
20 22 24.6303737954758
20 23 25.732319633503888
20 24 24.56345816474773
20 25 25.781288336905334
20 26 23.93323590233654
20 27 24.118005336915672
20 28 24.599401968065944
20 29 26.181745846805757
21 0 33.64781240723796
21 1 35.24340504908019
21 2 34.92587301488398
21 3 40.5926015577145
21 4 43.53307936760335
21 5 48.553692809346614
21 6 46.08757488001804
21 7 42.63056499312006
21 8 36.33330225563674
21 9 37.07320390849345
21 10 33.72092425483989
21 11 34.28421909477569
21 12 34.37966558922517
21 13 33.10480370699376
21 14 32.56268223772962
21 15 31.35689513611304
21 16 29.29754581107118
21 17 29.6447053624856
21 18 28.761466510715934
21 19 25.586556972370758
21 20 26.74090291614034
21 21 25.042329463260455
21 22 26.520545723647597
21 23 25.321435271708832
21 24 24.71604945499374
21 25 25.437607430969855
21 26 24.192932147673158
21 27 23.39625967958214
21 28 24.959199800811497
21 29 24.808673126121402
22 0 32.21804279903308
22 1 37.08131775388935
22 2 36.97451846305134
22 3 37.85595105840012
22 4 40.5926015577145
22 5 43.29641330511724
22 6 39.38746000637817
22 7 36.8438746159202
22 8 36.26280588885089
22 9 35.8353965646159
22 10 34.97513542806722
22 11 34.37966558922517
22 12 31.50198309737699
22 13 32.77693305639592
22 14 30.072604063450846
22 15 30.995613091340903
22 16 27.947392501421273
22 17 30.093280453630744
22 18 28.23413027157754
22 19 26.742332990040776
22 20 28.0678103518233
22 21 24.584410533100932
22 22 26.84975386982922
22 23 24.9537366296432
22 24 24.325643925939136
22 25 25.66702744002679
22 26 24.362192605797592
22 27 23.815139092915686
22 28 23.311925178004852
22 29 24.612748421366103
23 0 33.382983720668285
23 1 35.228066534659284
23 2 35.695080796035974
23 3 36.97451846305134
23 4 34.92587301488398
23 5 38.08830072383868
23 6 36.069006051491556
23 7 37.454940811615664
23 8 35.36386631767385
23 9 34.14199412668146
23 10 35.633185110250814
23 11 33.10480370699376
23 12 32.77693305639592
23 13 32.70339490018039
23 14 30.601313287133568
23 15 27.893782948514595
23 16 28.630164293564466
23 17 28.478228491849773
23 18 26.57371985121923
23 19 27.55183131096444
23 20 26.46349389995479
23 21 25.44751948832758
23 22 27.336989469817546
23 23 25.60226775080631
23 24 24.545517771455707
23 25 24.367185831837322
23 26 26.068211684310466
23 27 22.20209542038232
23 28 24.406942055843974
23 29 23.83096436813787
24 0 30.49856713164534
24 1 32.70722384734555
24 2 35.228066534659284
24 3 37.08131775388935
24 4 35.24340504908019
24 5 36.98283378601028
24 6 34.54743645806634
24 7 36.76356549859915
24 8 37.421350250936904
24 9 33.75164367027699
24 10 34.26084892985022
24 11 32.56268223772962
24 12 30.072604063450846
24 13 30.601313287133568
24 14 29.785602490262267
24 15 29.373595607646337
24 16 28.423541074802213
24 17 25.779606034716053
24 18 26.622022299343172
24 19 26.97295542227706
24 20 25.25805305283104
24 21 24.739474212964737
24 22 24.83708744490888
24 23 24.202237650169575
24 24 26.383894141103276
24 25 25.07913044907632
24 26 25.433227224380197
24 27 22.48007710795296
24 28 24.229181228948036
24 29 23.723271183682492
25 0 32.07700550635141
25 1 30.49856713164534
25 2 33.382983720668285
25 3 32.21804279903308
25 4 33.64781240723796
25 5 32.27396525762545
25 6 34.67397050854499
25 7 36.782684698700166
25 8 32.54501990621512
25 9 33.40794075880691
25 10 33.46084780249302
25 11 31.35689513611304
25 12 30.995613091340903
25 13 27.893782948514595
25 14 29.373595607646337
25 15 26.065688023183785
25 16 27.60712148712011
25 17 26.68208992228787
25 18 26.82086900640027
25 19 26.035845645750626
25 20 25.280437247449104
25 21 25.4313196443376
25 22 25.0802859927121
25 23 26.418012424360136
25 24 26.832320537543023
25 25 25.107477443353417
25 26 23.47185438606353
25 27 24.31222410570126
25 28 25.000755913507277
25 29 23.209582344594295
26 0 28.8996390585722
26 1 30.78853061045846
26 2 30.611972547898215
26 3 30.408663001250083
26 4 31.5385583664075
26 5 32.85609769557746
26 6 33.07875309763778
26 7 31.169538663540436
26 8 29.146974916439007
26 9 30.399227265212133
26 10 31.38332959385258
26 11 29.29754581107118
26 12 27.947392501421273
26 13 28.630164293564466
26 14 28.423541074802213
26 15 27.60712148712011
26 16 26.158536517646873
26 17 25.48655919879834
26 18 27.990349838191502
26 19 25.172467175925245
26 20 24.690094799296347
26 21 24.903766425113194
26 22 23.69806236072162
26 23 24.897738036676987
26 24 22.87008737831321
26 25 24.901231656818112
26 26 23.668018802185983
26 27 24.996120223934266
26 28 23.24912701026474
26 29 24.313808091321558
27 0 27.543259957483468
27 1 29.449317406148076
27 2 27.519785456400733
27 3 29.228875312545394
27 4 29.441860624192916
27 5 30.634404154920524
27 6 30.357570116639526
27 7 30.5162867794846
27 8 28.720710334935415
27 9 28.487610942723315
27 10 29.87886586840089
27 11 29.6447053624856
27 12 30.093280453630744
27 13 28.478228491849773
27 14 25.779606034716053
27 15 26.68208992228787
27 16 25.48655919879834
27 17 25.194727348806836
27 18 24.53108925620469
27 19 25.127350205951746
27 20 24.33754155087429
27 21 25.998905801793786
27 22 25.248424696090368
27 23 24.88823448536507
27 24 23.202850262102412
27 25 24.74103911893197
27 26 24.947999488934936
27 27 26.173419707169344
27 28 23.39991669889711
27 29 21.553009750204737
28 0 26.9753436025261
28 1 27.840880448872
28 2 29.473610746673863
28 3 29.24120759396758
28 4 29.522907188456845
28 5 28.102159612361476
28 6 27.441955963598126
28 7 29.86719327528254
28 8 30.076579060335636
28 9 29.03277490525898
28 10 29.24822265437229
28 11 28.761466510715934
28 12 28.23413027157754
28 13 26.57371985121923
28 14 26.622022299343172
28 15 26.82086900640027
28 16 27.990349838191502
28 17 24.53108925620469
28 18 27.321655167152517
28 19 24.54201572940798
28 20 23.5841835042375
28 21 25.716486747640364
28 22 26.6670654419586
28 23 24.51320122582822
28 24 24.15220779481419
28 25 22.65629653780844
28 26 25.1634631360299
28 27 22.891093166037532
28 28 24.524951750690267
28 29 22.170183093814217
29 0 26.77507504795374
29 1 26.64905154070565
29 2 27.326097196354016
29 3 26.876687826325103
29 4 28.63438767711846
29 5 27.45462337893582
29 6 29.452787653660597
29 7 29.635936474384017
29 8 28.416766774572686
29 9 28.44312570494283
29 10 28.17065162404087
29 11 25.586556972370758
29 12 26.742332990040776
29 13 27.55183131096444
29 14 26.97295542227706
29 15 26.035845645750626
29 16 25.172467175925245
29 17 25.127350205951746
29 18 24.54201572940798
29 19 25.317695172408428
29 20 26.550776039612753
29 21 25.599958164522334
29 22 23.71953203430307
29 23 24.69583670233647
29 24 25.010272646418784
29 25 24.170001159619154
29 26 24.95442817249848
29 27 24.173418616755242
29 28 23.097461334047512
29 29 23.561477589278514
