0 0 3.1528217418225393
0 1 2.778325759808915
0 2 3.1574847312625023
0 3 2.8459083039539066
0 4 3.2315889988593396
0 5 3.189394863613934
0 6 3.352057347633918
0 7 3.386684605812278
0 8 3.25939585312758
0 9 3.37044755413948
0 10 3.3882310794927735
0 11 3.3982135170073473
0 12 3.1631789438465137
0 13 3.0708019110488056
0 14 3.0127645841175004
0 15 3.2020807298565304
0 16 2.8447465919250474
0 17 3.1734924703670355
0 18 2.8802659411832905
0 19 3.0296497242760454
0 20 3.163183042207339
0 21 2.739637266639138
0 22 2.8543048805299973
0 23 3.120747095057202
0 24 3.062225557305537
0 25 3.1138146115404055
0 26 2.99790951462727
0 27 3.2175137800680953
0 28 2.812175040169401
0 29 2.9345344214506865
1 0 2.861893620835353
1 1 2.970262296388356
1 2 3.220039111035037
1 3 3.2659429345010875
1 4 3.1710290107599377
1 5 3.6652499819499083
1 6 3.320719052325982
1 7 3.4127718235810622
1 8 3.446684186689479
1 9 3.123694767340532
1 10 3.1059648625313745
1 11 3.342835480222756
1 12 3.2294111978899096
1 13 3.510398755111323
1 14 3.25190037393136
1 15 3.3036945204078996
1 16 2.9739360614446047
1 17 2.9144000707028734
1 18 2.980302742774571
1 19 3.5032583625217444
1 20 3.258177666877205
1 21 3.3733365035142246
1 22 3.101531733140322
1 23 2.845908769309821
1 24 3.109549156510181
1 25 3.062225557305537
1 26 3.0791178722030303
1 27 2.861390563512508
1 28 2.780082762493229
1 29 2.7172443432450093
2 0 3.387564920199929
2 1 3.2090095987155483
2 2 3.4474257786180615
2 3 3.1927339795503085
2 4 3.2009798414003185
2 5 3.311516527638419
2 6 3.2625423519295844
2 7 3.2055404661927205
2 8 3.2145790079866043
2 9 3.548280417868646
2 10 3.2209163802557423
2 11 3.2413787625286714
2 12 3.304316753308172
2 13 3.1711083218498564
2 14 3.523034999170212
2 15 3.189467697332795
2 16 3.4297458358014272
2 17 3.1129354623192946
2 18 3.0965255128027627
2 19 2.91421258414934
2 20 3.2947477158903005
2 21 3.171629995199771
2 22 3.181892588013498
2 23 2.978673126617211
2 24 2.845908769309821
2 25 3.120747095057202
2 26 2.982497079994149
2 27 3.288215537574112
2 28 2.642360401815462
2 29 2.7513825013816917
3 0 3.2900074561248083
3 1 3.2664889886076844
3 2 3.3454062730810668
3 3 3.091700063352813
3 4 3.200462784191788
3 5 3.2341195723154126
3 6 3.6012350667142816
3 7 3.3442739607569334
3 8 3.435304261761528
3 9 3.3981288098497324
3 10 3.303103883958648
3 11 3.66943917173223
3 12 3.3009597037832106
3 13 3.2403183934650137
3 14 3.273579490149094
3 15 3.4741256525256463
3 16 3.1198243278143583
3 17 3.2958634215854596
3 18 3.110207557594991
3 19 2.9879031647374967
3 20 2.8869434152575004
3 21 3.285035404983824
3 22 3.1256717797553466
3 23 3.181892588013498
3 24 3.101531733140322
3 25 2.8543048805299973
3 26 3.037722180042995
3 27 3.0074126941074404
3 28 2.814202783243962
3 29 2.795392591863352
4 0 3.3243692870623667
4 1 3.223666942705792
4 2 3.2234374635765644
4 3 3.363082530421597
4 4 3.162385760996151
4 5 3.4613111582021907
4 6 3.2202506315346664
4 7 3.275898687212599
4 8 3.236805139197526
4 9 3.3550652694638785
4 10 3.3045520964182016
4 11 3.451988986833303
4 12 3.4779205025668904
4 13 3.250017225124201
4 14 3.5027183316525448
4 15 3.173986018549894
4 16 3.2985035996577836
4 17 3.4016782129442356
4 18 3.5659938120853947
4 19 3.2279665215131352
4 20 3.1509939086228287
4 21 3.308498858100523
4 22 3.285035404983824
4 23 3.171629995199771
4 24 3.3733365035142246
4 25 2.739637266639138
4 26 2.8771665644113713
4 27 3.023527676220022
4 28 3.198616755793718
4 29 2.6922257845886017
5 0 3.5059840776348152
5 1 3.0400053724963763
5 2 3.6376598815552743
5 3 3.1236617984987176
5 4 3.6188261935415875
5 5 3.2846306926181663
5 6 3.437430624319554
5 7 3.6433074955063525
5 8 3.662012147825766
5 9 3.889259994730422
5 10 3.602723240643447
5 11 3.8337506632585283
5 12 3.364853462422959
5 13 3.1966550075623656
5 14 3.2689671067423425
5 15 3.5256492276773055
5 16 3.425201929245741
5 17 3.2946573821317124
5 18 3.192117781564018
5 19 3.3027315070946086
5 20 3.223374360563182
5 21 3.1509939086228287
5 22 2.8869434152575004
5 23 3.2947477158903005
5 24 3.258177666877205
5 25 3.163183042207339
5 26 3.0370452889963606
5 27 2.9003934830296725
5 28 3.017886529696898
5 29 3.0407507379111327
6 0 3.4980859588061204
6 1 3.257800427993177
6 2 3.2735062733970124
6 3 3.08698785488149
6 4 3.6577106631707683
6 5 3.4994734055004217
6 6 3.7330505821879005
6 7 3.136401657936583
6 8 3.1777974714501602
6 9 3.1764540309520117
6 10 3.4472667369277543
6 11 3.317183680133877
6 12 3.7946402776376273
6 13 3.59092943926447
6 14 3.7998443091827507
6 15 3.082257100060132
6 16 3.4728618819986696
6 17 3.332352863972051
6 18 3.3674855678900903
6 19 3.3042924639092806
6 20 3.3027315070946086
6 21 3.2279665215131352
6 22 2.9879031647374967
6 23 2.91421258414934
6 24 3.5032583625217444
6 25 3.0296497242760454
6 26 3.2585115223296417
6 27 2.9922268368107368
6 28 3.163219983264243
6 29 2.9768999344769345
7 0 2.995398720868836
7 1 3.4186277009884765
7 2 3.615383299993972
7 3 3.566439472811568
7 4 3.1996252475246334
7 5 3.0665595763076023
7 6 3.4960817062914944
7 7 3.5148664878202887
7 8 3.8605220698561884
7 9 3.7585296131783568
7 10 3.9370714714393897
7 11 3.697052879037874
7 12 3.5395379021895064
7 13 3.63106382395922
7 14 3.5131490756290225
7 15 3.6040110040387954
7 16 3.287175062985754
7 17 3.5978729407016896
7 18 3.442304636172553
7 19 3.3674855678900903
7 20 3.192117781564018
7 21 3.5659938120853947
7 22 3.110207557594991
7 23 3.0965255128027627
7 24 2.980302742774571
7 25 2.8802659411832905
7 26 3.056947235972562
7 27 2.9280609393043155
7 28 2.821166915237318
7 29 2.7899645377365108
8 0 3.39377459537872
8 1 3.582196609864553
8 2 3.4720452636012165
8 3 3.3336471235656933
8 4 3.612393737284922
8 5 4.172153462806874
8 6 3.8233136537581274
8 7 3.486485225727731
8 8 3.4461890801772816
8 9 3.5705465448941327
8 10 3.7341907489254837
8 11 3.653105556564477
8 12 3.4035781902940885
8 13 3.827670485303946
8 14 3.505234845529119
8 15 3.5468359803952696
8 16 3.480702376126981
8 17 3.273120427872834
8 18 3.5978729407016896
8 19 3.332352863972051
8 20 3.2946573821317124
8 21 3.4016782129442356
8 22 3.2958634215854596
8 23 3.1129354623192946
8 24 2.9144000707028734
8 25 3.1734924703670355
8 26 2.998617437708677
8 27 3.0884744840237355
8 28 3.046469160478478
8 29 2.9632168833130836
9 0 3.612411927671077
9 1 3.2167643887995085
9 2 3.3244079830985314
9 3 3.4154955463018033
9 4 3.7092593572003367
9 5 3.3702339284945193
9 6 4.469539910782758
9 7 3.7940376183522577
9 8 4.072770796530887
9 9 3.410441521398556
9 10 3.8378130921724933
9 11 3.9744645116665245
9 12 3.89022432562595
9 13 3.8878113502968654
9 14 3.8282869955480767
9 15 3.650433690608146
9 16 3.1642188024018263
9 17 3.480702376126981
9 18 3.287175062985754
9 19 3.4728618819986696
9 20 3.425201929245741
9 21 3.2985035996577836
9 22 3.1198243278143583
9 23 3.4297458358014272
9 24 2.9739360614446047
9 25 2.8447465919250474
9 26 3.287660913296242
9 27 3.2306832646775
9 28 2.861146269114484
9 29 2.8447120893779214
10 0 3.4099090860288506
10 1 3.6938448034947293
10 2 3.852572229053479
10 3 3.4227319270672996
10 4 3.6999687068463825
10 5 3.9065037805420113
10 6 3.7850681779320055
10 7 4.024110163517629
10 8 4.304059074150641
10 9 3.954911952250978
10 10 4.041278043589939
10 11 3.8061866730811147
10 12 3.9180337679724304
10 13 3.806508083002761
10 14 3.63208549323604
10 15 3.716128312461601
10 16 3.650433690608146
10 17 3.5468359803952696
10 18 3.6040110040387954
10 19 3.082257100060132
10 20 3.5256492276773055
10 21 3.173986018549894
10 22 3.4741256525256463
10 23 3.189467697332795
10 24 3.3036945204078996
10 25 3.2020807298565304
10 26 3.2526515845008723
10 27 3.0338261988652926
10 28 3.009113618858097
10 29 3.1869973802150438
11 0 3.6938448034947293
11 1 3.8057892870126775
11 2 3.5754034421511207
11 3 3.693286015034549
11 4 3.4319859019529533
11 5 4.024033671477691
11 6 3.724801559744657
11 7 3.7619097698161283
11 8 4.4029787273076675
11 9 3.772943718446719
11 10 3.7812453890390443
11 11 4.345699144812694
11 12 3.820398922906459
11 13 4.12024169996015
11 14 3.630797672709148
11 15 3.63208549323604
11 16 3.8282869955480767
11 17 3.505234845529119
11 18 3.5131490756290225
11 19 3.7998443091827507
11 20 3.2689671067423425
11 21 3.5027183316525448
11 22 3.273579490149094
11 23 3.523034999170212
11 24 3.25190037393136
11 25 3.0127645841175004
11 26 3.043495135189013
11 27 3.281215279719738
11 28 3.1832863342795727
11 29 3.014512883891781
12 0 3.852572229053479
12 1 3.5754034421511207
12 2 3.7429135334812234
12 3 3.5062524112173103
12 4 4.128853311500759
12 5 4.005696936554807
12 6 4.166136188077202
12 7 3.81224777747405
12 8 4.164628079092379
12 9 4.1744714769403375
12 10 4.161280133514257
12 11 4.100697990997128
12 12 3.956021684692633
12 13 4.059505920306919
12 14 4.12024169996015
12 15 3.806508083002761
12 16 3.8878113502968654
12 17 3.827670485303946
12 18 3.63106382395922
12 19 3.59092943926447
12 20 3.1966550075623656
12 21 3.250017225124201
12 22 3.2403183934650137
12 23 3.1711083218498564
12 24 3.510398755111323
12 25 3.0708019110488056
12 26 2.947989963709781
12 27 3.202687330251385
12 28 3.4385706387394324
12 29 2.763823729568355
13 0 3.4227319270672996
13 1 3.693286015034549
13 2 3.5062524112173103
13 3 4.2059679429043415
13 4 3.683201945258702
13 5 4.565568394277008
13 6 4.043692196528344
13 7 4.031095093098349
13 8 4.117815538178547
13 9 3.901108190197838
13 10 3.741665347355811
13 11 4.2610035561021045
13 12 4.084353398146736
13 13 3.956021684692633
13 14 3.820398922906459
13 15 3.9180337679724304
13 16 3.89022432562595
13 17 3.4035781902940885
13 18 3.5395379021895064
13 19 3.7946402776376273
13 20 3.364853462422959
13 21 3.4779205025668904
13 22 3.3009597037832106
13 23 3.304316753308172
13 24 3.2294111978899096
13 25 3.1631789438465137
13 26 3.082482488527043
13 27 3.188519478966765
13 28 3.1329726728491387
13 29 2.987749301567253
14 0 3.6999687068463825
14 1 3.4319859019529533
14 2 4.128853311500759
14 3 3.683201945258702
14 4 4.412960469936023
14 5 3.7783283617930032
14 6 4.229812384282789
14 7 4.529307877759939
14 8 3.5202820757942117
14 9 4.109262649447592
14 10 3.9361915819171394
14 11 3.52496722285308
14 12 4.2610035561021045
14 13 4.100697990997128
14 14 4.345699144812694
14 15 3.8061866730811147
14 16 3.9744645116665245
14 17 3.653105556564477
14 18 3.697052879037874
14 19 3.317183680133877
14 20 3.8337506632585283
14 21 3.451988986833303
14 22 3.66943917173223
14 23 3.2413787625286714
14 24 3.342835480222756
14 25 3.3982135170073473
14 26 3.1189223610770718
14 27 3.2882275291226737
14 28 3.297027724523957
14 29 2.7287631853677525
15 0 3.9065037805420113
15 1 4.024033671477691
15 2 4.005696936554807
15 3 4.565568394277008
15 4 3.7783283617930032
15 5 4.059112685579663
15 6 4.08903719380399
15 7 4.1154517771875385
15 8 3.881849517974661
15 9 3.7424449021105897
15 10 3.6120890658043616
15 11 3.9361915819171394
15 12 3.741665347355811
15 13 4.161280133514257
15 14 3.7812453890390443
15 15 4.041278043589939
15 16 3.8378130921724933
15 17 3.7341907489254837
15 18 3.9370714714393897
15 19 3.4472667369277543
15 20 3.602723240643447
15 21 3.3045520964182016
15 22 3.303103883958648
15 23 3.2209163802557423
15 24 3.1059648625313745
15 25 3.3882310794927735
15 26 3.0072378971923817
15 27 3.1937371251721296
15 28 3.32961310349237
15 29 2.9919495429201928
16 0 3.7850681779320055
16 1 3.724801559744657
16 2 4.166136188077202
16 3 4.043692196528344
16 4 4.229812384282789
16 5 4.08903719380399
16 6 4.093416060016737
16 7 4.03215438068664
16 8 4.004947144934196
16 9 3.203288155669927
16 10 3.7424449021105897
16 11 4.109262649447592
16 12 3.901108190197838
16 13 4.1744714769403375
16 14 3.772943718446719
16 15 3.954911952250978
16 16 3.410441521398556
16 17 3.5705465448941327
16 18 3.7585296131783568
16 19 3.1764540309520117
16 20 3.889259994730422
16 21 3.3550652694638785
16 22 3.3981288098497324
16 23 3.548280417868646
16 24 3.123694767340532
16 25 3.37044755413948
16 26 3.0370807859027615
16 27 3.2295724575519213
16 28 3.173274539511188
16 29 2.9318568880652998
17 0 4.024110163517629
17 1 3.7619097698161283
17 2 3.81224777747405
17 3 4.031095093098349
17 4 4.529307877759939
17 5 4.1154517771875385
17 6 4.03215438068664
17 7 4.082549919203362
17 8 3.613275136512928
17 9 4.004947144934196
17 10 3.881849517974661
17 11 3.5202820757942117
17 12 4.117815538178547
17 13 4.164628079092379
17 14 4.4029787273076675
17 15 4.304059074150641
17 16 4.072770796530887
17 17 3.4461890801772816
17 18 3.8605220698561884
17 19 3.1777974714501602
17 20 3.662012147825766
17 21 3.236805139197526
17 22 3.435304261761528
17 23 3.2145790079866043
17 24 3.446684186689479
17 25 3.25939585312758
17 26 2.9684222248288448
17 27 3.3526427485508914
17 28 3.393619465980982
17 29 2.9926164063282874
18 0 4.304059074150641
18 1 4.4029787273076675
18 2 4.164628079092379
18 3 4.117815538178547
18 4 3.5202820757942117
18 5 3.881849517974661
18 6 4.004947144934196
18 7 3.613275136512928
18 8 4.082549919203362
18 9 4.03215438068664
18 10 4.1154517771875385
18 11 4.529307877759939
18 12 4.031095093098349
18 13 3.81224777747405
18 14 3.7619097698161283
18 15 4.024110163517629
18 16 3.7940376183522577
18 17 3.486485225727731
18 18 3.5148664878202887
18 19 3.136401657936583
18 20 3.6433074955063525
18 21 3.275898687212599
18 22 3.3442739607569334
18 23 3.2055404661927205
18 24 3.4127718235810622
18 25 3.386684605812278
18 26 3.18003107814412
18 27 3.133392136059471
18 28 3.206601645550561
18 29 3.259360619344445
19 0 3.954911952250978
19 1 3.772943718446719
19 2 4.1744714769403375
19 3 3.901108190197838
19 4 4.109262649447592
19 5 3.7424449021105897
19 6 3.203288155669927
19 7 4.004947144934196
19 8 4.03215438068664
19 9 4.093416060016737
19 10 4.08903719380399
19 11 4.229812384282789
19 12 4.043692196528344
19 13 4.166136188077202
19 14 3.724801559744657
19 15 3.7850681779320055
19 16 4.469539910782758
19 17 3.8233136537581274
19 18 3.4960817062914944
19 19 3.7330505821879005
19 20 3.437430624319554
19 21 3.2202506315346664
19 22 3.6012350667142816
19 23 3.2625423519295844
19 24 3.320719052325982
19 25 3.352057347633918
19 26 3.0842196354010567
19 27 3.3301219795653494
19 28 2.904565612655401
19 29 2.9837249582202956
20 0 4.041278043589939
20 1 3.7812453890390443
20 2 4.161280133514257
20 3 3.741665347355811
20 4 3.9361915819171394
20 5 3.6120890658043616
20 6 3.7424449021105897
20 7 3.881849517974661
20 8 4.1154517771875385
20 9 4.08903719380399
20 10 4.059112685579663
20 11 3.7783283617930032
20 12 4.565568394277008
20 13 4.005696936554807
20 14 4.024033671477691
20 15 3.9065037805420113
20 16 3.3702339284945193
20 17 4.172153462806874
20 18 3.0665595763076023
20 19 3.4994734055004217
20 20 3.2846306926181663
20 21 3.4613111582021907
20 22 3.2341195723154126
20 23 3.311516527638419
20 24 3.6652499819499083
20 25 3.189394863613934
20 26 2.917327668219594
20 27 3.0762761909331213
20 28 3.072887522187164
20 29 2.8514772704441915
21 0 3.8061866730811147
21 1 4.345699144812694
21 2 4.100697990997128
21 3 4.2610035561021045
21 4 3.52496722285308
21 5 3.9361915819171394
21 6 4.109262649447592
21 7 3.5202820757942117
21 8 4.529307877759939
21 9 4.229812384282789
21 10 3.7783283617930032
21 11 4.412960469936023
21 12 3.683201945258702
21 13 4.128853311500759
21 14 3.4319859019529533
21 15 3.6999687068463825
21 16 3.7092593572003367
21 17 3.612393737284922
21 18 3.1996252475246334
21 19 3.6577106631707683
21 20 3.6188261935415875
21 21 3.162385760996151
21 22 3.200462784191788
21 23 3.2009798414003185
21 24 3.1710290107599377
21 25 3.2315889988593396
21 26 3.079775104688454
21 27 2.9818762336722338
21 28 3.1931657279413925
21 29 2.692461181577592
22 0 3.9180337679724304
22 1 3.820398922906459
22 2 3.956021684692633
22 3 4.084353398146736
22 4 4.2610035561021045
22 5 3.741665347355811
22 6 3.901108190197838
22 7 4.117815538178547
22 8 4.031095093098349
22 9 4.043692196528344
22 10 4.565568394277008
22 11 3.683201945258702
22 12 4.2059679429043415
22 13 3.5062524112173103
22 14 3.693286015034549
22 15 3.4227319270672996
22 16 3.4154955463018033
22 17 3.3336471235656933
22 18 3.566439472811568
22 19 3.08698785488149
22 20 3.1236617984987176
22 21 3.363082530421597
22 22 3.091700063352813
22 23 3.1927339795503085
22 24 3.2659429345010875
22 25 2.8459083039539066
22 26 3.0288131347748357
22 27 3.1241013507877033
22 28 3.401687826706775
22 29 2.7756004867824218
23 0 3.806508083002761
23 1 4.12024169996015
23 2 4.059505920306919
23 3 3.956021684692633
23 4 4.100697990997128
23 5 4.161280133514257
23 6 4.1744714769403375
23 7 4.164628079092379
23 8 3.81224777747405
23 9 4.166136188077202
23 10 4.005696936554807
23 11 4.128853311500759
23 12 3.5062524112173103
23 13 3.7429135334812234
23 14 3.5754034421511207
23 15 3.852572229053479
23 16 3.3244079830985314
23 17 3.4720452636012165
23 18 3.615383299993972
23 19 3.2735062733970124
23 20 3.6376598815552743
23 21 3.2234374635765644
23 22 3.3454062730810668
23 23 3.4474257786180615
23 24 3.220039111035037
23 25 3.1574847312625023
23 26 3.2749525548578444
23 27 3.083397626856405
23 28 2.9920411845387185
23 29 2.986937900237998
24 0 3.63208549323604
24 1 3.630797672709148
24 2 4.12024169996015
24 3 3.820398922906459
24 4 4.345699144812694
24 5 3.7812453890390443
24 6 3.772943718446719
24 7 4.4029787273076675
24 8 3.7619097698161283
24 9 3.724801559744657
24 10 4.024033671477691
24 11 3.4319859019529533
24 12 3.693286015034549
24 13 3.5754034421511207
24 14 3.8057892870126775
24 15 3.6938448034947293
24 16 3.2167643887995085
24 17 3.582196609864553
24 18 3.4186277009884765
24 19 3.257800427993177
24 20 3.0400053724963763
24 21 3.223666942705792
24 22 3.2664889886076844
24 23 3.2090095987155483
24 24 2.970262296388356
24 25 2.778325759808915
24 26 3.0726353766567573
24 27 3.0319596751577866
24 28 2.761414037122754
24 29 2.7721439596003727
25 0 3.716128312461601
25 1 3.63208549323604
25 2 3.806508083002761
25 3 3.9180337679724304
25 4 3.8061866730811147
25 5 4.041278043589939
25 6 3.954911952250978
25 7 4.304059074150641
25 8 4.024110163517629
25 9 3.7850681779320055
25 10 3.9065037805420113
25 11 3.6999687068463825
25 12 3.4227319270672996
25 13 3.852572229053479
25 14 3.6938448034947293
25 15 3.4099090860288506
25 16 3.612411927671077
25 17 3.39377459537872
25 18 2.995398720868836
25 19 3.4980859588061204
25 20 3.5059840776348152
25 21 3.3243692870623667
25 22 3.2900074561248083
25 23 3.387564920199929
25 24 2.861893620835353
25 25 3.1528217418225393
25 26 3.1158232885399446
25 27 3.1751342143391605
25 28 2.8645016067673983
25 29 3.2045778947046313
26 0 3.650433690608146
26 1 3.8282869955480767
26 2 3.8878113502968654
26 3 3.89022432562595
26 4 3.9744645116665245
26 5 3.8378130921724933
26 6 3.410441521398556
26 7 4.072770796530887
26 8 3.7940376183522577
26 9 4.469539910782758
26 10 3.3702339284945193
26 11 3.7092593572003367
26 12 3.4154955463018033
26 13 3.3244079830985314
26 14 3.2167643887995085
26 15 3.612411927671077
26 16 3.3196882798837333
26 17 3.060885786130193
26 18 3.5415924298323347
26 19 3.3102644757530073
26 20 3.2341320275258987
26 21 3.3858542855451432
26 22 3.3711328146942026
26 23 2.7804685798787343
26 24 2.906166474713557
26 25 2.8688054904168334
26 26 3.2559826141436985
26 27 3.000912293421421
26 28 2.9666015047771928
26 29 2.96905918397487
27 0 3.5468359803952696
27 1 3.505234845529119
27 2 3.827670485303946
27 3 3.4035781902940885
27 4 3.653105556564477
27 5 3.7341907489254837
27 6 3.5705465448941327
27 7 3.4461890801772816
27 8 3.486485225727731
27 9 3.8233136537581274
27 10 4.172153462806874
27 11 3.612393737284922
27 12 3.3336471235656933
27 13 3.4720452636012165
27 14 3.582196609864553
27 15 3.39377459537872
27 16 3.060885786130193
27 17 3.3463085355357824
27 18 3.051490457442534
27 19 3.5068305253760936
27 20 3.267150964932502
27 21 3.2665827787945085
27 22 3.139431345934212
27 23 3.0593853978108956
27 24 3.0811150312635993
27 25 3.1110140833993882
27 26 2.8503292575713126
27 27 2.7765811208809974
27 28 2.9933398595066834
27 29 3.1541477706080987
28 0 3.6040110040387954
28 1 3.5131490756290225
28 2 3.63106382395922
28 3 3.5395379021895064
28 4 3.697052879037874
28 5 3.9370714714393897
28 6 3.7585296131783568
28 7 3.8605220698561884
28 8 3.5148664878202887
28 9 3.4960817062914944
28 10 3.0665595763076023
28 11 3.1996252475246334
28 12 3.566439472811568
28 13 3.615383299993972
28 14 3.4186277009884765
28 15 2.995398720868836
28 16 3.5415924298323347
28 17 3.051490457442534
28 18 3.0343288034151725
28 19 3.3181377576540108
28 20 3.1739892100717078
28 21 3.562024701614911
28 22 2.849204617751163
28 23 3.2822830721286103
28 24 3.162301783304061
28 25 3.0193464922330984
28 26 2.7768116516014967
28 27 2.984305367861055
28 28 2.817001079931313
28 29 3.4396504368012697
29 0 3.082257100060132
29 1 3.7998443091827507
29 2 3.59092943926447
29 3 3.7946402776376273
29 4 3.317183680133877
29 5 3.4472667369277543
29 6 3.1764540309520117
29 7 3.1777974714501602
29 8 3.136401657936583
29 9 3.7330505821879005
29 10 3.4994734055004217
29 11 3.6577106631707683
29 12 3.08698785488149
29 13 3.2735062733970124
29 14 3.257800427993177
29 15 3.4980859588061204
29 16 3.3102644757530073
29 17 3.5068305253760936
29 18 3.3181377576540108
29 19 3.5833245812800287
29 20 3.3021903073106826
29 21 3.1233605915938254
29 22 3.2369166804977523
29 23 3.380099163525302
29 24 3.3077839393746955
29 25 3.224154788669815
29 26 2.7801171192176706
29 27 3.2286140057451522
29 28 2.9271713463508964
29 29 2.724295846260328
