0 0 6.330307017479414
0 1 6.405813398728567
0 2 6.699322970388111
0 3 5.753954343802003
0 4 6.899037785618783
0 5 5.89227186667659
0 6 5.492377194446134
0 7 6.973444117567928
0 8 7.152736900977351
0 9 7.304026815963156
0 10 7.064201167582472
0 11 7.76734518173108
0 12 7.587467387673939
0 13 5.7011369715276885
0 14 6.689042359506576
0 15 6.896471029290486
0 16 6.535284411325997
0 17 6.215355959461557
0 18 6.473935830787781
0 19 6.292192279683223
0 20 6.6479767154756555
0 21 6.128189355872299
0 22 6.278258718108444
0 23 6.9738938952084215
0 24 6.601420802201858
0 25 7.704695128555106
0 26 5.733402546541809
0 27 5.940025440125714
0 28 6.326407804252061
0 29 6.666539375102831
1 0 6.323461483030716
1 1 6.355365695624248
1 2 6.673052628036433
1 3 8.075179465126572
1 4 7.2199961787507085
1 5 7.0959239650550225
1 6 7.396623738788006
1 7 5.9098707148043745
1 8 7.057296035916628
1 9 6.899035145633666
1 10 7.144980062656749
1 11 7.315602269532714
1 12 7.243107972410226
1 13 7.682267997172663
1 14 6.629114827783004
1 15 7.319787228696948
1 16 7.596828291036567
1 17 5.845359232716558
1 18 5.993605377510661
1 19 5.790136108848255
1 20 6.238018548141784
1 21 6.856739575723173
1 22 6.320791765051677
1 23 5.675647602430382
1 24 6.178845249505667
1 25 6.601420802201858
1 26 6.940487336048049
1 27 5.5995823666515605
1 28 5.370209692104359
1 29 5.178330771608328
2 0 7.112221681353414
2 1 6.651857242360271
2 2 7.439402409265708
2 3 7.4189055366919
2 4 6.545161412547493
2 5 6.196693770010451
2 6 6.199464793167558
2 7 6.652449236973268
2 8 6.645299781836513
2 9 7.0329715809367785
2 10 7.115682371643936
2 11 6.889253098150423
2 12 6.511385540748029
2 13 6.721990095418258
2 14 7.218643994715547
2 15 6.509032103372586
2 16 8.641286459470425
2 17 6.055013690428293
2 18 6.338330372720937
2 19 7.002377471700684
2 20 6.227299555455371
2 21 6.810399292018113
2 22 6.718688580074654
2 23 5.993894389757332
2 24 5.675647602430382
2 25 6.9738938952084215
2 26 6.726141836548255
2 27 5.982199280001416
2 28 6.313077443856625
2 29 6.174798084997417
3 0 7.132886948161106
3 1 6.2176798122918475
3 2 5.944107741199525
3 3 6.268046261225895
3 4 6.320277301938424
3 5 7.33634492456812
3 6 7.210998813278686
3 7 8.157807490479875
3 8 6.9176382022777245
3 9 6.471200615862361
3 10 7.807725167777982
3 11 8.376915268645988
3 12 6.4100031457185604
3 13 6.799775171053305
3 14 6.513213891612261
3 15 6.322358917256046
3 16 7.351915532796834
3 17 7.619717343856391
3 18 6.55044385535117
3 19 7.2441577076864565
3 20 6.614101186496754
3 21 6.199345811286087
3 22 6.681763935739299
3 23 6.718688580074654
3 24 6.320791765051677
3 25 6.278258718108444
3 26 7.470665533447896
3 27 6.186906221011447
3 28 5.08667650984082
3 29 5.0832529117288185
4 0 6.669818912026207
4 1 6.934164743469582
4 2 7.160833389751498
4 3 7.532281228566316
4 4 7.22341970847294
4 5 6.7509515832015445
4 6 6.294224013273503
4 7 7.1250796446874025
4 8 6.887921336212336
4 9 7.668720615917437
4 10 7.325702034776862
4 11 6.287320353282893
4 12 6.478057371736597
4 13 6.603073305470306
4 14 7.989706933653392
4 15 7.0940399393781375
4 16 6.724362550653705
4 17 5.903285047805089
4 18 6.963780368883743
4 19 7.9203378162337845
4 20 7.588192728427234
4 21 6.310578547866329
4 22 6.199345811286087
4 23 6.810399292018113
4 24 6.856739575723173
4 25 6.128189355872299
4 26 6.383839417810364
4 27 6.649351702284669
4 28 6.513110945588708
4 29 5.312870972245749
5 0 7.657137138078943
5 1 6.826155121131414
5 2 6.423178131056988
5 3 5.322908887187078
5 4 7.121124888901155
5 5 7.106234629645894
5 6 7.917164912362029
5 7 7.700132568160977
5 8 7.620472898094571
5 9 7.172118262856774
5 10 7.907672197683498
5 11 7.898397673281491
5 12 7.37746295314181
5 13 6.523343439161167
5 14 6.999994293301634
5 15 5.868916092414051
5 16 7.1584794848571205
5 17 7.572603982961649
5 18 7.531535190188843
5 19 6.765442360613175
5 20 7.229568208691709
5 21 7.588192728427234
5 22 6.614101186496754
5 23 6.227299555455371
5 24 6.238018548141784
5 25 6.6479767154756555
5 26 6.009300278494132
5 27 6.8118963608377445
5 28 7.695009478111612
5 29 6.396543191618959
6 0 6.363653014859271
6 1 6.395339271301042
6 2 6.827537145041627
6 3 6.9283800450851425
6 4 7.663774722833991
6 5 6.417522747376164
6 6 6.071142192418395
6 7 5.938488412642899
6 8 5.518172585652705
6 9 6.639671273031635
6 10 6.532824104145879
6 11 6.207054190316909
6 12 6.912529422957716
6 13 6.879695303761564
6 14 8.253706571753238
6 15 6.971410499361903
6 16 7.463417460692793
6 17 6.162922864257191
6 18 7.156972491756281
6 19 7.587163849822463
6 20 6.765442360613175
6 21 7.9203378162337845
6 22 7.2441577076864565
6 23 7.002377471700684
6 24 5.790136108848255
6 25 6.292192279683223
6 26 6.622660575308374
6 27 7.224985258902899
6 28 6.712296533737339
6 29 6.233696437675676
7 0 6.468511892910719
7 1 8.191724351862261
7 2 7.422194837292078
7 3 6.3544286376397405
7 4 6.614609886709578
7 5 6.707133184177462
7 6 7.213855340692786
7 7 6.696043119201943
7 8 6.704060856145409
7 9 8.057501392957523
7 10 6.712896677905165
7 11 6.711778749037395
7 12 7.1324356722512166
7 13 6.558055516199518
7 14 6.15406803592946
7 15 7.816718884822905
7 16 7.01815139192061
7 17 6.789499567378203
7 18 7.1206775453993325
7 19 7.156972491756281
7 20 7.531535190188843
7 21 6.963780368883743
7 22 6.55044385535117
7 23 6.338330372720937
7 24 5.993605377510661
7 25 6.473935830787781
7 26 6.232096431736063
7 27 5.843963840106329
7 28 6.089690298462268
7 29 6.165180257239588
8 0 8.451929068950836
8 1 6.994331542571811
8 2 6.1281708569183815
8 3 7.090894675804194
8 4 7.180409173128997
8 5 5.9927295193044205
8 6 6.969418672070534
8 7 6.60360121565485
8 8 6.792947131156006
8 9 7.779580170105415
8 10 6.965658425527464
8 11 6.302511319122377
8 12 6.442245945890862
8 13 7.673269169602289
8 14 6.62297867255629
8 15 7.398823684789634
8 16 6.364462100106082
8 17 7.3911980919497005
8 18 6.789499567378203
8 19 6.162922864257191
8 20 7.572603982961649
8 21 5.903285047805089
8 22 7.619717343856391
8 23 6.055013690428293
8 24 5.845359232716558
8 25 6.215355959461557
8 26 5.490311136799936
8 27 5.892484212940022
8 28 6.323241692505063
8 29 6.288046674420307
9 0 6.011228065743896
9 1 6.46429018568863
9 2 6.471868102825218
9 3 5.58413483058991
9 4 6.338238949947161
9 5 6.068225748092542
9 6 6.605566856464106
9 7 7.18173426434188
9 8 6.04953229800027
9 9 6.089581354459458
9 10 5.637075585025545
9 11 5.992693457798746
9 12 6.509611562504528
9 13 6.5856617499187555
9 14 6.083799227769163
9 15 7.02831358057113
9 16 6.217723161052714
9 17 6.364462100106082
9 18 7.01815139192061
9 19 7.463417460692793
9 20 7.1584794848571205
9 21 6.724362550653705
9 22 7.351915532796834
9 23 8.641286459470425
9 24 7.596828291036567
9 25 6.535284411325997
9 26 6.788486873339871
9 27 6.7791386537495075
9 28 6.730679546027279
9 29 6.977899576634024
10 0 6.41089290448751
10 1 6.679038325743467
10 2 6.322055412355275
10 3 6.04540307538479
10 4 6.580238104097667
10 5 5.786736908559895
10 6 7.197608382094275
10 7 5.77785304997868
10 8 4.761044761330232
10 9 6.177062007127342
10 10 6.488548506181526
10 11 5.7700667746708785
10 12 6.0420449565411145
10 13 4.6890096543042485
10 14 7.168349635519872
10 15 5.522266009891298
10 16 7.02831358057113
10 17 7.398823684789634
10 18 7.816718884822905
10 19 6.971410499361903
10 20 5.868916092414051
10 21 7.0940399393781375
10 22 6.322358917256046
10 23 6.509032103372586
10 24 7.319787228696948
10 25 6.896471029290486
10 26 6.792966606670805
10 27 6.4923064013402625
10 28 5.750389747703201
10 29 6.414336499420151
11 0 6.679038325743467
11 1 6.7455103961010625
11 2 6.678286605603855
11 3 6.01633569525284
11 4 5.271530345399737
11 5 6.5058674046036336
11 6 5.538253132636611
11 7 5.023726814009773
11 8 6.220722238581475
11 9 6.244377365343017
11 10 6.358822302936934
11 11 5.886642491928795
11 12 6.13442852469171
11 13 6.470652306073782
11 14 6.4804307283745715
11 15 7.168349635519872
11 16 6.083799227769163
11 17 6.62297867255629
11 18 6.15406803592946
11 19 8.253706571753238
11 20 6.999994293301634
11 21 7.989706933653392
11 22 6.513213891612261
11 23 7.218643994715547
11 24 6.629114827783004
11 25 6.689042359506576
11 26 6.288791706946716
11 27 6.869277374874613
11 28 5.927498691417135
11 29 6.368461534870572
12 0 6.322055412355275
12 1 6.678286605603855
12 2 5.837946396672957
12 3 6.229266204122197
12 4 6.482253463296824
12 5 5.34404349319965
12 6 5.91718945827868
12 7 6.46549560249996
12 8 4.660012410366342
12 9 5.985292829797918
12 10 6.091363801609244
12 11 5.958404980335744
12 12 5.5055038622956225
12 13 6.523780775155987
12 14 6.470652306073782
12 15 4.6890096543042485
12 16 6.5856617499187555
12 17 7.673269169602289
12 18 6.558055516199518
12 19 6.879695303761564
12 20 6.523343439161167
12 21 6.603073305470306
12 22 6.799775171053305
12 23 6.721990095418258
12 24 7.682267997172663
12 25 5.7011369715276885
12 26 6.168292506292684
12 27 6.630771721492951
12 28 6.811993698769769
12 29 6.199382069837071
13 0 6.04540307538479
13 1 6.01633569525284
13 2 6.229266204122197
13 3 6.576015849158849
13 4 5.670776362135783
13 5 6.084275314877171
13 6 6.3971258431756866
13 7 5.670325907391515
13 8 6.598457285347134
13 9 4.862398213597305
13 10 4.710489410510441
13 11 5.574622422234953
13 12 5.801469164560795
13 13 5.5055038622956225
13 14 6.13442852469171
13 15 6.0420449565411145
13 16 6.509611562504528
13 17 6.442245945890862
13 18 7.1324356722512166
13 19 6.912529422957716
13 20 7.37746295314181
13 21 6.478057371736597
13 22 6.4100031457185604
13 23 6.511385540748029
13 24 7.243107972410226
13 25 7.587467387673939
13 26 6.512054158067855
13 27 6.676603851066829
13 28 6.979374386360085
13 29 6.777633330877308
14 0 6.580238104097667
14 1 5.271530345399737
14 2 6.482253463296824
14 3 5.670776362135783
14 4 6.711475709357247
14 5 5.742677219503453
14 6 5.19586569929643
14 7 5.816688894842824
14 8 3.8488756993668987
14 9 4.050748877092998
14 10 3.6860565023400027
14 11 4.123095145282901
14 12 5.574622422234953
14 13 5.958404980335744
14 14 5.886642491928795
14 15 5.7700667746708785
14 16 5.992693457798746
14 17 6.302511319122377
14 18 6.711778749037395
14 19 6.207054190316909
14 20 7.898397673281491
14 21 6.287320353282893
14 22 8.376915268645988
14 23 6.889253098150423
14 24 7.315602269532714
14 25 7.76734518173108
14 26 5.807648534419375
14 27 6.564131906980678
14 28 6.826642800901709
14 29 4.711475217529462
15 0 5.786736908559895
15 1 6.5058674046036336
15 2 5.34404349319965
15 3 6.084275314877171
15 4 5.742677219503453
15 5 5.614744106969373
15 6 5.388540053483633
15 7 4.668496749666736
15 8 4.6293504211703125
15 9 2.79514712931331
15 10 1.1808107145879965
15 11 3.6860565023400027
15 12 4.710489410510441
15 13 6.091363801609244
15 14 6.358822302936934
15 15 6.488548506181526
15 16 5.637075585025545
15 17 6.965658425527464
15 18 6.712896677905165
15 19 6.532824104145879
15 20 7.907672197683498
15 21 7.325702034776862
15 22 7.807725167777982
15 23 7.115682371643936
15 24 7.144980062656749
15 25 7.064201167582472
15 26 5.919270740516319
15 27 5.429764147171665
15 28 6.201940287191796
15 29 6.032581654674341
16 0 7.197608382094275
16 1 5.538253132636611
16 2 5.91718945827868
16 3 6.3971258431756866
16 4 5.19586569929643
16 5 5.388540053483633
16 6 5.714034452008923
16 7 6.222891723658712
16 8 4.792637898854842
16 9 3.964834633243991
16 10 2.79514712931331
16 11 4.050748877092998
16 12 4.862398213597305
16 13 5.985292829797918
16 14 6.244377365343017
16 15 6.177062007127342
16 16 6.089581354459458
16 17 7.779580170105415
16 18 8.057501392957523
16 19 6.639671273031635
16 20 7.172118262856774
16 21 7.668720615917437
16 22 6.471200615862361
16 23 7.0329715809367785
16 24 6.899035145633666
16 25 7.304026815963156
16 26 6.819457470186569
16 27 6.4098070799789255
16 28 6.379221146353251
16 29 5.311834832494779
17 0 5.77785304997868
17 1 5.023726814009773
17 2 6.46549560249996
17 3 5.670325907391515
17 4 5.816688894842824
17 5 4.668496749666736
17 6 6.222891723658712
17 7 6.10133837374211
17 8 5.044474772174952
17 9 4.792637898854842
17 10 4.6293504211703125
17 11 3.8488756993668987
17 12 6.598457285347134
17 13 4.660012410366342
17 14 6.220722238581475
17 15 4.761044761330232
17 16 6.04953229800027
17 17 6.792947131156006
17 18 6.704060856145409
17 19 5.518172585652705
17 20 7.620472898094571
17 21 6.887921336212336
17 22 6.9176382022777245
17 23 6.645299781836513
17 24 7.057296035916628
17 25 7.152736900977351
17 26 5.8043625651465
17 27 6.047501512100995
17 28 7.0771871655175
17 29 5.202080315814054
18 0 4.761044761330232
18 1 6.220722238581475
18 2 4.660012410366342
18 3 6.598457285347134
18 4 3.8488756993668987
18 5 4.6293504211703125
18 6 4.792637898854842
18 7 5.044474772174952
18 8 6.10133837374211
18 9 6.222891723658712
18 10 4.668496749666736
18 11 5.816688894842824
18 12 5.670325907391515
18 13 6.46549560249996
18 14 5.023726814009773
18 15 5.77785304997868
18 16 7.18173426434188
18 17 6.60360121565485
18 18 6.696043119201943
18 19 5.938488412642899
18 20 7.700132568160977
18 21 7.1250796446874025
18 22 8.157807490479875
18 23 6.652449236973268
18 24 5.9098707148043745
18 25 6.973444117567928
18 26 7.183518479711376
18 27 6.636627278342355
18 28 7.3357901426535435
18 29 5.41942226190937
19 0 6.177062007127342
19 1 6.244377365343017
19 2 5.985292829797918
19 3 4.862398213597305
19 4 4.050748877092998
19 5 2.79514712931331
19 6 3.964834633243991
19 7 4.792637898854842
19 8 6.222891723658712
19 9 5.714034452008923
19 10 5.388540053483633
19 11 5.19586569929643
19 12 6.3971258431756866
19 13 5.91718945827868
19 14 5.538253132636611
19 15 7.197608382094275
19 16 6.605566856464106
19 17 6.969418672070534
19 18 7.213855340692786
19 19 6.071142192418395
19 20 7.917164912362029
19 21 6.294224013273503
19 22 7.210998813278686
19 23 6.199464793167558
19 24 7.396623738788006
19 25 5.492377194446134
19 26 7.379801674518614
19 27 6.450828150304765
19 28 6.274188079022481
19 29 5.805290951319923
20 0 6.488548506181526
20 1 6.358822302936934
20 2 6.091363801609244
20 3 4.710489410510441
20 4 3.6860565023400027
20 5 1.1808107145879965
20 6 2.79514712931331
20 7 4.6293504211703125
20 8 4.668496749666736
20 9 5.388540053483633
20 10 5.614744106969373
20 11 5.742677219503453
20 12 6.084275314877171
20 13 5.34404349319965
20 14 6.5058674046036336
20 15 5.786736908559895
20 16 6.068225748092542
20 17 5.9927295193044205
20 18 6.707133184177462
20 19 6.417522747376164
20 20 7.106234629645894
20 21 6.7509515832015445
20 22 7.33634492456812
20 23 6.196693770010451
20 24 7.0959239650550225
20 25 5.89227186667659
20 26 7.094082001417215
20 27 6.3617391628496955
20 28 6.618526970864661
20 29 5.180453734230285
21 0 5.7700667746708785
21 1 5.886642491928795
21 2 5.958404980335744
21 3 5.574622422234953
21 4 4.123095145282901
21 5 3.6860565023400027
21 6 4.050748877092998
21 7 3.8488756993668987
21 8 5.816688894842824
21 9 5.19586569929643
21 10 5.742677219503453
21 11 6.711475709357247
21 12 5.670776362135783
21 13 6.482253463296824
21 14 5.271530345399737
21 15 6.580238104097667
21 16 6.338238949947161
21 17 7.180409173128997
21 18 6.614609886709578
21 19 7.663774722833991
21 20 7.121124888901155
21 21 7.22341970847294
21 22 6.320277301938424
21 23 6.545161412547493
21 24 7.2199961787507085
21 25 6.899037785618783
21 26 6.600696040972176
21 27 7.299043198357033
21 28 6.105479403329622
21 29 6.639111643829945
22 0 6.0420449565411145
22 1 6.13442852469171
22 2 5.5055038622956225
22 3 5.801469164560795
22 4 5.574622422234953
22 5 4.710489410510441
22 6 4.862398213597305
22 7 6.598457285347134
22 8 5.670325907391515
22 9 6.3971258431756866
22 10 6.084275314877171
22 11 5.670776362135783
22 12 6.576015849158849
22 13 6.229266204122197
22 14 6.01633569525284
22 15 6.04540307538479
22 16 5.58413483058991
22 17 7.090894675804194
22 18 6.3544286376397405
22 19 6.9283800450851425
22 20 5.322908887187078
22 21 7.532281228566316
22 22 6.268046261225895
22 23 7.4189055366919
22 24 8.075179465126572
22 25 5.753954343802003
22 26 7.181085489377837
22 27 6.877929937205388
22 28 7.3926764119230866
22 29 5.8703748286679165
23 0 4.6890096543042485
23 1 6.470652306073782
23 2 6.523780775155987
23 3 5.5055038622956225
23 4 5.958404980335744
23 5 6.091363801609244
23 6 5.985292829797918
23 7 4.660012410366342
23 8 6.46549560249996
23 9 5.91718945827868
23 10 5.34404349319965
23 11 6.482253463296824
23 12 6.229266204122197
23 13 5.837946396672957
23 14 6.678286605603855
23 15 6.322055412355275
23 16 6.471868102825218
23 17 6.1281708569183815
23 18 7.422194837292078
23 19 6.827537145041627
23 20 6.423178131056988
23 21 7.160833389751498
23 22 5.944107741199525
23 23 7.439402409265708
23 24 6.673052628036433
23 25 6.699322970388111
23 26 6.2254897469147235
23 27 6.8402043978972005
23 28 6.259958708804397
23 29 5.723787819632301
24 0 7.168349635519872
24 1 6.4804307283745715
24 2 6.470652306073782
24 3 6.13442852469171
24 4 5.886642491928795
24 5 6.358822302936934
24 6 6.244377365343017
24 7 6.220722238581475
24 8 5.023726814009773
24 9 5.538253132636611
24 10 6.5058674046036336
24 11 5.271530345399737
24 12 6.01633569525284
24 13 6.678286605603855
24 14 6.7455103961010625
24 15 6.679038325743467
24 16 6.46429018568863
24 17 6.994331542571811
24 18 8.191724351862261
24 19 6.395339271301042
24 20 6.826155121131414
24 21 6.934164743469582
24 22 6.2176798122918475
24 23 6.651857242360271
24 24 6.355365695624248
24 25 6.405813398728567
24 26 6.2313045438599035
24 27 7.395619570297569
24 28 6.599860528607168
24 29 6.116030028515564
25 0 5.522266009891298
25 1 7.168349635519872
25 2 4.6890096543042485
25 3 6.0420449565411145
25 4 5.7700667746708785
25 5 6.488548506181526
25 6 6.177062007127342
25 7 4.761044761330232
25 8 5.77785304997868
25 9 7.197608382094275
25 10 5.786736908559895
25 11 6.580238104097667
25 12 6.04540307538479
25 13 6.322055412355275
25 14 6.679038325743467
25 15 6.41089290448751
25 16 6.011228065743896
25 17 8.451929068950836
25 18 6.468511892910719
25 19 6.363653014859271
25 20 7.657137138078943
25 21 6.669818912026207
25 22 7.132886948161106
25 23 7.112221681353414
25 24 6.323461483030716
25 25 6.330307017479414
25 26 7.2450553319099305
25 27 5.736774805690204
25 28 6.379475369655461
25 29 6.537740733146626
26 0 7.02831358057113
26 1 6.083799227769163
26 2 6.5856617499187555
26 3 6.509611562504528
26 4 5.992693457798746
26 5 5.637075585025545
26 6 6.089581354459458
26 7 6.04953229800027
26 8 7.18173426434188
26 9 6.605566856464106
26 10 6.068225748092542
26 11 6.338238949947161
26 12 5.58413483058991
26 13 6.471868102825218
26 14 6.46429018568863
26 15 6.011228065743896
26 16 7.129415456732668
26 17 7.504662968949748
26 18 6.522521888899671
26 19 6.6885626465760835
26 20 8.179333253154983
26 21 7.212520350361508
26 22 7.605909803449914
26 23 6.817435265206024
26 24 6.694488446716052
26 25 6.5613679859390714
26 26 6.1003829453981435
26 27 5.430415223747069
26 28 6.662761260049864
26 29 6.0343471598679
27 0 7.398823684789634
27 1 6.62297867255629
27 2 7.673269169602289
27 3 6.442245945890862
27 4 6.302511319122377
27 5 6.965658425527464
27 6 7.779580170105415
27 7 6.792947131156006
27 8 6.60360121565485
27 9 6.969418672070534
27 10 5.9927295193044205
27 11 7.180409173128997
27 12 7.090894675804194
27 13 6.1281708569183815
27 14 6.994331542571811
27 15 8.451929068950836
27 16 7.504662968949748
27 17 7.4076951586396715
27 18 7.337196023195157
27 19 7.711643000917514
27 20 7.6359667339992585
27 21 7.206127588793005
27 22 6.976975817105945
27 23 6.209664082254931
27 24 8.261496437161465
27 25 6.5080045106437625
27 26 5.513751678580571
27 27 5.674410325643261
27 28 6.609873376801864
27 29 6.508304911578157
28 0 7.816718884822905
28 1 6.15406803592946
28 2 6.558055516199518
28 3 7.1324356722512166
28 4 6.711778749037395
28 5 6.712896677905165
28 6 8.057501392957523
28 7 6.704060856145409
28 8 6.696043119201943
28 9 7.213855340692786
28 10 6.707133184177462
28 11 6.614609886709578
28 12 6.3544286376397405
28 13 7.422194837292078
28 14 8.191724351862261
28 15 6.468511892910719
28 16 6.522521888899671
28 17 7.337196023195157
28 18 6.800789940150882
28 19 6.156544755165273
28 20 7.444333295606549
28 21 6.7328924850618295
28 22 5.565984329521154
28 23 6.790930494059194
28 24 7.319347040191148
28 25 6.718707636122201
28 26 5.529318606033614
28 27 5.811435976307416
28 28 5.994899095369841
28 29 6.51618232400983
29 0 6.971410499361903
29 1 8.253706571753238
29 2 6.879695303761564
29 3 6.912529422957716
29 4 6.207054190316909
29 5 6.532824104145879
29 6 6.639671273031635
29 7 5.518172585652705
29 8 5.938488412642899
29 9 6.071142192418395
29 10 6.417522747376164
29 11 7.663774722833991
29 12 6.9283800450851425
29 13 6.827537145041627
29 14 6.395339271301042
29 15 6.363653014859271
29 16 6.6885626465760835
29 17 7.711643000917514
29 18 6.156544755165273
29 19 7.844801711820997
29 20 6.312888405905416
29 21 7.066914017584968
29 22 8.060355222219737
29 23 7.0553676900267375
29 24 5.954826820575901
29 25 6.590342827941824
29 26 5.7742447065813645
29 27 6.264354990611938
29 28 6.182249865380445
29 29 5.285412540297613
