0 0 4.238017230533296
0 1 4.373595891924717
0 2 3.9716529145854254
0 3 3.1358844047934604
0 4 4.231990988230054
0 5 3.1602869574271057
0 6 3.0543280304217126
0 7 4.103619685442693
0 8 4.575249201383181
0 9 4.4841969315593335
0 10 4.649695573703929
0 11 4.9129291680584455
0 12 4.6989855626351495
0 13 3.32012276986197
0 14 3.8421560732069704
0 15 4.521801340740552
0 16 4.699298576073429
0 17 3.706178503954244
0 18 4.179973134571338
0 19 3.9632639683719004
0 20 4.343779029646371
0 21 3.5345579243168155
0 22 4.225906447323959
0 23 4.269648830245894
0 24 4.453053133725722
0 25 5.341389679796234
0 26 3.773230940823978
0 27 3.2353338563884724
0 28 4.094022007988553
0 29 4.615900863727653
1 0 3.7903547738375742
1 1 3.6028949782308484
1 2 4.087452747534785
1 3 5.28890886455604
1 4 4.711601443805471
1 5 4.427621978195489
1 6 4.778646873783062
1 7 3.4064713217529126
1 8 4.199070125003401
1 9 4.544702615740397
1 10 4.568584310651698
1 11 4.615296724578905
1 12 4.693131338232219
1 13 4.751702548659931
1 14 4.448649837170069
1 15 4.2077319869003516
1 16 4.506593054004743
1 17 3.3449364447839796
1 18 3.877487305478335
1 19 3.2238195723147314
1 20 3.992904917134062
1 21 4.280366560350376
1 22 3.5846237177524927
1 23 3.407814051886618
1 24 3.82605368707175
1 25 4.453053133725722
1 26 4.976876197844691
1 27 3.3204052997426396
1 28 2.8711032657492352
1 29 3.2492646279992896
2 0 4.149142783094999
2 1 4.096341465634292
2 2 4.993112427840497
2 3 4.65887103068591
2 4 3.8243285473572226
2 5 3.5985568385108375
2 6 2.884062066125699
2 7 3.5252476064801055
2 8 3.411649441567853
2 9 3.834432064470956
2 10 4.12573960023548
2 11 3.7664355444405664
2 12 3.7694157205044596
2 13 3.5192339859251898
2 14 4.832071898503469
2 15 3.67837952198973
2 16 5.7469155834038546
2 17 3.3296324422933288
2 18 3.455573042102279
2 19 4.65860649976781
2 20 3.7495504924123217
2 21 3.9973191993764554
2 22 4.466887671634333
2 23 3.4172507648921377
2 24 3.407814051886618
2 25 4.269648830245894
2 26 4.691073311851106
2 27 3.405865456747473
2 28 3.773949754959574
2 29 3.87802619806816
3 0 4.207272424796143
3 1 3.888677367390101
3 2 3.2420488283263555
3 3 3.3202446265575385
3 4 4.034535645058746
3 5 4.84692393798323
3 6 4.575636739590792
3 7 5.454199039446493
3 8 4.749997554221602
3 9 4.225741049882361
3 10 4.9899316926598605
3 11 5.634447342857754
3 12 4.068624751174655
3 13 4.416875236266164
3 14 3.617273513094106
3 15 3.461438644664932
3 16 4.950430229820218
3 17 4.70358102558536
3 18 3.8851484601253747
3 19 4.73656465502576
3 20 3.8699528218863986
3 21 4.222145818317768
3 22 4.513265087882802
3 23 4.466887671634333
3 24 3.5846237177524927
3 25 4.225906447323959
3 26 4.925492614894334
3 27 4.286013300584256
3 28 2.8241610379617397
3 29 2.628858565114046
4 0 3.79867688984552
4 1 3.80786397237539
4 2 4.8617171500746075
4 3 5.075546241219659
4 4 4.523195871952546
4 5 4.042845766926799
4 6 3.869893711510264
4 7 4.685397201315915
4 8 4.164689279100817
4 9 4.779996464989078
4 10 4.571548883222568
4 11 3.6093876102179574
4 12 3.8502473880520838
4 13 3.647146146291954
4 14 5.13104371368528
4 15 4.36129979446144
4 16 3.572317605034781
4 17 3.4650635212599665
4 18 3.881382415748608
4 19 5.656786438218741
4 20 5.190606874574197
4 21 3.7598460114584165
4 22 4.222145818317768
4 23 3.9973191993764554
4 24 4.280366560350376
4 25 3.5345579243168155
4 26 4.1724968129051305
4 27 4.34054902788027
4 28 4.247507322184537
4 29 3.0322336200130118
5 0 4.6222961992061915
5 1 4.404383660292786
5 2 3.459951953262698
5 3 2.6485556336892087
5 4 4.080620353003662
5 5 4.094420988622908
5 6 5.076887428717066
5 7 5.0231503582011126
5 8 5.410186994585447
5 9 4.192460858032457
5 10 5.050791177560668
5 11 5.0840761636621625
5 12 4.742965281012207
5 13 3.294180075589692
5 14 4.212519699639571
5 15 3.1193396520486405
5 16 4.424308300862082
5 17 4.8781361239314505
5 18 4.635767865799203
5 19 4.237347688834574
5 20 4.370393288867484
5 21 5.190606874574197
5 22 3.8699528218863986
5 23 3.7495504924123217
5 24 3.992904917134062
5 25 4.343779029646371
5 26 3.4966514760644767
5 27 4.322391954570609
5 28 5.0618734223202955
5 29 4.071615086435759
6 0 3.995980905905587
6 1 3.730256653542616
6 2 3.7547138534678983
6 3 4.444048527041471
6 4 5.125149345895232
6 5 3.7748848040594805
6 6 3.5115240787795705
6 7 3.455320480097035
6 8 3.078629034407679
6 9 3.7963037411586193
6 10 3.718548764209977
6 11 3.9273164021770937
6 12 4.207722137623657
6 13 4.19306699767772
6 14 4.913854889786529
6 15 4.1169063869909435
6 16 3.975456179207173
6 17 3.765515848864171
6 18 4.345761438561959
6 19 4.39725074043312
6 20 4.237347688834574
6 21 5.656786438218741
6 22 4.73656465502576
6 23 4.65860649976781
6 24 3.2238195723147314
6 25 3.9632639683719004
6 26 3.8334234679775774
6 27 4.986371258101889
6 28 3.9128267518522755
6 29 3.8425800363093807
7 0 3.529061711368456
7 1 5.223143841889988
7 2 4.515966143674781
7 3 3.6189192688553926
7 4 4.087433351920205
7 5 3.695767264750847
7 6 4.229881988334921
7 7 4.106609833238135
7 8 3.8872847878447927
7 9 5.355290559953476
7 10 3.4569408041906837
7 11 3.937874176345528
7 12 4.075359908739551
7 13 3.768335749011337
7 14 3.735611807063838
7 15 4.7250642446632565
7 16 4.292254400576368
7 17 3.9609015617454637
7 18 4.571140196413676
7 19 4.345761438561959
7 20 4.635767865799203
7 21 3.881382415748608
7 22 3.8851484601253747
7 23 3.455573042102279
7 24 3.877487305478335
7 25 4.179973134571338
7 26 4.132992663034904
7 27 3.1550109913472797
7 28 4.25996204200835
7 29 3.9103597795430547
8 0 5.44390918492423
8 1 4.207936370686906
8 2 3.465465266260216
8 3 3.8256413714512987
8 4 4.5665272182631265
8 5 3.123537351834024
8 6 4.040827685672813
8 7 4.081079605309204
8 8 3.59081603173882
8 9 5.003746267733693
8 10 3.7206036388626864
8 11 3.6395420458346583
8 12 3.9779742449102318
8 13 5.284336653598773
8 14 3.9907120985947784
8 15 4.128393251494993
8 16 3.834039754788043
8 17 4.2334970803624685
8 18 3.9609015617454637
8 19 3.765515848864171
8 20 4.8781361239314505
8 21 3.4650635212599665
8 22 4.70358102558536
8 23 3.3296324422933288
8 24 3.3449364447839796
8 25 3.706178503954244
8 26 3.3461054843415843
8 27 3.295727377030591
8 28 3.5818234890771494
8 29 3.7085412654887815
9 0 3.7215482396853092
9 1 3.465052896951383
9 2 3.921607021978507
9 3 3.3642853783976694
9 4 3.7720141982889226
9 5 3.0138102600191954
9 6 3.634196748178362
9 7 4.024601877951282
9 8 3.538448952166193
9 9 3.0332922230105837
9 10 3.2326902844738328
9 11 3.336162296621294
9 12 3.769083380115859
9 13 3.5290063308185333
9 14 3.4564992649621833
9 15 4.704904132448442
9 16 3.2129331576522393
9 17 3.834039754788043
9 18 4.292254400576368
9 19 3.975456179207173
9 20 4.424308300862082
9 21 3.572317605034781
9 22 4.950430229820218
9 23 5.7469155834038546
9 24 4.506593054004743
9 25 4.699298576073429
9 26 4.341188163566983
9 27 4.526215771824341
9 28 4.321080069561436
9 29 4.594220090559389
10 0 3.4670706825709203
10 1 3.904225652614633
10 2 3.6518012385411383
10 3 3.4025056714247484
10 4 3.8109224807971
10 5 3.205980030176125
10 6 4.038019271232443
10 7 3.1761974865760907
10 8 2.1193877022767778
10 9 3.3648362790909743
10 10 3.837338838373973
10 11 3.04869006246792
10 12 3.1046815622842034
10 13 2.387132187645799
10 14 4.558358552440708
10 15 3.0049615940986576
10 16 4.704904132448442
10 17 4.128393251494993
10 18 4.7250642446632565
10 19 4.1169063869909435
10 20 3.1193396520486405
10 21 4.36129979446144
10 22 3.461438644664932
10 23 3.67837952198973
10 24 4.2077319869003516
10 25 4.521801340740552
10 26 4.031397605047828
10 27 4.536448057791844
10 28 3.5508758145661967
10 29 4.498103897392118
11 0 3.904225652614633
11 1 4.136145189932253
11 2 3.6024046009338853
11 3 3.761344111134694
11 4 2.8188044208040255
11 5 3.4560977660367778
11 6 2.911312358023202
11 7 2.28233512004802
11 8 3.017691842245406
11 9 3.2011405803942363
11 10 3.3640375908825484
11 11 3.034105505174338
11 12 2.91326142292309
11 13 3.570095791158653
11 14 3.277193570911249
11 15 4.558358552440708
11 16 3.4564992649621833
11 17 3.9907120985947784
11 18 3.735611807063838
11 19 4.913854889786529
11 20 4.212519699639571
11 21 5.13104371368528
11 22 3.617273513094106
11 23 4.832071898503469
11 24 4.448649837170069
11 25 3.8421560732069704
11 26 4.19046860629881
11 27 4.3490421974340165
11 28 3.4861660685117926
11 29 3.715609379006022
12 0 3.6518012385411383
12 1 3.6024046009338853
12 2 3.4682667550996418
12 3 3.403194698281465
12 4 3.4861762562951535
12 5 2.620636713011367
12 6 3.081475660381549
12 7 3.5727849773814593
12 8 2.1490937900855718
12 9 2.6388360013148455
12 10 2.601417117867157
12 11 2.984110566757934
12 12 2.532434934019886
12 13 3.466651390009897
12 14 3.570095791158653
12 15 2.387132187645799
12 16 3.5290063308185333
12 17 5.284336653598773
12 18 3.768335749011337
12 19 4.19306699767772
12 20 3.294180075589692
12 21 3.647146146291954
12 22 4.416875236266164
12 23 3.5192339859251898
12 24 4.751702548659931
12 25 3.32012276986197
12 26 3.7814314929881236
12 27 4.487450577895415
12 28 4.07579539298777
12 29 3.882706981728897
13 0 3.4025056714247484
13 1 3.761344111134694
13 2 3.403194698281465
13 3 3.6279074779642175
13 4 2.982529412869602
13 5 2.938213700196895
13 6 3.1099799664241083
13 7 2.879005679783836
13 8 3.08276341498684
13 9 2.0738942171488506
13 10 1.771894407281478
13 11 2.181318755464315
13 12 2.650115084581236
13 13 2.532434934019886
13 14 2.91326142292309
13 15 3.1046815622842034
13 16 3.769083380115859
13 17 3.9779742449102318
13 18 4.075359908739551
13 19 4.207722137623657
13 20 4.742965281012207
13 21 3.8502473880520838
13 22 4.068624751174655
13 23 3.7694157205044596
13 24 4.693131338232219
13 25 4.6989855626351495
13 26 4.096891940180379
13 27 4.113887744741547
13 28 4.44772047635447
13 29 4.18487461494098
14 0 3.8109224807971
14 1 2.8188044208040255
14 2 3.4861762562951535
14 3 2.982529412869602
14 4 3.5799256860390094
14 5 2.892819945984283
14 6 2.234754911673162
14 7 2.643949497655829
14 8 1.3538566738673108
14 9 1.3657646410947173
14 10 1.2328086064873163
14 11 1.3537628644328288
14 12 2.181318755464315
14 13 2.984110566757934
14 14 3.034105505174338
14 15 3.04869006246792
14 16 3.336162296621294
14 17 3.6395420458346583
14 18 3.937874176345528
14 19 3.9273164021770937
14 20 5.0840761636621625
14 21 3.6093876102179574
14 22 5.634447342857754
14 23 3.7664355444405664
14 24 4.615296724578905
14 25 4.9129291680584455
14 26 3.137536619200211
14 27 4.165225127458327
14 28 4.863931989644254
14 29 2.4510213158318073
15 0 3.205980030176125
15 1 3.4560977660367778
15 2 2.620636713011367
15 3 2.938213700196895
15 4 2.892819945984283
15 5 2.4612742101212395
15 6 2.399927743675281
15 7 1.5918726910549863
15 8 1.8326660074900292
15 9 0
15 10 0
15 11 1.2328086064873163
15 12 1.771894407281478
15 13 2.601417117867157
15 14 3.3640375908825484
15 15 3.837338838373973
15 16 3.2326902844738328
15 17 3.7206036388626864
15 18 3.4569408041906837
15 19 3.718548764209977
15 20 5.050791177560668
15 21 4.571548883222568
15 22 4.9899316926598605
15 23 4.12573960023548
15 24 4.568584310651698
15 25 4.649695573703929
15 26 3.162463528499628
15 27 2.7827027461280975
15 28 4.380962428016325
15 29 3.5964247726084757
16 0 4.038019271232443
16 1 2.911312358023202
16 2 3.081475660381549
16 3 3.1099799664241083
16 4 2.234754911673162
16 5 2.399927743675281
16 6 2.546686044559149
16 7 2.7621255565718505
16 8 1.8145019152814892
16 9 1.3353690856762
16 10 0
16 11 1.3657646410947173
16 12 2.0738942171488506
16 13 2.6388360013148455
16 14 3.2011405803942363
16 15 3.3648362790909743
16 16 3.0332922230105837
16 17 5.003746267733693
16 18 5.355290559953476
16 19 3.7963037411586193
16 20 4.192460858032457
16 21 4.779996464989078
16 22 4.225741049882361
16 23 3.834432064470956
16 24 4.544702615740397
16 25 4.4841969315593335
16 26 4.1819380964714234
16 27 4.062148425284912
16 28 4.271872803511844
16 29 2.818234752610866
17 0 3.1761974865760907
17 1 2.28233512004802
17 2 3.5727849773814593
17 3 2.879005679783836
17 4 2.643949497655829
17 5 1.5918726910549863
17 6 2.7621255565718505
17 7 2.5684585782992997
17 8 2.119082559140427
17 9 1.8145019152814892
17 10 1.8326660074900292
17 11 1.3538566738673108
17 12 3.08276341498684
17 13 2.1490937900855718
17 14 3.017691842245406
17 15 2.1193877022767778
17 16 3.538448952166193
17 17 3.59081603173882
17 18 3.8872847878447927
17 19 3.078629034407679
17 20 5.410186994585447
17 21 4.164689279100817
17 22 4.749997554221602
17 23 3.411649441567853
17 24 4.199070125003401
17 25 4.575249201383181
17 26 3.3637978489169265
17 27 3.5047552950823238
17 28 4.765768852948022
17 29 3.0717432130040865
18 0 2.1193877022767778
18 1 3.017691842245406
18 2 2.1490937900855718
18 3 3.08276341498684
18 4 1.3538566738673108
18 5 1.8326660074900292
18 6 1.8145019152814892
18 7 2.119082559140427
18 8 2.5684585782992997
18 9 2.7621255565718505
18 10 1.5918726910549863
18 11 2.643949497655829
18 12 2.879005679783836
18 13 3.5727849773814593
18 14 2.28233512004802
18 15 3.1761974865760907
18 16 4.024601877951282
18 17 4.081079605309204
18 18 4.106609833238135
18 19 3.455320480097035
18 20 5.0231503582011126
18 21 4.685397201315915
18 22 5.454199039446493
18 23 3.5252476064801055
18 24 3.4064713217529126
18 25 4.103619685442693
18 26 4.274524533146227
18 27 4.360038106700458
18 28 5.278339818837524
18 29 3.1113000560512623
19 0 3.3648362790909743
19 1 3.2011405803942363
19 2 2.6388360013148455
19 3 2.0738942171488506
19 4 1.3657646410947173
19 5 0
19 6 1.3353690856762
19 7 1.8145019152814892
19 8 2.7621255565718505
19 9 2.546686044559149
19 10 2.399927743675281
19 11 2.234754911673162
19 12 3.1099799664241083
19 13 3.081475660381549
19 14 2.911312358023202
19 15 4.038019271232443
19 16 3.634196748178362
19 17 4.040827685672813
19 18 4.229881988334921
19 19 3.5115240787795705
19 20 5.076887428717066
19 21 3.869893711510264
19 22 4.575636739590792
19 23 2.884062066125699
19 24 4.778646873783062
19 25 3.0543280304217126
19 26 4.709016306597592
19 27 3.868033174784906
19 28 4.4098812180905735
19 29 3.508714607798459
20 0 3.837338838373973
20 1 3.3640375908825484
20 2 2.601417117867157
20 3 1.771894407281478
20 4 1.2328086064873163
20 5 0
20 6 0
20 7 1.8326660074900292
20 8 1.5918726910549863
20 9 2.399927743675281
20 10 2.4612742101212395
20 11 2.892819945984283
20 12 2.938213700196895
20 13 2.620636713011367
20 14 3.4560977660367778
20 15 3.205980030176125
20 16 3.0138102600191954
20 17 3.123537351834024
20 18 3.695767264750847
20 19 3.7748848040594805
20 20 4.094420988622908
20 21 4.042845766926799
20 22 4.84692393798323
20 23 3.5985568385108375
20 24 4.427621978195489
20 25 3.1602869574271057
20 26 4.670201829803767
20 27 4.001209899007013
20 28 4.593029492712113
20 29 2.5011182024137617
21 0 3.04869006246792
21 1 3.034105505174338
21 2 2.984110566757934
21 3 2.181318755464315
21 4 1.3537628644328288
21 5 1.2328086064873163
21 6 1.3657646410947173
21 7 1.3538566738673108
21 8 2.643949497655829
21 9 2.234754911673162
21 10 2.892819945984283
21 11 3.5799256860390094
21 12 2.982529412869602
21 13 3.4861762562951535
21 14 2.8188044208040255
21 15 3.8109224807971
21 16 3.7720141982889226
21 17 4.5665272182631265
21 18 4.087433351920205
21 19 5.125149345895232
21 20 4.080620353003662
21 21 4.523195871952546
21 22 4.034535645058746
21 23 3.8243285473572226
21 24 4.711601443805471
21 25 4.231990988230054
21 26 4.203253974872663
21 27 5.267435214975952
21 28 3.5818812499533785
21 29 3.699858377990545
22 0 3.1046815622842034
22 1 2.91326142292309
22 2 2.532434934019886
22 3 2.650115084581236
22 4 2.181318755464315
22 5 1.771894407281478
22 6 2.0738942171488506
22 7 3.08276341498684
22 8 2.879005679783836
22 9 3.1099799664241083
22 10 2.938213700196895
22 11 2.982529412869602
22 12 3.6279074779642175
22 13 3.403194698281465
22 14 3.761344111134694
22 15 3.4025056714247484
22 16 3.3642853783976694
22 17 3.8256413714512987
22 18 3.6189192688553926
22 19 4.444048527041471
22 20 2.6485556336892087
22 21 5.075546241219659
22 22 3.3202446265575385
22 23 4.65887103068591
22 24 5.28890886455604
22 25 3.1358844047934604
22 26 4.86009281544712
22 27 4.710686853543762
22 28 4.279542749727878
22 29 3.573535124540105
23 0 2.387132187645799
23 1 3.570095791158653
23 2 3.466651390009897
23 3 2.532434934019886
23 4 2.984110566757934
23 5 2.601417117867157
23 6 2.6388360013148455
23 7 2.1490937900855718
23 8 3.5727849773814593
23 9 3.081475660381549
23 10 2.620636713011367
23 11 3.4861762562951535
23 12 3.403194698281465
23 13 3.4682667550996418
23 14 3.6024046009338853
23 15 3.6518012385411383
23 16 3.921607021978507
23 17 3.465465266260216
23 18 4.515966143674781
23 19 3.7547138534678983
23 20 3.459951953262698
23 21 4.8617171500746075
23 22 3.2420488283263555
23 23 4.993112427840497
23 24 4.087452747534785
23 25 3.9716529145854254
23 26 3.8190669291759187
23 27 4.970983864342954
23 28 3.535679854000669
23 29 3.3640867100587313
24 0 4.558358552440708
24 1 3.277193570911249
24 2 3.570095791158653
24 3 2.91326142292309
24 4 3.034105505174338
24 5 3.3640375908825484
24 6 3.2011405803942363
24 7 3.017691842245406
24 8 2.28233512004802
24 9 2.911312358023202
24 10 3.4560977660367778
24 11 2.8188044208040255
24 12 3.761344111134694
24 13 3.6024046009338853
24 14 4.136145189932253
24 15 3.904225652614633
24 16 3.465052896951383
24 17 4.207936370686906
24 18 5.223143841889988
24 19 3.730256653542616
24 20 4.404383660292786
24 21 3.80786397237539
24 22 3.888677367390101
24 23 4.096341465634292
24 24 3.6028949782308484
24 25 4.373595891924717
24 26 3.9534575179650275
24 27 5.005075138709093
24 28 3.978136791016284
24 29 3.9921288829974864
25 0 3.0049615940986576
25 1 4.558358552440708
25 2 2.387132187645799
25 3 3.1046815622842034
25 4 3.04869006246792
25 5 3.837338838373973
25 6 3.3648362790909743
25 7 2.1193877022767778
25 8 3.1761974865760907
25 9 4.038019271232443
25 10 3.205980030176125
25 11 3.8109224807971
25 12 3.4025056714247484
25 13 3.6518012385411383
25 14 3.904225652614633
25 15 3.4670706825709203
25 16 3.7215482396853092
25 17 5.44390918492423
25 18 3.529061711368456
25 19 3.995980905905587
25 20 4.6222961992061915
25 21 3.79867688984552
25 22 4.207272424796143
25 23 4.149142783094999
25 24 3.7903547738375742
25 25 4.238017230533296
25 26 4.915849726050562
25 27 3.406717899837986
25 28 3.7493053470806004
25 29 4.552710664201062
26 0 4.704904132448442
26 1 3.4564992649621833
26 2 3.5290063308185333
26 3 3.769083380115859
26 4 3.336162296621294
26 5 3.2326902844738328
26 6 3.0332922230105837
26 7 3.538448952166193
26 8 4.024601877951282
26 9 3.634196748178362
26 10 3.0138102600191954
26 11 3.7720141982889226
26 12 3.3642853783976694
26 13 3.921607021978507
26 14 3.465052896951383
26 15 3.7215482396853092
26 16 4.722587245974377
26 17 4.351153615751576
26 18 3.6143502199316093
26 19 4.707081277660346
26 20 4.8754909990396955
26 21 4.399721377868953
26 22 4.848089518161712
26 23 4.399816798286857
26 24 4.8106330155896755
26 25 4.340092877644895
26 26 3.5269749093133553
26 27 2.8631256384905255
26 28 4.4458715485995155
26 29 3.6266225954156246
27 0 4.128393251494993
27 1 3.9907120985947784
27 2 5.284336653598773
27 3 3.9779742449102318
27 4 3.6395420458346583
27 5 3.7206036388626864
27 6 5.003746267733693
27 7 3.59081603173882
27 8 4.081079605309204
27 9 4.040827685672813
27 10 3.123537351834024
27 11 4.5665272182631265
27 12 3.8256413714512987
27 13 3.465465266260216
27 14 4.207936370686906
27 15 5.44390918492423
27 16 4.351153615751576
27 17 4.43605328575185
27 18 5.213494854068485
27 19 4.454393900145991
27 20 4.688382658815624
27 21 4.560258236295341
27 22 4.425538561773575
27 23 3.635731465325575
27 24 6.614126933779193
27 25 4.6532436519919935
27 26 3.2891540042822203
27 27 3.0312020970316564
27 28 4.257819894180763
27 29 4.018188250571763
28 0 4.7250642446632565
28 1 3.735611807063838
28 2 3.768335749011337
28 3 4.075359908739551
28 4 3.937874176345528
28 5 3.4569408041906837
28 6 5.355290559953476
28 7 3.8872847878447927
28 8 4.106609833238135
28 9 4.229881988334921
28 10 3.695767264750847
28 11 4.087433351920205
28 12 3.6189192688553926
28 13 4.515966143674781
28 14 5.223143841889988
28 15 3.529061711368456
28 16 3.6143502199316093
28 17 5.213494854068485
28 18 3.93574028894855
28 19 3.730537884794268
28 20 5.239069862900169
28 21 4.044728983609455
28 22 3.064395089970568
28 23 4.014880422396814
28 24 5.022840502413053
28 25 4.401771487665515
28 26 2.9104874860330785
28 27 3.685546602172768
28 28 3.580899593421584
28 29 4.337471026453573
29 0 4.1169063869909435
29 1 4.913854889786529
29 2 4.19306699767772
29 3 4.207722137623657
29 4 3.9273164021770937
29 5 3.718548764209977
29 6 3.7963037411586193
29 7 3.078629034407679
29 8 3.455320480097035
29 9 3.5115240787795705
29 10 3.7748848040594805
29 11 5.125149345895232
29 12 4.444048527041471
29 13 3.7547138534678983
29 14 3.730256653542616
29 15 3.995980905905587
29 16 4.707081277660346
29 17 4.454393900145991
29 18 3.730537884794268
29 19 4.855907142856114
29 20 3.6103392136675434
29 21 4.078181037697773
29 22 5.15104500397478
29 23 4.357847678383743
29 24 3.683019602041122
29 25 4.19606803207626
29 26 3.539248591131864
29 27 3.6826692423963063
29 28 3.892897958569123
29 29 3.215823292590716
