0 0 28.593256891939483
0 1 28.953946790649585
0 2 31.227689305522865
0 3 28.79876932909397
0 4 31.564550735165597
0 5 30.372020969799447
0 6 29.73129125727475
0 7 32.59553675994094
0 8 32.231108321138755
0 9 32.21947637150166
0 10 31.826436429155503
0 11 33.836289096382174
0 12 31.56519619754205
0 13 29.104054918790034
0 14 30.206438032638502
0 15 31.47471601130295
0 16 29.293257146726376
0 17 30.307572937996525
0 18 29.89736547061716
0 19 30.82357049216249
0 20 30.22325727843923
0 21 29.02271544051765
0 22 27.634034512137553
0 23 29.71450232095729
0 24 29.9809517914207
0 25 29.47744498924917
0 26 26.480208710102943
0 27 28.14780055227572
0 28 27.198820584864222
0 29 25.691907786194765
1 0 30.455180092242113
1 1 30.183838643186704
1 2 30.120262485650734
1 3 33.13493061516812
1 4 31.923503660069724
1 5 32.53904212547073
1 6 32.38907275294578
1 7 29.73836862886636
1 8 32.09619567019617
1 9 30.43815627933439
1 10 31.35385368671726
1 11 33.865107176528014
1 12 31.354646903149305
1 13 32.286458198471706
1 14 31.328519980070908
1 15 32.645334504308074
1 16 31.367549072667114
1 17 27.81927340216379
1 18 28.429406924847537
1 19 28.058942051963015
1 20 27.68632379240881
1 21 31.095843926050158
1 22 29.63505451822559
1 23 26.858264010361435
1 24 27.967828530010017
1 25 29.9809517914207
1 26 28.464379344850308
1 27 25.895584599788197
1 28 26.293053201430624
1 29 23.550764605122804
2 0 32.760332987486294
2 1 29.88116159844953
2 2 33.07518098173538
2 3 31.792908891100964
2 4 31.36960244572312
2 5 33.19536771618677
2 6 32.15602338829885
2 7 31.33553427982316
2 8 32.32802725500569
2 9 32.23551290020691
2 10 31.27679327143076
2 11 30.893663555074053
2 12 31.60981707963134
2 13 31.47899944244834
2 14 34.060214113841525
2 15 33.153677380169846
2 16 34.23053648804741
2 17 28.503987365815227
2 18 30.284517615829703
2 19 32.49037008711179
2 20 29.354329431267484
2 21 31.109838402527988
2 22 29.89347292943963
2 23 29.059829439772
2 24 26.858264010361435
2 25 29.71450232095729
2 26 27.609630457111717
2 27 27.294781248219795
2 28 27.777540752969152
2 29 26.565072427133572
3 0 32.7199723071254
3 1 32.38742750094415
3 2 31.21816698713732
3 3 30.726546830857526
3 4 27.60717499785595
3 5 33.27738823092964
3 6 30.720304820141724
3 7 33.62212595029193
3 8 29.329417841548327
3 9 30.469817043888604
3 10 33.86483205301294
3 11 34.15696812243412
3 12 30.60424655600558
3 13 29.922414895398525
3 14 30.788195438135872
3 15 32.241915976695715
3 16 32.3400020800851
3 17 33.19779935274877
3 18 28.591350603331254
3 19 29.575459022425992
3 20 30.34705250274981
3 21 29.147223229674655
3 22 29.268585583545146
3 23 29.89347292943963
3 24 29.63505451822559
3 25 27.634034512137553
3 26 32.10214941821744
3 27 27.40487309281138
3 28 25.062935473702773
3 29 25.01182477939578
4 0 32.42999182762679
4 1 32.715033661497515
4 2 32.1281308169266
4 3 32.534677922708866
4 4 32.590974229697814
4 5 34.11097468740361
4 6 32.267040396138945
4 7 34.06934634701103
4 8 34.992021424818056
4 9 35.9600818070723
4 10 34.74204477070371
4 11 31.47972467693081
4 12 32.50650449923906
4 13 33.212857666526844
4 14 31.479530907313524
4 15 31.582120114731516
4 16 31.227532148111525
4 17 30.88132221142419
4 18 32.04348213218244
4 19 33.87377441110868
4 20 31.201915903615223
4 21 30.227836876262597
4 22 29.147223229674655
4 23 31.109838402527988
4 24 31.095843926050158
4 25 29.02271544051765
4 26 28.247077069957363
4 27 28.332020296691198
4 28 27.634770122510123
4 29 26.166684878276218
5 0 33.6506558928436
5 1 30.562073646639583
5 2 31.91034895509112
5 3 28.566564334790748
5 4 32.95570281918135
5 5 30.36497088548264
5 6 35.281979017020916
5 7 32.19343158514335
5 8 33.341748698299355
5 9 34.06319914622001
5 10 35.60851396684395
5 11 35.53189819265518
5 12 33.45725096486704
5 13 30.32379448529669
5 14 33.83834378921135
5 15 31.748041338011248
5 16 31.817366078540076
5 17 32.078214511297915
5 18 31.63329451438507
5 19 32.93890543213284
5 20 31.73139954944016
5 21 31.201915903615223
5 22 30.34705250274981
5 23 29.354329431267484
5 24 27.68632379240881
5 25 30.22325727843923
5 26 30.82398498645373
5 27 28.713895481993756
5 28 29.73800537895217
5 29 25.538318328633302
6 0 31.284043028052295
6 1 32.64243012887033
6 2 32.92064054511854
6 3 33.3151891529626
6 4 34.80050430959617
6 5 31.87777648083582
6 6 32.67186925515333
6 7 31.83029789176594
6 8 30.517433692539402
6 9 32.32924324835603
6 10 32.92437482332535
6 11 32.28196813814217
6 12 33.749666858433095
6 13 32.86138355151291
6 14 36.066910069489055
6 15 33.906997176734684
6 16 35.03060680972571
6 17 29.8839572151316
6 18 31.76519297711007
6 19 32.80569338527368
6 20 32.93890543213284
6 21 33.87377441110868
6 22 29.575459022425992
6 23 32.49037008711179
6 24 28.058942051963015
6 25 30.82357049216249
6 26 30.537372321483275
6 27 31.566881902991863
6 28 30.86852537670824
6 29 28.24556230644065
7 0 32.69116190189609
7 1 33.37273016458624
7 2 33.83059030174865
7 3 33.69202906013528
7 4 32.295118569795335
7 5 31.226363316986845
7 6 32.845876068747486
7 7 34.29441884571998
7 8 33.73886647763398
7 9 37.125250320544865
7 10 36.5524593559387
7 11 34.94584603153291
7 12 33.02975821289404
7 13 32.962974518966384
7 14 33.42667734905708
7 15 35.120496053938204
7 16 33.67668429849071
7 17 34.14197745530733
7 18 33.41009886280193
7 19 31.76519297711007
7 20 31.63329451438507
7 21 32.04348213218244
7 22 28.591350603331254
7 23 30.284517615829703
7 24 28.429406924847537
7 25 29.89736547061716
7 26 29.330389746744743
7 27 29.244135277536248
7 28 26.454485188025366
7 29 27.35447989297981
8 0 35.28138595962041
8 1 34.83211992647358
8 2 34.39145276896214
8 3 32.35248273988572
8 4 34.455313238673384
8 5 34.19827180636565
8 6 35.483938567195665
8 7 34.2882758891983
8 8 34.7285467437144
8 9 33.96207874027393
8 10 33.931542863492695
8 11 34.30663980595452
8 12 33.427597845112025
8 13 36.48388495359967
8 14 32.21074765294357
8 15 35.9990584543859
8 16 33.49901706759284
8 17 32.42196735207635
8 18 34.14197745530733
8 19 29.8839572151316
8 20 32.078214511297915
8 21 30.88132221142419
8 22 33.19779935274877
8 23 28.503987365815227
8 24 27.81927340216379
8 25 30.307572937996525
8 26 26.114748728129555
8 27 29.112935794139528
8 28 29.94751912130833
8 29 28.92903262353112
9 0 31.448719670021077
9 1 33.521145843938044
9 2 33.425451390941454
9 3 31.207031014971363
9 4 34.066913733803695
9 5 32.033013242718994
9 6 34.33986783662852
9 7 37.62078216031601
9 8 34.17825222494163
9 9 33.46510115940107
9 10 31.365148724517642
9 11 32.65903131943654
9 12 34.04746272298716
9 13 33.3552413044161
9 14 33.33020673228202
9 15 33.6715646174088
9 16 32.22233170927318
9 17 33.49901706759284
9 18 33.67668429849071
9 19 35.03060680972571
9 20 31.817366078540076
9 21 31.227532148111525
9 22 32.3400020800851
9 23 34.23053648804741
9 24 31.367549072667114
9 25 29.293257146726376
9 26 30.26943663812899
9 27 29.93576371860059
9 28 30.275908716064944
9 29 29.264497474308186
10 0 34.437663393653075
10 1 33.129447398250086
10 2 33.997221060089764
10 3 33.117122572070734
10 4 34.63569237449343
10 5 32.6393867271454
10 6 33.003219009526205
10 7 32.693288789614726
10 8 31.019069297128993
10 9 33.47508660117228
10 10 33.79296071716505
10 11 32.5630024463598
10 12 32.32958824438461
10 13 28.95895495591931
10 14 35.2622571504122
10 15 31.462918689225315
10 16 33.6715646174088
10 17 35.9990584543859
10 18 35.120496053938204
10 19 33.906997176734684
10 20 31.748041338011248
10 21 31.582120114731516
10 22 32.241915976695715
10 23 33.153677380169846
10 24 32.645334504308074
10 25 31.47471601130295
10 26 31.65941605432056
10 27 29.62778317492135
10 28 27.611610334066746
10 29 29.013778681653918
11 0 33.129447398250086
11 1 35.10701108864246
11 2 33.10342066766978
11 3 33.2849461993777
11 4 30.93363292960262
11 5 30.14215927413238
11 6 31.980148560511072
11 7 29.737449444503962
11 8 34.25436661244864
11 9 35.04507266189445
11 10 32.897074659236324
11 11 35.10961771971817
11 12 33.5948780672692
11 13 32.88702011422738
11 14 33.576211705358695
11 15 35.2622571504122
11 16 33.33020673228202
11 17 32.21074765294357
11 18 33.42667734905708
11 19 36.066910069489055
11 20 33.83834378921135
11 21 31.479530907313524
11 22 30.788195438135872
11 23 34.060214113841525
11 24 31.328519980070908
11 25 30.206438032638502
11 26 29.108827625867313
11 27 31.502939718007458
11 28 30.068436434650984
11 29 28.447950003482756
12 0 33.997221060089764
12 1 33.10342066766978
12 2 33.39341655826304
12 3 32.318898776681046
12 4 33.65963281940148
12 5 31.671866157249674
12 6 33.93404178150234
12 7 31.91560199634054
12 8 30.655548029424022
12 9 36.1869428560196
12 10 36.015065070130504
12 11 35.927120639256714
12 12 32.30670340302233
12 13 34.228420592570245
12 14 32.88702011422738
12 15 28.95895495591931
12 16 33.3552413044161
12 17 36.48388495359967
12 18 32.962974518966384
12 19 32.86138355151291
12 20 30.32379448529669
12 21 33.212857666526844
12 22 29.922414895398525
12 23 31.47899944244834
12 24 32.286458198471706
12 25 29.104054918790034
12 26 30.614535382402487
12 27 31.047420619301974
12 28 31.694297041974828
12 29 28.34234465870682
13 0 33.117122572070734
13 1 33.2849461993777
13 2 32.318898776681046
13 3 35.77500605421439
13 4 31.184598841530875
13 5 36.335594504685716
13 6 34.14992628258159
13 7 35.191094806697855
13 8 37.77940249649732
13 9 34.66747512958079
13 10 34.33286335211101
13 11 34.819792923567825
13 12 35.27531464644836
13 13 32.30670340302233
13 14 33.5948780672692
13 15 32.32958824438461
13 16 34.04746272298716
13 17 33.427597845112025
13 18 33.02975821289404
13 19 33.749666858433095
13 20 33.45725096486704
13 21 32.50650449923906
13 22 30.60424655600558
13 23 31.60981707963134
13 24 31.354646903149305
13 25 31.56519619754205
13 26 29.667860948557866
13 27 29.82517319579208
13 28 31.423491688121224
13 29 30.51352913817566
14 0 34.63569237449343
14 1 30.93363292960262
14 2 33.65963281940148
14 3 31.184598841530875
14 4 37.342613088913176
14 5 35.74494349097411
14 6 35.678600626669244
14 7 36.78796272999998
14 8 31.76914475347714
14 9 34.6188754985177
14 10 34.853986912506514
14 11 35.196505302092596
14 12 34.819792923567825
14 13 35.927120639256714
14 14 35.10961771971817
14 15 32.5630024463598
14 16 32.65903131943654
14 17 34.30663980595452
14 18 34.94584603153291
14 19 32.28196813814217
14 20 35.53189819265518
14 21 31.47972467693081
14 22 34.15696812243412
14 23 30.893663555074053
14 24 33.865107176528014
14 25 33.836289096382174
14 26 29.120972708199716
14 27 29.13192958967895
14 28 31.272797624692586
14 29 26.971371038731483
15 0 32.6393867271454
15 1 30.14215927413238
15 2 31.671866157249674
15 3 36.335594504685716
15 4 35.74494349097411
15 5 35.193447598323495
15 6 32.047890073302476
15 7 33.70086661125486
15 8 32.931281169750505
15 9 30.20353769638701
15 10 15.911990866089846
15 11 34.853986912506514
15 12 34.33286335211101
15 13 36.015065070130504
15 14 32.897074659236324
15 15 33.79296071716505
15 16 31.365148724517642
15 17 33.931542863492695
15 18 36.5524593559387
15 19 32.92437482332535
15 20 35.60851396684395
15 21 34.74204477070371
15 22 33.86483205301294
15 23 31.27679327143076
15 24 31.35385368671726
15 25 31.826436429155503
15 26 27.48528511680305
15 27 28.9203789095381
15 28 29.119314106814937
15 29 26.856550473398883
16 0 33.003219009526205
16 1 31.980148560511072
16 2 33.93404178150234
16 3 34.14992628258159
16 4 35.678600626669244
16 5 32.047890073302476
16 6 35.308792199999964
16 7 37.4271755633042
16 8 35.885963178618546
16 9 31.100919084143598
16 10 30.20353769638701
16 11 34.6188754985177
16 12 34.66747512958079
16 13 36.1869428560196
16 14 35.04507266189445
16 15 33.47508660117228
16 16 33.46510115940107
16 17 33.96207874027393
16 18 37.125250320544865
16 19 32.32924324835603
16 20 34.06319914622001
16 21 35.9600818070723
16 22 30.469817043888604
16 23 32.23551290020691
16 24 30.43815627933439
16 25 32.21947637150166
16 26 29.8449601973921
16 27 30.98416045844848
16 28 28.81676338583133
16 29 26.2467132899742
17 0 32.693288789614726
17 1 29.737449444503962
17 2 31.91560199634054
17 3 35.191094806697855
17 4 36.78796272999998
17 5 33.70086661125486
17 6 37.4271755633042
17 7 34.67918780816564
17 8 36.42503861466589
17 9 35.885963178618546
17 10 32.931281169750505
17 11 31.76914475347714
17 12 37.77940249649732
17 13 30.655548029424022
17 14 34.25436661244864
17 15 31.019069297128993
17 16 34.17825222494163
17 17 34.7285467437144
17 18 33.73886647763398
17 19 30.517433692539402
17 20 33.341748698299355
17 21 34.992021424818056
17 22 29.329417841548327
17 23 32.32802725500569
17 24 32.09619567019617
17 25 32.231108321138755
17 26 28.433924463214094
17 27 29.419388729160243
17 28 31.29807411224819
17 29 26.976154399010788
18 0 31.019069297128993
18 1 34.25436661244864
18 2 30.655548029424022
18 3 37.77940249649732
18 4 31.76914475347714
18 5 32.931281169750505
18 6 35.885963178618546
18 7 36.42503861466589
18 8 34.67918780816564
18 9 37.4271755633042
18 10 33.70086661125486
18 11 36.78796272999998
18 12 35.191094806697855
18 13 31.91560199634054
18 14 29.737449444503962
18 15 32.693288789614726
18 16 37.62078216031601
18 17 34.2882758891983
18 18 34.29441884571998
18 19 31.83029789176594
18 20 32.19343158514335
18 21 34.06934634701103
18 22 33.62212595029193
18 23 31.33553427982316
18 24 29.73836862886636
18 25 32.59553675994094
18 26 32.55755956127253
18 27 30.24493917560355
18 28 32.16807252315521
18 29 26.951078973148093
19 0 33.47508660117228
19 1 35.04507266189445
19 2 36.1869428560196
19 3 34.66747512958079
19 4 34.6188754985177
19 5 30.20353769638701
19 6 31.100919084143598
19 7 35.885963178618546
19 8 37.4271755633042
19 9 35.308792199999964
19 10 32.047890073302476
19 11 35.678600626669244
19 12 34.14992628258159
19 13 33.93404178150234
19 14 31.980148560511072
19 15 33.003219009526205
19 16 34.33986783662852
19 17 35.483938567195665
19 18 32.845876068747486
19 19 32.67186925515333
19 20 35.281979017020916
19 21 32.267040396138945
19 22 30.720304820141724
19 23 32.15602338829885
19 24 32.38907275294578
19 25 29.73129125727475
19 26 31.73521437176744
19 27 30.63219478120531
19 28 28.539804811990425
19 29 27.404865105392933
20 0 33.79296071716505
20 1 32.897074659236324
20 2 36.015065070130504
20 3 34.33286335211101
20 4 34.853986912506514
20 5 15.911990866089846
20 6 30.20353769638701
20 7 32.931281169750505
20 8 33.70086661125486
20 9 32.047890073302476
20 10 35.193447598323495
20 11 35.74494349097411
20 12 36.335594504685716
20 13 31.671866157249674
20 14 30.14215927413238
20 15 32.6393867271454
20 16 32.033013242718994
20 17 34.19827180636565
20 18 31.226363316986845
20 19 31.87777648083582
20 20 30.36497088548264
20 21 34.11097468740361
20 22 33.27738823092964
20 23 33.19536771618677
20 24 32.53904212547073
20 25 30.372020969799447
20 26 31.21726422043897
20 27 28.597063470914296
20 28 29.930087484008663
20 29 26.894615164416805
21 0 32.5630024463598
21 1 35.10961771971817
21 2 35.927120639256714
21 3 34.819792923567825
21 4 35.196505302092596
21 5 34.853986912506514
21 6 34.6188754985177
21 7 31.76914475347714
21 8 36.78796272999998
21 9 35.678600626669244
21 10 35.74494349097411
21 11 37.342613088913176
21 12 31.184598841530875
21 13 33.65963281940148
21 14 30.93363292960262
21 15 34.63569237449343
21 16 34.066913733803695
21 17 34.455313238673384
21 18 32.295118569795335
21 19 34.80050430959617
21 20 32.95570281918135
21 21 32.590974229697814
21 22 27.60717499785595
21 23 31.36960244572312
21 24 31.923503660069724
21 25 31.564550735165597
21 26 30.030899414391836
21 27 31.113093229360285
21 28 28.248018039405054
21 29 29.809247161327868
22 0 32.32958824438461
22 1 33.5948780672692
22 2 32.30670340302233
22 3 35.27531464644836
22 4 34.819792923567825
22 5 34.33286335211101
22 6 34.66747512958079
22 7 37.77940249649732
22 8 35.191094806697855
22 9 34.14992628258159
22 10 36.335594504685716
22 11 31.184598841530875
22 12 35.77500605421439
22 13 32.318898776681046
22 14 33.2849461993777
22 15 33.117122572070734
22 16 31.207031014971363
22 17 32.35248273988572
22 18 33.69202906013528
22 19 33.3151891529626
22 20 28.566564334790748
22 21 32.534677922708866
22 22 30.726546830857526
22 23 31.792908891100964
22 24 33.13493061516812
22 25 28.79876932909397
22 26 30.370436052497674
22 27 29.801636969294215
22 28 31.22887605784332
22 29 28.62060239936925
23 0 28.95895495591931
23 1 32.88702011422738
23 2 34.228420592570245
23 3 32.30670340302233
23 4 35.927120639256714
23 5 36.015065070130504
23 6 36.1869428560196
23 7 30.655548029424022
23 8 31.91560199634054
23 9 33.93404178150234
23 10 31.671866157249674
23 11 33.65963281940148
23 12 32.318898776681046
23 13 33.39341655826304
23 14 33.10342066766978
23 15 33.997221060089764
23 16 33.425451390941454
23 17 34.39145276896214
23 18 33.83059030174865
23 19 32.92064054511854
23 20 31.91034895509112
23 21 32.1281308169266
23 22 31.21816698713732
23 23 33.07518098173538
23 24 30.120262485650734
23 25 31.227689305522865
23 26 29.649100245860357
23 27 30.723782044970243
23 28 28.41526299187686
23 29 27.735563810987813
24 0 35.2622571504122
24 1 33.576211705358695
24 2 32.88702011422738
24 3 33.5948780672692
24 4 35.10961771971817
24 5 32.897074659236324
24 6 35.04507266189445
24 7 34.25436661244864
24 8 29.737449444503962
24 9 31.980148560511072
24 10 30.14215927413238
24 11 30.93363292960262
24 12 33.2849461993777
24 13 33.10342066766978
24 14 35.10701108864246
24 15 33.129447398250086
24 16 33.521145843938044
24 17 34.83211992647358
24 18 33.37273016458624
24 19 32.64243012887033
24 20 30.562073646639583
24 21 32.715033661497515
24 22 32.38742750094415
24 23 29.88116159844953
24 24 30.183838643186704
24 25 28.953946790649585
24 26 28.940128400937777
24 27 30.967120711752596
24 28 29.541461605348406
24 29 27.185934662631396
25 0 31.462918689225315
25 1 35.2622571504122
25 2 28.95895495591931
25 3 32.32958824438461
25 4 32.5630024463598
25 5 33.79296071716505
25 6 33.47508660117228
25 7 31.019069297128993
25 8 32.693288789614726
25 9 33.003219009526205
25 10 32.6393867271454
25 11 34.63569237449343
25 12 33.117122572070734
25 13 33.997221060089764
25 14 33.129447398250086
25 15 34.437663393653075
25 16 31.448719670021077
25 17 35.28138595962041
25 18 32.69116190189609
25 19 31.284043028052295
25 20 33.6506558928436
25 21 32.42999182762679
25 22 32.7199723071254
25 23 32.760332987486294
25 24 30.455180092242113
25 25 28.593256891939483
25 26 29.92824887248073
25 27 28.68387402845102
25 28 29.60658360280888
25 29 29.36558652602062
26 0 33.6715646174088
26 1 33.33020673228202
26 2 33.3552413044161
26 3 34.04746272298716
26 4 32.65903131943654
26 5 31.365148724517642
26 6 33.46510115940107
26 7 34.17825222494163
26 8 37.62078216031601
26 9 34.33986783662852
26 10 32.033013242718994
26 11 34.066913733803695
26 12 31.207031014971363
26 13 33.425451390941454
26 14 33.521145843938044
26 15 31.448719670021077
26 16 32.10838931973764
26 17 34.05100809792124
26 18 32.95499904496553
26 19 31.295499732231388
26 20 33.83269663805016
26 21 32.225440168437096
26 22 31.525098450283902
26 23 31.03508851873594
26 24 30.108709122422443
26 25 30.327372327263667
26 26 27.759391198431633
26 27 29.907809217353257
26 28 29.682137882037022
26 29 26.029888213862062
27 0 35.9990584543859
27 1 32.21074765294357
27 2 36.48388495359967
27 3 33.427597845112025
27 4 34.30663980595452
27 5 33.931542863492695
27 6 33.96207874027393
27 7 34.7285467437144
27 8 34.2882758891983
27 9 35.483938567195665
27 10 34.19827180636565
27 11 34.455313238673384
27 12 32.35248273988572
27 13 34.39145276896214
27 14 34.83211992647358
27 15 35.28138595962041
27 16 34.05100809792124
27 17 34.18672725235788
27 18 32.85565736604792
27 19 33.74002445162813
27 20 33.15085998394832
27 21 33.18831383701651
27 22 32.24617768954267
27 23 31.911806634289476
27 24 33.9169142641497
27 25 29.218611588276328
27 26 26.687045707381866
27 27 29.55219964466063
27 28 28.128147289602094
27 29 29.297372570619803
28 0 35.120496053938204
28 1 33.42667734905708
28 2 32.962974518966384
28 3 33.02975821289404
28 4 34.94584603153291
28 5 36.5524593559387
28 6 37.125250320544865
28 7 33.73886647763398
28 8 34.29441884571998
28 9 32.845876068747486
28 10 31.226363316986845
28 11 32.295118569795335
28 12 33.69202906013528
28 13 33.83059030174865
28 14 33.37273016458624
28 15 32.69116190189609
28 16 32.95499904496553
28 17 32.85565736604792
28 18 29.77620287423871
28 19 31.443405612163307
28 20 33.02455220288189
28 21 30.19398508752079
28 22 27.70991157656033
28 23 30.02825993009447
28 24 31.91366304548668
28 25 29.51345027067498
28 26 28.387886293834118
28 27 26.59880543940981
28 28 26.3374563601265
28 29 29.177174006833972
29 0 33.906997176734684
29 1 36.066910069489055
29 2 32.86138355151291
29 3 33.749666858433095
29 4 32.28196813814217
29 5 32.92437482332535
29 6 32.32924324835603
29 7 30.517433692539402
29 8 31.83029789176594
29 9 32.67186925515333
29 10 31.87777648083582
29 11 34.80050430959617
29 12 33.3151891529626
29 13 32.92064054511854
29 14 32.64243012887033
29 15 31.284043028052295
29 16 31.295499732231388
29 17 33.74002445162813
29 18 31.443405612163307
29 19 35.12997650245561
29 20 28.56623645416303
29 21 31.117619050467923
29 22 32.571087769133335
29 23 32.20625716028474
29 24 27.99584335372122
29 25 30.27337284263917
29 26 26.537298050106802
29 27 27.612987489086105
29 28 28.327980625067966
29 29 24.99427014538329
