0 0 1.2352319862029637
0 1 1.1871777727373407
0 2 1.2925436514428634
0 3 0
0 4 1.227671735918625
0 5 1.3254492995788025
0 6 0
0 7 1.0858231874635058
0 8 1.0708251891113323
0 9 1.0261511117800892
0 10 1.3094209956439764
0 11 1.1032213717077808
0 12 1.1716248324905179
0 13 1.2154391867141756
0 14 1.136266340052574
0 15 1.336268831710154
0 16 1.2583723140495133
0 17 1.188774237117399
0 18 1.1541563878193541
0 19 1.145056419728067
0 20 1.0523588370792756
0 21 1.1072109160510506
0 22 1.2705999786648041
0 23 1.1066479060486532
0 24 1.0651654998088305
0 25 0.9561007685434963
0 26 1.166958146608891
0 27 1.1583049608245144
0 28 0.9889942374789303
0 29 1.0154981900200837
1 0 1.164195165123052
1 1 1.2175586368575175
1 2 1.1263896502748532
1 3 0.9911490291325938
1 4 1.0848807228638153
1 5 0
1 6 1.3708716997441752
1 7 1.1729434236738605
1 8 1.1170199056252792
1 9 1.1698089757907175
1 10 1.086457262468688
1 11 1.3648511696889392
1 12 1.118760307840433
1 13 1.0581434530165617
1 14 0
1 15 1.1550432607605172
1 16 1.033712761581042
1 17 1.4354662280059962
1 18 1.3199956784607099
1 19 1.4002759965152896
1 20 1.2197700310670943
1 21 1.125124924434956
1 22 1.0220034212278482
1 23 1.2935948951408278
1 24 1.1371490442901309
1 25 1.0651654998088305
1 26 0
1 27 1.17336883871815
1 28 1.1486391769589461
1 29 1.242365887176199
2 0 1.171498188005258
2 1 1.3111633233528721
2 2 1.05035481651091
2 3 1.129009548689665
2 4 1.1540374691364306
2 5 1.1703224439614426
2 6 1.2411616076362062
2 7 0
2 8 1.15699415844475
2 9 1.3004002606704983
2 10 1.2512836332506683
2 11 1.2480684392623462
2 12 1.1194086505928835
2 13 0
2 14 1.088058001535842
2 15 1.3712612764519616
2 16 1.021081344103687
2 17 1.3178926907074657
2 18 1.3230797683724942
2 19 1.1543175377641182
2 20 1.1586152180176383
2 21 1.1135535545161988
2 22 1.1932097205050616
2 23 1.2131950873577257
2 24 1.2935948951408278
2 25 1.1066479060486532
2 26 1.0240440780033637
2 27 0
2 28 1.0789803744453068
2 29 1.0624052402964506
3 0 0
3 1 0
3 2 1.3657948056872578
3 3 1.1416647393421235
3 4 1.5206442870513368
3 5 1.0877918627277992
3 6 1.2814341474809257
3 7 0.9994381951687388
3 8 1.3221752868074081
3 9 1.2456954258889046
3 10 1.0598794501440127
3 11 1.0796865548956007
3 12 0
3 13 1.1840034050973605
3 14 1.2029290803075412
3 15 1.2042084961128154
3 16 1.1407055189138926
3 17 0.9970458886750412
3 18 0
3 19 1.1789430023703273
3 20 1.233418118633312
3 21 1.1863199957809922
3 22 1.2031274326009105
3 23 1.1932097205050616
3 24 1.0220034212278482
3 25 1.2705999786648041
3 26 1.1057228319150545
3 27 1.2025648896597283
3 28 1.3712516746379815
3 29 1.313438008588277
4 0 0
4 1 1.2964517415674968
4 2 1.1729317599830347
4 3 1.2379641147176519
4 4 1.0987043898995423
4 5 0
4 6 0
4 7 0
4 8 1.0864875917239696
4 9 0
4 10 0
4 11 1.1190395278991159
4 12 1.1003012728572543
4 13 1.158113799837851
4 14 0.9938990012538834
4 15 1.1244309098623702
4 16 1.2183661944681903
4 17 1.216997919662037
4 18 1.3046575238201576
4 19 0
4 20 1.035936075308463
4 21 1.3457598609294992
4 22 1.1863199957809922
4 23 1.1135535545161988
4 24 1.125124924434956
4 25 1.1072109160510506
4 26 1.218659610732446
4 27 0
4 28 1.0259148682698778
4 29 1.1850565491985279
5 0 1.1449627178474473
5 1 1.1021618356105374
5 2 0
5 3 1.2425853541171774
5 4 1.182538314884192
5 5 0.9900444193801295
5 6 1.0808471846210095
5 7 1.1611138284663316
5 8 1.1144069705809065
5 9 1.1953530438094622
5 10 1.0244426406127478
5 11 1.0842326094528025
5 12 1.1368335664387645
5 13 1.285163674226768
5 14 1.2015721234492163
5 15 1.3737133271254867
5 16 0
5 17 1.2120848702351488
5 18 1.397080726679212
5 19 1.2429974218861481
5 20 1.2338825880207767
5 21 1.035936075308463
5 22 1.233418118633312
5 23 1.1586152180176383
5 24 1.2197700310670943
5 25 1.0523588370792756
5 26 1.200645237583228
5 27 1.12893788002648
5 28 1.163269010948904
5 29 1.2591698957317248
6 0 1.140029846684829
6 1 1.2702629882386052
6 2 0
6 3 1.1695435026043286
6 4 1.083705644400744
6 5 1.3694066761686534
6 6 1.2491024127826142
6 7 1.2239884450502865
6 8 0
6 9 1.27499335409046
6 10 1.2505439794229283
6 11 0
6 12 1.0244649852047154
6 13 1.2042751168264991
6 14 0.9853870497708568
6 15 0
6 16 0
6 17 1.0110710266170027
6 18 1.268135387907977
6 19 1.2920630788363212
6 20 1.2429974218861481
6 21 0
6 22 1.1789430023703273
6 23 1.1543175377641182
6 24 1.4002759965152896
6 25 1.145056419728067
6 26 1.2534299309709407
6 27 0
6 28 1.2258984687364602
6 29 1.0865984650021583
7 0 0
7 1 1.060207324990097
7 2 0
7 3 1.2595151050517863
7 4 0
7 5 0
7 6 1.2292817413688228
7 7 1.2001711836576239
7 8 1.1764444782490695
7 9 1.06971817273466
7 10 0
7 11 1.352389970528631
7 12 1.3150984102670182
7 13 1.312939541224279
7 14 0
7 15 1.1812660611658141
7 16 1.3216140640396066
7 17 0
7 18 0
7 19 1.268135387907977
7 20 1.397080726679212
7 21 1.3046575238201576
7 22 0
7 23 1.3230797683724942
7 24 1.3199956784607099
7 25 1.1541563878193541
7 26 1.1076338818340583
7 27 1.3373842352531822
7 28 1.2503814792176828
7 29 1.1815259303129835
8 0 0.9909345043019921
8 1 1.2558400774692529
8 2 0
8 3 1.1582824221522097
8 4 1.3879313775624806
8 5 0
8 6 0
8 7 1.2871616967076216
8 8 0
8 9 1.1184844598463548
8 10 1.1532059665799288
8 11 1.2015009921497646
8 12 1.206231714693901
8 13 1.1328380739585155
8 14 1.4497508795676344
8 15 1.1006468885547043
8 16 0
8 17 1.174882548794008
8 18 0
8 19 1.0110710266170027
8 20 1.2120848702351488
8 21 1.216997919662037
8 22 0.9970458886750412
8 23 1.3178926907074657
8 24 1.4354662280059962
8 25 1.188774237117399
8 26 1.3153444588722112
8 27 1.3126016557100875
8 28 1.31515346384051
8 29 1.0346147084110089
9 0 1.2288748732802517
9 1 0
9 2 1.3182615821202426
9 3 0
9 4 1.3290578844832628
9 5 1.1533012690380342
9 6 0
9 7 1.0238422814867556
9 8 0
9 9 0
9 10 1.289624843023191
9 11 0
9 12 1.4239775292978654
9 13 1.2206183415797693
9 14 1.2494321006659261
9 15 1.1728749617927028
9 16 1.1946088480726278
9 17 0
9 18 1.3216140640396066
9 19 0
9 20 0
9 21 1.2183661944681903
9 22 1.1407055189138926
9 23 1.021081344103687
9 24 1.033712761581042
9 25 1.2583723140495133
9 26 1.093495696535876
9 27 1.0612774154457612
9 28 1.0002875137597702
9 29 1.0061180938900327
10 0 1.1861031282479464
10 1 1.2656068976002623
10 2 0
10 3 0
10 4 0
10 5 1.2127960042979433
10 6 1.1980683600866189
10 7 1.139817041134527
10 8 0
10 9 1.1303929810237772
10 10 0
10 11 0
10 12 1.4396334040681618
10 13 1.4412656210158759
10 14 0
10 15 1.335413060037082
10 16 1.1728749617927028
10 17 1.1006468885547043
10 18 1.1812660611658141
10 19 0
10 20 1.3737133271254867
10 21 1.1244309098623702
10 22 1.2042084961128154
10 23 1.3712612764519616
10 24 1.1550432607605172
10 25 1.336268831710154
10 26 1.1876390498051195
10 27 1.0396877468184054
10 28 1.300635084078247
10 29 1.275807495560769
11 0 1.2656068976002623
11 1 0
11 2 1.2668043662247206
11 3 0
11 4 0
11 5 1.1982062395277806
11 6 1.2726793814897264
11 7 1.4301377879620136
11 8 1.220145481096863
11 9 0
11 10 0
11 11 0
11 12 1.2292542101602308
11 13 1.0540561507994646
11 14 1.1948583047680648
11 15 0
11 16 1.2494321006659261
11 17 1.4497508795676344
11 18 0
11 19 0.9853870497708568
11 20 1.2015721234492163
11 21 0.9938990012538834
11 22 1.2029290803075412
11 23 1.088058001535842
11 24 0
11 25 1.136266340052574
11 26 1.1541806652729647
11 27 1.0141287250131297
11 28 1.2938453076430063
11 29 1.3537021663589095
12 0 0
12 1 1.2668043662247206
12 2 0
12 3 1.3889889532353357
12 4 0
12 5 0
12 6 0
12 7 0
12 8 1.4339433706729154
12 9 0
12 10 1.347603174910311
12 11 0
12 12 1.291638658986242
12 13 1.270232497644423
12 14 1.0540561507994646
12 15 1.4412656210158759
12 16 1.2206183415797693
12 17 1.1328380739585155
12 18 1.312939541224279
12 19 1.2042751168264991
12 20 1.285163674226768
12 21 1.158113799837851
12 22 1.1840034050973605
12 23 0
12 24 1.0581434530165617
12 25 1.2154391867141756
12 26 1.3821926351893306
12 27 1.2376347712551738
12 28 1.2296605481341725
12 29 1.2949100929163595
13 0 0
13 1 0
13 2 1.3889889532353357
13 3 1.1162347577993792
13 4 0
13 5 0
13 6 0
13 7 1.3347674386815078
13 8 0
13 9 0
13 10 1.3138230829915236
13 11 1.1618031461107259
13 12 0
13 13 1.291638658986242
13 14 1.2292542101602308
13 15 1.4396334040681618
13 16 1.4239775292978654
13 17 1.206231714693901
13 18 1.3150984102670182
13 19 1.0244649852047154
13 20 1.1368335664387645
13 21 1.1003012728572543
13 22 0
13 23 1.1194086505928835
13 24 1.118760307840433
13 25 1.1716248324905179
13 26 1.2251421686974104
13 27 1.3029021036962005
13 28 1.0874696948373557
13 29 1.1100248252602405
14 0 0
14 1 0
14 2 0
14 3 0
14 4 0
14 5 0
14 6 1.2329890994253063
14 7 0
14 8 1.2532407968818757
14 9 0
14 10 0
14 11 1.2441060786540283
14 12 1.1618031461107259
14 13 0
14 14 0
14 15 0
14 16 0
14 17 1.2015009921497646
14 18 1.352389970528631
14 19 0
14 20 1.0842326094528025
14 21 1.1190395278991159
14 22 1.0796865548956007
14 23 1.2480684392623462
14 24 1.3648511696889392
14 25 1.1032213717077808
14 26 1.4208883700662787
14 27 1.2405305606434072
14 28 0
14 29 1.419119041424537
15 0 1.2127960042979433
15 1 1.1982062395277806
15 2 0
15 3 0
15 4 0
15 5 0
15 6 1.6878881128545742
15 7 1.1839397440123354
15 8 0
15 9 0
15 10 0
15 11 0
15 12 1.3138230829915236
15 13 1.347603174910311
15 14 0
15 15 0
15 16 1.289624843023191
15 17 1.1532059665799288
15 18 0
15 19 1.2505439794229283
15 20 1.0244426406127478
15 21 0
15 22 1.0598794501440127
15 23 1.2512836332506683
15 24 1.086457262468688
15 25 1.3094209956439764
15 26 1.4104835698118432
15 27 1.3409996616311548
15 28 1.233038819441687
15 29 1.2911022942838661
16 0 1.1980683600866189
16 1 1.2726793814897264
16 2 0
16 3 0
16 4 1.2329890994253063
16 5 1.6878881128545742
16 6 0
16 7 0
16 8 0
16 9 1.3353690856762
16 10 0
16 11 0
16 12 0
16 13 0
16 14 0
16 15 1.1303929810237772
16 16 0
16 17 1.1184844598463548
16 18 1.06971817273466
16 19 1.27499335409046
16 20 1.1953530438094622
16 21 0
16 22 1.2456954258889046
16 23 1.3004002606704983
16 24 1.1698089757907175
16 25 1.0261511117800892
16 26 1.2897759574760876
16 27 1.2190556762115146
16 28 1.048569160900254
16 29 1.4567980938622043
17 0 1.139817041134527
17 1 1.4301377879620136
17 2 0
17 3 1.3347674386815078
17 4 0
17 5 1.1839397440123354
17 6 0
17 7 1.0781029927394434
17 8 0
17 9 0
17 10 0
17 11 1.2532407968818757
17 12 0
17 13 1.4339433706729154
17 14 1.220145481096863
17 15 0
17 16 0
17 17 0
17 18 1.1764444782490695
17 19 0
17 20 1.1144069705809065
17 21 1.0864875917239696
17 22 1.3221752868074081
17 23 1.15699415844475
17 24 1.1170199056252792
17 25 1.0708251891113323
17 26 1.4252152732180332
17 27 1.6578211996972985
17 28 1.1403949890194816
17 29 1.1595120516722823
18 0 0
18 1 1.220145481096863
18 2 1.4339433706729154
18 3 0
18 4 1.2532407968818757
18 5 0
18 6 0
18 7 0
18 8 1.0781029927394434
18 9 0
18 10 1.1839397440123354
18 11 0
18 12 1.3347674386815078
18 13 0
18 14 1.4301377879620136
18 15 1.139817041134527
18 16 1.0238422814867556
18 17 1.2871616967076216
18 18 1.2001711836576239
18 19 1.2239884450502865
18 20 1.1611138284663316
18 21 0
18 22 0.9994381951687388
18 23 0
18 24 1.1729434236738605
18 25 1.0858231874635058
18 26 1.1875978131780904
18 27 1.2923958384140375
18 28 1.0593419822028907
18 29 1.4309140740183608
19 0 1.1303929810237772
19 1 0
19 2 0
19 3 0
19 4 0
19 5 0
19 6 1.3353690856762
19 7 0
19 8 0
19 9 0
19 10 1.6878881128545742
19 11 1.2329890994253063
19 12 0
19 13 0
19 14 1.2726793814897264
19 15 1.1980683600866189
19 16 0
19 17 0
19 18 1.2292817413688228
19 19 1.2491024127826142
19 20 1.0808471846210095
19 21 0
19 22 1.2814341474809257
19 23 1.2411616076362062
19 24 1.3708716997441752
19 25 0
19 26 1.1235076218769935
19 27 1.2103001892440033
19 28 1.0800333510540974
19 29 1.1107889110765774
20 0 0
20 1 0
20 2 1.347603174910311
20 3 1.3138230829915236
20 4 0
20 5 0
20 6 0
20 7 0
20 8 1.1839397440123354
20 9 1.6878881128545742
20 10 0
20 11 0
20 12 0
20 13 0
20 14 1.1982062395277806
20 15 1.2127960042979433
20 16 1.1533012690380342
20 17 0
20 18 0
20 19 1.3694066761686534
20 20 0.9900444193801295
20 21 0
20 22 1.0877918627277992
20 23 1.1703224439614426
20 24 0
20 25 1.3254492995788025
20 26 1.139677900111264
20 27 1.2089765430367168
20 28 1.069805006066486
20 29 0
21 0 0
21 1 0
21 2 0
21 3 1.1618031461107259
21 4 1.2441060786540283
21 5 0
21 6 0
21 7 1.2532407968818757
21 8 0
21 9 1.2329890994253063
21 10 0
21 11 0
21 12 0
21 13 0
21 14 0
21 15 0
21 16 1.3290578844832628
21 17 1.3879313775624806
21 18 0
21 19 1.083705644400744
21 20 1.182538314884192
21 21 1.0987043898995423
21 22 1.5206442870513368
21 23 1.1540374691364306
21 24 1.0848807228638153
21 25 1.227671735918625
21 26 1.1873831728919342
21 27 1.1089876239927985
21 28 1.2231310404670344
21 29 0
22 0 1.4396334040681618
22 1 1.2292542101602308
22 2 1.291638658986242
22 3 0
22 4 1.1618031461107259
22 5 1.3138230829915236
22 6 0
22 7 0
22 8 1.3347674386815078
22 9 0
22 10 0
22 11 0
22 12 1.1162347577993792
22 13 1.3889889532353357
22 14 0
22 15 0
22 16 0
22 17 1.1582824221522097
22 18 1.2595151050517863
22 19 1.1695435026043286
22 20 1.2425853541171774
22 21 1.2379641147176519
22 22 1.1416647393421235
22 23 1.129009548689665
22 24 0.9911490291325938
22 25 0
22 26 1.076134014597309
22 27 0
22 28 1.1664090875326696
22 29 1.0696364321334006
23 0 1.4412656210158759
23 1 1.0540561507994646
23 2 1.270232497644423
23 3 1.291638658986242
23 4 0
23 5 1.347603174910311
23 6 0
23 7 1.4339433706729154
23 8 0
23 9 0
23 10 0
23 11 0
23 12 1.3889889532353357
23 13 0
23 14 1.2668043662247206
23 15 0
23 16 1.3182615821202426
23 17 0
23 18 0
23 19 0
23 20 0
23 21 1.1729317599830347
23 22 1.3657948056872578
23 23 1.05035481651091
23 24 1.1263896502748532
23 25 1.2925436514428634
23 26 1.1385336624881972
23 27 1.1315314256068012
23 28 1.2049304838074568
23 29 1.4289301163528842
24 0 0
24 1 1.1948583047680648
24 2 1.0540561507994646
24 3 1.2292542101602308
24 4 0
24 5 0
24 6 0
24 7 1.220145481096863
24 8 1.4301377879620136
24 9 1.2726793814897264
24 10 1.1982062395277806
24 11 0
24 12 0
24 13 1.2668043662247206
24 14 0
24 15 1.2656068976002623
24 16 0
24 17 1.2558400774692529
24 18 1.060207324990097
24 19 1.2702629882386052
24 20 1.1021618356105374
24 21 1.2964517415674968
24 22 0
24 23 1.3111633233528721
24 24 1.2175586368575175
24 25 1.1871777727373407
24 26 1.101027676635338
24 27 1.090405914067827
24 28 1.088167188382317
24 29 1.181734571013376
25 0 1.335413060037082
25 1 0
25 2 1.4412656210158759
25 3 1.4396334040681618
25 4 0
25 5 0
25 6 1.1303929810237772
25 7 0
25 8 1.139817041134527
25 9 1.1980683600866189
25 10 1.2127960042979433
25 11 0
25 12 0
25 13 0
25 14 1.2656068976002623
25 15 1.1861031282479464
25 16 1.2288748732802517
25 17 0.9909345043019921
25 18 0
25 19 1.140029846684829
25 20 1.1449627178474473
25 21 0
25 22 0
25 23 1.171498188005258
25 24 1.164195165123052
25 25 1.2352319862029637
25 26 1.0052361035814117
25 27 1.1701070425203817
25 28 1.2231704674877713
25 29 1.184387880205881
26 0 1.1728749617927028
26 1 1.2494321006659261
26 2 1.2206183415797693
26 3 1.4239775292978654
26 4 0
26 5 1.289624843023191
26 6 0
26 7 0
26 8 1.0238422814867556
26 9 0
26 10 1.1533012690380342
26 11 1.3290578844832628
26 12 0
26 13 1.3182615821202426
26 14 0
26 15 1.2288748732802517
26 16 1.2391912814850121
26 17 0
26 18 1.0571278914424007
26 19 1.1735812399586771
26 20 0
26 21 1.065295133238785
26 22 1.139008983182571
26 23 1.3446188471673073
26 24 1.069716596011586
26 25 1.101416393642177
26 26 1.2052025758861062
26 27 1.1144508854704804
26 28 1.079222218619692
26 29 1.276033876164757
27 0 1.1006468885547043
27 1 1.4497508795676344
27 2 1.1328380739585155
27 3 1.206231714693901
27 4 1.2015009921497646
27 5 1.1532059665799288
27 6 1.1184844598463548
27 7 0
27 8 1.2871616967076216
27 9 0
27 10 0
27 11 1.3879313775624806
27 12 1.1582824221522097
27 13 0
27 14 1.2558400774692529
27 15 0.9909345043019921
27 16 0
27 17 1.0993790358270148
27 18 1.1799522026861122
27 19 0.9972681500089434
27 20 0
27 21 1.0846810378722649
27 22 0
27 23 1.2311908825761606
27 24 0.9500104679729432
27 25 1.115307740995447
27 26 1.377422121620349
27 27 0
27 28 1.2282945964799084
27 29 1.165054582358413
28 0 1.1812660611658141
28 1 0
28 2 1.312939541224279
28 3 1.3150984102670182
28 4 1.352389970528631
28 5 0
28 6 1.06971817273466
28 7 1.1764444782490695
28 8 1.2001711836576239
28 9 1.2292817413688228
28 10 0
28 11 0
28 12 1.2595151050517863
28 13 0
28 14 1.060207324990097
28 15 0
28 16 1.0571278914424007
28 17 1.1799522026861122
28 18 1.0865605582661724
28 19 1.3034789732825995
28 20 1.0900780345730783
28 21 1.2286072349904236
28 22 1.543577810343041
28 23 1.3273182329297515
28 24 1.014699746972808
28 25 1.086191067839756
28 26 1.2770092971077633
28 27 1.227172160045498
28 28 1.221034631799409
28 29 1.0893556487781284
29 0 0
29 1 0.9853870497708568
29 2 1.2042751168264991
29 3 1.0244649852047154
29 4 0
29 5 1.2505439794229283
29 6 1.27499335409046
29 7 0
29 8 1.2239884450502865
29 9 1.2491024127826142
29 10 1.3694066761686534
29 11 1.083705644400744
29 12 1.1695435026043286
29 13 0
29 14 1.2702629882386052
29 15 1.140029846684829
29 16 1.1735812399586771
29 17 0.9972681500089434
29 18 1.3034789732825995
29 19 1.0747880680416442
29 20 1.229472494619772
29 21 1.135014326388207
29 22 1.1198371838641172
29 23 0
29 24 1.2348108355680507
29 25 1.2864154411684472
29 26 1.2527688253264813
29 27 1.2958656090265235
29 28 1.0786946320739814
29 29 0
