0 0 9.654558328816837
0 1 9.423120251000157
0 2 9.76235588172454
0 3 10.165398603248205
0 4 10.18202694970996
0 5 10.186772252244317
0 6 10.397148518318048
0 7 10.271563814631993
0 8 10.569793128697249
0 9 10.554571436363808
0 10 10.362869780727282
0 11 10.554571436363808
0 12 10.569793128697249
0 13 10.271563814631993
0 14 10.397148518318048
0 15 10.186772252244317
0 16 10.18202694970996
0 17 10.165398603248205
0 18 9.76235588172454
0 19 9.423120251000157
0 20 9.654558328816837
0 21 9.219751026014702
0 22 9.101338429713929
0 23 8.826519489207676
0 24 8.374356036231472
0 25 8.320861523688087
0 26 8.290642142209633
0 27 7.838264960334258
0 28 7.848460940246284
0 29 7.660799683434794
1 0 9.683081751786364
1 1 9.805862161738343
1 2 10.168528704610493
1 3 9.982423771534513
1 4 10.601289340549089
1 5 10.464383241569308
1 6 10.769755849428945
1 7 10.483042043950697
1 8 10.94961039527091
1 9 10.952153551508532
1 10 10.947575235103017
1 11 10.952153551508532
1 12 10.94961039527091
1 13 10.483042043950697
1 14 10.769755849428945
1 15 10.464383241569308
1 16 10.601289340549089
1 17 9.982423771534513
1 18 10.168528704610493
1 19 9.805862161738343
1 20 9.683081751786364
1 21 9.57546566223532
1 22 9.056877053408856
1 23 9.060884188576276
1 24 8.845206858154128
1 25 8.374356036231472
1 26 8.326081765841996
1 27 8.17030487925
1 28 7.820476795854886
1 29 7.676443605044941
2 0 10.08154465824826
2 1 10.186772252244317
2 2 10.533532649835388
2 3 10.717668873814857
2 4 10.483042043950697
2 5 11.012200286833224
2 6 11.300828702936837
2 7 11.295988985393684
2 8 11.21764568584957
2 9 11.36246671521591
2 10 11.341967091394093
2 11 11.36246671521591
2 12 11.21764568584957
2 13 11.295988985393684
2 14 11.300828702936837
2 15 11.012200286833224
2 16 10.483042043950697
2 17 10.717668873814857
2 18 10.533532649835388
2 19 10.186772252244317
2 20 10.08154465824826
2 21 9.815979568584332
2 22 9.551831252357937
2 23 9.242147779144464
2 24 9.060884188576276
2 25 8.826519489207676
2 26 8.376739651288837
2 27 8.504283251554869
2 28 8.045623741888788
2 29 7.760386406365235
3 0 10.073898311437093
3 1 10.362869780727282
3 2 10.807575782683521
3 3 10.98309717520701
3 4 11.279634604502528
3 5 11.341967091394093
3 6 11.473024980452704
3 7 11.788686819496416
3 8 11.947039748338655
3 9 11.97929311131935
3 10 11.892690199287554
3 11 11.97929311131935
3 12 11.947039748338655
3 13 11.788686819496416
3 14 11.473024980452704
3 15 11.341967091394093
3 16 11.279634604502528
3 17 10.98309717520701
3 18 10.807575782683521
3 19 10.362869780727282
3 20 10.073898311437093
3 21 10.067443449808648
3 22 9.780571536248708
3 23 9.551831252357937
3 24 9.056877053408856
3 25 9.101338429713929
3 26 8.75499359096845
3 27 8.575826858430034
3 28 8.066727697010027
3 29 7.774805628702362
4 0 10.464383241569308
4 1 10.83630869642795
4 2 11.300828702936837
4 3 11.36246671521591
4 4 11.686241685864514
4 5 11.873932966575616
4 6 12.0727364046968
4 7 12.1884547597108
4 8 12.395563196856871
4 9 12.40606817493667
4 10 12.42937003771263
4 11 12.40606817493667
4 12 12.395563196856871
4 13 12.1884547597108
4 14 12.0727364046968
4 15 11.873932966575616
4 16 11.686241685864514
4 17 11.36246671521591
4 18 11.300828702936837
4 19 10.83630869642795
4 20 10.464383241569308
4 21 10.200489737264057
4 22 10.067443449808648
4 23 9.815979568584332
4 24 9.57546566223532
4 25 9.219751026014702
4 26 9.158732059276897
4 27 8.623365545004852
4 28 8.55982732895148
4 29 8.29716966168823
5 0 10.94961039527091
5 1 11.176846307773008
5 2 11.570877861666709
5 3 12.066926615404087
5 4 12.044805406093747
5 5 12.395563196856871
5 6 12.530031953056838
5 7 12.468378085352912
5 8 12.700952544488302
5 9 12.672835792610545
5 10 12.783203125
5 11 12.672835792610545
5 12 12.700952544488302
5 13 12.468378085352912
5 14 12.530031953056838
5 15 12.395563196856871
5 16 12.044805406093747
5 17 12.066926615404087
5 18 11.570877861666709
5 19 11.176846307773008
5 20 10.94961039527091
5 21 10.464383241569308
5 22 10.073898311437093
5 23 10.08154465824826
5 24 9.683081751786364
5 25 9.654558328816837
5 26 9.03678637979387
5 27 8.935885687605031
5 28 8.432538344059422
5 29 8.314845587409824
6 0 11.176846307773008
6 1 11.54680857512465
6 2 11.97929311131935
6 3 12.1884547597108
6 4 12.472526904035837
6 5 12.58373770890951
6 6 12.970020535384082
6 7 12.952771949199677
6 8 13.179659790569183
6 9 13.277948897205803
6 10 13.4004702035838
6 11 13.277948897205803
6 12 13.179659790569183
6 13 12.952771949199677
6 14 12.970020535384082
6 15 12.58373770890951
6 16 12.472526904035837
6 17 12.1884547597108
6 18 11.97929311131935
6 19 11.54680857512465
6 20 11.176846307773008
6 21 10.83630869642795
6 22 10.362869780727282
6 23 10.186772252244317
6 24 9.805862161738343
6 25 9.423120251000157
6 26 9.338795724084568
6 27 9.280255813174819
6 28 8.732004185818832
6 29 8.625842817973401
7 0 11.570877861666709
7 1 11.97929311131935
7 2 12.158302726878453
7 3 12.474269543012559
7 4 12.783203125
7 5 13.11661331771625
7 6 13.453981018312392
7 7 13.668757852137455
7 8 13.771522181885237
7 9 13.853039318677896
7 10 13.892362403756701
7 11 13.853039318677896
7 12 13.771522181885237
7 13 13.668757852137455
7 14 13.453981018312392
7 15 13.11661331771625
7 16 12.783203125
7 17 12.474269543012559
7 18 12.158302726878453
7 19 11.97929311131935
7 20 11.570877861666709
7 21 11.300828702936837
7 22 10.807575782683521
7 23 10.533532649835388
7 24 10.168528704610493
7 25 9.76235588172454
7 26 9.617008149777776
7 27 9.136451833191071
7 28 8.929617921261
7 29 8.376739651288837
8 0 12.066926615404087
8 1 12.1884547597108
8 2 12.474269543012559
8 3 12.927560302281055
8 4 13.179659790569183
8 5 13.53557699684855
8 6 13.853039318677896
8 7 14.045592639446937
8 8 14.165991196272879
8 9 14.16178791883553
8 10 14.152037374358859
8 11 14.16178791883553
8 12 14.165991196272879
8 13 14.045592639446937
8 14 13.853039318677896
8 15 13.53557699684855
8 16 13.179659790569183
8 17 12.927560302281055
8 18 12.474269543012559
8 19 12.1884547597108
8 20 12.066926615404087
8 21 11.36246671521591
8 22 10.98309717520701
8 23 10.717668873814857
8 24 9.982423771534513
8 25 10.165398603248205
8 26 9.639927483778925
8 27 9.242147779144464
8 28 9.07117259573872
8 29 8.623365545004852
9 0 12.044805406093747
9 1 12.472526904035837
9 2 12.783203125
9 3 13.179659790569183
9 4 13.636635712379755
9 5 13.818136583090952
9 6 14.262122359386941
9 7 14.31332132325995
9 8 14.485224333386167
9 9 14.50615898830185
9 10 14.465779319797946
9 11 14.50615898830185
9 12 14.485224333386167
9 13 14.31332132325995
9 14 14.262122359386941
9 15 13.818136583090952
9 16 13.636635712379755
9 17 13.179659790569183
9 18 12.783203125
9 19 12.472526904035837
9 20 12.044805406093747
9 21 11.686241685864514
9 22 11.279634604502528
9 23 10.483042043950697
9 24 10.601289340549089
9 25 10.18202694970996
9 26 9.683868674733421
9 27 9.654558328816837
9 28 9.14797386670855
9 29 8.782909509763499
10 0 12.395563196856871
10 1 12.58373770890951
10 2 13.11661331771625
10 3 13.53557699684855
10 4 13.818136583090952
10 5 14.16178791883553
10 6 14.346998149363891
10 7 14.413735146675045
10 8 14.574660121250067
10 9 14.60154666778567
10 10 14.727135261520358
10 11 14.60154666778567
10 12 14.574660121250067
10 13 14.413735146675045
10 14 14.346998149363891
10 15 14.16178791883553
10 16 13.818136583090952
10 17 13.53557699684855
10 18 13.11661331771625
10 19 12.58373770890951
10 20 12.395563196856871
10 21 11.873932966575616
10 22 11.341967091394093
10 23 11.012200286833224
10 24 10.464383241569308
10 25 10.186772252244317
10 26 9.916508988424928
10 27 9.383092231417798
10 28 9.040990277438745
10 29 8.86228414442331
11 0 12.530031953056838
11 1 12.970020535384082
11 2 13.453981018312392
11 3 13.853039318677896
11 4 14.262122359386941
11 5 14.346998149363891
11 6 14.501144145950866
11 7 14.727135261520358
11 8 14.764504244155134
11 9 14.956765198958083
11 10 15.140680062981474
11 11 14.956765198958083
11 12 14.764504244155134
11 13 14.727135261520358
11 14 14.501144145950866
11 15 14.346998149363891
11 16 14.262122359386941
11 17 13.853039318677896
11 18 13.453981018312392
11 19 12.970020535384082
11 20 12.530031953056838
11 21 12.0727364046968
11 22 11.473024980452704
11 23 11.300828702936837
11 24 10.769755849428945
11 25 10.397148518318048
11 26 10.130255011353483
11 27 9.639927483778925
11 28 9.056877053408856
11 29 9.158732059276897
12 0 12.468378085352912
12 1 12.952771949199677
12 2 13.668757852137455
12 3 14.045592639446937
12 4 14.31332132325995
12 5 14.413735146675045
12 6 14.727135261520358
12 7 14.899524575143053
12 8 15.363948254050646
12 9 15.625
12 10 15.714370098751317
12 11 15.625
12 12 15.363948254050646
12 13 14.899524575143053
12 14 14.727135261520358
12 15 14.413735146675045
12 16 14.31332132325995
12 17 14.045592639446937
12 18 13.668757852137455
12 19 12.952771949199677
12 20 12.468378085352912
12 21 12.1884547597108
12 22 11.788686819496416
12 23 11.295988985393684
12 24 10.483042043950697
12 25 10.271563814631993
12 26 10.067443449808648
12 27 9.702642322210842
12 28 9.488607079824726
12 29 9.280255813174819
13 0 12.700952544488302
13 1 13.179659790569183
13 2 13.771522181885237
13 3 14.165991196272879
13 4 14.485224333386167
13 5 14.574660121250067
13 6 14.764504244155134
13 7 15.363948254050646
13 8 15.932884449425032
13 9 16.233215396794066
13 10 16.28946127170394
13 11 16.233215396794066
13 12 15.932884449425032
13 13 15.363948254050646
13 14 14.764504244155134
13 15 14.574660121250067
13 16 14.485224333386167
13 17 14.165991196272879
13 18 13.771522181885237
13 19 13.179659790569183
13 20 12.700952544488302
13 21 12.395563196856871
13 22 11.947039748338655
13 23 11.21764568584957
13 24 10.94961039527091
13 25 10.569793128697249
13 26 10.168528704610493
13 27 9.633818255141891
13 28 9.45074051587922
13 29 9.060884188576276
14 0 12.672835792610545
14 1 13.277948897205803
14 2 13.853039318677896
14 3 14.16178791883553
14 4 14.50615898830185
14 5 14.60154666778567
14 6 14.956765198958083
14 7 15.625
14 8 16.233215396794066
14 9 15.556629707461264
14 10 13.9306640625
14 11 15.556629707461264
14 12 16.233215396794066
14 13 15.625
14 14 14.956765198958083
14 15 14.60154666778567
14 16 14.50615898830185
14 17 14.16178791883553
14 18 13.853039318677896
14 19 13.277948897205803
14 20 12.672835792610545
14 21 12.40606817493667
14 22 11.97929311131935
14 23 11.36246671521591
14 24 10.952153551508532
14 25 10.554571436363808
14 26 10.353291101407013
14 27 9.815979568584332
14 28 9.654558328816837
14 29 9.058066072687737
15 0 12.783203125
15 1 13.4004702035838
15 2 13.892362403756701
15 3 14.152037374358859
15 4 14.465779319797946
15 5 14.727135261520358
15 6 15.140680062981474
15 7 15.714370098751317
15 8 16.28946127170394
15 9 13.9306640625
15 10 5.39459228515625
15 11 13.9306640625
15 12 16.28946127170394
15 13 15.714370098751317
15 14 15.140680062981474
15 15 14.727135261520358
15 16 14.465779319797946
15 17 14.152037374358859
15 18 13.892362403756701
15 19 13.4004702035838
15 20 12.783203125
15 21 12.42937003771263
15 22 11.892690199287554
15 23 11.341967091394093
15 24 10.947575235103017
15 25 10.362869780727282
15 26 10.339857964568203
15 27 9.76235588172454
15 28 9.601097958532208
15 29 9.185585434782949
16 0 12.672835792610545
16 1 13.277948897205803
16 2 13.853039318677896
16 3 14.16178791883553
16 4 14.50615898830185
16 5 14.60154666778567
16 6 14.956765198958083
16 7 15.625
16 8 16.233215396794066
16 9 15.556629707461264
16 10 13.9306640625
16 11 15.556629707461264
16 12 16.233215396794066
16 13 15.625
16 14 14.956765198958083
16 15 14.60154666778567
16 16 14.50615898830185
16 17 14.16178791883553
16 18 13.853039318677896
16 19 13.277948897205803
16 20 12.672835792610545
16 21 12.40606817493667
16 22 11.97929311131935
16 23 11.36246671521591
16 24 10.952153551508532
16 25 10.554571436363808
16 26 10.353291101407013
16 27 9.815979568584332
16 28 9.654558328816837
16 29 9.058066072687737
17 0 12.700952544488302
17 1 13.179659790569183
17 2 13.771522181885237
17 3 14.165991196272879
17 4 14.485224333386167
17 5 14.574660121250067
17 6 14.764504244155134
17 7 15.363948254050646
17 8 15.932884449425032
17 9 16.233215396794066
17 10 16.28946127170394
17 11 16.233215396794066
17 12 15.932884449425032
17 13 15.363948254050646
17 14 14.764504244155134
17 15 14.574660121250067
17 16 14.485224333386167
17 17 14.165991196272879
17 18 13.771522181885237
17 19 13.179659790569183
17 20 12.700952544488302
17 21 12.395563196856871
17 22 11.947039748338655
17 23 11.21764568584957
17 24 10.94961039527091
17 25 10.569793128697249
17 26 10.168528704610493
17 27 9.633818255141891
17 28 9.45074051587922
17 29 9.060884188576276
18 0 12.468378085352912
18 1 12.952771949199677
18 2 13.668757852137455
18 3 14.045592639446937
18 4 14.31332132325995
18 5 14.413735146675045
18 6 14.727135261520358
18 7 14.899524575143053
18 8 15.363948254050646
18 9 15.625
18 10 15.714370098751317
18 11 15.625
18 12 15.363948254050646
18 13 14.899524575143053
18 14 14.727135261520358
18 15 14.413735146675045
18 16 14.31332132325995
18 17 14.045592639446937
18 18 13.668757852137455
18 19 12.952771949199677
18 20 12.468378085352912
18 21 12.1884547597108
18 22 11.788686819496416
18 23 11.295988985393684
18 24 10.483042043950697
18 25 10.271563814631993
18 26 10.067443449808648
18 27 9.702642322210842
18 28 9.488607079824726
18 29 9.280255813174819
19 0 12.530031953056838
19 1 12.970020535384082
19 2 13.453981018312392
19 3 13.853039318677896
19 4 14.262122359386941
19 5 14.346998149363891
19 6 14.501144145950866
19 7 14.727135261520358
19 8 14.764504244155134
19 9 14.956765198958083
19 10 15.140680062981474
19 11 14.956765198958083
19 12 14.764504244155134
19 13 14.727135261520358
19 14 14.501144145950866
19 15 14.346998149363891
19 16 14.262122359386941
19 17 13.853039318677896
19 18 13.453981018312392
19 19 12.970020535384082
19 20 12.530031953056838
19 21 12.0727364046968
19 22 11.473024980452704
19 23 11.300828702936837
19 24 10.769755849428945
19 25 10.397148518318048
19 26 10.130255011353483
19 27 9.639927483778925
19 28 9.056877053408856
19 29 9.158732059276897
20 0 12.395563196856871
20 1 12.58373770890951
20 2 13.11661331771625
20 3 13.53557699684855
20 4 13.818136583090952
20 5 14.16178791883553
20 6 14.346998149363891
20 7 14.413735146675045
20 8 14.574660121250067
20 9 14.60154666778567
20 10 14.727135261520358
20 11 14.60154666778567
20 12 14.574660121250067
20 13 14.413735146675045
20 14 14.346998149363891
20 15 14.16178791883553
20 16 13.818136583090952
20 17 13.53557699684855
20 18 13.11661331771625
20 19 12.58373770890951
20 20 12.395563196856871
20 21 11.873932966575616
20 22 11.341967091394093
20 23 11.012200286833224
20 24 10.464383241569308
20 25 10.186772252244317
20 26 9.916508988424928
20 27 9.383092231417798
20 28 9.040990277438745
20 29 8.86228414442331
21 0 12.044805406093747
21 1 12.472526904035837
21 2 12.783203125
21 3 13.179659790569183
21 4 13.636635712379755
21 5 13.818136583090952
21 6 14.262122359386941
21 7 14.31332132325995
21 8 14.485224333386167
21 9 14.50615898830185
21 10 14.465779319797946
21 11 14.50615898830185
21 12 14.485224333386167
21 13 14.31332132325995
21 14 14.262122359386941
21 15 13.818136583090952
21 16 13.636635712379755
21 17 13.179659790569183
21 18 12.783203125
21 19 12.472526904035837
21 20 12.044805406093747
21 21 11.686241685864514
21 22 11.279634604502528
21 23 10.483042043950697
21 24 10.601289340549089
21 25 10.18202694970996
21 26 9.683868674733421
21 27 9.654558328816837
21 28 9.14797386670855
21 29 8.782909509763499
22 0 12.066926615404087
22 1 12.1884547597108
22 2 12.474269543012559
22 3 12.927560302281055
22 4 13.179659790569183
22 5 13.53557699684855
22 6 13.853039318677896
22 7 14.045592639446937
22 8 14.165991196272879
22 9 14.16178791883553
22 10 14.152037374358859
22 11 14.16178791883553
22 12 14.165991196272879
22 13 14.045592639446937
22 14 13.853039318677896
22 15 13.53557699684855
22 16 13.179659790569183
22 17 12.927560302281055
22 18 12.474269543012559
22 19 12.1884547597108
22 20 12.066926615404087
22 21 11.36246671521591
22 22 10.98309717520701
22 23 10.717668873814857
22 24 9.982423771534513
22 25 10.165398603248205
22 26 9.639927483778925
22 27 9.242147779144464
22 28 9.07117259573872
22 29 8.623365545004852
23 0 11.570877861666709
23 1 11.97929311131935
23 2 12.158302726878453
23 3 12.474269543012559
23 4 12.783203125
23 5 13.11661331771625
23 6 13.453981018312392
23 7 13.668757852137455
23 8 13.771522181885237
23 9 13.853039318677896
23 10 13.892362403756701
23 11 13.853039318677896
23 12 13.771522181885237
23 13 13.668757852137455
23 14 13.453981018312392
23 15 13.11661331771625
23 16 12.783203125
23 17 12.474269543012559
23 18 12.158302726878453
23 19 11.97929311131935
23 20 11.570877861666709
23 21 11.300828702936837
23 22 10.807575782683521
23 23 10.533532649835388
23 24 10.168528704610493
23 25 9.76235588172454
23 26 9.617008149777776
23 27 9.136451833191071
23 28 8.929617921261
23 29 8.376739651288837
24 0 11.176846307773008
24 1 11.54680857512465
24 2 11.97929311131935
24 3 12.1884547597108
24 4 12.472526904035837
24 5 12.58373770890951
24 6 12.970020535384082
24 7 12.952771949199677
24 8 13.179659790569183
24 9 13.277948897205803
24 10 13.4004702035838
24 11 13.277948897205803
24 12 13.179659790569183
24 13 12.952771949199677
24 14 12.970020535384082
24 15 12.58373770890951
24 16 12.472526904035837
24 17 12.1884547597108
24 18 11.97929311131935
24 19 11.54680857512465
24 20 11.176846307773008
24 21 10.83630869642795
24 22 10.362869780727282
24 23 10.186772252244317
24 24 9.805862161738343
24 25 9.423120251000157
24 26 9.338795724084568
24 27 9.280255813174819
24 28 8.732004185818832
24 29 8.625842817973401
25 0 10.94961039527091
25 1 11.176846307773008
25 2 11.570877861666709
25 3 12.066926615404087
25 4 12.044805406093747
25 5 12.395563196856871
25 6 12.530031953056838
25 7 12.468378085352912
25 8 12.700952544488302
25 9 12.672835792610545
25 10 12.783203125
25 11 12.672835792610545
25 12 12.700952544488302
25 13 12.468378085352912
25 14 12.530031953056838
25 15 12.395563196856871
25 16 12.044805406093747
25 17 12.066926615404087
25 18 11.570877861666709
25 19 11.176846307773008
25 20 10.94961039527091
25 21 10.464383241569308
25 22 10.073898311437093
25 23 10.08154465824826
25 24 9.683081751786364
25 25 9.654558328816837
25 26 9.03678637979387
25 27 8.935885687605031
25 28 8.432538344059422
25 29 8.314845587409824
26 0 10.464383241569308
26 1 10.83630869642795
26 2 11.300828702936837
26 3 11.36246671521591
26 4 11.686241685864514
26 5 11.873932966575616
26 6 12.0727364046968
26 7 12.1884547597108
26 8 12.395563196856871
26 9 12.40606817493667
26 10 12.42937003771263
26 11 12.40606817493667
26 12 12.395563196856871
26 13 12.1884547597108
26 14 12.0727364046968
26 15 11.873932966575616
26 16 11.686241685864514
26 17 11.36246671521591
26 18 11.300828702936837
26 19 10.83630869642795
26 20 10.464383241569308
26 21 10.200489737264057
26 22 10.067443449808648
26 23 9.815979568584332
26 24 9.57546566223532
26 25 9.219751026014702
26 26 9.158732059276897
26 27 8.623365545004852
26 28 8.55982732895148
26 29 8.29716966168823
27 0 10.073898311437093
27 1 10.362869780727282
27 2 10.807575782683521
27 3 10.98309717520701
27 4 11.279634604502528
27 5 11.341967091394093
27 6 11.473024980452704
27 7 11.788686819496416
27 8 11.947039748338655
27 9 11.97929311131935
27 10 11.892690199287554
27 11 11.97929311131935
27 12 11.947039748338655
27 13 11.788686819496416
27 14 11.473024980452704
27 15 11.341967091394093
27 16 11.279634604502528
27 17 10.98309717520701
27 18 10.807575782683521
27 19 10.362869780727282
27 20 10.073898311437093
27 21 10.067443449808648
27 22 9.780571536248708
27 23 9.551831252357937
27 24 9.056877053408856
27 25 9.101338429713929
27 26 8.75499359096845
27 27 8.575826858430034
27 28 8.066727697010027
27 29 7.774805628702362
28 0 10.08154465824826
28 1 10.186772252244317
28 2 10.533532649835388
28 3 10.717668873814857
28 4 10.483042043950697
28 5 11.012200286833224
28 6 11.300828702936837
28 7 11.295988985393684
28 8 11.21764568584957
28 9 11.36246671521591
28 10 11.341967091394093
28 11 11.36246671521591
28 12 11.21764568584957
28 13 11.295988985393684
28 14 11.300828702936837
28 15 11.012200286833224
28 16 10.483042043950697
28 17 10.717668873814857
28 18 10.533532649835388
28 19 10.186772252244317
28 20 10.08154465824826
28 21 9.815979568584332
28 22 9.551831252357937
28 23 9.242147779144464
28 24 9.060884188576276
28 25 8.826519489207676
28 26 8.376739651288837
28 27 8.504283251554869
28 28 8.045623741888788
28 29 7.760386406365235
29 0 9.683081751786364
29 1 9.805862161738343
29 2 10.168528704610493
29 3 9.982423771534513
29 4 10.601289340549089
29 5 10.464383241569308
29 6 10.769755849428945
29 7 10.483042043950697
29 8 10.94961039527091
29 9 10.952153551508532
29 10 10.947575235103017
29 11 10.952153551508532
29 12 10.94961039527091
29 13 10.483042043950697
29 14 10.769755849428945
29 15 10.464383241569308
29 16 10.601289340549089
29 17 9.982423771534513
29 18 10.168528704610493
29 19 9.805862161738343
29 20 9.683081751786364
29 21 9.57546566223532
29 22 9.056877053408856
29 23 9.060884188576276
29 24 8.845206858154128
29 25 8.374356036231472
29 26 8.326081765841996
29 27 8.17030487925
29 28 7.820476795854886
29 29 7.676443605044941
