0 0 3.211586056058431
0 1 3.2841760874793793
0 2 3.3785095069009903
0 3 3.3704424446939973
0 4 3.413430108042072
0 5 3.417081831449043
0 6 3.4960108945626533
0 7 3.444090152187481
0 8 3.59283804010357
0 9 3.522922864136037
0 10 3.550317563874852
0 11 3.522922864136037
0 12 3.59283804010357
0 13 3.444090152187481
0 14 3.4960108945626533
0 15 3.417081831449043
0 16 3.413430108042072
0 17 3.3704424446939973
0 18 3.3785095069009903
0 19 3.2841760874793793
0 20 3.211586056058431
0 21 3.1685500211303737
0 22 3.0684624602335786
0 23 3.1936520915335125
0 24 3.0917406462759778
0 25 3.0544689531787976
0 26 2.974990889634759
0 27 2.9998061050446734
0 28 2.9307544017375364
0 29 2.8908678050697336
1 0 3.3472381364199775
1 1 3.4560661129228816
1 2 3.4082657476322917
1 3 3.5103915445574074
1 4 3.466273367268915
1 5 3.5483846123877294
1 6 3.5702310900243837
1 7 3.592319703534507
1 8 3.651233040693399
1 9 3.6138832533565153
1 10 3.629403682093801
1 11 3.6138832533565153
1 12 3.651233040693399
1 13 3.592319703534507
1 14 3.5702310900243837
1 15 3.5483846123877294
1 16 3.466273367268915
1 17 3.5103915445574074
1 18 3.4082657476322917
1 19 3.4560661129228816
1 20 3.3472381364199775
1 21 3.258593637749095
1 22 3.2374189990389106
1 23 3.1335885257543716
1 24 3.1888886794096782
1 25 3.0917406462759778
1 26 3.059350974425664
1 27 2.982932064405425
1 28 2.9801424572728035
1 29 2.998431850702537
2 0 3.350489483677972
2 1 3.417081831449043
2 2 3.4065978957865024
2 3 3.519022158682382
2 4 3.592319703534507
2 5 3.5785554131506028
2 6 3.6758513726461817
2 7 3.6643990527015617
2 8 3.718579382983982
2 9 3.7103618582777766
2 10 3.7386331028301596
2 11 3.7103618582777766
2 12 3.718579382983982
2 13 3.6643990527015617
2 14 3.6758513726461817
2 15 3.5785554131506028
2 16 3.592319703534507
2 17 3.519022158682382
2 18 3.4065978957865024
2 19 3.417081831449043
2 20 3.350489483677972
2 21 3.357783254863299
2 22 3.3228939144736467
2 23 3.220927997389876
2 24 3.1335885257543716
2 25 3.1936520915335125
2 26 3.1422495999263607
2 27 3.017898515110463
2 28 3.035394411712588
2 29 2.9551520792254586
3 0 3.493172671694232
3 1 3.550317563874852
3 2 3.542030025381373
3 3 3.5592611554728686
3 4 3.6699979014284683
3 5 3.7386331028301596
3 6 3.7724932103115454
3 7 3.7832782859322474
3 8 3.764192914427706
3 9 3.7753556164419346
3 10 3.8542672239966334
3 11 3.7753556164419346
3 12 3.764192914427706
3 13 3.7832782859322474
3 14 3.7724932103115454
3 15 3.7386331028301596
3 16 3.6699979014284683
3 17 3.5592611554728686
3 18 3.542030025381373
3 19 3.550317563874852
3 20 3.493172671694232
3 21 3.416026465624864
3 22 3.3792872675242984
3 23 3.3228939144736467
3 24 3.2374189990389106
3 25 3.0684624602335786
3 26 3.1435191082647647
3 27 3.0508659408047065
3 28 3.081041828719108
3 29 2.991935828939589
4 0 3.5483846123877294
4 1 3.6141459434353402
4 2 3.6758513726461817
4 3 3.7103618582777766
4 4 3.762521310374289
4 5 3.8362900079993953
4 6 3.8455142330019645
4 7 3.944436135168478
4 8 3.9099533129446558
4 9 3.981335143895493
4 10 3.9833935565835143
4 11 3.981335143895493
4 12 3.9099533129446558
4 13 3.944436135168478
4 14 3.8455142330019645
4 15 3.8362900079993953
4 16 3.762521310374289
4 17 3.7103618582777766
4 18 3.6758513726461817
4 19 3.6141459434353402
4 20 3.5483846123877294
4 21 3.4688126224504456
4 22 3.416026465624864
4 23 3.357783254863299
4 24 3.258593637749095
4 25 3.1685500211303737
4 26 3.103226209296945
4 27 3.0914687509895327
4 28 3.0509891792956587
4 29 2.984205073488239
5 0 3.651233040693399
5 1 3.687207029368415
5 2 3.663006968018684
5 3 3.7271636248200815
5 4 3.861965268516141
5 5 3.9099533129446558
5 6 3.9875980066822776
5 7 4.115754661098942
5 8 4.1128923508158435
5 9 4.180157089274166
5 10 4.1229248046875
5 11 4.180157089274166
5 12 4.1128923508158435
5 13 4.115754661098942
5 14 3.9875980066822776
5 15 3.9099533129446558
5 16 3.861965268516141
5 17 3.7271636248200815
5 18 3.663006968018684
5 19 3.687207029368415
5 20 3.651233040693399
5 21 3.5483846123877294
5 22 3.493172671694232
5 23 3.350489483677972
5 24 3.3472381364199775
5 25 3.211586056058431
5 26 3.2707184153348026
5 27 3.131863613365949
5 28 3.119416859748919
5 29 3.061023387179012
6 0 3.687207029368415
6 1 3.694895852377468
6 2 3.7753556164419346
6 3 3.944436135168478
6 4 3.991800927394102
6 5 4.129304999202376
6 6 4.16067985491529
6 7 4.287487926079708
6 8 4.2486493332728745
6 9 4.329389852150817
6 10 4.339138042342623
6 11 4.329389852150817
6 12 4.2486493332728745
6 13 4.287487926079708
6 14 4.16067985491529
6 15 4.129304999202376
6 16 3.991800927394102
6 17 3.944436135168478
6 18 3.7753556164419346
6 19 3.694895852377468
6 20 3.687207029368415
6 21 3.6141459434353402
6 22 3.550317563874852
6 23 3.417081831449043
6 24 3.4560661129228816
6 25 3.2841760874793793
6 26 3.2274941229175518
6 27 3.0620133393724025
6 28 3.1876887487998147
6 29 3.0368862079465706
7 0 3.663006968018684
7 1 3.7753556164419346
7 2 3.9840528312643237
7 3 4.01534101197583
7 4 4.1229248046875
7 5 4.251710616110123
7 6 4.327278505246001
7 7 4.390729099730579
7 8 4.501555376480276
7 9 4.496315801660812
7 10 4.509309794139739
7 11 4.496315801660812
7 12 4.501555376480276
7 13 4.390729099730579
7 14 4.327278505246001
7 15 4.251710616110123
7 16 4.1229248046875
7 17 4.01534101197583
7 18 3.9840528312643237
7 19 3.7753556164419346
7 20 3.663006968018684
7 21 3.6758513726461817
7 22 3.542030025381373
7 23 3.4065978957865024
7 24 3.4082657476322917
7 25 3.3785095069009903
7 26 3.2803273882692126
7 27 3.2725825316300776
7 28 3.1206705925528695
7 29 3.1422495999263607
8 0 3.7271636248200815
8 1 3.944436135168478
8 2 4.01534101197583
8 3 4.164453988838718
8 4 4.2486493332728745
8 5 4.413207419551264
8 6 4.496315801660812
8 7 4.620028270711162
8 8 4.756042812290989
8 9 4.834971646298474
8 10 4.876474416826681
8 11 4.834971646298474
8 12 4.756042812290989
8 13 4.620028270711162
8 14 4.496315801660812
8 15 4.413207419551264
8 16 4.2486493332728745
8 17 4.164453988838718
8 18 4.01534101197583
8 19 3.944436135168478
8 20 3.7271636248200815
8 21 3.7103618582777766
8 22 3.5592611554728686
8 23 3.519022158682382
8 24 3.5103915445574074
8 25 3.3704424446939973
8 26 3.249100971224167
8 27 3.220927997389876
8 28 3.1172347003955068
8 29 3.0914687509895327
9 0 3.861965268516141
9 1 3.991800927394102
9 2 4.1229248046875
9 3 4.2486493332728745
9 4 4.411852730475803
9 5 4.597238557280737
9 6 4.743667256067914
9 7 4.954956159837796
9 8 5.133946404943913
9 9 5.225483162765395
9 10 5.320171979737247
9 11 5.225483162765395
9 12 5.133946404943913
9 13 4.954956159837796
9 14 4.743667256067914
9 15 4.597238557280737
9 16 4.411852730475803
9 17 4.2486493332728745
9 18 4.1229248046875
9 19 3.991800927394102
9 20 3.861965268516141
9 21 3.762521310374289
9 22 3.6699979014284683
9 23 3.592319703534507
9 24 3.466273367268915
9 25 3.413430108042072
9 26 3.326337098322765
9 27 3.211586056058431
9 28 3.2249950862859036
9 29 3.192009372543051
10 0 3.9099533129446558
10 1 4.129304999202376
10 2 4.251710616110123
10 3 4.413207419551264
10 4 4.597238557280737
10 5 4.834971646298474
10 6 5.081416377854527
10 7 5.4564329445193005
10 8 5.654121619007681
10 9 5.847100013130406
10 10 5.934469439031045
10 11 5.847100013130406
10 12 5.654121619007681
10 13 5.4564329445193005
10 14 5.081416377854527
10 15 4.834971646298474
10 16 4.597238557280737
10 17 4.413207419551264
10 18 4.251710616110123
10 19 4.129304999202376
10 20 3.9099533129446558
10 21 3.8362900079993953
10 22 3.7386331028301596
10 23 3.5785554131506028
10 24 3.5483846123877294
10 25 3.417081831449043
10 26 3.3468217835934135
10 27 3.316232470114032
10 28 3.2317402037924023
10 29 3.1452496952491735
11 0 3.9875980066822776
11 1 4.16067985491529
11 2 4.327278505246001
11 3 4.496315801660812
11 4 4.743667256067914
11 5 5.081416377854527
11 6 5.535137039937081
11 7 5.934469439031045
11 8 6.353153958656187
11 9 6.624794224142182
11 10 6.6805514797064705
11 11 6.624794224142182
11 12 6.353153958656187
11 13 5.934469439031045
11 14 5.535137039937081
11 15 5.081416377854527
11 16 4.743667256067914
11 17 4.496315801660812
11 18 4.327278505246001
11 19 4.16067985491529
11 20 3.9875980066822776
11 21 3.8455142330019645
11 22 3.7724932103115454
11 23 3.6758513726461817
11 24 3.5702310900243837
11 25 3.4960108945626533
11 26 3.3720765791352676
11 27 3.249100971224167
11 28 3.2374189990389106
11 29 3.103226209296945
12 0 4.115754661098942
12 1 4.287487926079708
12 2 4.390729099730579
12 3 4.620028270711162
12 4 4.954956159837796
12 5 5.4564329445193005
12 6 5.934469439031045
12 7 6.475998942876264
12 8 7.056249417430529
12 9 7.48046875
12 10 7.577272831991651
12 11 7.48046875
12 12 7.056249417430529
12 13 6.475998942876264
12 14 5.934469439031045
12 15 5.4564329445193005
12 16 4.954956159837796
12 17 4.620028270711162
12 18 4.390729099730579
12 19 4.287487926079708
12 20 4.115754661098942
12 21 3.944436135168478
12 22 3.7832782859322474
12 23 3.6643990527015617
12 24 3.592319703534507
12 25 3.444090152187481
12 26 3.416026465624864
12 27 3.339764198347205
12 28 3.2715926493979004
12 29 3.0620133393724025
13 0 4.1128923508158435
13 1 4.2486493332728745
13 2 4.501555376480276
13 3 4.756042812290989
13 4 5.133946404943913
13 5 5.654121619007681
13 6 6.353153958656187
13 7 7.056249417430529
13 8 7.734170025853032
13 9 8.476332509000146
13 10 8.744437045162655
13 11 8.476332509000146
13 12 7.734170025853032
13 13 7.056249417430529
13 14 6.353153958656187
13 15 5.654121619007681
13 16 5.133946404943913
13 17 4.756042812290989
13 18 4.501555376480276
13 19 4.2486493332728745
13 20 4.1128923508158435
13 21 3.9099533129446558
13 22 3.764192914427706
13 23 3.718579382983982
13 24 3.651233040693399
13 25 3.59283804010357
13 26 3.4082657476322917
13 27 3.3554876083203236
13 28 3.2808475241473505
13 29 3.1335885257543716
14 0 4.180157089274166
14 1 4.329389852150817
14 2 4.496315801660812
14 3 4.834971646298474
14 4 5.225483162765395
14 5 5.847100013130406
14 6 6.624794224142182
14 7 7.48046875
14 8 8.476332509000146
14 9 9.726875639614006
14 10 11.07421875
14 11 9.726875639614006
14 12 8.476332509000146
14 13 7.48046875
14 14 6.624794224142182
14 15 5.847100013130406
14 16 5.225483162765395
14 17 4.834971646298474
14 18 4.496315801660812
14 19 4.329389852150817
14 20 4.180157089274166
14 21 3.981335143895493
14 22 3.7753556164419346
14 23 3.7103618582777766
14 24 3.6138832533565153
14 25 3.522922864136037
14 26 3.422941230496258
14 27 3.357783254863299
14 28 3.211586056058431
14 29 3.164819092236818
15 0 4.1229248046875
15 1 4.339138042342623
15 2 4.509309794139739
15 3 4.876474416826681
15 4 5.320171979737247
15 5 5.934469439031045
15 6 6.6805514797064705
15 7 7.577272831991651
15 8 8.744437045162655
15 9 11.07421875
15 10 36.87255859375
15 11 11.07421875
15 12 8.744437045162655
15 13 7.577272831991651
15 14 6.6805514797064705
15 15 5.934469439031045
15 16 5.320171979737247
15 17 4.876474416826681
15 18 4.509309794139739
15 19 4.339138042342623
15 20 4.1229248046875
15 21 3.9833935565835143
15 22 3.8542672239966334
15 23 3.7386331028301596
15 24 3.629403682093801
15 25 3.550317563874852
15 26 3.417785735759023
15 27 3.3785095069009903
15 28 3.241954900601738
15 29 3.153612807660927
16 0 4.180157089274166
16 1 4.329389852150817
16 2 4.496315801660812
16 3 4.834971646298474
16 4 5.225483162765395
16 5 5.847100013130406
16 6 6.624794224142182
16 7 7.48046875
16 8 8.476332509000146
16 9 9.726875639614006
16 10 11.07421875
16 11 9.726875639614006
16 12 8.476332509000146
16 13 7.48046875
16 14 6.624794224142182
16 15 5.847100013130406
16 16 5.225483162765395
16 17 4.834971646298474
16 18 4.496315801660812
16 19 4.329389852150817
16 20 4.180157089274166
16 21 3.981335143895493
16 22 3.7753556164419346
16 23 3.7103618582777766
16 24 3.6138832533565153
16 25 3.522922864136037
16 26 3.422941230496258
16 27 3.357783254863299
16 28 3.211586056058431
16 29 3.164819092236818
17 0 4.1128923508158435
17 1 4.2486493332728745
17 2 4.501555376480276
17 3 4.756042812290989
17 4 5.133946404943913
17 5 5.654121619007681
17 6 6.353153958656187
17 7 7.056249417430529
17 8 7.734170025853032
17 9 8.476332509000146
17 10 8.744437045162655
17 11 8.476332509000146
17 12 7.734170025853032
17 13 7.056249417430529
17 14 6.353153958656187
17 15 5.654121619007681
17 16 5.133946404943913
17 17 4.756042812290989
17 18 4.501555376480276
17 19 4.2486493332728745
17 20 4.1128923508158435
17 21 3.9099533129446558
17 22 3.764192914427706
17 23 3.718579382983982
17 24 3.651233040693399
17 25 3.59283804010357
17 26 3.4082657476322917
17 27 3.3554876083203236
17 28 3.2808475241473505
17 29 3.1335885257543716
18 0 4.115754661098942
18 1 4.287487926079708
18 2 4.390729099730579
18 3 4.620028270711162
18 4 4.954956159837796
18 5 5.4564329445193005
18 6 5.934469439031045
18 7 6.475998942876264
18 8 7.056249417430529
18 9 7.48046875
18 10 7.577272831991651
18 11 7.48046875
18 12 7.056249417430529
18 13 6.475998942876264
18 14 5.934469439031045
18 15 5.4564329445193005
18 16 4.954956159837796
18 17 4.620028270711162
18 18 4.390729099730579
18 19 4.287487926079708
18 20 4.115754661098942
18 21 3.944436135168478
18 22 3.7832782859322474
18 23 3.6643990527015617
18 24 3.592319703534507
18 25 3.444090152187481
18 26 3.416026465624864
18 27 3.339764198347205
18 28 3.2715926493979004
18 29 3.0620133393724025
19 0 3.9875980066822776
19 1 4.16067985491529
19 2 4.327278505246001
19 3 4.496315801660812
19 4 4.743667256067914
19 5 5.081416377854527
19 6 5.535137039937081
19 7 5.934469439031045
19 8 6.353153958656187
19 9 6.624794224142182
19 10 6.6805514797064705
19 11 6.624794224142182
19 12 6.353153958656187
19 13 5.934469439031045
19 14 5.535137039937081
19 15 5.081416377854527
19 16 4.743667256067914
19 17 4.496315801660812
19 18 4.327278505246001
19 19 4.16067985491529
19 20 3.9875980066822776
19 21 3.8455142330019645
19 22 3.7724932103115454
19 23 3.6758513726461817
19 24 3.5702310900243837
19 25 3.4960108945626533
19 26 3.3720765791352676
19 27 3.249100971224167
19 28 3.2374189990389106
19 29 3.103226209296945
20 0 3.9099533129446558
20 1 4.129304999202376
20 2 4.251710616110123
20 3 4.413207419551264
20 4 4.597238557280737
20 5 4.834971646298474
20 6 5.081416377854527
20 7 5.4564329445193005
20 8 5.654121619007681
20 9 5.847100013130406
20 10 5.934469439031045
20 11 5.847100013130406
20 12 5.654121619007681
20 13 5.4564329445193005
20 14 5.081416377854527
20 15 4.834971646298474
20 16 4.597238557280737
20 17 4.413207419551264
20 18 4.251710616110123
20 19 4.129304999202376
20 20 3.9099533129446558
20 21 3.8362900079993953
20 22 3.7386331028301596
20 23 3.5785554131506028
20 24 3.5483846123877294
20 25 3.417081831449043
20 26 3.3468217835934135
20 27 3.316232470114032
20 28 3.2317402037924023
20 29 3.1452496952491735
21 0 3.861965268516141
21 1 3.991800927394102
21 2 4.1229248046875
21 3 4.2486493332728745
21 4 4.411852730475803
21 5 4.597238557280737
21 6 4.743667256067914
21 7 4.954956159837796
21 8 5.133946404943913
21 9 5.225483162765395
21 10 5.320171979737247
21 11 5.225483162765395
21 12 5.133946404943913
21 13 4.954956159837796
21 14 4.743667256067914
21 15 4.597238557280737
21 16 4.411852730475803
21 17 4.2486493332728745
21 18 4.1229248046875
21 19 3.991800927394102
21 20 3.861965268516141
21 21 3.762521310374289
21 22 3.6699979014284683
21 23 3.592319703534507
21 24 3.466273367268915
21 25 3.413430108042072
21 26 3.326337098322765
21 27 3.211586056058431
21 28 3.2249950862859036
21 29 3.192009372543051
22 0 3.7271636248200815
22 1 3.944436135168478
22 2 4.01534101197583
22 3 4.164453988838718
22 4 4.2486493332728745
22 5 4.413207419551264
22 6 4.496315801660812
22 7 4.620028270711162
22 8 4.756042812290989
22 9 4.834971646298474
22 10 4.876474416826681
22 11 4.834971646298474
22 12 4.756042812290989
22 13 4.620028270711162
22 14 4.496315801660812
22 15 4.413207419551264
22 16 4.2486493332728745
22 17 4.164453988838718
22 18 4.01534101197583
22 19 3.944436135168478
22 20 3.7271636248200815
22 21 3.7103618582777766
22 22 3.5592611554728686
22 23 3.519022158682382
22 24 3.5103915445574074
22 25 3.3704424446939973
22 26 3.249100971224167
22 27 3.220927997389876
22 28 3.1172347003955068
22 29 3.0914687509895327
23 0 3.663006968018684
23 1 3.7753556164419346
23 2 3.9840528312643237
23 3 4.01534101197583
23 4 4.1229248046875
23 5 4.251710616110123
23 6 4.327278505246001
23 7 4.390729099730579
23 8 4.501555376480276
23 9 4.496315801660812
23 10 4.509309794139739
23 11 4.496315801660812
23 12 4.501555376480276
23 13 4.390729099730579
23 14 4.327278505246001
23 15 4.251710616110123
23 16 4.1229248046875
23 17 4.01534101197583
23 18 3.9840528312643237
23 19 3.7753556164419346
23 20 3.663006968018684
23 21 3.6758513726461817
23 22 3.542030025381373
23 23 3.4065978957865024
23 24 3.4082657476322917
23 25 3.3785095069009903
23 26 3.2803273882692126
23 27 3.2725825316300776
23 28 3.1206705925528695
23 29 3.1422495999263607
24 0 3.687207029368415
24 1 3.694895852377468
24 2 3.7753556164419346
24 3 3.944436135168478
24 4 3.991800927394102
24 5 4.129304999202376
24 6 4.16067985491529
24 7 4.287487926079708
24 8 4.2486493332728745
24 9 4.329389852150817
24 10 4.339138042342623
24 11 4.329389852150817
24 12 4.2486493332728745
24 13 4.287487926079708
24 14 4.16067985491529
24 15 4.129304999202376
24 16 3.991800927394102
24 17 3.944436135168478
24 18 3.7753556164419346
24 19 3.694895852377468
24 20 3.687207029368415
24 21 3.6141459434353402
24 22 3.550317563874852
24 23 3.417081831449043
24 24 3.4560661129228816
24 25 3.2841760874793793
24 26 3.2274941229175518
24 27 3.0620133393724025
24 28 3.1876887487998147
24 29 3.0368862079465706
25 0 3.651233040693399
25 1 3.687207029368415
25 2 3.663006968018684
25 3 3.7271636248200815
25 4 3.861965268516141
25 5 3.9099533129446558
25 6 3.9875980066822776
25 7 4.115754661098942
25 8 4.1128923508158435
25 9 4.180157089274166
25 10 4.1229248046875
25 11 4.180157089274166
25 12 4.1128923508158435
25 13 4.115754661098942
25 14 3.9875980066822776
25 15 3.9099533129446558
25 16 3.861965268516141
25 17 3.7271636248200815
25 18 3.663006968018684
25 19 3.687207029368415
25 20 3.651233040693399
25 21 3.5483846123877294
25 22 3.493172671694232
25 23 3.350489483677972
25 24 3.3472381364199775
25 25 3.211586056058431
25 26 3.2707184153348026
25 27 3.131863613365949
25 28 3.119416859748919
25 29 3.061023387179012
26 0 3.5483846123877294
26 1 3.6141459434353402
26 2 3.6758513726461817
26 3 3.7103618582777766
26 4 3.762521310374289
26 5 3.8362900079993953
26 6 3.8455142330019645
26 7 3.944436135168478
26 8 3.9099533129446558
26 9 3.981335143895493
26 10 3.9833935565835143
26 11 3.981335143895493
26 12 3.9099533129446558
26 13 3.944436135168478
26 14 3.8455142330019645
26 15 3.8362900079993953
26 16 3.762521310374289
26 17 3.7103618582777766
26 18 3.6758513726461817
26 19 3.6141459434353402
26 20 3.5483846123877294
26 21 3.4688126224504456
26 22 3.416026465624864
26 23 3.357783254863299
26 24 3.258593637749095
26 25 3.1685500211303737
26 26 3.103226209296945
26 27 3.0914687509895327
26 28 3.0509891792956587
26 29 2.984205073488239
27 0 3.493172671694232
27 1 3.550317563874852
27 2 3.542030025381373
27 3 3.5592611554728686
27 4 3.6699979014284683
27 5 3.7386331028301596
27 6 3.7724932103115454
27 7 3.7832782859322474
27 8 3.764192914427706
27 9 3.7753556164419346
27 10 3.8542672239966334
27 11 3.7753556164419346
27 12 3.764192914427706
27 13 3.7832782859322474
27 14 3.7724932103115454
27 15 3.7386331028301596
27 16 3.6699979014284683
27 17 3.5592611554728686
27 18 3.542030025381373
27 19 3.550317563874852
27 20 3.493172671694232
27 21 3.416026465624864
27 22 3.3792872675242984
27 23 3.3228939144736467
27 24 3.2374189990389106
27 25 3.0684624602335786
27 26 3.1435191082647647
27 27 3.0508659408047065
27 28 3.081041828719108
27 29 2.991935828939589
28 0 3.350489483677972
28 1 3.417081831449043
28 2 3.4065978957865024
28 3 3.519022158682382
28 4 3.592319703534507
28 5 3.5785554131506028
28 6 3.6758513726461817
28 7 3.6643990527015617
28 8 3.718579382983982
28 9 3.7103618582777766
28 10 3.7386331028301596
28 11 3.7103618582777766
28 12 3.718579382983982
28 13 3.6643990527015617
28 14 3.6758513726461817
28 15 3.5785554131506028
28 16 3.592319703534507
28 17 3.519022158682382
28 18 3.4065978957865024
28 19 3.417081831449043
28 20 3.350489483677972
28 21 3.357783254863299
28 22 3.3228939144736467
28 23 3.220927997389876
28 24 3.1335885257543716
28 25 3.1936520915335125
28 26 3.1422495999263607
28 27 3.017898515110463
28 28 3.035394411712588
28 29 2.9551520792254586
29 0 3.3472381364199775
29 1 3.4560661129228816
29 2 3.4082657476322917
29 3 3.5103915445574074
29 4 3.466273367268915
29 5 3.5483846123877294
29 6 3.5702310900243837
29 7 3.592319703534507
29 8 3.651233040693399
29 9 3.6138832533565153
29 10 3.629403682093801
29 11 3.6138832533565153
29 12 3.651233040693399
29 13 3.592319703534507
29 14 3.5702310900243837
29 15 3.5483846123877294
29 16 3.466273367268915
29 17 3.5103915445574074
29 18 3.4082657476322917
29 19 3.4560661129228816
29 20 3.3472381364199775
29 21 3.258593637749095
29 22 3.2374189990389106
29 23 3.1335885257543716
29 24 3.1888886794096782
29 25 3.0917406462759778
29 26 3.059350974425664
29 27 2.982932064405425
29 28 2.9801424572728035
29 29 2.998431850702537
