0 0 19.958561926676317
0 1 20.007232532925226
0 2 20.466623451137956
0 3 20.37886055686638
0 4 20.589071069579255
0 5 20.82485719920832
0 6 21.052811995910513
0 7 20.899273261922623
0 8 21.139586257394498
0 9 20.963114981986227
0 10 20.936729862393413
0 11 20.963114981986227
0 12 21.139586257394498
0 13 20.899273261922623
0 14 21.052811995910513
0 15 20.82485719920832
0 16 20.589071069579255
0 17 20.37886055686638
0 18 20.466623451137956
0 19 20.007232532925226
0 20 19.958561926676317
0 21 19.68562751149076
0 22 19.89887107928826
0 23 19.43554247136429
0 24 18.80338678767215
0 25 18.88851060963832
0 26 19.033771913463603
0 27 18.348142267579703
0 28 18.127117186235818
0 29 18.273327546782895
1 0 20.51378800748815
1 1 20.380183725539446
1 2 20.513901386692474
1 3 20.67499571760018
1 4 21.13778852470063
1 5 21.28624541375123
1 6 21.24623544274636
1 7 21.570246947132198
1 8 21.735671718170334
1 9 21.72422685030168
1 10 21.633129222993396
1 11 21.72422685030168
1 12 21.735671718170334
1 13 21.570246947132198
1 14 21.24623544274636
1 15 21.28624541375123
1 16 21.13778852470063
1 17 20.67499571760018
1 18 20.513901386692474
1 19 20.380183725539446
1 20 20.51378800748815
1 21 20.023591823928705
1 22 19.8351134770384
1 23 19.960664214209665
1 24 19.3796839916056
1 25 18.80338678767215
1 26 19.068663541863252
1 27 19.03835193561085
1 28 18.210703200941147
1 29 18.170000775740387
2 0 20.804715070402533
2 1 20.82485719920832
2 2 20.969907427420182
2 3 21.07754000070418
2 4 21.570246947132198
2 5 21.581946097856182
2 6 21.911279506930622
2 7 21.801011564807943
2 8 21.890505047000044
2 9 21.96468111203192
2 10 21.972994554610423
2 11 21.96468111203192
2 12 21.890505047000044
2 13 21.801011564807943
2 14 21.911279506930622
2 15 21.581946097856182
2 16 21.570246947132198
2 17 21.07754000070418
2 18 20.969907427420182
2 19 20.82485719920832
2 20 20.804715070402533
2 21 20.31827965985017
2 22 19.961183514902622
2 23 20.127344052359057
2 24 19.960664214209665
2 25 19.43554247136429
2 26 18.853497599558164
2 27 19.020498846516713
2 28 18.970733875611458
2 29 18.477840090970332
3 0 20.761271199532214
3 1 20.936729862393413
3 2 21.142065229219387
3 3 21.49080656223342
3 4 21.47247229820627
3 5 21.972994554610423
3 6 22.083291755578525
3 7 22.279536557947353
3 8 22.209988757553507
3 9 22.4225653637657
3 10 22.39901342309636
3 11 22.4225653637657
3 12 22.209988757553507
3 13 22.279536557947353
3 14 22.083291755578525
3 15 21.972994554610423
3 16 21.47247229820627
3 17 21.49080656223342
3 18 21.142065229219387
3 19 20.936729862393413
3 20 20.761271199532214
3 21 20.825317630624905
3 22 20.471335035870766
3 23 19.961183514902622
3 24 19.8351134770384
3 25 19.89887107928826
3 26 19.36876369812824
3 27 18.969356148809915
3 28 18.82236462635673
3 29 18.339778774180758
4 0 21.28624541375123
4 1 21.72165046388046
4 2 21.911279506930622
4 3 21.96468111203192
4 4 22.375788984874912
4 5 22.446155783617996
4 6 22.603915905532244
4 7 22.86385996304371
4 8 22.78558999612575
4 9 23.0567199006306
4 10 23.06864058629817
4 11 23.0567199006306
4 12 22.78558999612575
4 13 22.86385996304371
4 14 22.603915905532244
4 15 22.446155783617996
4 16 22.375788984874912
4 17 21.96468111203192
4 18 21.911279506930622
4 19 21.72165046388046
4 20 21.28624541375123
4 21 20.950174488094195
4 22 20.825317630624905
4 23 20.31827965985017
4 24 20.023591823928705
4 25 19.68562751149076
4 26 19.47798838633888
4 27 19.086798240661732
4 28 18.778896549565655
4 29 19.139010316273406
5 0 21.735671718170334
5 1 21.530655332204855
5 2 22.08157507459087
5 3 22.533818762467302
5 4 22.580866919983688
5 5 22.78558999612575
5 6 23.095896735093955
5 7 23.47488771080078
5 8 23.509548401140094
5 9 23.740217994243476
5 10 23.66943359375
5 11 23.740217994243476
5 12 23.509548401140094
5 13 23.47488771080078
5 14 23.095896735093955
5 15 22.78558999612575
5 16 22.580866919983688
5 17 22.533818762467302
5 18 22.08157507459087
5 19 21.530655332204855
5 20 21.735671718170334
5 21 21.28624541375123
5 22 20.761271199532214
5 23 20.804715070402533
5 24 20.51378800748815
5 25 19.958561926676317
5 26 19.93130933243735
5 27 19.248930640550242
5 28 18.840966669106937
5 29 18.857296318237353
6 0 21.530655332204855
6 1 22.23154386107991
6 2 22.4225653637657
6 3 22.86385996304371
6 4 23.117329377086776
6 5 23.328444737761878
6 6 23.44020872995486
6 7 23.720946238972584
6 8 23.59737384899551
6 9 23.85705736709681
6 10 24.117383712651463
6 11 23.85705736709681
6 12 23.59737384899551
6 13 23.720946238972584
6 14 23.44020872995486
6 15 23.328444737761878
6 16 23.117329377086776
6 17 22.86385996304371
6 18 22.4225653637657
6 19 22.23154386107991
6 20 21.530655332204855
6 21 21.72165046388046
6 22 20.936729862393413
6 23 20.82485719920832
6 24 20.380183725539446
6 25 20.007232532925226
6 26 20.241958244589394
6 27 19.832424859627405
6 28 19.290003885026053
6 29 18.83412442629444
7 0 22.08157507459087
7 1 22.4225653637657
7 2 22.91987309897364
7 3 23.42211589245458
7 4 23.66943359375
7 5 23.978270802596768
7 6 24.15305800325496
7 7 23.852810069568104
7 8 24.235779189213535
7 9 24.038839603025608
7 10 24.359932558799677
7 11 24.038839603025608
7 12 24.235779189213535
7 13 23.852810069568104
7 14 24.15305800325496
7 15 23.978270802596768
7 16 23.66943359375
7 17 23.42211589245458
7 18 22.91987309897364
7 19 22.4225653637657
7 20 22.08157507459087
7 21 21.911279506930622
7 22 21.142065229219387
7 23 20.969907427420182
7 24 20.513901386692474
7 25 20.466623451137956
7 26 20.058557806214157
7 27 19.832401479288894
7 28 19.36185340683586
7 29 18.853497599558164
8 0 22.533818762467302
8 1 22.86385996304371
8 2 23.42211589245458
8 3 23.442432315188675
8 4 23.59737384899551
8 5 24.14642481624301
8 6 24.038839603025608
8 7 24.575370266000867
8 8 24.690567727673105
8 9 24.633846323260798
8 10 24.60991114658369
8 11 24.633846323260798
8 12 24.690567727673105
8 13 24.575370266000867
8 14 24.038839603025608
8 15 24.14642481624301
8 16 23.59737384899551
8 17 23.442432315188675
8 18 23.42211589245458
8 19 22.86385996304371
8 20 22.533818762467302
8 21 21.96468111203192
8 22 21.49080656223342
8 23 21.07754000070418
8 24 20.67499571760018
8 25 20.37886055686638
8 26 20.027506109039052
8 27 20.127344052359057
8 28 19.507729301908697
8 29 19.086798240661732
9 0 22.580866919983688
9 1 23.117329377086776
9 2 23.66943359375
9 3 23.59737384899551
9 4 24.082089410225628
9 5 24.236782585510706
9 6 24.558592242285993
9 7 24.89585212617144
9 8 25.448480156784427
9 9 25.564950612279308
9 10 25.62405633280792
9 11 25.564950612279308
9 12 25.448480156784427
9 13 24.89585212617144
9 14 24.558592242285993
9 15 24.236782585510706
9 16 24.082089410225628
9 17 23.59737384899551
9 18 23.66943359375
9 19 23.117329377086776
9 20 22.580866919983688
9 21 22.375788984874912
9 22 21.47247229820627
9 23 21.570246947132198
9 24 21.13778852470063
9 25 20.589071069579255
9 26 20.181373762006224
9 27 19.958561926676317
9 28 19.806189334799768
9 29 19.191126117419177
10 0 22.78558999612575
10 1 23.328444737761878
10 2 23.978270802596768
10 3 24.14642481624301
10 4 24.236782585510706
10 5 24.633846323260798
10 6 25.375520296863602
10 7 26.055948797721236
10 8 26.499382038636487
10 9 26.83277250681222
10 10 27.078626775750728
10 11 26.83277250681222
10 12 26.499382038636487
10 13 26.055948797721236
10 14 25.375520296863602
10 15 24.633846323260798
10 16 24.236782585510706
10 17 24.14642481624301
10 18 23.978270802596768
10 19 23.328444737761878
10 20 22.78558999612575
10 21 22.446155783617996
10 22 21.972994554610423
10 23 21.581946097856182
10 24 21.28624541375123
10 25 20.82485719920832
10 26 20.504781488968966
10 27 19.75053593212139
10 28 19.768791295393523
10 29 19.46257807688723
11 0 23.095896735093955
11 1 23.44020872995486
11 2 24.15305800325496
11 3 24.038839603025608
11 4 24.558592242285993
11 5 25.375520296863602
11 6 26.27589021272611
11 7 27.078626775750728
11 8 27.76215502051831
11 9 28.339134061183735
11 10 28.587431118288087
11 11 28.339134061183735
11 12 27.76215502051831
11 13 27.078626775750728
11 14 26.27589021272611
11 15 25.375520296863602
11 16 24.558592242285993
11 17 24.038839603025608
11 18 24.15305800325496
11 19 23.44020872995486
11 20 23.095896735093955
11 21 22.603915905532244
11 22 22.083291755578525
11 23 21.911279506930622
11 24 21.24623544274636
11 25 21.052811995910513
11 26 20.340654445265145
11 27 20.027506109039052
11 28 19.8351134770384
11 29 19.47798838633888
12 0 23.47488771080078
12 1 23.720946238972584
12 2 23.852810069568104
12 3 24.575370266000867
12 4 24.89585212617144
12 5 26.055948797721236
12 6 27.078626775750728
12 7 28.07841877422263
12 8 28.975867321235867
12 9 29.6484375
12 10 29.73944541188687
12 11 29.6484375
12 12 28.975867321235867
12 13 28.07841877422263
12 14 27.078626775750728
12 15 26.055948797721236
12 16 24.89585212617144
12 17 24.575370266000867
12 18 23.852810069568104
12 19 23.720946238972584
12 20 23.47488771080078
12 21 22.86385996304371
12 22 22.279536557947353
12 23 21.801011564807943
12 24 21.570246947132198
12 25 20.899273261922623
12 26 20.825317630624905
12 27 20.265617461169445
12 28 19.878631832232802
12 29 19.832424859627405
13 0 23.509548401140094
13 1 23.59737384899551
13 2 24.235779189213535
13 3 24.690567727673105
13 4 25.448480156784427
13 5 26.499382038636487
13 6 27.76215502051831
13 7 28.975867321235867
13 8 30.10643054153142
13 9 30.56140926138009
13 10 30.651660920323966
13 11 30.56140926138009
13 12 30.10643054153142
13 13 28.975867321235867
13 14 27.76215502051831
13 15 26.499382038636487
13 16 25.448480156784427
13 17 24.690567727673105
13 18 24.235779189213535
13 19 23.59737384899551
13 20 23.509548401140094
13 21 22.78558999612575
13 22 22.209988757553507
13 23 21.890505047000044
13 24 21.735671718170334
13 25 21.139586257394498
13 26 20.513901386692474
13 27 20.160838202813494
13 28 20.041268832668496
13 29 19.960664214209665
14 0 23.740217994243476
14 1 23.85705736709681
14 2 24.038839603025608
14 3 24.633846323260798
14 4 25.564950612279308
14 5 26.83277250681222
14 6 28.339134061183735
14 7 29.6484375
14 8 30.56140926138009
14 9 30.433652383333776
14 10 30.41015625
14 11 30.433652383333776
14 12 30.56140926138009
14 13 29.6484375
14 14 28.339134061183735
14 15 26.83277250681222
14 16 25.564950612279308
14 17 24.633846323260798
14 18 24.038839603025608
14 19 23.85705736709681
14 20 23.740217994243476
14 21 23.0567199006306
14 22 22.4225653637657
14 23 21.96468111203192
14 24 21.72422685030168
14 25 20.963114981986227
14 26 20.754849294195875
14 27 20.31827965985017
14 28 19.958561926676317
14 29 19.751616297388537
15 0 23.66943359375
15 1 24.117383712651463
15 2 24.359932558799677
15 3 24.60991114658369
15 4 25.62405633280792
15 5 27.078626775750728
15 6 28.587431118288087
15 7 29.73944541188687
15 8 30.651660920323966
15 9 30.41015625
15 10 76.2158203125
15 11 30.41015625
15 12 30.651660920323966
15 13 29.73944541188687
15 14 28.587431118288087
15 15 27.078626775750728
15 16 25.62405633280792
15 17 24.60991114658369
15 18 24.359932558799677
15 19 24.117383712651463
15 20 23.66943359375
15 21 23.06864058629817
15 22 22.39901342309636
15 23 21.972994554610423
15 24 21.633129222993396
15 25 20.936729862393413
15 26 20.840647570608287
15 27 20.466623451137956
15 28 19.978522319652004
15 29 19.739571439473632
16 0 23.740217994243476
16 1 23.85705736709681
16 2 24.038839603025608
16 3 24.633846323260798
16 4 25.564950612279308
16 5 26.83277250681222
16 6 28.339134061183735
16 7 29.6484375
16 8 30.56140926138009
16 9 30.433652383333776
16 10 30.41015625
16 11 30.433652383333776
16 12 30.56140926138009
16 13 29.6484375
16 14 28.339134061183735
16 15 26.83277250681222
16 16 25.564950612279308
16 17 24.633846323260798
16 18 24.038839603025608
16 19 23.85705736709681
16 20 23.740217994243476
16 21 23.0567199006306
16 22 22.4225653637657
16 23 21.96468111203192
16 24 21.72422685030168
16 25 20.963114981986227
16 26 20.754849294195875
16 27 20.31827965985017
16 28 19.958561926676317
16 29 19.751616297388537
17 0 23.509548401140094
17 1 23.59737384899551
17 2 24.235779189213535
17 3 24.690567727673105
17 4 25.448480156784427
17 5 26.499382038636487
17 6 27.76215502051831
17 7 28.975867321235867
17 8 30.10643054153142
17 9 30.56140926138009
17 10 30.651660920323966
17 11 30.56140926138009
17 12 30.10643054153142
17 13 28.975867321235867
17 14 27.76215502051831
17 15 26.499382038636487
17 16 25.448480156784427
17 17 24.690567727673105
17 18 24.235779189213535
17 19 23.59737384899551
17 20 23.509548401140094
17 21 22.78558999612575
17 22 22.209988757553507
17 23 21.890505047000044
17 24 21.735671718170334
17 25 21.139586257394498
17 26 20.513901386692474
17 27 20.160838202813494
17 28 20.041268832668496
17 29 19.960664214209665
18 0 23.47488771080078
18 1 23.720946238972584
18 2 23.852810069568104
18 3 24.575370266000867
18 4 24.89585212617144
18 5 26.055948797721236
18 6 27.078626775750728
18 7 28.07841877422263
18 8 28.975867321235867
18 9 29.6484375
18 10 29.73944541188687
18 11 29.6484375
18 12 28.975867321235867
18 13 28.07841877422263
18 14 27.078626775750728
18 15 26.055948797721236
18 16 24.89585212617144
18 17 24.575370266000867
18 18 23.852810069568104
18 19 23.720946238972584
18 20 23.47488771080078
18 21 22.86385996304371
18 22 22.279536557947353
18 23 21.801011564807943
18 24 21.570246947132198
18 25 20.899273261922623
18 26 20.825317630624905
18 27 20.265617461169445
18 28 19.878631832232802
18 29 19.832424859627405
19 0 23.095896735093955
19 1 23.44020872995486
19 2 24.15305800325496
19 3 24.038839603025608
19 4 24.558592242285993
19 5 25.375520296863602
19 6 26.27589021272611
19 7 27.078626775750728
19 8 27.76215502051831
19 9 28.339134061183735
19 10 28.587431118288087
19 11 28.339134061183735
19 12 27.76215502051831
19 13 27.078626775750728
19 14 26.27589021272611
19 15 25.375520296863602
19 16 24.558592242285993
19 17 24.038839603025608
19 18 24.15305800325496
19 19 23.44020872995486
19 20 23.095896735093955
19 21 22.603915905532244
19 22 22.083291755578525
19 23 21.911279506930622
19 24 21.24623544274636
19 25 21.052811995910513
19 26 20.340654445265145
19 27 20.027506109039052
19 28 19.8351134770384
19 29 19.47798838633888
20 0 22.78558999612575
20 1 23.328444737761878
20 2 23.978270802596768
20 3 24.14642481624301
20 4 24.236782585510706
20 5 24.633846323260798
20 6 25.375520296863602
20 7 26.055948797721236
20 8 26.499382038636487
20 9 26.83277250681222
20 10 27.078626775750728
20 11 26.83277250681222
20 12 26.499382038636487
20 13 26.055948797721236
20 14 25.375520296863602
20 15 24.633846323260798
20 16 24.236782585510706
20 17 24.14642481624301
20 18 23.978270802596768
20 19 23.328444737761878
20 20 22.78558999612575
20 21 22.446155783617996
20 22 21.972994554610423
20 23 21.581946097856182
20 24 21.28624541375123
20 25 20.82485719920832
20 26 20.504781488968966
20 27 19.75053593212139
20 28 19.768791295393523
20 29 19.46257807688723
21 0 22.580866919983688
21 1 23.117329377086776
21 2 23.66943359375
21 3 23.59737384899551
21 4 24.082089410225628
21 5 24.236782585510706
21 6 24.558592242285993
21 7 24.89585212617144
21 8 25.448480156784427
21 9 25.564950612279308
21 10 25.62405633280792
21 11 25.564950612279308
21 12 25.448480156784427
21 13 24.89585212617144
21 14 24.558592242285993
21 15 24.236782585510706
21 16 24.082089410225628
21 17 23.59737384899551
21 18 23.66943359375
21 19 23.117329377086776
21 20 22.580866919983688
21 21 22.375788984874912
21 22 21.47247229820627
21 23 21.570246947132198
21 24 21.13778852470063
21 25 20.589071069579255
21 26 20.181373762006224
21 27 19.958561926676317
21 28 19.806189334799768
21 29 19.191126117419177
22 0 22.533818762467302
22 1 22.86385996304371
22 2 23.42211589245458
22 3 23.442432315188675
22 4 23.59737384899551
22 5 24.14642481624301
22 6 24.038839603025608
22 7 24.575370266000867
22 8 24.690567727673105
22 9 24.633846323260798
22 10 24.60991114658369
22 11 24.633846323260798
22 12 24.690567727673105
22 13 24.575370266000867
22 14 24.038839603025608
22 15 24.14642481624301
22 16 23.59737384899551
22 17 23.442432315188675
22 18 23.42211589245458
22 19 22.86385996304371
22 20 22.533818762467302
22 21 21.96468111203192
22 22 21.49080656223342
22 23 21.07754000070418
22 24 20.67499571760018
22 25 20.37886055686638
22 26 20.027506109039052
22 27 20.127344052359057
22 28 19.507729301908697
22 29 19.086798240661732
23 0 22.08157507459087
23 1 22.4225653637657
23 2 22.91987309897364
23 3 23.42211589245458
23 4 23.66943359375
23 5 23.978270802596768
23 6 24.15305800325496
23 7 23.852810069568104
23 8 24.235779189213535
23 9 24.038839603025608
23 10 24.359932558799677
23 11 24.038839603025608
23 12 24.235779189213535
23 13 23.852810069568104
23 14 24.15305800325496
23 15 23.978270802596768
23 16 23.66943359375
23 17 23.42211589245458
23 18 22.91987309897364
23 19 22.4225653637657
23 20 22.08157507459087
23 21 21.911279506930622
23 22 21.142065229219387
23 23 20.969907427420182
23 24 20.513901386692474
23 25 20.466623451137956
23 26 20.058557806214157
23 27 19.832401479288894
23 28 19.36185340683586
23 29 18.853497599558164
24 0 21.530655332204855
24 1 22.23154386107991
24 2 22.4225653637657
24 3 22.86385996304371
24 4 23.117329377086776
24 5 23.328444737761878
24 6 23.44020872995486
24 7 23.720946238972584
24 8 23.59737384899551
24 9 23.85705736709681
24 10 24.117383712651463
24 11 23.85705736709681
24 12 23.59737384899551
24 13 23.720946238972584
24 14 23.44020872995486
24 15 23.328444737761878
24 16 23.117329377086776
24 17 22.86385996304371
24 18 22.4225653637657
24 19 22.23154386107991
24 20 21.530655332204855
24 21 21.72165046388046
24 22 20.936729862393413
24 23 20.82485719920832
24 24 20.380183725539446
24 25 20.007232532925226
24 26 20.241958244589394
24 27 19.832424859627405
24 28 19.290003885026053
24 29 18.83412442629444
25 0 21.735671718170334
25 1 21.530655332204855
25 2 22.08157507459087
25 3 22.533818762467302
25 4 22.580866919983688
25 5 22.78558999612575
25 6 23.095896735093955
25 7 23.47488771080078
25 8 23.509548401140094
25 9 23.740217994243476
25 10 23.66943359375
25 11 23.740217994243476
25 12 23.509548401140094
25 13 23.47488771080078
25 14 23.095896735093955
25 15 22.78558999612575
25 16 22.580866919983688
25 17 22.533818762467302
25 18 22.08157507459087
25 19 21.530655332204855
25 20 21.735671718170334
25 21 21.28624541375123
25 22 20.761271199532214
25 23 20.804715070402533
25 24 20.51378800748815
25 25 19.958561926676317
25 26 19.93130933243735
25 27 19.248930640550242
25 28 18.840966669106937
25 29 18.857296318237353
26 0 21.28624541375123
26 1 21.72165046388046
26 2 21.911279506930622
26 3 21.96468111203192
26 4 22.375788984874912
26 5 22.446155783617996
26 6 22.603915905532244
26 7 22.86385996304371
26 8 22.78558999612575
26 9 23.0567199006306
26 10 23.06864058629817
26 11 23.0567199006306
26 12 22.78558999612575
26 13 22.86385996304371
26 14 22.603915905532244
26 15 22.446155783617996
26 16 22.375788984874912
26 17 21.96468111203192
26 18 21.911279506930622
26 19 21.72165046388046
26 20 21.28624541375123
26 21 20.950174488094195
26 22 20.825317630624905
26 23 20.31827965985017
26 24 20.023591823928705
26 25 19.68562751149076
26 26 19.47798838633888
26 27 19.086798240661732
26 28 18.778896549565655
26 29 19.139010316273406
27 0 20.761271199532214
27 1 20.936729862393413
27 2 21.142065229219387
27 3 21.49080656223342
27 4 21.47247229820627
27 5 21.972994554610423
27 6 22.083291755578525
27 7 22.279536557947353
27 8 22.209988757553507
27 9 22.4225653637657
27 10 22.39901342309636
27 11 22.4225653637657
27 12 22.209988757553507
27 13 22.279536557947353
27 14 22.083291755578525
27 15 21.972994554610423
27 16 21.47247229820627
27 17 21.49080656223342
27 18 21.142065229219387
27 19 20.936729862393413
27 20 20.761271199532214
27 21 20.825317630624905
27 22 20.471335035870766
27 23 19.961183514902622
27 24 19.8351134770384
27 25 19.89887107928826
27 26 19.36876369812824
27 27 18.969356148809915
27 28 18.82236462635673
27 29 18.339778774180758
28 0 20.804715070402533
28 1 20.82485719920832
28 2 20.969907427420182
28 3 21.07754000070418
28 4 21.570246947132198
28 5 21.581946097856182
28 6 21.911279506930622
28 7 21.801011564807943
28 8 21.890505047000044
28 9 21.96468111203192
28 10 21.972994554610423
28 11 21.96468111203192
28 12 21.890505047000044
28 13 21.801011564807943
28 14 21.911279506930622
28 15 21.581946097856182
28 16 21.570246947132198
28 17 21.07754000070418
28 18 20.969907427420182
28 19 20.82485719920832
28 20 20.804715070402533
28 21 20.31827965985017
28 22 19.961183514902622
28 23 20.127344052359057
28 24 19.960664214209665
28 25 19.43554247136429
28 26 18.853497599558164
28 27 19.020498846516713
28 28 18.970733875611458
28 29 18.477840090970332
29 0 20.51378800748815
29 1 20.380183725539446
29 2 20.513901386692474
29 3 20.67499571760018
29 4 21.13778852470063
29 5 21.28624541375123
29 6 21.24623544274636
29 7 21.570246947132198
29 8 21.735671718170334
29 9 21.72422685030168
29 10 21.633129222993396
29 11 21.72422685030168
29 12 21.735671718170334
29 13 21.570246947132198
29 14 21.24623544274636
29 15 21.28624541375123
29 16 21.13778852470063
29 17 20.67499571760018
29 18 20.513901386692474
29 19 20.380183725539446
29 20 20.51378800748815
29 21 20.023591823928705
29 22 19.8351134770384
29 23 19.960664214209665
29 24 19.3796839916056
29 25 18.80338678767215
29 26 19.068663541863252
29 27 19.03835193561085
29 28 18.210703200941147
29 29 18.170000775740387
