0 0 2.012686329212944
0 1 2.013844053642017
0 2 2.055442877795641
0 3 2.0507029491186293
0 4 2.0572998414567873
0 5 2.115528256498523
0 6 2.0963947478659932
0 7 2.10044981079354
0 8 2.123685429232116
0 9 2.0971227642582972
0 10 2.0936729862393415
0 11 2.0971227642582972
0 12 2.123685429232116
0 13 2.10044981079354
0 14 2.0963947478659932
0 15 2.115528256498523
0 16 2.0572998414567873
0 17 2.0507029491186293
0 18 2.055442877795641
0 19 2.013844053642017
0 20 2.012686329212944
0 21 1.9480568891579397
0 22 1.9700589116086986
0 23 1.9574311931889918
0 24 1.922366116123767
0 25 1.8855583550536203
0 26 1.8731067072457346
0 27 1.8607242602948244
0 28 1.8140490902541009
0 29 1.8229584152364076
1 0 2.033247927509873
1 1 2.04922507216736
1 2 2.0467680801671517
1 3 2.0900951954951004
1 4 2.097581313370675
1 5 2.1083132384994063
1 6 2.105886450134177
1 7 2.118652188789101
1 8 2.1506703016850257
1 9 2.1404993675033492
1 10 2.1534871255288657
1 11 2.1404993675033492
1 12 2.1506703016850257
1 13 2.118652188789101
1 14 2.105886450134177
1 15 2.1083132384994063
1 16 2.097581313370675
1 17 2.0900951954951004
1 18 2.0467680801671517
1 19 2.04922507216736
1 20 2.033247927509873
1 21 2.034885619190853
1 22 1.9582436872235363
1 23 1.971508517614114
1 24 1.954196342777421
1 25 1.922366116123767
1 26 1.8956358252928638
1 27 1.8575881848106135
1 28 1.8275905802966421
1 29 1.8189086911009023
2 0 2.0692430563468984
2 1 2.115528256498523
2 2 2.088894253387802
2 3 2.1183252971386723
2 4 2.118652188789101
2 5 2.175401172733795
2 6 2.2026342490087796
2 7 2.183396849839042
2 8 2.170890960543368
2 9 2.202252639712756
2 10 2.194819433502283
2 11 2.202252639712756
2 12 2.170890960543368
2 13 2.183396849839042
2 14 2.2026342490087796
2 15 2.175401172733795
2 16 2.118652188789101
2 17 2.1183252971386723
2 18 2.088894253387802
2 19 2.115528256498523
2 20 2.0692430563468984
2 21 2.046990861253562
2 22 2.0177548769787705
2 23 1.984691991034228
2 24 1.971508517614114
2 25 1.9574311931889918
2 26 1.9065443890642304
2 27 1.8861865719440392
2 28 1.8554979155934908
2 29 1.8357182553062878
3 0 2.0704766962208447
3 1 2.0936729862393415
3 2 2.157436826052673
3 3 2.155637729163764
3 4 2.136543926911245
3 5 2.194819433502283
3 6 2.206670025162993
3 7 2.2254578152542632
3 8 2.2051584183081467
3 9 2.24142174243153
3 10 2.242406824795441
3 11 2.24142174243153
3 12 2.2051584183081467
3 13 2.2254578152542632
3 14 2.206670025162993
3 15 2.194819433502283
3 16 2.136543926911245
3 17 2.155637729163764
3 18 2.157436826052673
3 19 2.0936729862393415
3 20 2.0704766962208447
3 21 2.083334589493895
3 22 2.0678922676640124
3 23 2.0177548769787705
3 24 1.9582436872235363
3 25 1.9700589116086986
3 26 1.9554250850479267
3 27 1.9080049566140194
3 28 1.9123707902394462
3 29 1.8524252659587437
4 0 2.1083132384994063
4 1 2.1533690358286313
4 2 2.2026342490087796
4 3 2.202252639712756
4 4 2.1927276510790557
4 5 2.24878772627697
4 6 2.2536891692320884
4 7 2.2653714191324554
4 8 2.266761726685587
4 9 2.2786655831516334
4 10 2.2756217562252403
4 11 2.2786655831516334
4 12 2.266761726685587
4 13 2.2653714191324554
4 14 2.2536891692320884
4 15 2.24878772627697
4 16 2.1927276510790557
4 17 2.202252639712756
4 18 2.2026342490087796
4 19 2.1533690358286313
4 20 2.1083132384994063
4 21 2.0917868899060896
4 22 2.083334589493895
4 23 2.046990861253562
4 24 2.034885619190853
4 25 1.9480568891579397
4 26 1.9672062545985372
4 27 1.9190107095518254
4 28 1.8831232450354083
4 29 1.8689837330405992
5 0 2.1506703016850257
5 1 2.1481273095204383
5 2 2.1741985960540524
5 3 2.208380906824643
5 4 2.2798796593302013
5 5 2.266761726685587
5 6 2.29858356436144
5 7 2.3075423654896494
5 8 2.3313493428976853
5 9 2.34626794745266
5 10 2.3370361328125
5 11 2.34626794745266
5 12 2.3313493428976853
5 13 2.3075423654896494
5 14 2.29858356436144
5 15 2.266761726685587
5 16 2.2798796593302013
5 17 2.208380906824643
5 18 2.1741985960540524
5 19 2.1481273095204383
5 20 2.1506703016850257
5 21 2.1083132384994063
5 22 2.0704766962208447
5 23 2.0692430563468984
5 24 2.033247927509873
5 25 2.012686329212944
5 26 1.9521977545199303
5 27 1.9737978675117067
5 28 1.9214363200947207
5 29 1.8824423672891777
6 0 2.1481273095204383
6 1 2.196629054133548
6 2 2.24142174243153
6 3 2.2653714191324554
6 4 2.301578913092095
6 5 2.3115593964607117
6 6 2.364995493663269
6 7 2.3437120558810838
6 8 2.3519694125278994
6 9 2.3852732302309447
6 10 2.4043802319414733
6 11 2.3852732302309447
6 12 2.3519694125278994
6 13 2.3437120558810838
6 14 2.364995493663269
6 15 2.3115593964607117
6 16 2.301578913092095
6 17 2.2653714191324554
6 18 2.24142174243153
6 19 2.196629054133548
6 20 2.1481273095204383
6 21 2.1533690358286313
6 22 2.0936729862393415
6 23 2.115528256498523
6 24 2.04922507216736
6 25 2.013844053642017
6 26 1.9969379181576774
6 27 2.003067059506113
6 28 1.9245134337154328
6 29 1.8878727480434143
7 0 2.1741985960540524
7 1 2.24142174243153
7 2 2.292828714930366
7 3 2.276914597076052
7 4 2.3370361328125
7 5 2.368994629725327
7 6 2.3932145887371528
7 7 2.393557182839239
7 8 2.462950123380365
7 9 2.445557131147222
7 10 2.4632159634979485
7 11 2.445557131147222
7 12 2.462950123380365
7 13 2.393557182839239
7 14 2.3932145887371528
7 15 2.368994629725327
7 16 2.3370361328125
7 17 2.276914597076052
7 18 2.292828714930366
7 19 2.24142174243153
7 20 2.1741985960540524
7 21 2.2026342490087796
7 22 2.157436826052673
7 23 2.088894253387802
7 24 2.0467680801671517
7 25 2.055442877795641
7 26 2.0078378515508835
7 27 1.9641402378465718
7 28 1.9663159533013377
7 29 1.9065443890642304
8 0 2.208380906824643
8 1 2.2653714191324554
8 2 2.276914597076052
8 3 2.339965415402957
8 4 2.3519694125278994
8 5 2.4002799722707318
8 6 2.445557131147222
8 7 2.486688256606486
8 8 2.5134642686803916
8 9 2.5222064071934898
8 10 2.5073912371972504
8 11 2.5222064071934898
8 12 2.5134642686803916
8 13 2.486688256606486
8 14 2.445557131147222
8 15 2.4002799722707318
8 16 2.3519694125278994
8 17 2.339965415402957
8 18 2.276914597076052
8 19 2.2653714191324554
8 20 2.208380906824643
8 21 2.202252639712756
8 22 2.155637729163764
8 23 2.1183252971386723
8 24 2.0900951954951004
8 25 2.0507029491186293
8 26 2.01428352744803
8 27 1.984691991034228
8 28 1.9754910908107461
8 29 1.9190107095518254
9 0 2.2798796593302013
9 1 2.301578913092095
9 2 2.3370361328125
9 3 2.3519694125278994
9 4 2.4260830479345694
9 5 2.450539518320623
9 6 2.540773980171333
9 7 2.5290454969669836
9 8 2.5895499236898276
9 9 2.567381484483692
9 10 2.576035450479094
9 11 2.567381484483692
9 12 2.5895499236898276
9 13 2.5290454969669836
9 14 2.540773980171333
9 15 2.450539518320623
9 16 2.4260830479345694
9 17 2.3519694125278994
9 18 2.3370361328125
9 19 2.301578913092095
9 20 2.2798796593302013
9 21 2.1927276510790557
9 22 2.136543926911245
9 23 2.118652188789101
9 24 2.097581313370675
9 25 2.0572998414567873
9 26 2.0201315830941016
9 27 2.012686329212944
9 28 1.9576113465839127
9 29 1.9632615785837004
10 0 2.266761726685587
10 1 2.3115593964607117
10 2 2.368994629725327
10 3 2.4002799722707318
10 4 2.450539518320623
10 5 2.5222064071934898
10 6 2.5384537894694756
10 7 2.596022190395774
10 8 2.590130570790337
10 9 2.601797472192627
10 10 2.607640206986276
10 11 2.601797472192627
10 12 2.590130570790337
10 13 2.596022190395774
10 14 2.5384537894694756
10 15 2.5222064071934898
10 16 2.450539518320623
10 17 2.4002799722707318
10 18 2.368994629725327
10 19 2.3115593964607117
10 20 2.266761726685587
10 21 2.24878772627697
10 22 2.194819433502283
10 23 2.175401172733795
10 24 2.1083132384994063
10 25 2.115528256498523
10 26 2.0752694213679588
10 27 2.010379109650218
10 28 1.9321471157429577
10 29 1.967004320924343
11 0 2.29858356436144
11 1 2.364995493663269
11 2 2.3932145887371528
11 3 2.445557131147222
11 4 2.540773980171333
11 5 2.5384537894694756
11 6 2.6051740035075763
11 7 2.607640206986276
11 8 2.6009398787841715
11 9 2.6010734659570414
11 10 2.60275046965772
11 11 2.6010734659570414
11 12 2.6009398787841715
11 13 2.607640206986276
11 14 2.6051740035075763
11 15 2.5384537894694756
11 16 2.540773980171333
11 17 2.445557131147222
11 18 2.3932145887371528
11 19 2.364995493663269
11 20 2.29858356436144
11 21 2.2536891692320884
11 22 2.206670025162993
11 23 2.2026342490087796
11 24 2.105886450134177
11 25 2.0963947478659932
11 26 2.055704438617222
11 27 2.01428352744803
11 28 1.9582436872235363
11 29 1.9672062545985372
12 0 2.3075423654896494
12 1 2.3437120558810838
12 2 2.393557182839239
12 3 2.486688256606486
12 4 2.5290454969669836
12 5 2.596022190395774
12 6 2.607640206986276
12 7 2.597490086941976
12 8 2.603977445313722
12 9 2.5830078125
12 10 2.553585141047089
12 11 2.5830078125
12 12 2.603977445313722
12 13 2.597490086941976
12 14 2.607640206986276
12 15 2.596022190395774
12 16 2.5290454969669836
12 17 2.486688256606486
12 18 2.393557182839239
12 19 2.3437120558810838
12 20 2.3075423654896494
12 21 2.2653714191324554
12 22 2.2254578152542632
12 23 2.183396849839042
12 24 2.118652188789101
12 25 2.10044981079354
12 26 2.083334589493895
12 27 2.0283541061518355
12 28 2.0054566421837885
12 29 2.003067059506113
13 0 2.3313493428976853
13 1 2.3519694125278994
13 2 2.462950123380365
13 3 2.5134642686803916
13 4 2.5895499236898276
13 5 2.590130570790337
13 6 2.6009398787841715
13 7 2.603977445313722
13 8 2.550052225776463
13 9 2.433209018199235
13 10 2.3744785821638925
13 11 2.433209018199235
13 12 2.550052225776463
13 13 2.603977445313722
13 14 2.6009398787841715
13 15 2.590130570790337
13 16 2.5895499236898276
13 17 2.5134642686803916
13 18 2.462950123380365
13 19 2.3519694125278994
13 20 2.3313493428976853
13 21 2.266761726685587
13 22 2.2051584183081467
13 23 2.170890960543368
13 24 2.1506703016850257
13 25 2.123685429232116
13 26 2.0467680801671517
13 27 2.0116975619698194
13 28 1.996607449858068
13 29 1.971508517614114
14 0 2.34626794745266
14 1 2.3852732302309447
14 2 2.445557131147222
14 3 2.5222064071934898
14 4 2.567381484483692
14 5 2.601797472192627
14 6 2.6010734659570414
14 7 2.5830078125
14 8 2.433209018199235
14 9 2.160937983254858
14 10 1.948699951171875
14 11 2.160937983254858
14 12 2.433209018199235
14 13 2.5830078125
14 14 2.6010734659570414
14 15 2.601797472192627
14 16 2.567381484483692
14 17 2.5222064071934898
14 18 2.445557131147222
14 19 2.3852732302309447
14 20 2.34626794745266
14 21 2.2786655831516334
14 22 2.24142174243153
14 23 2.202252639712756
14 24 2.1404993675033492
14 25 2.0971227642582972
14 26 2.056379205747605
14 27 2.046990861253562
14 28 2.012686329212944
14 29 1.9391888412991434
15 0 2.3370361328125
15 1 2.4043802319414733
15 2 2.4632159634979485
15 3 2.5073912371972504
15 4 2.576035450479094
15 5 2.607640206986276
15 6 2.60275046965772
15 7 2.553585141047089
15 8 2.3744785821638925
15 9 1.948699951171875
15 10 2.40020751953125
15 11 1.948699951171875
15 12 2.3744785821638925
15 13 2.553585141047089
15 14 2.60275046965772
15 15 2.607640206986276
15 16 2.576035450479094
15 17 2.5073912371972504
15 18 2.4632159634979485
15 19 2.4043802319414733
15 20 2.3370361328125
15 21 2.2756217562252403
15 22 2.242406824795441
15 23 2.194819433502283
15 24 2.1534871255288657
15 25 2.0936729862393415
15 26 2.048860960488855
15 27 2.055442877795641
15 28 2.002209165857274
15 29 1.9395505204223842
16 0 2.34626794745266
16 1 2.3852732302309447
16 2 2.445557131147222
16 3 2.5222064071934898
16 4 2.567381484483692
16 5 2.601797472192627
16 6 2.6010734659570414
16 7 2.5830078125
16 8 2.433209018199235
16 9 2.160937983254858
16 10 1.948699951171875
16 11 2.160937983254858
16 12 2.433209018199235
16 13 2.5830078125
16 14 2.6010734659570414
16 15 2.601797472192627
16 16 2.567381484483692
16 17 2.5222064071934898
16 18 2.445557131147222
16 19 2.3852732302309447
16 20 2.34626794745266
16 21 2.2786655831516334
16 22 2.24142174243153
16 23 2.202252639712756
16 24 2.1404993675033492
16 25 2.0971227642582972
16 26 2.056379205747605
16 27 2.046990861253562
16 28 2.012686329212944
16 29 1.9391888412991434
17 0 2.3313493428976853
17 1 2.3519694125278994
17 2 2.462950123380365
17 3 2.5134642686803916
17 4 2.5895499236898276
17 5 2.590130570790337
17 6 2.6009398787841715
17 7 2.603977445313722
17 8 2.550052225776463
17 9 2.433209018199235
17 10 2.3744785821638925
17 11 2.433209018199235
17 12 2.550052225776463
17 13 2.603977445313722
17 14 2.6009398787841715
17 15 2.590130570790337
17 16 2.5895499236898276
17 17 2.5134642686803916
17 18 2.462950123380365
17 19 2.3519694125278994
17 20 2.3313493428976853
17 21 2.266761726685587
17 22 2.2051584183081467
17 23 2.170890960543368
17 24 2.1506703016850257
17 25 2.123685429232116
17 26 2.0467680801671517
17 27 2.0116975619698194
17 28 1.996607449858068
17 29 1.971508517614114
18 0 2.3075423654896494
18 1 2.3437120558810838
18 2 2.393557182839239
18 3 2.486688256606486
18 4 2.5290454969669836
18 5 2.596022190395774
18 6 2.607640206986276
18 7 2.597490086941976
18 8 2.603977445313722
18 9 2.5830078125
18 10 2.553585141047089
18 11 2.5830078125
18 12 2.603977445313722
18 13 2.597490086941976
18 14 2.607640206986276
18 15 2.596022190395774
18 16 2.5290454969669836
18 17 2.486688256606486
18 18 2.393557182839239
18 19 2.3437120558810838
18 20 2.3075423654896494
18 21 2.2653714191324554
18 22 2.2254578152542632
18 23 2.183396849839042
18 24 2.118652188789101
18 25 2.10044981079354
18 26 2.083334589493895
18 27 2.0283541061518355
18 28 2.0054566421837885
18 29 2.003067059506113
19 0 2.29858356436144
19 1 2.364995493663269
19 2 2.3932145887371528
19 3 2.445557131147222
19 4 2.540773980171333
19 5 2.5384537894694756
19 6 2.6051740035075763
19 7 2.607640206986276
19 8 2.6009398787841715
19 9 2.6010734659570414
19 10 2.60275046965772
19 11 2.6010734659570414
19 12 2.6009398787841715
19 13 2.607640206986276
19 14 2.6051740035075763
19 15 2.5384537894694756
19 16 2.540773980171333
19 17 2.445557131147222
19 18 2.3932145887371528
19 19 2.364995493663269
19 20 2.29858356436144
19 21 2.2536891692320884
19 22 2.206670025162993
19 23 2.2026342490087796
19 24 2.105886450134177
19 25 2.0963947478659932
19 26 2.055704438617222
19 27 2.01428352744803
19 28 1.9582436872235363
19 29 1.9672062545985372
20 0 2.266761726685587
20 1 2.3115593964607117
20 2 2.368994629725327
20 3 2.4002799722707318
20 4 2.450539518320623
20 5 2.5222064071934898
20 6 2.5384537894694756
20 7 2.596022190395774
20 8 2.590130570790337
20 9 2.601797472192627
20 10 2.607640206986276
20 11 2.601797472192627
20 12 2.590130570790337
20 13 2.596022190395774
20 14 2.5384537894694756
20 15 2.5222064071934898
20 16 2.450539518320623
20 17 2.4002799722707318
20 18 2.368994629725327
20 19 2.3115593964607117
20 20 2.266761726685587
20 21 2.24878772627697
20 22 2.194819433502283
20 23 2.175401172733795
20 24 2.1083132384994063
20 25 2.115528256498523
20 26 2.0752694213679588
20 27 2.010379109650218
20 28 1.9321471157429577
20 29 1.967004320924343
21 0 2.2798796593302013
21 1 2.301578913092095
21 2 2.3370361328125
21 3 2.3519694125278994
21 4 2.4260830479345694
21 5 2.450539518320623
21 6 2.540773980171333
21 7 2.5290454969669836
21 8 2.5895499236898276
21 9 2.567381484483692
21 10 2.576035450479094
21 11 2.567381484483692
21 12 2.5895499236898276
21 13 2.5290454969669836
21 14 2.540773980171333
21 15 2.450539518320623
21 16 2.4260830479345694
21 17 2.3519694125278994
21 18 2.3370361328125
21 19 2.301578913092095
21 20 2.2798796593302013
21 21 2.1927276510790557
21 22 2.136543926911245
21 23 2.118652188789101
21 24 2.097581313370675
21 25 2.0572998414567873
21 26 2.0201315830941016
21 27 2.012686329212944
21 28 1.9576113465839127
21 29 1.9632615785837004
22 0 2.208380906824643
22 1 2.2653714191324554
22 2 2.276914597076052
22 3 2.339965415402957
22 4 2.3519694125278994
22 5 2.4002799722707318
22 6 2.445557131147222
22 7 2.486688256606486
22 8 2.5134642686803916
22 9 2.5222064071934898
22 10 2.5073912371972504
22 11 2.5222064071934898
22 12 2.5134642686803916
22 13 2.486688256606486
22 14 2.445557131147222
22 15 2.4002799722707318
22 16 2.3519694125278994
22 17 2.339965415402957
22 18 2.276914597076052
22 19 2.2653714191324554
22 20 2.208380906824643
22 21 2.202252639712756
22 22 2.155637729163764
22 23 2.1183252971386723
22 24 2.0900951954951004
22 25 2.0507029491186293
22 26 2.01428352744803
22 27 1.984691991034228
22 28 1.9754910908107461
22 29 1.9190107095518254
23 0 2.1741985960540524
23 1 2.24142174243153
23 2 2.292828714930366
23 3 2.276914597076052
23 4 2.3370361328125
23 5 2.368994629725327
23 6 2.3932145887371528
23 7 2.393557182839239
23 8 2.462950123380365
23 9 2.445557131147222
23 10 2.4632159634979485
23 11 2.445557131147222
23 12 2.462950123380365
23 13 2.393557182839239
23 14 2.3932145887371528
23 15 2.368994629725327
23 16 2.3370361328125
23 17 2.276914597076052
23 18 2.292828714930366
23 19 2.24142174243153
23 20 2.1741985960540524
23 21 2.2026342490087796
23 22 2.157436826052673
23 23 2.088894253387802
23 24 2.0467680801671517
23 25 2.055442877795641
23 26 2.0078378515508835
23 27 1.9641402378465718
23 28 1.9663159533013377
23 29 1.9065443890642304
24 0 2.1481273095204383
24 1 2.196629054133548
24 2 2.24142174243153
24 3 2.2653714191324554
24 4 2.301578913092095
24 5 2.3115593964607117
24 6 2.364995493663269
24 7 2.3437120558810838
24 8 2.3519694125278994
24 9 2.3852732302309447
24 10 2.4043802319414733
24 11 2.3852732302309447
24 12 2.3519694125278994
24 13 2.3437120558810838
24 14 2.364995493663269
24 15 2.3115593964607117
24 16 2.301578913092095
24 17 2.2653714191324554
24 18 2.24142174243153
24 19 2.196629054133548
24 20 2.1481273095204383
24 21 2.1533690358286313
24 22 2.0936729862393415
24 23 2.115528256498523
24 24 2.04922507216736
24 25 2.013844053642017
24 26 1.9969379181576774
24 27 2.003067059506113
24 28 1.9245134337154328
24 29 1.8878727480434143
25 0 2.1506703016850257
25 1 2.1481273095204383
25 2 2.1741985960540524
25 3 2.208380906824643
25 4 2.2798796593302013
25 5 2.266761726685587
25 6 2.29858356436144
25 7 2.3075423654896494
25 8 2.3313493428976853
25 9 2.34626794745266
25 10 2.3370361328125
25 11 2.34626794745266
25 12 2.3313493428976853
25 13 2.3075423654896494
25 14 2.29858356436144
25 15 2.266761726685587
25 16 2.2798796593302013
25 17 2.208380906824643
25 18 2.1741985960540524
25 19 2.1481273095204383
25 20 2.1506703016850257
25 21 2.1083132384994063
25 22 2.0704766962208447
25 23 2.0692430563468984
25 24 2.033247927509873
25 25 2.012686329212944
25 26 1.9521977545199303
25 27 1.9737978675117067
25 28 1.9214363200947207
25 29 1.8824423672891777
26 0 2.1083132384994063
26 1 2.1533690358286313
26 2 2.2026342490087796
26 3 2.202252639712756
26 4 2.1927276510790557
26 5 2.24878772627697
26 6 2.2536891692320884
26 7 2.2653714191324554
26 8 2.266761726685587
26 9 2.2786655831516334
26 10 2.2756217562252403
26 11 2.2786655831516334
26 12 2.266761726685587
26 13 2.2653714191324554
26 14 2.2536891692320884
26 15 2.24878772627697
26 16 2.1927276510790557
26 17 2.202252639712756
26 18 2.2026342490087796
26 19 2.1533690358286313
26 20 2.1083132384994063
26 21 2.0917868899060896
26 22 2.083334589493895
26 23 2.046990861253562
26 24 2.034885619190853
26 25 1.9480568891579397
26 26 1.9672062545985372
26 27 1.9190107095518254
26 28 1.8831232450354083
26 29 1.8689837330405992
27 0 2.0704766962208447
27 1 2.0936729862393415
27 2 2.157436826052673
27 3 2.155637729163764
27 4 2.136543926911245
27 5 2.194819433502283
27 6 2.206670025162993
27 7 2.2254578152542632
27 8 2.2051584183081467
27 9 2.24142174243153
27 10 2.242406824795441
27 11 2.24142174243153
27 12 2.2051584183081467
27 13 2.2254578152542632
27 14 2.206670025162993
27 15 2.194819433502283
27 16 2.136543926911245
27 17 2.155637729163764
27 18 2.157436826052673
27 19 2.0936729862393415
27 20 2.0704766962208447
27 21 2.083334589493895
27 22 2.0678922676640124
27 23 2.0177548769787705
27 24 1.9582436872235363
27 25 1.9700589116086986
27 26 1.9554250850479267
27 27 1.9080049566140194
27 28 1.9123707902394462
27 29 1.8524252659587437
28 0 2.0692430563468984
28 1 2.115528256498523
28 2 2.088894253387802
28 3 2.1183252971386723
28 4 2.118652188789101
28 5 2.175401172733795
28 6 2.2026342490087796
28 7 2.183396849839042
28 8 2.170890960543368
28 9 2.202252639712756
28 10 2.194819433502283
28 11 2.202252639712756
28 12 2.170890960543368
28 13 2.183396849839042
28 14 2.2026342490087796
28 15 2.175401172733795
28 16 2.118652188789101
28 17 2.1183252971386723
28 18 2.088894253387802
28 19 2.115528256498523
28 20 2.0692430563468984
28 21 2.046990861253562
28 22 2.0177548769787705
28 23 1.984691991034228
28 24 1.971508517614114
28 25 1.9574311931889918
28 26 1.9065443890642304
28 27 1.8861865719440392
28 28 1.8554979155934908
28 29 1.8357182553062878
29 0 2.033247927509873
29 1 2.04922507216736
29 2 2.0467680801671517
29 3 2.0900951954951004
29 4 2.097581313370675
29 5 2.1083132384994063
29 6 2.105886450134177
29 7 2.118652188789101
29 8 2.1506703016850257
29 9 2.1404993675033492
29 10 2.1534871255288657
29 11 2.1404993675033492
29 12 2.1506703016850257
29 13 2.118652188789101
29 14 2.105886450134177
29 15 2.1083132384994063
29 16 2.097581313370675
29 17 2.0900951954951004
29 18 2.0467680801671517
29 19 2.04922507216736
29 20 2.033247927509873
29 21 2.034885619190853
29 22 1.9582436872235363
29 23 1.971508517614114
29 24 1.954196342777421
29 25 1.922366116123767
29 26 1.8956358252928638
29 27 1.8575881848106135
29 28 1.8275905802966421
29 29 1.8189086911009023
