0 0 2.1186171886452043
0 1 2.2762600606318943
0 2 2.2210756533849985
0 3 2.2209273150122657
0 4 2.1416812802665386
0 5 2.1276169893928003
0 6 2.2438290605771853
0 7 2.177344890572109
0 8 2.231085551130305
0 9 2.1539113884355046
0 10 2.1910531251341943
0 11 2.1539113884355046
0 12 2.231085551130305
0 13 2.177344890572109
0 14 2.2438290605771853
0 15 2.1276169893928003
0 16 2.1416812802665386
0 17 2.2209273150122657
0 18 2.2210756533849985
0 19 2.2762600606318943
0 20 2.1186171886452043
0 21 2.125511464081234
0 22 2.0260097626110385
0 23 2.216402369522034
0 24 2.3757176394606474
0 25 2.1189530975127484
0 26 2.2249769842116085
0 27 2.2474555016041666
0 28 2.2009315976542645
0 29 2.1244074593834816
1 0 2.09999344987301
1 1 2.2793626535142804
1 2 2.174377086638054
1 3 2.2333353102442817
1 4 2.190717163192153
1 5 2.140811323100553
1 6 2.1466192634830006
1 7 2.098241281382655
1 8 2.078095400820179
1 9 2.1159429694057965
1 10 2.165769371491958
1 11 2.1159429694057965
1 12 2.078095400820179
1 13 2.098241281382655
1 14 2.1466192634830006
1 15 2.140811323100553
1 16 2.190717163192153
1 17 2.2333353102442817
1 18 2.174377086638054
1 19 2.2793626535142804
1 20 2.09999344987301
1 21 2.1876012065960144
1 22 2.264219263352214
1 23 2.102156565866569
1 24 2.2523603670631203
1 25 2.3757176394606474
1 26 2.106692316566533
1 27 2.2198564200226416
1 28 2.167027655545861
1 29 2.198722782946736
2 0 2.0772633782707235
2 1 2.1276169893928003
2 2 2.141521434190208
2 3 2.1915111999188954
2 4 2.098241281382655
2 5 2.1303363650123797
2 6 2.1574309341970324
2 7 2.058778444730304
2 8 2.090411162576456
2 9 2.053507620895384
2 10 2.0770183904611996
2 11 2.053507620895384
2 12 2.090411162576456
2 13 2.058778444730304
2 14 2.1574309341970324
2 15 2.1303363650123797
2 16 2.098241281382655
2 17 2.1915111999188954
2 18 2.141521434190208
2 19 2.1276169893928003
2 20 2.0772633782707235
2 21 2.2724391724832427
2 22 2.1973975886035406
2 23 2.253267225641845
2 24 2.102156565866569
2 25 2.216402369522034
2 26 2.2730753603427694
2 27 2.1009216585961297
2 28 2.1673139553509033
2 29 2.1718356823341995
3 0 2.2379713997162933
3 1 2.1910531251341943
3 2 2.1941418004089566
3 3 2.126950535049417
3 4 2.1159606520855108
3 5 2.0770183904611996
3 6 2.1008991874907066
3 7 2.074667449267409
3 8 2.1384617553725507
3 9 2.0316797637403115
3 10 2.071198854932102
3 11 2.0316797637403115
3 12 2.1384617553725507
3 13 2.074667449267409
3 14 2.1008991874907066
3 15 2.0770183904611996
3 16 2.1159606520855108
3 17 2.126950535049417
3 18 2.1941418004089566
3 19 2.1910531251341943
3 20 2.2379713997162933
3 21 2.111433514593042
3 22 2.2435433483150096
3 23 2.1973975886035406
3 24 2.264219263352214
3 25 2.0260097626110385
3 26 2.1692234343367414
3 27 2.219694315938752
3 28 2.2291675676124454
3 29 2.2213730367721034
4 0 2.140811323100553
4 1 2.1370246788204446
4 2 2.1574309341970324
4 3 2.053507620895384
4 4 2.0359559298134604
4 5 2.1048486232035835
4 6 2.0735615962265497
4 7 2.0573271051304953
4 8 2.065576090162842
4 9 2.0497440870664927
4 10 2.0550257696523855
4 11 2.0497440870664927
4 12 2.065576090162842
4 13 2.0573271051304953
4 14 2.0735615962265497
4 15 2.1048486232035835
4 16 2.0359559298134604
4 17 2.053507620895384
4 18 2.1574309341970324
4 19 2.1370246788204446
4 20 2.140811323100553
4 21 2.243219338499677
4 22 2.111433514593042
4 23 2.2724391724832427
4 24 2.1876012065960144
4 25 2.125511464081234
4 26 2.1955864525663795
4 27 2.227962662283125
4 28 2.219429866768443
4 29 2.1822481545146553
5 0 2.078095400820179
5 1 2.1933943601042025
5 2 2.0044040390288784
5 3 2.0583776754176863
5 4 2.138434919436094
5 5 2.065576090162842
5 6 2.0139063181306724
5 7 2.083375036245489
5 8 2.054315143101799
5 9 2.0313684731585133
5 10 2.0166015625
5 11 2.0313684731585133
5 12 2.054315143101799
5 13 2.083375036245489
5 14 2.0139063181306724
5 15 2.065576090162842
5 16 2.138434919436094
5 17 2.0583776754176863
5 18 2.0044040390288784
5 19 2.1933943601042025
5 20 2.078095400820179
5 21 2.140811323100553
5 22 2.2379713997162933
5 23 2.0772633782707235
5 24 2.09999344987301
5 25 2.1186171886452043
5 26 2.129312470151779
5 27 2.247664766869129
5 28 2.3395626448116893
5 29 2.128987207380981
6 0 2.1933943601042025
6 1 2.051568644898314
6 2 2.0316797637403115
6 3 2.0573271051304953
6 4 2.0625362502433755
6 5 2.048688691614581
6 6 2.0867607297028843
6 7 2.02225797115244
6 8 2.0887214599330335
6 9 2.033861716257664
6 10 1.9931900932656137
6 11 2.033861716257664
6 12 2.0887214599330335
6 13 2.02225797115244
6 14 2.0867607297028843
6 15 2.048688691614581
6 16 2.0625362502433755
6 17 2.0573271051304953
6 18 2.0316797637403115
6 19 2.051568644898314
6 20 2.1933943601042025
6 21 2.1370246788204446
6 22 2.1910531251341943
6 23 2.1276169893928003
6 24 2.2793626535142804
6 25 2.2762600606318943
6 26 2.2793930341780015
6 27 2.0452678843756686
6 28 2.241526543678695
6 29 2.183610389621864
7 0 2.0044040390288784
7 1 2.0316797637403115
7 2 2.1066678513786803
7 3 1.9981303610280994
7 4 2.0166015625
7 5 1.9978306209808956
7 6 2.0141987036430336
7 7 2.0222182386407948
7 8 2.014544461486071
7 9 2.036502059435153
7 10 2.015358515589231
7 11 2.036502059435153
7 12 2.014544461486071
7 13 2.0222182386407948
7 14 2.0141987036430336
7 15 1.9978306209808956
7 16 2.0166015625
7 17 1.9981303610280994
7 18 2.1066678513786803
7 19 2.0316797637403115
7 20 2.0044040390288784
7 21 2.1574309341970324
7 22 2.1941418004089566
7 23 2.141521434190208
7 24 2.174377086638054
7 25 2.2210756533849985
7 26 2.1782959514851146
7 27 2.228979197235408
7 28 2.218708747307181
7 29 2.2730753603427694
8 0 2.0583776754176863
8 1 2.0573271051304953
8 2 1.9981303610280994
8 3 2.058699005781852
8 4 2.0887214599330335
8 5 2.0042228961571564
8 6 2.036502059435153
8 7 1.988688077330498
8 8 1.9961169412929967
8 9 1.9908051456072289
8 10 2.03558229888122
8 11 1.9908051456072289
8 12 1.9961169412929967
8 13 1.988688077330498
8 14 2.036502059435153
8 15 2.0042228961571564
8 16 2.0887214599330335
8 17 2.058699005781852
8 18 1.9981303610280994
8 19 2.0573271051304953
8 20 2.0583776754176863
8 21 2.053507620895384
8 22 2.126950535049417
8 23 2.1915111999188954
8 24 2.2333353102442817
8 25 2.2209273150122657
8 26 2.175346672288396
8 27 2.253267225641845
8 28 2.15597289851143
8 29 2.227962662283125
9 0 2.138434919436094
9 1 2.0625362502433755
9 2 2.0166015625
9 3 2.0887214599330335
9 4 2.0424436800671084
9 5 2.04762062177734
9 6 2.009501030686689
9 7 1.9887086487674774
9 8 2.002555172025176
9 9 2.0309983386529558
9 10 2.034250216846586
9 11 2.0309983386529558
9 12 2.002555172025176
9 13 1.9887086487674774
9 14 2.009501030686689
9 15 2.04762062177734
9 16 2.0424436800671084
9 17 2.0887214599330335
9 18 2.0166015625
9 19 2.0625362502433755
9 20 2.138434919436094
9 21 2.0359559298134604
9 22 2.1159606520855108
9 23 2.098241281382655
9 24 2.190717163192153
9 25 2.1416812802665386
9 26 2.187644962146327
9 27 2.1186171886452043
9 28 2.1159114102705074
9 29 2.191820389224788
10 0 2.065576090162842
10 1 2.048688691614581
10 2 1.9978306209808956
10 3 2.0042228961571564
10 4 2.04762062177734
10 5 1.9908051456072289
10 6 1.9692179263779634
10 7 2.055849004158901
10 8 2.0518618731305334
10 9 2.096021006290413
10 10 2.0891281195650726
10 11 2.096021006290413
10 12 2.0518618731305334
10 13 2.055849004158901
10 14 1.9692179263779634
10 15 1.9908051456072289
10 16 2.04762062177734
10 17 2.0042228961571564
10 18 1.9978306209808956
10 19 2.048688691614581
10 20 2.065576090162842
10 21 2.1048486232035835
10 22 2.0770183904611996
10 23 2.1303363650123797
10 24 2.140811323100553
10 25 2.1276169893928003
10 26 2.2552060763998627
10 27 2.2306674424944175
10 28 2.1853657841498624
10 29 2.1999132902676233
11 0 2.0139063181306724
11 1 2.0867607297028843
11 2 2.0141987036430336
11 3 2.036502059435153
11 4 2.009501030686689
11 5 1.9692179263779634
11 6 2.0402240659602793
11 7 2.0891281195650726
11 8 2.1075366497465238
11 9 2.1031469136772065
11 10 2.1102739182691024
11 11 2.1031469136772065
11 12 2.1075366497465238
11 13 2.0891281195650726
11 14 2.0402240659602793
11 15 1.9692179263779634
11 16 2.009501030686689
11 17 2.036502059435153
11 18 2.0141987036430336
11 19 2.0867607297028843
11 20 2.0139063181306724
11 21 2.0735615962265497
11 22 2.1008991874907066
11 23 2.1574309341970324
11 24 2.1466192634830006
11 25 2.2438290605771853
11 26 2.183935514710304
11 27 2.175346672288396
11 28 2.264219263352214
11 29 2.1955864525663795
12 0 2.083375036245489
12 1 2.02225797115244
12 2 2.0222182386407948
12 3 1.988688077330498
12 4 1.9887086487674774
12 5 2.055849004158901
12 6 2.0891281195650726
12 7 2.124789434177285
12 8 2.1106175781332106
12 9 2.113037109375
12 10 2.0882924639043745
12 11 2.113037109375
12 12 2.1106175781332106
12 13 2.124789434177285
12 14 2.0891281195650726
12 15 2.055849004158901
12 16 1.9887086487674774
12 17 1.988688077330498
12 18 2.0222182386407948
12 19 2.02225797115244
12 20 2.083375036245489
12 21 2.0573271051304953
12 22 2.074667449267409
12 23 2.058778444730304
12 24 2.098241281382655
12 25 2.177344890572109
12 26 2.111433514593042
12 27 2.0950697296727845
12 28 2.2258690774755503
12 29 2.0452678843756686
13 0 2.054315143101799
13 1 2.0887214599330335
13 2 2.014544461486071
13 3 1.9961169412929967
13 4 2.002555172025176
13 5 2.0518618731305334
13 6 2.1075366497465238
13 7 2.1106175781332106
13 8 2.089214299315891
13 9 2.1748151401603786
13 10 2.268120394187852
13 11 2.1748151401603786
13 12 2.089214299315891
13 13 2.1106175781332106
13 14 2.1075366497465238
13 15 2.0518618731305334
13 16 2.002555172025176
13 17 1.9961169412929967
13 18 2.014544461486071
13 19 2.0887214599330335
13 20 2.054315143101799
13 21 2.065576090162842
13 22 2.1384617553725507
13 23 2.090411162576456
13 24 2.078095400820179
13 25 2.231085551130305
13 26 2.174377086638054
13 27 2.145279065093683
13 28 2.178656890281202
13 29 2.102156565866569
14 0 2.0313684731585133
14 1 2.033861716257664
14 2 2.036502059435153
14 3 1.9908051456072289
14 4 2.0309983386529558
14 5 2.096021006290413
14 6 2.1031469136772065
14 7 2.113037109375
14 8 2.1748151401603786
14 9 2.7343564161578673
14 10 3.40301513671875
14 11 2.7343564161578673
14 12 2.1748151401603786
14 13 2.113037109375
14 14 2.1031469136772065
14 15 2.096021006290413
14 16 2.0309983386529558
14 17 1.9908051456072289
14 18 2.036502059435153
14 19 2.033861716257664
14 20 2.0313684731585133
14 21 2.0497440870664927
14 22 2.0316797637403115
14 23 2.053507620895384
14 24 2.1159429694057965
14 25 2.1539113884355046
14 26 2.159952339337827
14 27 2.2724391724832427
14 28 2.1186171886452043
14 29 2.079738260612766
15 0 2.0166015625
15 1 1.9931900932656137
15 2 2.015358515589231
15 3 2.03558229888122
15 4 2.034250216846586
15 5 2.0891281195650726
15 6 2.1102739182691024
15 7 2.0882924639043745
15 8 2.268120394187852
15 9 3.40301513671875
15 10 3.8671875
15 11 3.40301513671875
15 12 2.268120394187852
15 13 2.0882924639043745
15 14 2.1102739182691024
15 15 2.0891281195650726
15 16 2.034250216846586
15 17 2.03558229888122
15 18 2.015358515589231
15 19 1.9931900932656137
15 20 2.0166015625
15 21 2.0550257696523855
15 22 2.071198854932102
15 23 2.0770183904611996
15 24 2.165769371491958
15 25 2.1910531251341943
15 26 2.160507286759971
15 27 2.2210756533849985
15 28 2.1309367581230725
15 29 2.0879905247730077
16 0 2.0313684731585133
16 1 2.033861716257664
16 2 2.036502059435153
16 3 1.9908051456072289
16 4 2.0309983386529558
16 5 2.096021006290413
16 6 2.1031469136772065
16 7 2.113037109375
16 8 2.1748151401603786
16 9 2.7343564161578673
16 10 3.40301513671875
16 11 2.7343564161578673
16 12 2.1748151401603786
16 13 2.113037109375
16 14 2.1031469136772065
16 15 2.096021006290413
16 16 2.0309983386529558
16 17 1.9908051456072289
16 18 2.036502059435153
16 19 2.033861716257664
16 20 2.0313684731585133
16 21 2.0497440870664927
16 22 2.0316797637403115
16 23 2.053507620895384
16 24 2.1159429694057965
16 25 2.1539113884355046
16 26 2.159952339337827
16 27 2.2724391724832427
16 28 2.1186171886452043
16 29 2.079738260612766
17 0 2.054315143101799
17 1 2.0887214599330335
17 2 2.014544461486071
17 3 1.9961169412929967
17 4 2.002555172025176
17 5 2.0518618731305334
17 6 2.1075366497465238
17 7 2.1106175781332106
17 8 2.089214299315891
17 9 2.1748151401603786
17 10 2.268120394187852
17 11 2.1748151401603786
17 12 2.089214299315891
17 13 2.1106175781332106
17 14 2.1075366497465238
17 15 2.0518618731305334
17 16 2.002555172025176
17 17 1.9961169412929967
17 18 2.014544461486071
17 19 2.0887214599330335
17 20 2.054315143101799
17 21 2.065576090162842
17 22 2.1384617553725507
17 23 2.090411162576456
17 24 2.078095400820179
17 25 2.231085551130305
17 26 2.174377086638054
17 27 2.145279065093683
17 28 2.178656890281202
17 29 2.102156565866569
18 0 2.083375036245489
18 1 2.02225797115244
18 2 2.0222182386407948
18 3 1.988688077330498
18 4 1.9887086487674774
18 5 2.055849004158901
18 6 2.0891281195650726
18 7 2.124789434177285
18 8 2.1106175781332106
18 9 2.113037109375
18 10 2.0882924639043745
18 11 2.113037109375
18 12 2.1106175781332106
18 13 2.124789434177285
18 14 2.0891281195650726
18 15 2.055849004158901
18 16 1.9887086487674774
18 17 1.988688077330498
18 18 2.0222182386407948
18 19 2.02225797115244
18 20 2.083375036245489
18 21 2.0573271051304953
18 22 2.074667449267409
18 23 2.058778444730304
18 24 2.098241281382655
18 25 2.177344890572109
18 26 2.111433514593042
18 27 2.0950697296727845
18 28 2.2258690774755503
18 29 2.0452678843756686
19 0 2.0139063181306724
19 1 2.0867607297028843
19 2 2.0141987036430336
19 3 2.036502059435153
19 4 2.009501030686689
19 5 1.9692179263779634
19 6 2.0402240659602793
19 7 2.0891281195650726
19 8 2.1075366497465238
19 9 2.1031469136772065
19 10 2.1102739182691024
19 11 2.1031469136772065
19 12 2.1075366497465238
19 13 2.0891281195650726
19 14 2.0402240659602793
19 15 1.9692179263779634
19 16 2.009501030686689
19 17 2.036502059435153
19 18 2.0141987036430336
19 19 2.0867607297028843
19 20 2.0139063181306724
19 21 2.0735615962265497
19 22 2.1008991874907066
19 23 2.1574309341970324
19 24 2.1466192634830006
19 25 2.2438290605771853
19 26 2.183935514710304
19 27 2.175346672288396
19 28 2.264219263352214
19 29 2.1955864525663795
20 0 2.065576090162842
20 1 2.048688691614581
20 2 1.9978306209808956
20 3 2.0042228961571564
20 4 2.04762062177734
20 5 1.9908051456072289
20 6 1.9692179263779634
20 7 2.055849004158901
20 8 2.0518618731305334
20 9 2.096021006290413
20 10 2.0891281195650726
20 11 2.096021006290413
20 12 2.0518618731305334
20 13 2.055849004158901
20 14 1.9692179263779634
20 15 1.9908051456072289
20 16 2.04762062177734
20 17 2.0042228961571564
20 18 1.9978306209808956
20 19 2.048688691614581
20 20 2.065576090162842
20 21 2.1048486232035835
20 22 2.0770183904611996
20 23 2.1303363650123797
20 24 2.140811323100553
20 25 2.1276169893928003
20 26 2.2552060763998627
20 27 2.2306674424944175
20 28 2.1853657841498624
20 29 2.1999132902676233
21 0 2.138434919436094
21 1 2.0625362502433755
21 2 2.0166015625
21 3 2.0887214599330335
21 4 2.0424436800671084
21 5 2.04762062177734
21 6 2.009501030686689
21 7 1.9887086487674774
21 8 2.002555172025176
21 9 2.0309983386529558
21 10 2.034250216846586
21 11 2.0309983386529558
21 12 2.002555172025176
21 13 1.9887086487674774
21 14 2.009501030686689
21 15 2.04762062177734
21 16 2.0424436800671084
21 17 2.0887214599330335
21 18 2.0166015625
21 19 2.0625362502433755
21 20 2.138434919436094
21 21 2.0359559298134604
21 22 2.1159606520855108
21 23 2.098241281382655
21 24 2.190717163192153
21 25 2.1416812802665386
21 26 2.187644962146327
21 27 2.1186171886452043
21 28 2.1159114102705074
21 29 2.191820389224788
22 0 2.0583776754176863
22 1 2.0573271051304953
22 2 1.9981303610280994
22 3 2.058699005781852
22 4 2.0887214599330335
22 5 2.0042228961571564
22 6 2.036502059435153
22 7 1.988688077330498
22 8 1.9961169412929967
22 9 1.9908051456072289
22 10 2.03558229888122
22 11 1.9908051456072289
22 12 1.9961169412929967
22 13 1.988688077330498
22 14 2.036502059435153
22 15 2.0042228961571564
22 16 2.0887214599330335
22 17 2.058699005781852
22 18 1.9981303610280994
22 19 2.0573271051304953
22 20 2.0583776754176863
22 21 2.053507620895384
22 22 2.126950535049417
22 23 2.1915111999188954
22 24 2.2333353102442817
22 25 2.2209273150122657
22 26 2.175346672288396
22 27 2.253267225641845
22 28 2.15597289851143
22 29 2.227962662283125
23 0 2.0044040390288784
23 1 2.0316797637403115
23 2 2.1066678513786803
23 3 1.9981303610280994
23 4 2.0166015625
23 5 1.9978306209808956
23 6 2.0141987036430336
23 7 2.0222182386407948
23 8 2.014544461486071
23 9 2.036502059435153
23 10 2.015358515589231
23 11 2.036502059435153
23 12 2.014544461486071
23 13 2.0222182386407948
23 14 2.0141987036430336
23 15 1.9978306209808956
23 16 2.0166015625
23 17 1.9981303610280994
23 18 2.1066678513786803
23 19 2.0316797637403115
23 20 2.0044040390288784
23 21 2.1574309341970324
23 22 2.1941418004089566
23 23 2.141521434190208
23 24 2.174377086638054
23 25 2.2210756533849985
23 26 2.1782959514851146
23 27 2.228979197235408
23 28 2.218708747307181
23 29 2.2730753603427694
24 0 2.1933943601042025
24 1 2.051568644898314
24 2 2.0316797637403115
24 3 2.0573271051304953
24 4 2.0625362502433755
24 5 2.048688691614581
24 6 2.0867607297028843
24 7 2.02225797115244
24 8 2.0887214599330335
24 9 2.033861716257664
24 10 1.9931900932656137
24 11 2.033861716257664
24 12 2.0887214599330335
24 13 2.02225797115244
24 14 2.0867607297028843
24 15 2.048688691614581
24 16 2.0625362502433755
24 17 2.0573271051304953
24 18 2.0316797637403115
24 19 2.051568644898314
24 20 2.1933943601042025
24 21 2.1370246788204446
24 22 2.1910531251341943
24 23 2.1276169893928003
24 24 2.2793626535142804
24 25 2.2762600606318943
24 26 2.2793930341780015
24 27 2.0452678843756686
24 28 2.241526543678695
24 29 2.183610389621864
25 0 2.078095400820179
25 1 2.1933943601042025
25 2 2.0044040390288784
25 3 2.0583776754176863
25 4 2.138434919436094
25 5 2.065576090162842
25 6 2.0139063181306724
25 7 2.083375036245489
25 8 2.054315143101799
25 9 2.0313684731585133
25 10 2.0166015625
25 11 2.0313684731585133
25 12 2.054315143101799
25 13 2.083375036245489
25 14 2.0139063181306724
25 15 2.065576090162842
25 16 2.138434919436094
25 17 2.0583776754176863
25 18 2.0044040390288784
25 19 2.1933943601042025
25 20 2.078095400820179
25 21 2.140811323100553
25 22 2.2379713997162933
25 23 2.0772633782707235
25 24 2.09999344987301
25 25 2.1186171886452043
25 26 2.129312470151779
25 27 2.247664766869129
25 28 2.3395626448116893
25 29 2.128987207380981
26 0 2.140811323100553
26 1 2.1370246788204446
26 2 2.1574309341970324
26 3 2.053507620895384
26 4 2.0359559298134604
26 5 2.1048486232035835
26 6 2.0735615962265497
26 7 2.0573271051304953
26 8 2.065576090162842
26 9 2.0497440870664927
26 10 2.0550257696523855
26 11 2.0497440870664927
26 12 2.065576090162842
26 13 2.0573271051304953
26 14 2.0735615962265497
26 15 2.1048486232035835
26 16 2.0359559298134604
26 17 2.053507620895384
26 18 2.1574309341970324
26 19 2.1370246788204446
26 20 2.140811323100553
26 21 2.243219338499677
26 22 2.111433514593042
26 23 2.2724391724832427
26 24 2.1876012065960144
26 25 2.125511464081234
26 26 2.1955864525663795
26 27 2.227962662283125
26 28 2.219429866768443
26 29 2.1822481545146553
27 0 2.2379713997162933
27 1 2.1910531251341943
27 2 2.1941418004089566
27 3 2.126950535049417
27 4 2.1159606520855108
27 5 2.0770183904611996
27 6 2.1008991874907066
27 7 2.074667449267409
27 8 2.1384617553725507
27 9 2.0316797637403115
27 10 2.071198854932102
27 11 2.0316797637403115
27 12 2.1384617553725507
27 13 2.074667449267409
27 14 2.1008991874907066
27 15 2.0770183904611996
27 16 2.1159606520855108
27 17 2.126950535049417
27 18 2.1941418004089566
27 19 2.1910531251341943
27 20 2.2379713997162933
27 21 2.111433514593042
27 22 2.2435433483150096
27 23 2.1973975886035406
27 24 2.264219263352214
27 25 2.0260097626110385
27 26 2.1692234343367414
27 27 2.219694315938752
27 28 2.2291675676124454
27 29 2.2213730367721034
28 0 2.0772633782707235
28 1 2.1276169893928003
28 2 2.141521434190208
28 3 2.1915111999188954
28 4 2.098241281382655
28 5 2.1303363650123797
28 6 2.1574309341970324
28 7 2.058778444730304
28 8 2.090411162576456
28 9 2.053507620895384
28 10 2.0770183904611996
28 11 2.053507620895384
28 12 2.090411162576456
28 13 2.058778444730304
28 14 2.1574309341970324
28 15 2.1303363650123797
28 16 2.098241281382655
28 17 2.1915111999188954
28 18 2.141521434190208
28 19 2.1276169893928003
28 20 2.0772633782707235
28 21 2.2724391724832427
28 22 2.1973975886035406
28 23 2.253267225641845
28 24 2.102156565866569
28 25 2.216402369522034
28 26 2.2730753603427694
28 27 2.1009216585961297
28 28 2.1673139553509033
28 29 2.1718356823341995
29 0 2.09999344987301
29 1 2.2793626535142804
29 2 2.174377086638054
29 3 2.2333353102442817
29 4 2.190717163192153
29 5 2.140811323100553
29 6 2.1466192634830006
29 7 2.098241281382655
29 8 2.078095400820179
29 9 2.1159429694057965
29 10 2.165769371491958
29 11 2.1159429694057965
29 12 2.078095400820179
29 13 2.098241281382655
29 14 2.1466192634830006
29 15 2.140811323100553
29 16 2.190717163192153
29 17 2.2333353102442817
29 18 2.174377086638054
29 19 2.2793626535142804
29 20 2.09999344987301
29 21 2.1876012065960144
29 22 2.264219263352214
29 23 2.102156565866569
29 24 2.2523603670631203
29 25 2.3757176394606474
29 26 2.106692316566533
29 27 2.2198564200226416
29 28 2.167027655545861
29 29 2.198722782946736
