0 0 33.99291578940268
0 1 33.68467289724613
0 2 34.35582969332986
0 3 34.57357003279689
0 4 34.74908013460605
0 5 34.91226059867277
0 6 35.0287769816838
0 7 35.1289101304199
0 8 35.308296678378234
0 9 35.338749559416414
0 10 35.21915023363853
0 11 35.338749559416414
0 12 35.308296678378234
0 13 35.1289101304199
0 14 35.0287769816838
0 15 34.91226059867277
0 16 34.74908013460605
0 17 34.57357003279689
0 18 34.35582969332986
0 19 33.68467289724613
0 20 33.99291578940268
0 21 33.219496425640656
0 22 33.0129652791349
0 23 32.64795871295948
0 24 31.97198382605844
0 25 31.85789812421361
0 26 30.895174345759806
0 27 31.045977962381723
0 28 30.751905378335977
0 29 30.186745922412374
1 0 34.109950533041676
1 1 34.32451995880328
1 2 34.757879935759505
1 3 34.926378401941285
1 4 35.3754253930622
1 5 35.16292753844097
1 6 35.74711699492754
1 7 36.053826842746325
1 8 35.948086107252365
1 9 36.1142761354676
1 10 36.09342680354084
1 11 36.1142761354676
1 12 35.948086107252365
1 13 36.053826842746325
1 14 35.74711699492754
1 15 35.16292753844097
1 16 35.3754253930622
1 17 34.926378401941285
1 18 34.757879935759505
1 19 34.32451995880328
1 20 34.109950533041676
1 21 33.82749426990174
1 22 33.03746607799708
1 23 33.13155918390076
1 24 32.75307367104288
1 25 31.97198382605844
1 26 31.755288595304357
1 27 31.062574210733494
1 28 31.097805718877595
1 29 30.65996769553504
2 0 34.67987199862011
2 1 34.91226059867277
2 2 35.36546549921674
2 3 35.779774692553396
2 4 36.053826842746325
2 5 36.379590233288326
2 6 36.622903782026576
2 7 36.6810670772959
2 8 36.81434860845407
2 9 37.087091358464725
2 10 37.03499458414398
2 11 37.087091358464725
2 12 36.81434860845407
2 13 36.6810670772959
2 14 36.622903782026576
2 15 36.379590233288326
2 16 36.053826842746325
2 17 35.779774692553396
2 18 35.36546549921674
2 19 34.91226059867277
2 20 34.67987199862011
2 21 34.284104249299425
2 22 34.269080370055576
2 23 33.05055239994909
2 24 33.13155918390076
2 25 32.64795871295948
2 26 32.01361226063589
2 27 31.432573765073588
2 28 31.2124006216432
2 29 30.79640015161722
3 0 34.93576273389402
3 1 35.21915023363853
3 2 36.150321410455376
3 3 36.096686537023636
3 4 36.78642876855277
3 5 37.03499458414398
3 6 37.06541982115885
3 7 37.43760810708106
3 8 37.65026622714401
3 9 37.899645104801294
3 10 37.983114484803224
3 11 37.899645104801294
3 12 37.65026622714401
3 13 37.43760810708106
3 14 37.06541982115885
3 15 37.03499458414398
3 16 36.78642876855277
3 17 36.096686537023636
3 18 36.150321410455376
3 19 35.21915023363853
3 20 34.93576273389402
3 21 34.58576266489287
3 22 34.363738687358726
3 23 34.269080370055576
3 24 33.03746607799708
3 25 33.0129652791349
3 26 32.36457934074332
3 27 32.097207046225456
3 28 31.525142723947233
3 29 31.329814871567795
4 0 35.16292753844097
4 1 35.826830561945805
4 2 36.622903782026576
4 3 37.087091358464725
4 4 37.17670062965854
4 5 37.782971519785235
4 6 37.96921678423726
4 7 38.12884882072289
4 8 38.39169675382727
4 9 38.45037184014386
4 10 38.36892489902595
4 11 38.45037184014386
4 12 38.39169675382727
4 13 38.12884882072289
4 14 37.96921678423726
4 15 37.782971519785235
4 16 37.17670062965854
4 17 37.087091358464725
4 18 36.622903782026576
4 19 35.826830561945805
4 20 35.16292753844097
4 21 35.083869690162366
4 22 34.58576266489287
4 23 34.284104249299425
4 24 33.82749426990174
4 25 33.219496425640656
4 26 32.58877606023526
4 27 32.154393768173605
4 28 32.25442181923746
4 29 30.983297119575564
5 0 35.948086107252365
5 1 36.50993388901404
5 2 37.13945335126236
5 3 37.500807851739225
5 4 37.88623551534011
5 5 38.39169675382727
5 6 38.80923410325172
5 7 38.82450653980375
5 8 38.90412578056686
5 9 39.1115821631781
5 10 39.1357421875
5 11 39.1115821631781
5 12 38.90412578056686
5 13 38.82450653980375
5 14 38.80923410325172
5 15 38.39169675382727
5 16 37.88623551534011
5 17 37.500807851739225
5 18 37.13945335126236
5 19 36.50993388901404
5 20 35.948086107252365
5 21 35.16292753844097
5 22 34.93576273389402
5 23 34.67987199862011
5 24 34.109950533041676
5 25 33.99291578940268
5 26 32.809517100157535
5 27 32.92662607131521
5 28 31.956519849996408
5 29 31.61961745240127
6 0 36.50993388901404
6 1 37.168621429188036
6 2 37.899645104801294
6 3 38.12884882072289
6 4 38.65298704045841
6 5 38.82398102342853
6 6 39.27818760154599
6 7 39.632385884403796
6 8 39.87559150781246
6 9 39.96359863523831
6 10 39.88977176880759
6 11 39.96359863523831
6 12 39.87559150781246
6 13 39.632385884403796
6 14 39.27818760154599
6 15 38.82398102342853
6 16 38.65298704045841
6 17 38.12884882072289
6 18 37.899645104801294
6 19 37.168621429188036
6 20 36.50993388901404
6 21 35.826830561945805
6 22 35.21915023363853
6 23 34.91226059867277
6 24 34.32451995880328
6 25 33.68467289724613
6 26 32.96231451851169
6 27 33.03833880020274
6 28 32.02515208096558
6 29 32.36242467318798
7 0 37.13945335126236
7 1 37.899645104801294
7 2 38.06516369300908
7 3 38.63546705504094
7 4 39.1357421875
7 5 39.45312037297329
7 6 39.989424585016096
7 7 40.38773830625191
7 8 40.77210506199822
7 9 40.81338753039238
7 10 40.85162446414423
7 11 40.81338753039238
7 12 40.77210506199822
7 13 40.38773830625191
7 14 39.989424585016096
7 15 39.45312037297329
7 16 39.1357421875
7 17 38.63546705504094
7 18 38.06516369300908
7 19 37.899645104801294
7 20 37.13945335126236
7 21 36.622903782026576
7 22 36.150321410455376
7 23 35.36546549921674
7 24 34.757879935759505
7 25 34.35582969332986
7 26 33.96476744736026
7 27 32.82821658684516
7 28 32.744541089006155
7 29 32.01361226063589
8 0 37.500807851739225
8 1 38.12884882072289
8 2 38.63546705504094
8 3 39.321685737447865
8 4 39.87559150781246
8 5 40.319480803474264
8 6 40.81338753039238
8 7 41.20040507571102
8 8 41.35226019426114
8 9 41.638686694021146
8 10 41.581648275228424
8 11 41.638686694021146
8 12 41.35226019426114
8 13 41.20040507571102
8 14 40.81338753039238
8 15 40.319480803474264
8 16 39.87559150781246
8 17 39.321685737447865
8 18 38.63546705504094
8 19 38.12884882072289
8 20 37.500807851739225
8 21 37.087091358464725
8 22 36.096686537023636
8 23 35.779774692553396
8 24 34.926378401941285
8 25 34.57357003279689
8 26 34.13743297060985
8 27 33.05055239994909
8 28 32.76921865035025
8 29 32.154393768173605
9 0 37.88623551534011
9 1 38.65298704045841
9 2 39.1357421875
9 3 39.87559150781246
9 4 40.351886238422956
9 5 40.75865908638937
9 6 41.57710982075645
9 7 41.82790141082983
9 8 41.90239458036896
9 9 42.13045799979599
9 10 42.37964494192062
9 11 42.13045799979599
9 12 41.90239458036896
9 13 41.82790141082983
9 14 41.57710982075645
9 15 40.75865908638937
9 16 40.351886238422956
9 17 39.87559150781246
9 18 39.1357421875
9 19 38.65298704045841
9 20 37.88623551534011
9 21 37.17670062965854
9 22 36.78642876855277
9 23 36.053826842746325
9 24 35.3754253930622
9 25 34.74908013460605
9 26 34.17272932665402
9 27 33.99291578940268
9 28 33.16238849702773
9 29 32.818701015130515
10 0 38.39169675382727
10 1 38.82398102342853
10 2 39.45312037297329
10 3 40.319480803474264
10 4 40.75865908638937
10 5 41.638686694021146
10 6 41.91379471919759
10 7 42.19276803213922
10 8 42.47262065637015
10 9 42.554666128816066
10 10 42.724468017668386
10 11 42.554666128816066
10 12 42.47262065637015
10 13 42.19276803213922
10 14 41.91379471919759
10 15 41.638686694021146
10 16 40.75865908638937
10 17 40.319480803474264
10 18 39.45312037297329
10 19 38.82398102342853
10 20 38.39169675382727
10 21 37.782971519785235
10 22 37.03499458414398
10 23 36.379590233288326
10 24 35.16292753844097
10 25 34.91226059867277
10 26 34.323916595419185
10 27 34.19827523938061
10 28 32.979514665042466
10 29 32.59942683514016
11 0 38.80923410325172
11 1 39.27818760154599
11 2 39.989424585016096
11 3 40.81338753039238
11 4 41.57710982075645
11 5 41.91379471919759
11 6 42.30491516143647
11 7 42.724468017668386
11 8 43.00596525859573
11 9 43.32435220598638
11 10 43.395035252794166
11 11 43.32435220598638
11 12 43.00596525859573
11 13 42.724468017668386
11 14 42.30491516143647
11 15 41.91379471919759
11 16 41.57710982075645
11 17 40.81338753039238
11 18 39.989424585016096
11 19 39.27818760154599
11 20 38.80923410325172
11 21 37.96921678423726
11 22 37.06541982115885
11 23 36.622903782026576
11 24 35.74711699492754
11 25 35.0287769816838
11 26 34.81473715927178
11 27 34.13743297060985
11 28 33.03746607799708
11 29 32.58877606023526
12 0 38.82450653980375
12 1 39.632385884403796
12 2 40.38773830625191
12 3 41.20040507571102
12 4 41.82790141082983
12 5 42.19276803213922
12 6 42.724468017668386
12 7 43.14811558436097
12 8 43.627452059747824
12 9 43.9453125
12 10 44.1573799774912
12 11 43.9453125
12 12 43.627452059747824
12 13 43.14811558436097
12 14 42.724468017668386
12 15 42.19276803213922
12 16 41.82790141082983
12 17 41.20040507571102
12 18 40.38773830625191
12 19 39.632385884403796
12 20 38.82450653980375
12 21 38.12884882072289
12 22 37.43760810708106
12 23 36.6810670772959
12 24 36.053826842746325
12 25 35.1289101304199
12 26 34.58576266489287
12 27 34.413312669910376
12 28 33.36826823071696
12 29 33.03833880020274
13 0 38.90412578056686
13 1 39.87559150781246
13 2 40.77210506199822
13 3 41.35226019426114
13 4 41.90239458036896
13 5 42.47262065637015
13 6 43.00596525859573
13 7 43.627452059747824
13 8 44.24044094021492
13 9 44.38294846314482
13 10 44.28601176448145
13 11 44.38294846314482
13 12 44.24044094021492
13 13 43.627452059747824
13 14 43.00596525859573
13 15 42.47262065637015
13 16 41.90239458036896
13 17 41.35226019426114
13 18 40.77210506199822
13 19 39.87559150781246
13 20 38.90412578056686
13 21 38.39169675382727
13 22 37.65026622714401
13 23 36.81434860845407
13 24 35.948086107252365
13 25 35.308296678378234
13 26 34.757879935759505
13 27 34.26066492060394
13 28 33.62374012684667
13 29 33.13155918390076
14 0 39.1115821631781
14 1 39.96359863523831
14 2 40.81338753039238
14 3 41.638686694021146
14 4 42.13045799979599
14 5 42.554666128816066
14 6 43.32435220598638
14 7 43.9453125
14 8 44.38294846314482
14 9 43.3674237032572
14 10 41.7041015625
14 11 43.3674237032572
14 12 44.38294846314482
14 13 43.9453125
14 14 43.32435220598638
14 15 42.554666128816066
14 16 42.13045799979599
14 17 41.638686694021146
14 18 40.81338753039238
14 19 39.96359863523831
14 20 39.1115821631781
14 21 38.45037184014386
14 22 37.899645104801294
14 23 37.087091358464725
14 24 36.1142761354676
14 25 35.338749559416414
14 26 34.9131960995388
14 27 34.284104249299425
14 28 33.99291578940268
14 29 33.02419922334071
15 0 39.1357421875
15 1 39.88977176880759
15 2 40.85162446414423
15 3 41.581648275228424
15 4 42.37964494192062
15 5 42.724468017668386
15 6 43.395035252794166
15 7 44.1573799774912
15 8 44.28601176448145
15 9 41.7041015625
15 10 23.780517578125
15 11 41.7041015625
15 12 44.28601176448145
15 13 44.1573799774912
15 14 43.395035252794166
15 15 42.724468017668386
15 16 42.37964494192062
15 17 41.581648275228424
15 18 40.85162446414423
15 19 39.88977176880759
15 20 39.1357421875
15 21 38.36892489902595
15 22 37.983114484803224
15 23 37.03499458414398
15 24 36.09342680354084
15 25 35.21915023363853
15 26 35.0187251842808
15 27 34.35582969332986
15 28 33.93655417025741
15 29 33.06181606834548
16 0 39.1115821631781
16 1 39.96359863523831
16 2 40.81338753039238
16 3 41.638686694021146
16 4 42.13045799979599
16 5 42.554666128816066
16 6 43.32435220598638
16 7 43.9453125
16 8 44.38294846314482
16 9 43.3674237032572
16 10 41.7041015625
16 11 43.3674237032572
16 12 44.38294846314482
16 13 43.9453125
16 14 43.32435220598638
16 15 42.554666128816066
16 16 42.13045799979599
16 17 41.638686694021146
16 18 40.81338753039238
16 19 39.96359863523831
16 20 39.1115821631781
16 21 38.45037184014386
16 22 37.899645104801294
16 23 37.087091358464725
16 24 36.1142761354676
16 25 35.338749559416414
16 26 34.9131960995388
16 27 34.284104249299425
16 28 33.99291578940268
16 29 33.02419922334071
17 0 38.90412578056686
17 1 39.87559150781246
17 2 40.77210506199822
17 3 41.35226019426114
17 4 41.90239458036896
17 5 42.47262065637015
17 6 43.00596525859573
17 7 43.627452059747824
17 8 44.24044094021492
17 9 44.38294846314482
17 10 44.28601176448145
17 11 44.38294846314482
17 12 44.24044094021492
17 13 43.627452059747824
17 14 43.00596525859573
17 15 42.47262065637015
17 16 41.90239458036896
17 17 41.35226019426114
17 18 40.77210506199822
17 19 39.87559150781246
17 20 38.90412578056686
17 21 38.39169675382727
17 22 37.65026622714401
17 23 36.81434860845407
17 24 35.948086107252365
17 25 35.308296678378234
17 26 34.757879935759505
17 27 34.26066492060394
17 28 33.62374012684667
17 29 33.13155918390076
18 0 38.82450653980375
18 1 39.632385884403796
18 2 40.38773830625191
18 3 41.20040507571102
18 4 41.82790141082983
18 5 42.19276803213922
18 6 42.724468017668386
18 7 43.14811558436097
18 8 43.627452059747824
18 9 43.9453125
18 10 44.1573799774912
18 11 43.9453125
18 12 43.627452059747824
18 13 43.14811558436097
18 14 42.724468017668386
18 15 42.19276803213922
18 16 41.82790141082983
18 17 41.20040507571102
18 18 40.38773830625191
18 19 39.632385884403796
18 20 38.82450653980375
18 21 38.12884882072289
18 22 37.43760810708106
18 23 36.6810670772959
18 24 36.053826842746325
18 25 35.1289101304199
18 26 34.58576266489287
18 27 34.413312669910376
18 28 33.36826823071696
18 29 33.03833880020274
19 0 38.80923410325172
19 1 39.27818760154599
19 2 39.989424585016096
19 3 40.81338753039238
19 4 41.57710982075645
19 5 41.91379471919759
19 6 42.30491516143647
19 7 42.724468017668386
19 8 43.00596525859573
19 9 43.32435220598638
19 10 43.395035252794166
19 11 43.32435220598638
19 12 43.00596525859573
19 13 42.724468017668386
19 14 42.30491516143647
19 15 41.91379471919759
19 16 41.57710982075645
19 17 40.81338753039238
19 18 39.989424585016096
19 19 39.27818760154599
19 20 38.80923410325172
19 21 37.96921678423726
19 22 37.06541982115885
19 23 36.622903782026576
19 24 35.74711699492754
19 25 35.0287769816838
19 26 34.81473715927178
19 27 34.13743297060985
19 28 33.03746607799708
19 29 32.58877606023526
20 0 38.39169675382727
20 1 38.82398102342853
20 2 39.45312037297329
20 3 40.319480803474264
20 4 40.75865908638937
20 5 41.638686694021146
20 6 41.91379471919759
20 7 42.19276803213922
20 8 42.47262065637015
20 9 42.554666128816066
20 10 42.724468017668386
20 11 42.554666128816066
20 12 42.47262065637015
20 13 42.19276803213922
20 14 41.91379471919759
20 15 41.638686694021146
20 16 40.75865908638937
20 17 40.319480803474264
20 18 39.45312037297329
20 19 38.82398102342853
20 20 38.39169675382727
20 21 37.782971519785235
20 22 37.03499458414398
20 23 36.379590233288326
20 24 35.16292753844097
20 25 34.91226059867277
20 26 34.323916595419185
20 27 34.19827523938061
20 28 32.979514665042466
20 29 32.59942683514016
21 0 37.88623551534011
21 1 38.65298704045841
21 2 39.1357421875
21 3 39.87559150781246
21 4 40.351886238422956
21 5 40.75865908638937
21 6 41.57710982075645
21 7 41.82790141082983
21 8 41.90239458036896
21 9 42.13045799979599
21 10 42.37964494192062
21 11 42.13045799979599
21 12 41.90239458036896
21 13 41.82790141082983
21 14 41.57710982075645
21 15 40.75865908638937
21 16 40.351886238422956
21 17 39.87559150781246
21 18 39.1357421875
21 19 38.65298704045841
21 20 37.88623551534011
21 21 37.17670062965854
21 22 36.78642876855277
21 23 36.053826842746325
21 24 35.3754253930622
21 25 34.74908013460605
21 26 34.17272932665402
21 27 33.99291578940268
21 28 33.16238849702773
21 29 32.818701015130515
22 0 37.500807851739225
22 1 38.12884882072289
22 2 38.63546705504094
22 3 39.321685737447865
22 4 39.87559150781246
22 5 40.319480803474264
22 6 40.81338753039238
22 7 41.20040507571102
22 8 41.35226019426114
22 9 41.638686694021146
22 10 41.581648275228424
22 11 41.638686694021146
22 12 41.35226019426114
22 13 41.20040507571102
22 14 40.81338753039238
22 15 40.319480803474264
22 16 39.87559150781246
22 17 39.321685737447865
22 18 38.63546705504094
22 19 38.12884882072289
22 20 37.500807851739225
22 21 37.087091358464725
22 22 36.096686537023636
22 23 35.779774692553396
22 24 34.926378401941285
22 25 34.57357003279689
22 26 34.13743297060985
22 27 33.05055239994909
22 28 32.76921865035025
22 29 32.154393768173605
23 0 37.13945335126236
23 1 37.899645104801294
23 2 38.06516369300908
23 3 38.63546705504094
23 4 39.1357421875
23 5 39.45312037297329
23 6 39.989424585016096
23 7 40.38773830625191
23 8 40.77210506199822
23 9 40.81338753039238
23 10 40.85162446414423
23 11 40.81338753039238
23 12 40.77210506199822
23 13 40.38773830625191
23 14 39.989424585016096
23 15 39.45312037297329
23 16 39.1357421875
23 17 38.63546705504094
23 18 38.06516369300908
23 19 37.899645104801294
23 20 37.13945335126236
23 21 36.622903782026576
23 22 36.150321410455376
23 23 35.36546549921674
23 24 34.757879935759505
23 25 34.35582969332986
23 26 33.96476744736026
23 27 32.82821658684516
23 28 32.744541089006155
23 29 32.01361226063589
24 0 36.50993388901404
24 1 37.168621429188036
24 2 37.899645104801294
24 3 38.12884882072289
24 4 38.65298704045841
24 5 38.82398102342853
24 6 39.27818760154599
24 7 39.632385884403796
24 8 39.87559150781246
24 9 39.96359863523831
24 10 39.88977176880759
24 11 39.96359863523831
24 12 39.87559150781246
24 13 39.632385884403796
24 14 39.27818760154599
24 15 38.82398102342853
24 16 38.65298704045841
24 17 38.12884882072289
24 18 37.899645104801294
24 19 37.168621429188036
24 20 36.50993388901404
24 21 35.826830561945805
24 22 35.21915023363853
24 23 34.91226059867277
24 24 34.32451995880328
24 25 33.68467289724613
24 26 32.96231451851169
24 27 33.03833880020274
24 28 32.02515208096558
24 29 32.36242467318798
25 0 35.948086107252365
25 1 36.50993388901404
25 2 37.13945335126236
25 3 37.500807851739225
25 4 37.88623551534011
25 5 38.39169675382727
25 6 38.80923410325172
25 7 38.82450653980375
25 8 38.90412578056686
25 9 39.1115821631781
25 10 39.1357421875
25 11 39.1115821631781
25 12 38.90412578056686
25 13 38.82450653980375
25 14 38.80923410325172
25 15 38.39169675382727
25 16 37.88623551534011
25 17 37.500807851739225
25 18 37.13945335126236
25 19 36.50993388901404
25 20 35.948086107252365
25 21 35.16292753844097
25 22 34.93576273389402
25 23 34.67987199862011
25 24 34.109950533041676
25 25 33.99291578940268
25 26 32.809517100157535
25 27 32.92662607131521
25 28 31.956519849996408
25 29 31.61961745240127
26 0 35.16292753844097
26 1 35.826830561945805
26 2 36.622903782026576
26 3 37.087091358464725
26 4 37.17670062965854
26 5 37.782971519785235
26 6 37.96921678423726
26 7 38.12884882072289
26 8 38.39169675382727
26 9 38.45037184014386
26 10 38.36892489902595
26 11 38.45037184014386
26 12 38.39169675382727
26 13 38.12884882072289
26 14 37.96921678423726
26 15 37.782971519785235
26 16 37.17670062965854
26 17 37.087091358464725
26 18 36.622903782026576
26 19 35.826830561945805
26 20 35.16292753844097
26 21 35.083869690162366
26 22 34.58576266489287
26 23 34.284104249299425
26 24 33.82749426990174
26 25 33.219496425640656
26 26 32.58877606023526
26 27 32.154393768173605
26 28 32.25442181923746
26 29 30.983297119575564
27 0 34.93576273389402
27 1 35.21915023363853
27 2 36.150321410455376
27 3 36.096686537023636
27 4 36.78642876855277
27 5 37.03499458414398
27 6 37.06541982115885
27 7 37.43760810708106
27 8 37.65026622714401
27 9 37.899645104801294
27 10 37.983114484803224
27 11 37.899645104801294
27 12 37.65026622714401
27 13 37.43760810708106
27 14 37.06541982115885
27 15 37.03499458414398
27 16 36.78642876855277
27 17 36.096686537023636
27 18 36.150321410455376
27 19 35.21915023363853
27 20 34.93576273389402
27 21 34.58576266489287
27 22 34.363738687358726
27 23 34.269080370055576
27 24 33.03746607799708
27 25 33.0129652791349
27 26 32.36457934074332
27 27 32.097207046225456
27 28 31.525142723947233
27 29 31.329814871567795
28 0 34.67987199862011
28 1 34.91226059867277
28 2 35.36546549921674
28 3 35.779774692553396
28 4 36.053826842746325
28 5 36.379590233288326
28 6 36.622903782026576
28 7 36.6810670772959
28 8 36.81434860845407
28 9 37.087091358464725
28 10 37.03499458414398
28 11 37.087091358464725
28 12 36.81434860845407
28 13 36.6810670772959
28 14 36.622903782026576
28 15 36.379590233288326
28 16 36.053826842746325
28 17 35.779774692553396
28 18 35.36546549921674
28 19 34.91226059867277
28 20 34.67987199862011
28 21 34.284104249299425
28 22 34.269080370055576
28 23 33.05055239994909
28 24 33.13155918390076
28 25 32.64795871295948
28 26 32.01361226063589
28 27 31.432573765073588
28 28 31.2124006216432
28 29 30.79640015161722
29 0 34.109950533041676
29 1 34.32451995880328
29 2 34.757879935759505
29 3 34.926378401941285
29 4 35.3754253930622
29 5 35.16292753844097
29 6 35.74711699492754
29 7 36.053826842746325
29 8 35.948086107252365
29 9 36.1142761354676
29 10 36.09342680354084
29 11 36.1142761354676
29 12 35.948086107252365
29 13 36.053826842746325
29 14 35.74711699492754
29 15 35.16292753844097
29 16 35.3754253930622
29 17 34.926378401941285
29 18 34.757879935759505
29 19 34.32451995880328
29 20 34.109950533041676
29 21 33.82749426990174
29 22 33.03746607799708
29 23 33.13155918390076
29 24 32.75307367104288
29 25 31.97198382605844
29 26 31.755288595304357
29 27 31.062574210733494
29 28 31.097805718877595
29 29 30.65996769553504
