0 0 1.6028230039329838
0 1 1.6907940450370533
0 2 1.7042215705218227
0 3 1.6521776689676457
0 4 1.6826060715039644
0 5 1.6752969002652591
0 6 1.7177107254913557
0 7 1.7078801929766356
0 8 1.733600080828316
0 9 1.6985883124432533
0 10 1.7284974653836422
0 11 1.6985883124432533
0 12 1.733600080828316
0 13 1.7078801929766356
0 14 1.7177107254913557
0 15 1.6752969002652591
0 16 1.6826060715039644
0 17 1.6521776689676457
0 18 1.7042215705218227
0 19 1.6907940450370533
0 20 1.6028230039329838
0 21 1.658214416783226
0 22 1.5833109239784908
0 23 1.6750060235276745
0 24 1.7521160805358829
0 25 1.5766250652425753
0 26 1.6494521750372886
0 27 1.6611210389738738
0 28 1.6096222838747551
0 29 1.6679546480566818
1 0 1.6815886828205127
1 1 1.7380390382591329
1 2 1.6930801252241778
1 3 1.7390560410393594
1 4 1.695679874467124
1 5 1.6858381386844965
1 6 1.6863384726412947
1 7 1.7094134952898576
1 8 1.6702449015937888
1 9 1.6984842017473996
1 10 1.7113262708575396
1 11 1.6984842017473996
1 12 1.6702449015937888
1 13 1.7094134952898576
1 14 1.6863384726412947
1 15 1.6858381386844965
1 16 1.695679874467124
1 17 1.7390560410393594
1 18 1.6930801252241778
1 19 1.7380390382591329
1 20 1.6815886828205127
1 21 1.6580549489703247
1 22 1.6917488305953332
1 23 1.6267155481659057
1 24 1.6882926883324691
1 25 1.7521160805358829
1 26 1.591637025935377
1 27 1.6292435791051594
1 28 1.5917105788522696
1 29 1.660493768371233
2 0 1.6231126493341221
2 1 1.6752969002652591
2 2 1.6577561952757847
2 3 1.7229181279510795
2 4 1.7094134952898576
2 5 1.6960754906060098
2 6 1.6756046922263619
2 7 1.6900727502763526
2 8 1.7086480183744377
2 9 1.6816450738519546
2 10 1.68228156202529
2 11 1.6816450738519546
2 12 1.7086480183744377
2 13 1.6900727502763526
2 14 1.6756046922263619
2 15 1.6960754906060098
2 16 1.7094134952898576
2 17 1.7229181279510795
2 18 1.6577561952757847
2 19 1.6752969002652591
2 20 1.6231126493341221
2 21 1.6938550109203452
2 22 1.6594619548984282
2 23 1.679582625248369
2 24 1.6267155481659057
2 25 1.6750060235276745
2 26 1.7247372494645308
2 27 1.5718221432866992
2 28 1.6495453461240888
2 29 1.6164279681570233
3 0 1.7526403612746624
3 1 1.7284974653836422
3 2 1.7179967163982768
3 3 1.6966426233342173
3 4 1.714586792983687
3 5 1.68228156202529
3 6 1.7047770307180266
3 7 1.6961316339624781
3 8 1.6809643330486959
3 9 1.6539355036098582
3 10 1.6807611675608287
3 11 1.6539355036098582
3 12 1.6809643330486959
3 13 1.6961316339624781
3 14 1.7047770307180266
3 15 1.68228156202529
3 16 1.714586792983687
3 17 1.6966426233342173
3 18 1.7179967163982768
3 19 1.7284974653836422
3 20 1.7526403612746624
3 21 1.6528189156533935
3 22 1.7046138963176318
3 23 1.6594619548984282
3 24 1.6917488305953332
3 25 1.5833109239784908
3 26 1.6762181083511185
3 27 1.6419523570658048
3 28 1.6776707387100596
3 29 1.6881282117684193
4 0 1.6858381386844965
4 1 1.7018561734774666
4 2 1.6756046922263619
4 3 1.6816450738519546
4 4 1.6715395446199242
4 5 1.7116236821987514
4 6 1.6797943436097906
4 7 1.6822169026118097
4 8 1.6695247847568102
4 9 1.6857905564242177
4 10 1.702494384411555
4 11 1.6857905564242177
4 12 1.6695247847568102
4 13 1.6822169026118097
4 14 1.6797943436097906
4 15 1.7116236821987514
4 16 1.6715395446199242
4 17 1.6816450738519546
4 18 1.6756046922263619
4 19 1.7018561734774666
4 20 1.6858381386844965
4 21 1.7566164036856156
4 22 1.6528189156533935
4 23 1.6938550109203452
4 24 1.6580549489703247
4 25 1.658214416783226
4 26 1.6486501844717187
4 27 1.6607385724105184
4 28 1.6485808748354243
4 29 1.6270472106098666
5 0 1.6702449015937888
5 1 1.7304358882247977
5 2 1.6347902776996897
5 3 1.6354518979786272
5 4 1.7161961773818337
5 5 1.6695247847568102
5 6 1.6646740086282437
5 7 1.7104710904412226
5 8 1.6888431026018422
5 9 1.6695009416815105
5 10 1.667327880859375
5 11 1.6695009416815105
5 12 1.6888431026018422
5 13 1.7104710904412226
5 14 1.6646740086282437
5 15 1.6695247847568102
5 16 1.7161961773818337
5 17 1.6354518979786272
5 18 1.6347902776996897
5 19 1.7304358882247977
5 20 1.6702449015937888
5 21 1.6858381386844965
5 22 1.7526403612746624
5 23 1.6231126493341221
5 24 1.6815886828205127
5 25 1.6028230039329838
5 26 1.6806218572177625
5 27 1.6735223742876761
5 28 1.748351469397929
5 29 1.6136601494636043
6 0 1.7304358882247977
6 1 1.6744115808867046
6 2 1.6539355036098582
6 3 1.6822169026118097
6 4 1.676471772633718
6 5 1.71025596229851
6 6 1.7025827286960458
6 7 1.675001551863637
6 8 1.7100328068150092
6 9 1.6727188065128158
6 10 1.6804691720094995
6 11 1.6727188065128158
6 12 1.7100328068150092
6 13 1.675001551863637
6 14 1.7025827286960458
6 15 1.71025596229851
6 16 1.676471772633718
6 17 1.6822169026118097
6 18 1.6539355036098582
6 19 1.6744115808867046
6 20 1.7304358882247977
6 21 1.7018561734774666
6 22 1.7284974653836422
6 23 1.6752969002652591
6 24 1.7380390382591329
6 25 1.6907940450370533
6 26 1.6581892999934422
6 27 1.5889101270653587
6 28 1.6816326202358876
6 29 1.6590396876745155
7 0 1.6347902776996897
7 1 1.6539355036098582
7 2 1.7227768050715317
7 3 1.6705853840744216
7 4 1.667327880859375
7 5 1.685837686094272
7 6 1.6839134323467297
7 7 1.6715697341484221
7 8 1.6820680682766433
7 9 1.6965367183339697
7 10 1.649827804428439
7 11 1.6965367183339697
7 12 1.6820680682766433
7 13 1.6715697341484221
7 14 1.6839134323467297
7 15 1.685837686094272
7 16 1.667327880859375
7 17 1.6705853840744216
7 18 1.7227768050715317
7 19 1.6539355036098582
7 20 1.6347902776996897
7 21 1.6756046922263619
7 22 1.7179967163982768
7 23 1.6577561952757847
7 24 1.6930801252241778
7 25 1.7042215705218227
7 26 1.6451188714582756
7 27 1.7101311243806994
7 28 1.6542488940460507
7 29 1.7247372494645308
8 0 1.6354518979786272
8 1 1.6822169026118097
8 2 1.6705853840744216
8 3 1.705779176219249
8 4 1.7100328068150092
8 5 1.6669215401263648
8 6 1.6965367183339697
8 7 1.6530072469537787
8 8 1.6719422211275043
8 9 1.667731003343045
8 10 1.6920429300837319
8 11 1.667731003343045
8 12 1.6719422211275043
8 13 1.6530072469537787
8 14 1.6965367183339697
8 15 1.6669215401263648
8 16 1.7100328068150092
8 17 1.705779176219249
8 18 1.6705853840744216
8 19 1.6822169026118097
8 20 1.6354518979786272
8 21 1.6816450738519546
8 22 1.6966426233342173
8 23 1.7229181279510795
8 24 1.7390560410393594
8 25 1.6521776689676457
8 26 1.6464232583681826
8 27 1.679582625248369
8 28 1.649839133437773
8 29 1.6607385724105184
9 0 1.7161961773818337
9 1 1.676471772633718
9 2 1.667327880859375
9 3 1.7100328068150092
9 4 1.6795121189879478
9 5 1.6799296068990432
9 6 1.6638401786161356
9 7 1.6591255919818864
9 8 1.651487157087279
9 9 1.6783235852631908
9 10 0
9 11 1.6783235852631908
9 12 1.651487157087279
9 13 1.6591255919818864
9 14 1.6638401786161356
9 15 1.6799296068990432
9 16 1.6795121189879478
9 17 1.7100328068150092
9 18 1.667327880859375
9 19 1.676471772633718
9 20 1.7161961773818337
9 21 1.6715395446199242
9 22 1.714586792983687
9 23 1.7094134952898576
9 24 1.695679874467124
9 25 1.6826060715039644
9 26 1.696072962903784
9 27 1.6028230039329838
9 28 1.643960909838424
9 29 1.6966096328357652
10 0 1.6695247847568102
10 1 1.71025596229851
10 2 1.685837686094272
10 3 1.6669215401263648
10 4 1.6799296068990432
10 5 1.667731003343045
10 6 0
10 7 1.6831978820081468
10 8 1.6700131388932369
10 9 1.6770482816757637
10 10 0
10 11 1.6770482816757637
10 12 1.6700131388932369
10 13 1.6831978820081468
10 14 0
10 15 1.667731003343045
10 16 1.6799296068990432
10 17 1.6669215401263648
10 18 1.685837686094272
10 19 1.71025596229851
10 20 1.6695247847568102
10 21 1.7116236821987514
10 22 1.68228156202529
10 23 1.6960754906060098
10 24 1.6858381386844965
10 25 1.6752969002652591
10 26 1.6874059649658548
10 27 1.6690314227204672
10 28 1.7084870467609834
10 29 1.6430847038965035
11 0 1.6646740086282437
11 1 1.7025827286960458
11 2 1.6839134323467297
11 3 1.6965367183339697
11 4 1.6638401786161356
11 5 0
11 6 1.686844449154379
11 7 0
11 8 1.6963672922151507
11 9 1.7154755265450496
11 10 1.6951185645622722
11 11 1.7154755265450496
11 12 1.6963672922151507
11 13 0
11 14 1.686844449154379
11 15 0
11 16 1.6638401786161356
11 17 1.6965367183339697
11 18 1.6839134323467297
11 19 1.7025827286960458
11 20 1.6646740086282437
11 21 1.6797943436097906
11 22 1.7047770307180266
11 23 1.6756046922263619
11 24 1.6863384726412947
11 25 1.7177107254913557
11 26 1.662996768082158
11 27 1.6464232583681826
11 28 1.6917488305953332
11 29 1.6486501844717187
12 0 1.7104710904412226
12 1 1.675001551863637
12 2 1.6715697341484221
12 3 1.6530072469537787
12 4 1.6591255919818864
12 5 1.6831978820081468
12 6 0
12 7 1.7064493564805336
12 8 1.7171330011380226
12 9 1.722412109375
12 10 1.7224422850428203
12 11 1.722412109375
12 12 1.7171330011380226
12 13 1.7064493564805336
12 14 0
12 15 1.6831978820081468
12 16 1.6591255919818864
12 17 1.6530072469537787
12 18 1.6715697341484221
12 19 1.675001551863637
12 20 1.7104710904412226
12 21 1.6822169026118097
12 22 1.6961316339624781
12 23 1.6900727502763526
12 24 1.7094134952898576
12 25 1.7078801929766356
12 26 1.6528189156533935
12 27 1.6748608770483002
12 28 1.684227756668889
12 29 1.5889101270653587
13 0 1.6888431026018422
13 1 1.7100328068150092
13 2 1.6820680682766433
13 3 1.6719422211275043
13 4 1.651487157087279
13 5 1.6700131388932369
13 6 1.6963672922151507
13 7 1.7171330011380226
13 8 1.72350913515415
13 9 1.740358766791124
13 10 1.7504251177743535
13 11 1.740358766791124
13 12 1.72350913515415
13 13 1.7171330011380226
13 14 1.6963672922151507
13 15 1.6700131388932369
13 16 1.651487157087279
13 17 1.6719422211275043
13 18 1.6820680682766433
13 19 1.7100328068150092
13 20 1.6888431026018422
13 21 1.6695247847568102
13 22 1.6809643330486959
13 23 1.7086480183744377
13 24 1.6702449015937888
13 25 1.733600080828316
13 26 1.6930801252241778
13 27 1.685718819272034
13 28 1.6572435473301603
13 29 1.6267155481659057
14 0 1.6695009416815105
14 1 1.6727188065128158
14 2 1.6965367183339697
14 3 1.667731003343045
14 4 1.6783235852631908
14 5 1.6770482816757637
14 6 1.7154755265450496
14 7 1.722412109375
14 8 1.740358766791124
14 9 1.7720222405683266
14 10 1.86492919921875
14 11 1.7720222405683266
14 12 1.740358766791124
14 13 1.722412109375
14 14 1.7154755265450496
14 15 1.6770482816757637
14 16 1.6783235852631908
14 17 1.667731003343045
14 18 1.6965367183339697
14 19 1.6727188065128158
14 20 1.6695009416815105
14 21 1.6857905564242177
14 22 1.6539355036098582
14 23 1.6816450738519546
14 24 1.6984842017473996
14 25 1.6985883124432533
14 26 1.681303683134472
14 27 1.6938550109203452
14 28 1.6028230039329838
14 29 1.6128783013542294
15 0 1.667327880859375
15 1 1.6804691720094995
15 2 1.649827804428439
15 3 1.6920429300837319
15 4 0
15 5 0
15 6 1.6951185645622722
15 7 1.7224422850428203
15 8 1.7504251177743535
15 9 1.86492919921875
15 10 2.452239990234375
15 11 1.86492919921875
15 12 1.7504251177743535
15 13 1.7224422850428203
15 14 1.6951185645622722
15 15 0
15 16 0
15 17 1.6920429300837319
15 18 1.649827804428439
15 19 1.6804691720094995
15 20 1.667327880859375
15 21 1.702494384411555
15 22 1.6807611675608287
15 23 1.68228156202529
15 24 1.7113262708575396
15 25 1.7284974653836422
15 26 1.6505551478459555
15 27 1.7042215705218227
15 28 1.615036176811678
15 29 1.62202653760615
16 0 1.6695009416815105
16 1 1.6727188065128158
16 2 1.6965367183339697
16 3 1.667731003343045
16 4 1.6783235852631908
16 5 1.6770482816757637
16 6 1.7154755265450496
16 7 1.722412109375
16 8 1.740358766791124
16 9 1.7720222405683266
16 10 1.86492919921875
16 11 1.7720222405683266
16 12 1.740358766791124
16 13 1.722412109375
16 14 1.7154755265450496
16 15 1.6770482816757637
16 16 1.6783235852631908
16 17 1.667731003343045
16 18 1.6965367183339697
16 19 1.6727188065128158
16 20 1.6695009416815105
16 21 1.6857905564242177
16 22 1.6539355036098582
16 23 1.6816450738519546
16 24 1.6984842017473996
16 25 1.6985883124432533
16 26 1.681303683134472
16 27 1.6938550109203452
16 28 1.6028230039329838
16 29 1.6128783013542294
17 0 1.6888431026018422
17 1 1.7100328068150092
17 2 1.6820680682766433
17 3 1.6719422211275043
17 4 1.651487157087279
17 5 1.6700131388932369
17 6 1.6963672922151507
17 7 1.7171330011380226
17 8 1.72350913515415
17 9 1.740358766791124
17 10 1.7504251177743535
17 11 1.740358766791124
17 12 1.72350913515415
17 13 1.7171330011380226
17 14 1.6963672922151507
17 15 1.6700131388932369
17 16 1.651487157087279
17 17 1.6719422211275043
17 18 1.6820680682766433
17 19 1.7100328068150092
17 20 1.6888431026018422
17 21 1.6695247847568102
17 22 1.6809643330486959
17 23 1.7086480183744377
17 24 1.6702449015937888
17 25 1.733600080828316
17 26 1.6930801252241778
17 27 1.685718819272034
17 28 1.6572435473301603
17 29 1.6267155481659057
18 0 1.7104710904412226
18 1 1.675001551863637
18 2 1.6715697341484221
18 3 1.6530072469537787
18 4 1.6591255919818864
18 5 1.6831978820081468
18 6 0
18 7 1.7064493564805336
18 8 1.7171330011380226
18 9 1.722412109375
18 10 1.7224422850428203
18 11 1.722412109375
18 12 1.7171330011380226
18 13 1.7064493564805336
18 14 0
18 15 1.6831978820081468
18 16 1.6591255919818864
18 17 1.6530072469537787
18 18 1.6715697341484221
18 19 1.675001551863637
18 20 1.7104710904412226
18 21 1.6822169026118097
18 22 1.6961316339624781
18 23 1.6900727502763526
18 24 1.7094134952898576
18 25 1.7078801929766356
18 26 1.6528189156533935
18 27 1.6748608770483002
18 28 1.684227756668889
18 29 1.5889101270653587
19 0 1.6646740086282437
19 1 1.7025827286960458
19 2 1.6839134323467297
19 3 1.6965367183339697
19 4 1.6638401786161356
19 5 0
19 6 1.686844449154379
19 7 0
19 8 1.6963672922151507
19 9 1.7154755265450496
19 10 1.6951185645622722
19 11 1.7154755265450496
19 12 1.6963672922151507
19 13 0
19 14 1.686844449154379
19 15 0
19 16 1.6638401786161356
19 17 1.6965367183339697
19 18 1.6839134323467297
19 19 1.7025827286960458
19 20 1.6646740086282437
19 21 1.6797943436097906
19 22 1.7047770307180266
19 23 1.6756046922263619
19 24 1.6863384726412947
19 25 1.7177107254913557
19 26 1.662996768082158
19 27 1.6464232583681826
19 28 1.6917488305953332
19 29 1.6486501844717187
20 0 1.6695247847568102
20 1 1.71025596229851
20 2 1.685837686094272
20 3 1.6669215401263648
20 4 1.6799296068990432
20 5 1.667731003343045
20 6 0
20 7 1.6831978820081468
20 8 1.6700131388932369
20 9 1.6770482816757637
20 10 0
20 11 1.6770482816757637
20 12 1.6700131388932369
20 13 1.6831978820081468
20 14 0
20 15 1.667731003343045
20 16 1.6799296068990432
20 17 1.6669215401263648
20 18 1.685837686094272
20 19 1.71025596229851
20 20 1.6695247847568102
20 21 1.7116236821987514
20 22 1.68228156202529
20 23 1.6960754906060098
20 24 1.6858381386844965
20 25 1.6752969002652591
20 26 1.6874059649658548
20 27 1.6690314227204672
20 28 1.7084870467609834
20 29 1.6430847038965035
21 0 1.7161961773818337
21 1 1.676471772633718
21 2 1.667327880859375
21 3 1.7100328068150092
21 4 1.6795121189879478
21 5 1.6799296068990432
21 6 1.6638401786161356
21 7 1.6591255919818864
21 8 1.651487157087279
21 9 1.6783235852631908
21 10 0
21 11 1.6783235852631908
21 12 1.651487157087279
21 13 1.6591255919818864
21 14 1.6638401786161356
21 15 1.6799296068990432
21 16 1.6795121189879478
21 17 1.7100328068150092
21 18 1.667327880859375
21 19 1.676471772633718
21 20 1.7161961773818337
21 21 1.6715395446199242
21 22 1.714586792983687
21 23 1.7094134952898576
21 24 1.695679874467124
21 25 1.6826060715039644
21 26 1.696072962903784
21 27 1.6028230039329838
21 28 1.643960909838424
21 29 1.6966096328357652
22 0 1.6354518979786272
22 1 1.6822169026118097
22 2 1.6705853840744216
22 3 1.705779176219249
22 4 1.7100328068150092
22 5 1.6669215401263648
22 6 1.6965367183339697
22 7 1.6530072469537787
22 8 1.6719422211275043
22 9 1.667731003343045
22 10 1.6920429300837319
22 11 1.667731003343045
22 12 1.6719422211275043
22 13 1.6530072469537787
22 14 1.6965367183339697
22 15 1.6669215401263648
22 16 1.7100328068150092
22 17 1.705779176219249
22 18 1.6705853840744216
22 19 1.6822169026118097
22 20 1.6354518979786272
22 21 1.6816450738519546
22 22 1.6966426233342173
22 23 1.7229181279510795
22 24 1.7390560410393594
22 25 1.6521776689676457
22 26 1.6464232583681826
22 27 1.679582625248369
22 28 1.649839133437773
22 29 1.6607385724105184
23 0 1.6347902776996897
23 1 1.6539355036098582
23 2 1.7227768050715317
23 3 1.6705853840744216
23 4 1.667327880859375
23 5 1.685837686094272
23 6 1.6839134323467297
23 7 1.6715697341484221
23 8 1.6820680682766433
23 9 1.6965367183339697
23 10 1.649827804428439
23 11 1.6965367183339697
23 12 1.6820680682766433
23 13 1.6715697341484221
23 14 1.6839134323467297
23 15 1.685837686094272
23 16 1.667327880859375
23 17 1.6705853840744216
23 18 1.7227768050715317
23 19 1.6539355036098582
23 20 1.6347902776996897
23 21 1.6756046922263619
23 22 1.7179967163982768
23 23 1.6577561952757847
23 24 1.6930801252241778
23 25 1.7042215705218227
23 26 1.6451188714582756
23 27 1.7101311243806994
23 28 1.6542488940460507
23 29 1.7247372494645308
24 0 1.7304358882247977
24 1 1.6744115808867046
24 2 1.6539355036098582
24 3 1.6822169026118097
24 4 1.676471772633718
24 5 1.71025596229851
24 6 1.7025827286960458
24 7 1.675001551863637
24 8 1.7100328068150092
24 9 1.6727188065128158
24 10 1.6804691720094995
24 11 1.6727188065128158
24 12 1.7100328068150092
24 13 1.675001551863637
24 14 1.7025827286960458
24 15 1.71025596229851
24 16 1.676471772633718
24 17 1.6822169026118097
24 18 1.6539355036098582
24 19 1.6744115808867046
24 20 1.7304358882247977
24 21 1.7018561734774666
24 22 1.7284974653836422
24 23 1.6752969002652591
24 24 1.7380390382591329
24 25 1.6907940450370533
24 26 1.6581892999934422
24 27 1.5889101270653587
24 28 1.6816326202358876
24 29 1.6590396876745155
25 0 1.6702449015937888
25 1 1.7304358882247977
25 2 1.6347902776996897
25 3 1.6354518979786272
25 4 1.7161961773818337
25 5 1.6695247847568102
25 6 1.6646740086282437
25 7 1.7104710904412226
25 8 1.6888431026018422
25 9 1.6695009416815105
25 10 1.667327880859375
25 11 1.6695009416815105
25 12 1.6888431026018422
25 13 1.7104710904412226
25 14 1.6646740086282437
25 15 1.6695247847568102
25 16 1.7161961773818337
25 17 1.6354518979786272
25 18 1.6347902776996897
25 19 1.7304358882247977
25 20 1.6702449015937888
25 21 1.6858381386844965
25 22 1.7526403612746624
25 23 1.6231126493341221
25 24 1.6815886828205127
25 25 1.6028230039329838
25 26 1.6806218572177625
25 27 1.6735223742876761
25 28 1.748351469397929
25 29 1.6136601494636043
26 0 1.6858381386844965
26 1 1.7018561734774666
26 2 1.6756046922263619
26 3 1.6816450738519546
26 4 1.6715395446199242
26 5 1.7116236821987514
26 6 1.6797943436097906
26 7 1.6822169026118097
26 8 1.6695247847568102
26 9 1.6857905564242177
26 10 1.702494384411555
26 11 1.6857905564242177
26 12 1.6695247847568102
26 13 1.6822169026118097
26 14 1.6797943436097906
26 15 1.7116236821987514
26 16 1.6715395446199242
26 17 1.6816450738519546
26 18 1.6756046922263619
26 19 1.7018561734774666
26 20 1.6858381386844965
26 21 1.7566164036856156
26 22 1.6528189156533935
26 23 1.6938550109203452
26 24 1.6580549489703247
26 25 1.658214416783226
26 26 1.6486501844717187
26 27 1.6607385724105184
26 28 1.6485808748354243
26 29 1.6270472106098666
27 0 1.7526403612746624
27 1 1.7284974653836422
27 2 1.7179967163982768
27 3 1.6966426233342173
27 4 1.714586792983687
27 5 1.68228156202529
27 6 1.7047770307180266
27 7 1.6961316339624781
27 8 1.6809643330486959
27 9 1.6539355036098582
27 10 1.6807611675608287
27 11 1.6539355036098582
27 12 1.6809643330486959
27 13 1.6961316339624781
27 14 1.7047770307180266
27 15 1.68228156202529
27 16 1.714586792983687
27 17 1.6966426233342173
27 18 1.7179967163982768
27 19 1.7284974653836422
27 20 1.7526403612746624
27 21 1.6528189156533935
27 22 1.7046138963176318
27 23 1.6594619548984282
27 24 1.6917488305953332
27 25 1.5833109239784908
27 26 1.6762181083511185
27 27 1.6419523570658048
27 28 1.6776707387100596
27 29 1.6881282117684193
28 0 1.6231126493341221
28 1 1.6752969002652591
28 2 1.6577561952757847
28 3 1.7229181279510795
28 4 1.7094134952898576
28 5 1.6960754906060098
28 6 1.6756046922263619
28 7 1.6900727502763526
28 8 1.7086480183744377
28 9 1.6816450738519546
28 10 1.68228156202529
28 11 1.6816450738519546
28 12 1.7086480183744377
28 13 1.6900727502763526
28 14 1.6756046922263619
28 15 1.6960754906060098
28 16 1.7094134952898576
28 17 1.7229181279510795
28 18 1.6577561952757847
28 19 1.6752969002652591
28 20 1.6231126493341221
28 21 1.6938550109203452
28 22 1.6594619548984282
28 23 1.679582625248369
28 24 1.6267155481659057
28 25 1.6750060235276745
28 26 1.7247372494645308
28 27 1.5718221432866992
28 28 1.6495453461240888
28 29 1.6164279681570233
29 0 1.6815886828205127
29 1 1.7380390382591329
29 2 1.6930801252241778
29 3 1.7390560410393594
29 4 1.695679874467124
29 5 1.6858381386844965
29 6 1.6863384726412947
29 7 1.7094134952898576
29 8 1.6702449015937888
29 9 1.6984842017473996
29 10 1.7113262708575396
29 11 1.6984842017473996
29 12 1.6702449015937888
29 13 1.7094134952898576
29 14 1.6863384726412947
29 15 1.6858381386844965
29 16 1.695679874467124
29 17 1.7390560410393594
29 18 1.6930801252241778
29 19 1.7380390382591329
29 20 1.6815886828205127
29 21 1.6580549489703247
29 22 1.6917488305953332
29 23 1.6267155481659057
29 24 1.6882926883324691
29 25 1.7521160805358829
29 26 1.591637025935377
29 27 1.6292435791051594
29 28 1.5917105788522696
29 29 1.660493768371233
