0 0 0
0 1 0
0 2 0
0 3 0
0 4 1.0575081895791942
0 5 0
0 6 0
0 7 1.0831517853159058
0 8 0
0 9 0
0 10 0
0 11 0
0 12 0
0 13 0
0 14 0
0 15 0
0 16 1.0223604728398368
0 17 0
0 18 1.3262292656681691
0 19 0
0 20 1.2025825743704148
0 21 0
0 22 0
0 23 0
0 24 0
0 25 0
0 26 0
0 27 0
0 28 0
0 29 0
1 0 0
1 1 0
1 2 0
1 3 0
1 4 1.2123679358007897
1 5 0
1 6 0
1 7 0
1 8 0
1 9 0
1 10 1.0766368725205822
1 11 0
1 12 0
1 13 0
1 14 1.1438828880657812
1 15 1.4401246283759015
1 16 0
1 17 0
1 18 0
1 19 0
1 20 0
1 21 0
1 22 1.1263498655596147
1 23 0
1 24 0
1 25 1.0297833959233584
1 26 0
1 27 0
1 28 1.1491101522966518
1 29 0
2 0 0
2 1 0
2 2 0
2 3 0
2 4 0
2 5 1.2272157620528121
2 6 0
2 7 0
2 8 0
2 9 0
2 10 0
2 11 1.073374322906859
2 12 0
2 13 1.1421947407051372
2 14 0
2 15 0
2 16 0
2 17 1.5524546334550553
2 18 1.1254694403430108
2 19 1.0591280764971347
2 20 0
2 21 0
2 22 0
2 23 1.0492738190458422
2 24 0
2 25 0
2 26 0
2 27 0
2 28 0
2 29 1.1491101522966518
3 0 0
3 1 0
3 2 0
3 3 1.2741657739190777
3 4 0
3 5 1.132732440782096
3 6 1.0227018053146204
3 7 1.1631108407684896
3 8 1.1374639273192622
3 9 1.1085658597953303
3 10 1.112410454747861
3 11 0
3 12 1.2330898361205667
3 13 1.1550679678010094
3 14 1.2516524167779581
3 15 0
3 16 0
3 17 0
3 18 0
3 19 1.311059879227769
3 20 1.4590548656464137
3 21 0
3 22 0
3 23 0
3 24 0
3 25 0
3 26 0
3 27 1.275998476316346
3 28 0
3 29 0
4 0 1.0575081895791942
4 1 1.2123679358007897
4 2 0
4 3 0
4 4 0
4 5 1.3301156357454718
4 6 1.114501503135516
4 7 0
4 8 1.1317184953740054
4 9 1.588230234833954
4 10 1.5715501210266212
4 11 0
4 12 0
4 13 0
4 14 0
4 15 0
4 16 1.4666002640696274
4 17 1.2876337381557263
4 18 0
4 19 0
4 20 0
4 21 1.1825190756898898
4 22 0
4 23 0
4 24 0
4 25 1.4324127790064156
4 26 0
4 27 0
4 28 0
4 29 0
5 0 0
5 1 0
5 2 1.2272157620528121
5 3 1.132732440782096
5 4 1.3301156357454718
5 5 1.0732897321684043
5 6 0
5 7 0
5 8 1.1943301227460899
5 9 0
5 10 1.3901025784264016
5 11 1.4322203881884719
5 12 1.6785713638986213
5 13 1.5843303196987448
5 14 0
5 15 1.1436777788131092
5 16 0
5 17 0
5 18 1.143485113712448
5 19 1.8638533562994144
5 20 1.2026619926709765
5 21 1.0055348678197265
5 22 1.20297414659208
5 23 1.2143587230750774
5 24 0
5 25 0
5 26 1.4324127790064156
5 27 0
5 28 0
5 29 1.0297833959233584
6 0 0
6 1 0
6 2 0
6 3 1.0227018053146204
6 4 1.114501503135516
6 5 0
6 6 1.3631650780419546
6 7 0
6 8 0
6 9 0
6 10 1.2499792292130887
6 11 1.3793326475132996
6 12 1.384367640198988
6 13 0
6 14 1.4775613751237002
6 15 1.0903157460556803
6 16 0
6 17 0
6 18 1.2384801433945423
6 19 0
6 20 1.1982260883214995
6 21 1.281559627039553
6 22 0
6 23 0
6 24 1.2385120588876184
6 25 0
6 26 0
6 27 0
6 28 0
6 29 0
7 0 1.0831517853159058
7 1 0
7 2 0
7 3 1.1631108407684896
7 4 0
7 5 0
7 6 0
7 7 1.1647958061966637
7 8 0
7 9 1.440843260307461
7 10 1.539050300664011
7 11 1.4071779732087564
7 12 2.1430262029552867
7 13 1.7687210382282368
7 14 1.4908002576395225
7 15 1.8029582343061104
7 16 1.2651820826746734
7 17 1.2504911000192964
7 18 1.4719395169629679
7 19 0
7 20 0
7 21 0
7 22 0
7 23 0
7 24 0
7 25 1.2143587230750774
7 26 0
7 27 0
7 28 1.0492738190458422
7 29 0
8 0 0
8 1 0
8 2 0
8 3 1.1374639273192622
8 4 1.1317184953740054
8 5 1.1943301227460899
8 6 0
8 7 0
8 8 1.8778310305414756
8 9 1.4197955465310572
8 10 1.7463974391819663
8 11 1.518305969157657
8 12 2.0012629414746015
8 13 1.7874022410225066
8 14 0
8 15 1.7335048609799073
8 16 1.6515117874219782
8 17 1.345239905279601
8 18 1.5595604392181937
8 19 1.8254155496071052
8 20 0
8 21 1.4126403221078647
8 22 1.5348564283672357
8 23 0
8 24 0
8 25 1.20297414659208
8 26 0
8 27 0
8 28 0
8 29 1.1263498655596147
9 0 0
9 1 0
9 2 0
9 3 1.1085658597953303
9 4 1.588230234833954
9 5 0
9 6 0
9 7 1.440843260307461
9 8 1.4197955465310572
9 9 1.6143003250505226
9 10 2.248752298322671
9 11 1.3383706167971143
9 12 2.018992505020254
9 13 2.139325150175474
9 14 1.7799156787600061
9 15 1.8289532762339316
9 16 2.002192903146819
9 17 1.3393063862931351
9 18 1.7162628379204776
9 19 1.412040708782567
9 20 0
9 21 0
9 22 1.4126403221078647
9 23 0
9 24 1.281559627039553
9 25 1.0055348678197265
9 26 1.1825190756898898
9 27 0
9 28 0
9 29 0
10 0 0
10 1 1.0766368725205822
10 2 0
10 3 1.112410454747861
10 4 1.5715501210266212
10 5 1.3901025784264016
10 6 1.2499792292130887
10 7 1.539050300664011
10 8 1.7463974391819663
10 9 2.248752298322671
10 10 2.2360722456240314
10 11 2.5809053995416926
10 12 2.6759040004228485
10 13 2.893649466779412
10 14 1.942185275258188
10 15 2.1211677125872845
10 16 1.557755050546325
10 17 1.497606817062196
10 18 1.3920506676346327
10 19 1.170972381212179
10 20 1.2387515895347698
10 21 0
10 22 0
10 23 0
10 24 1.1982260883214995
10 25 1.2026619926709765
10 26 0
10 27 1.4590548656464137
10 28 0
10 29 0
11 0 0
11 1 0
11 2 1.073374322906859
11 3 0
11 4 0
11 5 1.4322203881884719
11 6 1.3793326475132996
11 7 1.4071779732087564
11 8 1.518305969157657
11 9 1.3383706167971143
11 10 2.5809053995416926
11 11 4.145532387904021
11 12 4.06998375772365
11 13 3.5434465490383342
11 14 2.4235698208986567
11 15 1.5698361468365027
11 16 1.567575984229099
11 17 1.2171288660359578
11 18 1.6128525682255366
11 19 1.6494948284406068
11 20 1.170972381212179
11 21 1.412040708782567
11 22 1.8254155496071052
11 23 0
11 24 0
11 25 1.8638533562994144
11 26 0
11 27 1.311059879227769
11 28 1.0591280764971347
11 29 0
12 0 0
12 1 0
12 2 0
12 3 1.2330898361205667
12 4 0
12 5 1.6785713638986213
12 6 1.384367640198988
12 7 2.1430262029552867
12 8 2.0012629414746015
12 9 2.018992505020254
12 10 2.6759040004228485
12 11 4.06998375772365
12 12 40.36399085126445
12 13 4.782802620485909
12 14 3.6969266303913635
12 15 2.2080254958952916
12 16 1.3742427264598545
12 17 2.1543205142202204
12 18 2.1649689896622832
12 19 1.6128525682255366
12 20 1.3920506676346327
12 21 1.7162628379204776
12 22 1.5595604392181937
12 23 1.4719395169629679
12 24 1.2384801433945423
12 25 1.143485113712448
12 26 0
12 27 0
12 28 1.1254694403430108
12 29 0
13 0 0
13 1 0
13 2 1.1421947407051372
13 3 1.1550679678010094
13 4 0
13 5 1.5843303196987448
13 6 0
13 7 1.7687210382282368
13 8 1.7874022410225066
13 9 2.139325150175474
13 10 2.893649466779412
13 11 3.5434465490383342
13 12 4.782802620485909
13 13 4.402156229771603
13 14 3.4685413830632754
13 15 2.125283652491032
13 16 1.9469951432433095
13 17 2.0901611933964572
13 18 2.1543205142202204
13 19 1.2171288660359578
13 20 1.497606817062196
13 21 1.3393063862931351
13 22 1.345239905279601
13 23 1.2504911000192964
13 24 0
13 25 0
13 26 1.2876337381557263
13 27 0
13 28 1.5524546334550553
13 29 0
14 0 0
14 1 1.1438828880657812
14 2 0
14 3 1.2516524167779581
14 4 0
14 5 0
14 6 1.4775613751237002
14 7 1.4908002576395225
14 8 0
14 9 1.7799156787600061
14 10 1.942185275258188
14 11 2.4235698208986567
14 12 3.6969266303913635
14 13 3.4685413830632754
14 14 2.6105798666872624
14 15 1.4403447381128516
14 16 2.1130371093749996
14 17 1.9469951432433095
14 18 1.3742427264598545
14 19 1.567575984229099
14 20 1.557755050546325
14 21 2.002192903146819
14 22 1.6515117874219782
14 23 1.2651820826746734
14 24 0
14 25 0
14 26 1.4666002640696274
14 27 0
14 28 0
14 29 0
15 0 0
15 1 1.4401246283759015
15 2 0
15 3 0
15 4 0
15 5 1.1436777788131092
15 6 1.0903157460556803
15 7 1.8029582343061104
15 8 1.7335048609799073
15 9 1.8289532762339316
15 10 2.1211677125872845
15 11 1.5698361468365027
15 12 2.2080254958952916
15 13 2.125283652491032
15 14 1.4403447381128516
15 15 2.7279164343301114
15 16 1.4403447381128516
15 17 2.125283652491032
15 18 2.2080254958952916
15 19 1.5698361468365027
15 20 2.1211677125872845
15 21 1.8289532762339316
15 22 1.7335048609799073
15 23 1.8029582343061104
15 24 1.0903157460556803
15 25 1.1436777788131092
15 26 0
15 27 0
15 28 0
15 29 1.4401246283759015
16 0 1.0223604728398368
16 1 0
16 2 0
16 3 0
16 4 1.4666002640696274
16 5 0
16 6 0
16 7 1.2651820826746734
16 8 1.6515117874219782
16 9 2.002192903146819
16 10 1.557755050546325
16 11 1.567575984229099
16 12 1.3742427264598545
16 13 1.9469951432433095
16 14 2.1130371093749996
16 15 1.4403447381128516
16 16 2.6105798666872624
16 17 3.4685413830632754
16 18 3.6969266303913635
16 19 2.4235698208986567
16 20 1.942185275258188
16 21 1.7799156787600061
16 22 0
16 23 1.4908002576395225
16 24 1.4775613751237002
16 25 0
16 26 0
16 27 1.2516524167779581
16 28 0
16 29 1.1438828880657812
17 0 0
17 1 0
17 2 1.5524546334550553
17 3 0
17 4 1.2876337381557263
17 5 0
17 6 0
17 7 1.2504911000192964
17 8 1.345239905279601
17 9 1.3393063862931351
17 10 1.497606817062196
17 11 1.2171288660359578
17 12 2.1543205142202204
17 13 2.0901611933964572
17 14 1.9469951432433095
17 15 2.125283652491032
17 16 3.4685413830632754
17 17 4.402156229771603
17 18 4.782802620485909
17 19 3.5434465490383342
17 20 2.893649466779412
17 21 2.139325150175474
17 22 1.7874022410225066
17 23 1.7687210382282368
17 24 0
17 25 1.5843303196987448
17 26 0
17 27 1.1550679678010094
17 28 1.1421947407051372
17 29 0
18 0 1.3262292656681691
18 1 0
18 2 1.1254694403430108
18 3 0
18 4 0
18 5 1.143485113712448
18 6 1.2384801433945423
18 7 1.4719395169629679
18 8 1.5595604392181937
18 9 1.7162628379204776
18 10 1.3920506676346327
18 11 1.6128525682255366
18 12 2.1649689896622832
18 13 2.1543205142202204
18 14 1.3742427264598545
18 15 2.2080254958952916
18 16 3.6969266303913635
18 17 4.782802620485909
18 18 40.36399085126445
18 19 4.06998375772365
18 20 2.6759040004228485
18 21 2.018992505020254
18 22 2.0012629414746015
18 23 2.1430262029552867
18 24 1.384367640198988
18 25 1.6785713638986213
18 26 0
18 27 1.2330898361205667
18 28 0
18 29 0
19 0 0
19 1 0
19 2 1.0591280764971347
19 3 1.311059879227769
19 4 0
19 5 1.8638533562994144
19 6 0
19 7 0
19 8 1.8254155496071052
19 9 1.412040708782567
19 10 1.170972381212179
19 11 1.6494948284406068
19 12 1.6128525682255366
19 13 1.2171288660359578
19 14 1.567575984229099
19 15 1.5698361468365027
19 16 2.4235698208986567
19 17 3.5434465490383342
19 18 4.06998375772365
19 19 4.145532387904021
19 20 2.5809053995416926
19 21 1.3383706167971143
19 22 1.518305969157657
19 23 1.4071779732087564
19 24 1.3793326475132996
19 25 1.4322203881884719
19 26 0
19 27 0
19 28 1.073374322906859
19 29 0
20 0 1.2025825743704148
20 1 0
20 2 0
20 3 1.4590548656464137
20 4 0
20 5 1.2026619926709765
20 6 1.1982260883214995
20 7 0
20 8 0
20 9 0
20 10 1.2387515895347698
20 11 1.170972381212179
20 12 1.3920506676346327
20 13 1.497606817062196
20 14 1.557755050546325
20 15 2.1211677125872845
20 16 1.942185275258188
20 17 2.893649466779412
20 18 2.6759040004228485
20 19 2.5809053995416926
20 20 2.2360722456240314
20 21 2.248752298322671
20 22 1.7463974391819663
20 23 1.539050300664011
20 24 1.2499792292130887
20 25 1.3901025784264016
20 26 1.5715501210266212
20 27 1.112410454747861
20 28 0
20 29 1.0766368725205822
21 0 0
21 1 0
21 2 0
21 3 0
21 4 1.1825190756898898
21 5 1.0055348678197265
21 6 1.281559627039553
21 7 0
21 8 1.4126403221078647
21 9 0
21 10 0
21 11 1.412040708782567
21 12 1.7162628379204776
21 13 1.3393063862931351
21 14 2.002192903146819
21 15 1.8289532762339316
21 16 1.7799156787600061
21 17 2.139325150175474
21 18 2.018992505020254
21 19 1.3383706167971143
21 20 2.248752298322671
21 21 1.6143003250505226
21 22 1.4197955465310572
21 23 1.440843260307461
21 24 0
21 25 0
21 26 1.588230234833954
21 27 1.1085658597953303
21 28 0
21 29 0
22 0 0
22 1 1.1263498655596147
22 2 0
22 3 0
22 4 0
22 5 1.20297414659208
22 6 0
22 7 0
22 8 1.5348564283672357
22 9 1.4126403221078647
22 10 0
22 11 1.8254155496071052
22 12 1.5595604392181937
22 13 1.345239905279601
22 14 1.6515117874219782
22 15 1.7335048609799073
22 16 0
22 17 1.7874022410225066
22 18 2.0012629414746015
22 19 1.518305969157657
22 20 1.7463974391819663
22 21 1.4197955465310572
22 22 1.8778310305414756
22 23 0
22 24 0
22 25 1.1943301227460899
22 26 1.1317184953740054
22 27 1.1374639273192622
22 28 0
22 29 0
23 0 0
23 1 0
23 2 1.0492738190458422
23 3 0
23 4 0
23 5 1.2143587230750774
23 6 0
23 7 0
23 8 0
23 9 0
23 10 0
23 11 0
23 12 1.4719395169629679
23 13 1.2504911000192964
23 14 1.2651820826746734
23 15 1.8029582343061104
23 16 1.4908002576395225
23 17 1.7687210382282368
23 18 2.1430262029552867
23 19 1.4071779732087564
23 20 1.539050300664011
23 21 1.440843260307461
23 22 0
23 23 1.1647958061966637
23 24 0
23 25 0
23 26 0
23 27 1.1631108407684896
23 28 0
23 29 0
24 0 0
24 1 0
24 2 0
24 3 0
24 4 0
24 5 0
24 6 1.2385120588876184
24 7 0
24 8 0
24 9 1.281559627039553
24 10 1.1982260883214995
24 11 0
24 12 1.2384801433945423
24 13 0
24 14 0
24 15 1.0903157460556803
24 16 1.4775613751237002
24 17 0
24 18 1.384367640198988
24 19 1.3793326475132996
24 20 1.2499792292130887
24 21 0
24 22 0
24 23 0
24 24 1.3631650780419546
24 25 0
24 26 1.114501503135516
24 27 1.0227018053146204
24 28 0
24 29 0
25 0 0
25 1 1.0297833959233584
25 2 0
25 3 0
25 4 1.4324127790064156
25 5 0
25 6 0
25 7 1.2143587230750774
25 8 1.20297414659208
25 9 1.0055348678197265
25 10 1.2026619926709765
25 11 1.8638533562994144
25 12 1.143485113712448
25 13 0
25 14 0
25 15 1.1436777788131092
25 16 0
25 17 1.5843303196987448
25 18 1.6785713638986213
25 19 1.4322203881884719
25 20 1.3901025784264016
25 21 0
25 22 1.1943301227460899
25 23 0
25 24 0
25 25 1.0732897321684043
25 26 1.3301156357454718
25 27 1.132732440782096
25 28 1.2272157620528121
25 29 0
26 0 0
26 1 0
26 2 0
26 3 0
26 4 0
26 5 1.4324127790064156
26 6 0
26 7 0
26 8 0
26 9 1.1825190756898898
26 10 0
26 11 0
26 12 0
26 13 1.2876337381557263
26 14 1.4666002640696274
26 15 0
26 16 0
26 17 0
26 18 0
26 19 0
26 20 1.5715501210266212
26 21 1.588230234833954
26 22 1.1317184953740054
26 23 0
26 24 1.114501503135516
26 25 1.3301156357454718
26 26 0
26 27 0
26 28 0
26 29 1.2123679358007897
27 0 0
27 1 0
27 2 0
27 3 1.275998476316346
27 4 0
27 5 0
27 6 0
27 7 0
27 8 0
27 9 0
27 10 1.4590548656464137
27 11 1.311059879227769
27 12 0
27 13 0
27 14 0
27 15 0
27 16 1.2516524167779581
27 17 1.1550679678010094
27 18 1.2330898361205667
27 19 0
27 20 1.112410454747861
27 21 1.1085658597953303
27 22 1.1374639273192622
27 23 1.1631108407684896
27 24 1.0227018053146204
27 25 1.132732440782096
27 26 0
27 27 1.2741657739190777
27 28 0
27 29 0
28 0 0
28 1 1.1491101522966518
28 2 0
28 3 0
28 4 0
28 5 0
28 6 0
28 7 1.0492738190458422
28 8 0
28 9 0
28 10 0
28 11 1.0591280764971347
28 12 1.1254694403430108
28 13 1.5524546334550553
28 14 0
28 15 0
28 16 0
28 17 1.1421947407051372
28 18 0
28 19 1.073374322906859
28 20 0
28 21 0
28 22 0
28 23 0
28 24 0
28 25 1.2272157620528121
28 26 0
28 27 0
28 28 0
28 29 0
29 0 0
29 1 0
29 2 1.1491101522966518
29 3 0
29 4 0
29 5 1.0297833959233584
29 6 0
29 7 0
29 8 1.1263498655596147
29 9 0
29 10 0
29 11 0
29 12 0
29 13 0
29 14 0
29 15 1.4401246283759015
29 16 1.1438828880657812
29 17 0
29 18 0
29 19 0
29 20 1.0766368725205822
29 21 0
29 22 0
29 23 0
29 24 0
29 25 0
29 26 1.2123679358007897
29 27 0
29 28 0
29 29 0
