0 0 0
0 1 1.290112266420961
0 2 0
0 3 0
0 4 1.2860514209369365
0 5 1.280622867143793
0 6 0
0 7 0
0 8 1.1266562094344816
0 9 0
0 10 0
0 11 1.0034005921240816
0 12 1.4079879922018206
0 13 1.2641712397205391
0 14 0
0 15 0
0 16 0
0 17 0
0 18 0
0 19 0.9634093450902247
0 20 0
0 21 1.0441330889154559
0 22 0
0 23 0
0 24 0
0 25 0
0 26 0
0 27 0
0 28 0
0 29 0
1 0 1.290112266420961
1 1 0
1 2 0
1 3 0
1 4 0
1 5 0
1 6 1.2990885748747132
1 7 1.1755866691934453
1 8 0
1 9 0
1 10 0
1 11 0
1 12 0
1 13 0
1 14 1.2212819612257335
1 15 1.3493362188882008
1 16 0
1 17 0
1 18 0
1 19 0
1 20 0
1 21 0
1 22 0
1 23 0.9822317061193763
1 24 0
1 25 1.2702012263280045
1 26 0
1 27 1.1796871327565184
1 28 0
1 29 1.183133392510505
2 0 0
2 1 0
2 2 0
2 3 0
2 4 0
2 5 0
2 6 1.2627976921446193
2 7 1.2694280287887445
2 8 0
2 9 0
2 10 1.2464886649087183
2 11 0
2 12 1.091121324754581
2 13 0
2 14 0
2 15 0
2 16 1.114501503135516
2 17 0
2 18 0
2 19 0
2 20 0
2 21 1.4631751831077593
2 22 1.2025825743704148
2 23 0
2 24 0
2 25 1.442493499529656
2 26 0
2 27 0
2 28 0
2 29 0
3 0 0
3 1 0
3 2 0
3 3 0
3 4 1.1657723091257466
3 5 0
3 6 1.238701509575389
3 7 1.370125560826785
3 8 1.2016773896875381
3 9 1.1469118591255036
3 10 0
3 11 0
3 12 0
3 13 1.1570669266943585
3 14 1.4380416034786965
3 15 0
3 16 0
3 17 0
3 18 1.1411211956902079
3 19 0
3 20 0
3 21 0
3 22 0
3 23 0
3 24 1.2395536611818236
3 25 1.2243552266272428
3 26 0
3 27 1.3278450904192247
3 28 0
3 29 1.1796871327565184
4 0 1.2860514209369365
4 1 0
4 2 0
4 3 1.1657723091257466
4 4 0
4 5 0
4 6 0
4 7 0
4 8 0
4 9 1.2451054894101161
4 10 1.2609907622347174
4 11 1.3839186847563145
4 12 1.6128940279630208
4 13 0
4 14 0
4 15 0
4 16 1.5045132803812182
4 17 1.202663872709701
4 18 1.0237546904071477
4 19 1.2709410968784225
4 20 1.1254694403430108
4 21 0
4 22 0
4 23 0
4 24 0
4 25 0
4 26 1.151512824587094
4 27 0
4 28 0
4 29 0
5 0 1.280622867143793
5 1 0
5 2 0
5 3 0
5 4 0
5 5 1.5313280801670655
5 6 1.1673589025407016
5 7 1.4886183500959693
5 8 0
5 9 1.3597560710065328
5 10 1.2138188096674707
5 11 1.1755780312581492
5 12 1.3426775230866832
5 13 1.5730269493759803
5 14 1.2505555476057504
5 15 1.0579999483624347
5 16 1.3300614620853954
5 17 1.2312873526164134
5 18 1.2402828739974339
5 19 0
5 20 1.2471636644351114
5 21 1.2589928473803054
5 22 0
5 23 0
5 24 0
5 25 0
5 26 0
5 27 1.2243552266272428
5 28 1.442493499529656
5 29 1.2702012263280045
6 0 0
6 1 1.2990885748747132
6 2 1.2627976921446193
6 3 1.238701509575389
6 4 0
6 5 1.1673589025407016
6 6 1.3234446933842055
6 7 1.8606672837477085
6 8 2.028297235878459
6 9 1.6087186275010106
6 10 1.258662988253826
6 11 1.8889045410570466
6 12 1.9323167996924977
6 13 1.5186803417665689
6 14 1.2916004707735849
6 15 0
6 16 1.5347195154576811
6 17 1.4739155325959195
6 18 1.4666002640696274
6 19 1.22058910046273
6 20 0
6 21 1.409074813062839
6 22 1.253447370704834
6 23 1.5247036895803858
6 24 0
6 25 0
6 26 0
6 27 1.2395536611818236
6 28 0
6 29 0
7 0 0
7 1 1.1755866691934453
7 2 1.2694280287887445
7 3 1.370125560826785
7 4 0
7 5 1.4886183500959693
7 6 1.8606672837477085
7 7 1.4210427383907631
7 8 2.0755491905943937
7 9 2.202532437978224
7 10 2.274022287288629
7 11 1.7835746168056672
7 12 1.4893326749989055
7 13 1.7140411770865795
7 14 1.3917884045131597
7 15 1.5563658344479139
7 16 0
7 17 1.1436777788131092
7 18 1.2235294736083284
7 19 1.3007358368413764
7 20 1.1906862246683394
7 21 0
7 22 1.0445951086182177
7 23 0
7 24 1.5247036895803858
7 25 0
7 26 0
7 27 0
7 28 0
7 29 0.9822317061193763
8 0 1.1266562094344816
8 1 0
8 2 0
8 3 1.2016773896875381
8 4 0
8 5 0
8 6 2.028297235878459
8 7 2.0755491905943937
8 8 2.27911783039534
8 9 2.8121475236351783
8 10 3.2088187655067646
8 11 3.0840025577701957
8 12 1.7666137256565875
8 13 1.6339321829835198
8 14 1.401557435447308
8 15 1.4798179812438736
8 16 1.4775613751237002
8 17 1.2474074572182685
8 18 1.2451421075369808
8 19 0
8 20 0
8 21 1.1109439140548238
8 22 0
8 23 1.0445951086182177
8 24 1.253447370704834
8 25 0
8 26 0
8 27 0
8 28 1.2025825743704148
8 29 0
9 0 0
9 1 0
9 2 0
9 3 1.1469118591255036
9 4 1.2451054894101161
9 5 1.3597560710065328
9 6 1.6087186275010106
9 7 2.202532437978224
9 8 2.8121475236351783
9 9 4.947766216346896
9 10 4.675701023163736
9 11 3.104888259859185
9 12 2.5697863227845987
9 13 2.22612446216005
9 14 1.5953675083121388
9 15 1.7687210382282368
9 16 1.6638263255103543
9 17 1.328668243972584
9 18 1.2278551960116109
9 19 0
9 20 1.173025780936018
9 21 1.3199446911349624
9 22 1.1109439140548238
9 23 0
9 24 1.409074813062839
9 25 1.2589928473803054
9 26 0
9 27 0
9 28 1.4631751831077593
9 29 0
10 0 0
10 1 0
10 2 1.2464886649087183
10 3 0
10 4 1.2609907622347174
10 5 1.2138188096674707
10 6 1.258662988253826
10 7 2.274022287288629
10 8 3.2088187655067646
10 9 4.675701023163736
10 10 38.295974034234504
10 11 4.47262435905538
10 12 2.0335880471992596
10 13 2.3128916571800384
10 14 2.0012629414746015
10 15 1.3502181862574272
10 16 1.4906187992175495
10 17 1.3725472334012272
10 18 1.2469351118715342
10 19 1.4081062063791914
10 20 0
10 21 1.173025780936018
10 22 0
10 23 1.1906862246683394
10 24 0
10 25 1.2471636644351114
10 26 1.1254694403430108
10 27 0
10 28 0
10 29 0
11 0 1.0034005921240816
11 1 0
11 2 0
11 3 0
11 4 1.3839186847563145
11 5 1.1755780312581492
11 6 1.8889045410570466
11 7 1.7835746168056672
11 8 3.0840025577701957
11 9 3.104888259859185
11 10 4.47262435905538
11 11 4.074827397841865
11 12 2.794080911555677
11 13 1.3383706167971143
11 14 1.7786547626789724
11 15 1.4918541223108128
11 16 1.8532865401322376
11 17 1.2725242577938722
11 18 1.1683306497191601
11 19 0
11 20 1.4081062063791914
11 21 0
11 22 0
11 23 1.3007358368413764
11 24 1.22058910046273
11 25 0
11 26 1.2709410968784225
11 27 0
11 28 0
11 29 0
12 0 1.4079879922018206
12 1 0
12 2 1.091121324754581
12 3 0
12 4 1.6128940279630208
12 5 1.3426775230866832
12 6 1.9323167996924977
12 7 1.4893326749989055
12 8 1.7666137256565875
12 9 2.5697863227845987
12 10 2.0335880471992596
12 11 2.794080911555677
12 12 2.2360722456240314
12 13 1.9416948538087464
12 14 1.8040145722325343
12 15 2.0232578611421914
12 16 1.2423833637706447
12 17 1.3057017666223765
12 18 1.2387515895347698
12 19 1.1683306497191601
12 20 1.2469351118715342
12 21 1.2278551960116109
12 22 1.2451421075369808
12 23 1.2235294736083284
12 24 1.4666002640696274
12 25 1.2402828739974339
12 26 1.0237546904071477
12 27 1.1411211956902079
12 28 0
12 29 0
13 0 1.2641712397205391
13 1 0
13 2 0
13 3 1.1570669266943585
13 4 0
13 5 1.5730269493759803
13 6 1.5186803417665689
13 7 1.7140411770865795
13 8 1.6339321829835198
13 9 2.22612446216005
13 10 2.3128916571800384
13 11 1.3383706167971143
13 12 1.9416948538087464
13 13 1.9945721635279585
13 14 2.002192903146819
13 15 1.3207239801973505
13 16 1.4240613885131397
13 17 1.3502723313089946
13 18 1.3057017666223765
13 19 1.2725242577938722
13 20 1.3725472334012272
13 21 1.328668243972584
13 22 1.2474074572182685
13 23 1.1436777788131092
13 24 1.4739155325959195
13 25 1.2312873526164134
13 26 1.202663872709701
13 27 0
13 28 0
13 29 0
14 0 0
14 1 1.2212819612257335
14 2 0
14 3 1.4380416034786965
14 4 0
14 5 1.2505555476057504
14 6 1.2916004707735849
14 7 1.3917884045131597
14 8 1.401557435447308
14 9 1.5953675083121388
14 10 2.0012629414746015
14 11 1.7786547626789724
14 12 1.8040145722325343
14 13 2.002192903146819
14 14 1.3922461899628822
14 15 1.5770020507633455
14 16 1.5601525767418423
14 17 1.4240613885131397
14 18 1.2423833637706447
14 19 1.8532865401322376
14 20 1.4906187992175495
14 21 1.6638263255103543
14 22 1.4775613751237002
14 23 0
14 24 1.5347195154576811
14 25 1.3300614620853954
14 26 1.5045132803812182
14 27 0
14 28 1.114501503135516
14 29 0
15 0 0
15 1 1.3493362188882008
15 2 0
15 3 0
15 4 0
15 5 1.0579999483624347
15 6 0
15 7 1.5563658344479139
15 8 1.4798179812438736
15 9 1.7687210382282368
15 10 1.3502181862574272
15 11 1.4918541223108128
15 12 2.0232578611421914
15 13 1.3207239801973505
15 14 1.5770020507633455
15 15 1.6494948284406068
15 16 1.5770020507633455
15 17 1.3207239801973505
15 18 2.0232578611421914
15 19 1.4918541223108128
15 20 1.3502181862574272
15 21 1.7687210382282368
15 22 1.4798179812438736
15 23 1.5563658344479139
15 24 0
15 25 1.0579999483624347
15 26 0
15 27 0
15 28 0
15 29 1.3493362188882008
16 0 0
16 1 0
16 2 1.114501503135516
16 3 0
16 4 1.5045132803812182
16 5 1.3300614620853954
16 6 1.5347195154576811
16 7 0
16 8 1.4775613751237002
16 9 1.6638263255103543
16 10 1.4906187992175495
16 11 1.8532865401322376
16 12 1.2423833637706447
16 13 1.4240613885131397
16 14 1.5601525767418423
16 15 1.5770020507633455
16 16 1.3922461899628822
16 17 2.002192903146819
16 18 1.8040145722325343
16 19 1.7786547626789724
16 20 2.0012629414746015
16 21 1.5953675083121388
16 22 1.401557435447308
16 23 1.3917884045131597
16 24 1.2916004707735849
16 25 1.2505555476057504
16 26 0
16 27 1.4380416034786965
16 28 0
16 29 1.2212819612257335
17 0 0
17 1 0
17 2 0
17 3 0
17 4 1.202663872709701
17 5 1.2312873526164134
17 6 1.4739155325959195
17 7 1.1436777788131092
17 8 1.2474074572182685
17 9 1.328668243972584
17 10 1.3725472334012272
17 11 1.2725242577938722
17 12 1.3057017666223765
17 13 1.3502723313089946
17 14 1.4240613885131397
17 15 1.3207239801973505
17 16 2.002192903146819
17 17 1.9945721635279585
17 18 1.9416948538087464
17 19 1.3383706167971143
17 20 2.3128916571800384
17 21 2.22612446216005
17 22 1.6339321829835198
17 23 1.7140411770865795
17 24 1.5186803417665689
17 25 1.5730269493759803
17 26 0
17 27 1.1570669266943585
17 28 0
17 29 0
18 0 0
18 1 0
18 2 0
18 3 1.1411211956902079
18 4 1.0237546904071477
18 5 1.2402828739974339
18 6 1.4666002640696274
18 7 1.2235294736083284
18 8 1.2451421075369808
18 9 1.2278551960116109
18 10 1.2469351118715342
18 11 1.1683306497191601
18 12 1.2387515895347698
18 13 1.3057017666223765
18 14 1.2423833637706447
18 15 2.0232578611421914
18 16 1.8040145722325343
18 17 1.9416948538087464
18 18 2.2360722456240314
18 19 2.794080911555677
18 20 2.0335880471992596
18 21 2.5697863227845987
18 22 1.7666137256565875
18 23 1.4893326749989055
18 24 1.9323167996924977
18 25 1.3426775230866832
18 26 1.6128940279630208
18 27 0
18 28 1.091121324754581
18 29 0
19 0 0.9634093450902247
19 1 0
19 2 0
19 3 0
19 4 1.2709410968784225
19 5 0
19 6 1.22058910046273
19 7 1.3007358368413764
19 8 0
19 9 0
19 10 1.4081062063791914
19 11 0
19 12 1.1683306497191601
19 13 1.2725242577938722
19 14 1.8532865401322376
19 15 1.4918541223108128
19 16 1.7786547626789724
19 17 1.3383706167971143
19 18 2.794080911555677
19 19 4.074827397841865
19 20 4.47262435905538
19 21 3.104888259859185
19 22 3.0840025577701957
19 23 1.7835746168056672
19 24 1.8889045410570466
19 25 1.1755780312581492
19 26 1.3839186847563145
19 27 0
19 28 0
19 29 0
20 0 0
20 1 0
20 2 0
20 3 0
20 4 1.1254694403430108
20 5 1.2471636644351114
20 6 0
20 7 1.1906862246683394
20 8 0
20 9 1.173025780936018
20 10 0
20 11 1.4081062063791914
20 12 1.2469351118715342
20 13 1.3725472334012272
20 14 1.4906187992175495
20 15 1.3502181862574272
20 16 2.0012629414746015
20 17 2.3128916571800384
20 18 2.0335880471992596
20 19 4.47262435905538
20 20 38.295974034234504
20 21 4.675701023163736
20 22 3.2088187655067646
20 23 2.274022287288629
20 24 1.258662988253826
20 25 1.2138188096674707
20 26 1.2609907622347174
20 27 0
20 28 1.2464886649087183
20 29 0
21 0 1.0441330889154559
21 1 0
21 2 1.4631751831077593
21 3 0
21 4 0
21 5 1.2589928473803054
21 6 1.409074813062839
21 7 0
21 8 1.1109439140548238
21 9 1.3199446911349624
21 10 1.173025780936018
21 11 0
21 12 1.2278551960116109
21 13 1.328668243972584
21 14 1.6638263255103543
21 15 1.7687210382282368
21 16 1.5953675083121388
21 17 2.22612446216005
21 18 2.5697863227845987
21 19 3.104888259859185
21 20 4.675701023163736
21 21 4.947766216346896
21 22 2.8121475236351783
21 23 2.202532437978224
21 24 1.6087186275010106
21 25 1.3597560710065328
21 26 1.2451054894101161
21 27 1.1469118591255036
21 28 0
21 29 0
22 0 0
22 1 0
22 2 1.2025825743704148
22 3 0
22 4 0
22 5 0
22 6 1.253447370704834
22 7 1.0445951086182177
22 8 0
22 9 1.1109439140548238
22 10 0
22 11 0
22 12 1.2451421075369808
22 13 1.2474074572182685
22 14 1.4775613751237002
22 15 1.4798179812438736
22 16 1.401557435447308
22 17 1.6339321829835198
22 18 1.7666137256565875
22 19 3.0840025577701957
22 20 3.2088187655067646
22 21 2.8121475236351783
22 22 2.27911783039534
22 23 2.0755491905943937
22 24 2.028297235878459
22 25 0
22 26 0
22 27 1.2016773896875381
22 28 0
22 29 0
23 0 0
23 1 0.9822317061193763
23 2 0
23 3 0
23 4 0
23 5 0
23 6 1.5247036895803858
23 7 0
23 8 1.0445951086182177
23 9 0
23 10 1.1906862246683394
23 11 1.3007358368413764
23 12 1.2235294736083284
23 13 1.1436777788131092
23 14 0
23 15 1.5563658344479139
23 16 1.3917884045131597
23 17 1.7140411770865795
23 18 1.4893326749989055
23 19 1.7835746168056672
23 20 2.274022287288629
23 21 2.202532437978224
23 22 2.0755491905943937
23 23 1.4210427383907631
23 24 1.8606672837477085
23 25 1.4886183500959693
23 26 0
23 27 1.370125560826785
23 28 1.2694280287887445
23 29 1.1755866691934453
24 0 0
24 1 0
24 2 0
24 3 1.2395536611818236
24 4 0
24 5 0
24 6 0
24 7 1.5247036895803858
24 8 1.253447370704834
24 9 1.409074813062839
24 10 0
24 11 1.22058910046273
24 12 1.4666002640696274
24 13 1.4739155325959195
24 14 1.5347195154576811
24 15 0
24 16 1.2916004707735849
24 17 1.5186803417665689
24 18 1.9323167996924977
24 19 1.8889045410570466
24 20 1.258662988253826
24 21 1.6087186275010106
24 22 2.028297235878459
24 23 1.8606672837477085
24 24 1.3234446933842055
24 25 1.1673589025407016
24 26 0
24 27 1.238701509575389
24 28 1.2627976921446193
24 29 1.2990885748747132
25 0 0
25 1 1.2702012263280045
25 2 1.442493499529656
25 3 1.2243552266272428
25 4 0
25 5 0
25 6 0
25 7 0
25 8 0
25 9 1.2589928473803054
25 10 1.2471636644351114
25 11 0
25 12 1.2402828739974339
25 13 1.2312873526164134
25 14 1.3300614620853954
25 15 1.0579999483624347
25 16 1.2505555476057504
25 17 1.5730269493759803
25 18 1.3426775230866832
25 19 1.1755780312581492
25 20 1.2138188096674707
25 21 1.3597560710065328
25 22 0
25 23 1.4886183500959693
25 24 1.1673589025407016
25 25 1.5313280801670655
25 26 0
25 27 0
25 28 0
25 29 0
26 0 0
26 1 0
26 2 0
26 3 0
26 4 1.151512824587094
26 5 0
26 6 0
26 7 0
26 8 0
26 9 0
26 10 1.1254694403430108
26 11 1.2709410968784225
26 12 1.0237546904071477
26 13 1.202663872709701
26 14 1.5045132803812182
26 15 0
26 16 0
26 17 0
26 18 1.6128940279630208
26 19 1.3839186847563145
26 20 1.2609907622347174
26 21 1.2451054894101161
26 22 0
26 23 0
26 24 0
26 25 0
26 26 0
26 27 1.1657723091257466
26 28 0
26 29 0
27 0 0
27 1 1.1796871327565184
27 2 0
27 3 1.3278450904192247
27 4 0
27 5 1.2243552266272428
27 6 1.2395536611818236
27 7 0
27 8 0
27 9 0
27 10 0
27 11 0
27 12 1.1411211956902079
27 13 0
27 14 0
27 15 0
27 16 1.4380416034786965
27 17 1.1570669266943585
27 18 0
27 19 0
27 20 0
27 21 1.1469118591255036
27 22 1.2016773896875381
27 23 1.370125560826785
27 24 1.238701509575389
27 25 0
27 26 1.1657723091257466
27 27 0
27 28 0
27 29 0
28 0 0
28 1 0
28 2 0
28 3 0
28 4 0
28 5 1.442493499529656
28 6 0
28 7 0
28 8 1.2025825743704148
28 9 1.4631751831077593
28 10 0
28 11 0
28 12 0
28 13 0
28 14 1.114501503135516
28 15 0
28 16 0
28 17 0
28 18 1.091121324754581
28 19 0
28 20 1.2464886649087183
28 21 0
28 22 0
28 23 1.2694280287887445
28 24 1.2627976921446193
28 25 0
28 26 0
28 27 0
28 28 0
28 29 0
29 0 0
29 1 1.183133392510505
29 2 0
29 3 1.1796871327565184
29 4 0
29 5 1.2702012263280045
29 6 0
29 7 0.9822317061193763
29 8 0
29 9 0
29 10 0
29 11 0
29 12 0
29 13 0
29 14 0
29 15 1.3493362188882008
29 16 1.2212819612257335
29 17 0
29 18 0
29 19 0
29 20 0
29 21 0
29 22 0
29 23 1.1755866691934453
29 24 1.2990885748747132
29 25 0
29 26 0
29 27 0
29 28 0
29 29 0
