0 0 0
0 1 0
0 2 0
0 3 0
0 4 0
0 5 1.0317479787125692
0 6 0
0 7 1.4187512627345942
0 8 0
0 9 0
0 10 0
0 11 0
0 12 0
0 13 0
0 14 0
0 15 0
0 16 0
0 17 1.313508783976363
0 18 0
0 19 0
0 20 0
0 21 0
0 22 0.9755862136153441
0 23 0.9872507951946894
0 24 1.0297833959233584
0 25 0
0 26 0
0 27 0
0 28 0
0 29 0
1 0 0
1 1 0
1 2 0
1 3 0
1 4 0
1 5 0
1 6 0
1 7 0
1 8 0
1 9 0
1 10 0
1 11 0
1 12 1.0999843337159203
1 13 0
1 14 0
1 15 0
1 16 1.3600253775428726
1 17 0
1 18 0.9985546914373253
1 19 0
1 20 0
1 21 0
1 22 0
1 23 0
1 24 0
1 25 1.1487693281502884
1 26 0
1 27 0
1 28 0
1 29 0
2 0 0
2 1 0
2 2 1.2498330948638892
2 3 1.1520541636714283
2 4 0
2 5 0
2 6 1.3613762230943551
2 7 0
2 8 0
2 9 0
2 10 1.4316916364254606
2 11 1.3372028466459946
2 12 1.284554565953936
2 13 0
2 14 1.1282197617955443
2 15 0
2 16 1.311059879227769
2 17 1.119759840958478
2 18 1.2589928473803054
2 19 0
2 20 1.0520338624482777
2 21 0
2 22 0
2 23 0
2 24 1.18398442507973
2 25 1.0142098542092874
2 26 0
2 27 0
2 28 0
2 29 0
3 0 0
3 1 0
3 2 1.1520541636714283
3 3 0
3 4 0
3 5 0
3 6 0
3 7 1.0888844183802098
3 8 1.2731279962257582
3 9 0
3 10 0
3 11 0
3 12 0
3 13 0
3 14 1.1104112067440537
3 15 0
3 16 0
3 17 0
3 18 0
3 19 1.0729202766696353
3 20 1.5597075428483702
3 21 0
3 22 1.1795622781068897
3 23 0
3 24 0
3 25 0
3 26 0
3 27 0
3 28 0
3 29 0
4 0 0
4 1 0
4 2 0
4 3 0
4 4 0
4 5 0
4 6 0
4 7 0
4 8 0
4 9 1.170815690733521
4 10 0
4 11 1.7839299952419587
4 12 0
4 13 0
4 14 1.5887545642620093
4 15 0
4 16 1.3007358368413764
4 17 1.459955777498745
4 18 0
4 19 0
4 20 1.0055348678197265
4 21 0
4 22 1.5811953352953378
4 23 0
4 24 0
4 25 0
4 26 0
4 27 0
4 28 0
4 29 0
5 0 1.0317479787125692
5 1 0
5 2 0
5 3 0
5 4 0
5 5 0
5 6 0
5 7 0
5 8 0
5 9 1.622462972193428
5 10 1.1934969448189618
5 11 1.3345465553025753
5 12 1.3306907344700318
5 13 0.9895086841593869
5 14 1.382234345303632
5 15 1.2451421075369808
5 16 1.4809214771526567
5 17 1.5081187059354997
5 18 0
5 19 1.1982260883214995
5 20 1.267746154366079
5 21 0
5 22 0
5 23 1.2324437420971164
5 24 0
5 25 0
5 26 0
5 27 0
5 28 1.0142098542092874
5 29 1.1487693281502884
6 0 0
6 1 0
6 2 1.3613762230943551
6 3 0
6 4 0
6 5 0
6 6 0
6 7 0
6 8 0
6 9 0
6 10 1.0972599137353287
6 11 1.7472780939336958
6 12 0
6 13 0
6 14 1.328668243972584
6 15 0
6 16 0
6 17 1.1330308405730318
6 18 0
6 19 1.2390634103761105
6 20 0
6 21 1.3550460372277346
6 22 0
6 23 0
6 24 0
6 25 0
6 26 0
6 27 0
6 28 1.18398442507973
6 29 0
7 0 1.4187512627345942
7 1 0
7 2 0
7 3 1.0888844183802098
7 4 0
7 5 0
7 6 0
7 7 0
7 8 0
7 9 0
7 10 1.2967739803281906
7 11 1.6260631770258422
7 12 0
7 13 1.4906187992175495
7 14 1.522448198941864
7 15 1.401188635050757
7 16 1.6379930304815402
7 17 1.5595604392181937
7 18 1.2940833023027587
7 19 1.7366105207424696
7 20 1.1684753870184286
7 21 1.3156455953433042
7 22 1.4958223066841427
7 23 0.9367303644206403
7 24 0
7 25 1.2324437420971164
7 26 0
7 27 0
7 28 0
7 29 0
8 0 0
8 1 0
8 2 0
8 3 1.2731279962257582
8 4 0
8 5 0
8 6 0
8 7 0
8 8 0
8 9 1.7155520062095349
8 10 1.8029582343061104
8 11 1.8858447272872247
8 12 1.4918541223108128
8 13 0
8 14 1.1031616184756257
8 15 1.5345146730305281
8 16 1.3393063862931351
8 17 1.6160777797099162
8 18 1.8615965074218648
8 19 1.20833269547243
8 20 1.2789631878367567
8 21 1.211855980404849
8 22 0
8 23 1.4958223066841427
8 24 0
8 25 0
8 26 1.5811953352953378
8 27 1.1795622781068897
8 28 0
8 29 0
9 0 0
9 1 0
9 2 0
9 3 0
9 4 1.170815690733521
9 5 1.622462972193428
9 6 0
9 7 0
9 8 1.7155520062095349
9 9 1.6530519972991928
9 10 1.2612190524008504
9 11 1.8040145722325343
9 12 2.0099699382978238
9 13 1.9274289347046334
9 14 1.8159107486117643
9 15 1.557755050546325
9 16 1.7061544684014405
9 17 1.814263761160347
9 18 1.5805460498874924
9 19 1.457044720298455
9 20 1.650210345169884
9 21 0
9 22 1.211855980404849
9 23 1.3156455953433042
9 24 1.3550460372277346
9 25 0
9 26 0
9 27 0
9 28 0
9 29 0
10 0 0
10 1 0
10 2 1.4316916364254606
10 3 0
10 4 0
10 5 1.1934969448189618
10 6 1.0972599137353287
10 7 1.2967739803281906
10 8 1.8029582343061104
10 9 1.2612190524008504
10 10 1.9945721635279585
10 11 2.78689437973767
10 12 2.2689236156382524
10 13 2.159778826343452
10 14 1.5698361468365027
10 15 1.7147377314448569
10 16 1.7190431147265137
10 17 1.7738276478209614
10 18 2.2258762163452332
10 19 1.648543363250262
10 20 1.3502723313089946
10 21 1.650210345169884
10 22 1.2789631878367567
10 23 1.1684753870184286
10 24 0
10 25 1.267746154366079
10 26 1.0055348678197265
10 27 1.5597075428483702
10 28 1.0520338624482777
10 29 0
11 0 0
11 1 0
11 2 1.3372028466459946
11 3 0
11 4 1.7839299952419587
11 5 1.3345465553025753
11 6 1.7472780939336958
11 7 1.6260631770258422
11 8 1.8858447272872247
11 9 1.8040145722325343
11 10 2.78689437973767
11 11 1.8040700096407771
11 12 2.083302281122977
11 13 3.6969266303913635
11 14 3.68839974366861
11 15 2.142082014739777
11 16 2.381707479056149
11 17 1.725402217912884
11 18 1.8730737427666695
11 19 1.5565697106544836
11 20 1.648543363250262
11 21 1.457044720298455
11 22 1.20833269547243
11 23 1.7366105207424696
11 24 1.2390634103761105
11 25 1.1982260883214995
11 26 0
11 27 1.0729202766696353
11 28 0
11 29 0
12 0 0
12 1 1.0999843337159203
12 2 1.284554565953936
12 3 0
12 4 0
12 5 1.3306907344700318
12 6 0
12 7 0
12 8 1.4918541223108128
12 9 2.0099699382978238
12 10 2.2689236156382524
12 11 2.083302281122977
12 12 4.402156229771603
12 13 7.176914911468508
12 14 3.325200864101639
12 15 2.6769641841790857
12 16 2.1329745720446067
12 17 2.3166259497528183
12 18 2.0901611933964572
12 19 1.8730737427666695
12 20 2.2258762163452332
12 21 1.5805460498874924
12 22 1.8615965074218648
12 23 1.2940833023027587
12 24 0
12 25 0
12 26 0
12 27 0
12 28 1.2589928473803054
12 29 0.9985546914373253
13 0 0
13 1 0
13 2 0
13 3 0
13 4 0
13 5 0.9895086841593869
13 6 0
13 7 1.4906187992175495
13 8 0
13 9 1.9274289347046334
13 10 2.159778826343452
13 11 3.6969266303913635
13 12 7.176914911468508
13 13 33.0057782474804
13 14 6.015391503816873
13 15 3.831364922558538
13 16 2.4124712467729696
13 17 2.0941562609937523
13 18 2.3166259497528183
13 19 1.725402217912884
13 20 1.7738276478209614
13 21 1.814263761160347
13 22 1.6160777797099162
13 23 1.5595604392181937
13 24 1.1330308405730318
13 25 1.5081187059354997
13 26 1.459955777498745
13 27 0
13 28 1.119759840958478
13 29 0
14 0 0
14 1 0
14 2 1.1282197617955443
14 3 1.1104112067440537
14 4 1.5887545642620093
14 5 1.382234345303632
14 6 1.328668243972584
14 7 1.522448198941864
14 8 1.1031616184756257
14 9 1.8159107486117643
14 10 1.5698361468365027
14 11 3.68839974366861
14 12 3.325200864101639
14 13 6.015391503816873
14 14 4.518073623309357
14 15 2.9680168881306273
14 16 2.5320066774493863
14 17 2.4124712467729696
14 18 2.1329745720446067
14 19 2.381707479056149
14 20 1.7190431147265137
14 21 1.7061544684014405
14 22 1.3393063862931351
14 23 1.6379930304815402
14 24 0
14 25 1.4809214771526567
14 26 1.3007358368413764
14 27 0
14 28 1.311059879227769
14 29 1.3600253775428726
15 0 0
15 1 0
15 2 0
15 3 0
15 4 0
15 5 1.2451421075369808
15 6 0
15 7 1.401188635050757
15 8 1.5345146730305281
15 9 1.557755050546325
15 10 1.7147377314448569
15 11 2.142082014739777
15 12 2.6769641841790857
15 13 3.831364922558538
15 14 2.9680168881306273
15 15 3.7443207863372328
15 16 2.9680168881306273
15 17 3.831364922558538
15 18 2.6769641841790857
15 19 2.142082014739777
15 20 1.7147377314448569
15 21 1.557755050546325
15 22 1.5345146730305281
15 23 1.401188635050757
15 24 0
15 25 1.2451421075369808
15 26 0
15 27 0
15 28 0
15 29 0
16 0 0
16 1 1.3600253775428726
16 2 1.311059879227769
16 3 0
16 4 1.3007358368413764
16 5 1.4809214771526567
16 6 0
16 7 1.6379930304815402
16 8 1.3393063862931351
16 9 1.7061544684014405
16 10 1.7190431147265137
16 11 2.381707479056149
16 12 2.1329745720446067
16 13 2.4124712467729696
16 14 2.5320066774493863
16 15 2.9680168881306273
16 16 4.518073623309357
16 17 6.015391503816873
16 18 3.325200864101639
16 19 3.68839974366861
16 20 1.5698361468365027
16 21 1.8159107486117643
16 22 1.1031616184756257
16 23 1.522448198941864
16 24 1.328668243972584
16 25 1.382234345303632
16 26 1.5887545642620093
16 27 1.1104112067440537
16 28 1.1282197617955443
16 29 0
17 0 1.313508783976363
17 1 0
17 2 1.119759840958478
17 3 0
17 4 1.459955777498745
17 5 1.5081187059354997
17 6 1.1330308405730318
17 7 1.5595604392181937
17 8 1.6160777797099162
17 9 1.814263761160347
17 10 1.7738276478209614
17 11 1.725402217912884
17 12 2.3166259497528183
17 13 2.0941562609937523
17 14 2.4124712467729696
17 15 3.831364922558538
17 16 6.015391503816873
17 17 33.0057782474804
17 18 7.176914911468508
17 19 3.6969266303913635
17 20 2.159778826343452
17 21 1.9274289347046334
17 22 0
17 23 1.4906187992175495
17 24 0
17 25 0.9895086841593869
17 26 0
17 27 0
17 28 0
17 29 0
18 0 0
18 1 0.9985546914373253
18 2 1.2589928473803054
18 3 0
18 4 0
18 5 0
18 6 0
18 7 1.2940833023027587
18 8 1.8615965074218648
18 9 1.5805460498874924
18 10 2.2258762163452332
18 11 1.8730737427666695
18 12 2.0901611933964572
18 13 2.3166259497528183
18 14 2.1329745720446067
18 15 2.6769641841790857
18 16 3.325200864101639
18 17 7.176914911468508
18 18 4.402156229771603
18 19 2.083302281122977
18 20 2.2689236156382524
18 21 2.0099699382978238
18 22 1.4918541223108128
18 23 0
18 24 0
18 25 1.3306907344700318
18 26 0
18 27 0
18 28 1.284554565953936
18 29 1.0999843337159203
19 0 0
19 1 0
19 2 0
19 3 1.0729202766696353
19 4 0
19 5 1.1982260883214995
19 6 1.2390634103761105
19 7 1.7366105207424696
19 8 1.20833269547243
19 9 1.457044720298455
19 10 1.648543363250262
19 11 1.5565697106544836
19 12 1.8730737427666695
19 13 1.725402217912884
19 14 2.381707479056149
19 15 2.142082014739777
19 16 3.68839974366861
19 17 3.6969266303913635
19 18 2.083302281122977
19 19 1.8040700096407771
19 20 2.78689437973767
19 21 1.8040145722325343
19 22 1.8858447272872247
19 23 1.6260631770258422
19 24 1.7472780939336958
19 25 1.3345465553025753
19 26 1.7839299952419587
19 27 0
19 28 1.3372028466459946
19 29 0
20 0 0
20 1 0
20 2 1.0520338624482777
20 3 1.5597075428483702
20 4 1.0055348678197265
20 5 1.267746154366079
20 6 0
20 7 1.1684753870184286
20 8 1.2789631878367567
20 9 1.650210345169884
20 10 1.3502723313089946
20 11 1.648543363250262
20 12 2.2258762163452332
20 13 1.7738276478209614
20 14 1.7190431147265137
20 15 1.7147377314448569
20 16 1.5698361468365027
20 17 2.159778826343452
20 18 2.2689236156382524
20 19 2.78689437973767
20 20 1.9945721635279585
20 21 1.2612190524008504
20 22 1.8029582343061104
20 23 1.2967739803281906
20 24 1.0972599137353287
20 25 1.1934969448189618
20 26 0
20 27 0
20 28 1.4316916364254606
20 29 0
21 0 0
21 1 0
21 2 0
21 3 0
21 4 0
21 5 0
21 6 1.3550460372277346
21 7 1.3156455953433042
21 8 1.211855980404849
21 9 0
21 10 1.650210345169884
21 11 1.457044720298455
21 12 1.5805460498874924
21 13 1.814263761160347
21 14 1.7061544684014405
21 15 1.557755050546325
21 16 1.8159107486117643
21 17 1.9274289347046334
21 18 2.0099699382978238
21 19 1.8040145722325343
21 20 1.2612190524008504
21 21 1.6530519972991928
21 22 1.7155520062095349
21 23 0
21 24 0
21 25 1.622462972193428
21 26 1.170815690733521
21 27 0
21 28 0
21 29 0
22 0 0.9755862136153441
22 1 0
22 2 0
22 3 1.1795622781068897
22 4 1.5811953352953378
22 5 0
22 6 0
22 7 1.4958223066841427
22 8 0
22 9 1.211855980404849
22 10 1.2789631878367567
22 11 1.20833269547243
22 12 1.8615965074218648
22 13 1.6160777797099162
22 14 1.3393063862931351
22 15 1.5345146730305281
22 16 1.1031616184756257
22 17 0
22 18 1.4918541223108128
22 19 1.8858447272872247
22 20 1.8029582343061104
22 21 1.7155520062095349
22 22 0
22 23 0
22 24 0
22 25 0
22 26 0
22 27 1.2731279962257582
22 28 0
22 29 0
23 0 0.9872507951946894
23 1 0
23 2 0
23 3 0
23 4 0
23 5 1.2324437420971164
23 6 0
23 7 0.9367303644206403
23 8 1.4958223066841427
23 9 1.3156455953433042
23 10 1.1684753870184286
23 11 1.7366105207424696
23 12 1.2940833023027587
23 13 1.5595604392181937
23 14 1.6379930304815402
23 15 1.401188635050757
23 16 1.522448198941864
23 17 1.4906187992175495
23 18 0
23 19 1.6260631770258422
23 20 1.2967739803281906
23 21 0
23 22 0
23 23 0
23 24 0
23 25 0
23 26 0
23 27 1.0888844183802098
23 28 0
23 29 0
24 0 1.0297833959233584
24 1 0
24 2 1.18398442507973
24 3 0
24 4 0
24 5 0
24 6 0
24 7 0
24 8 0
24 9 1.3550460372277346
24 10 0
24 11 1.2390634103761105
24 12 0
24 13 1.1330308405730318
24 14 0
24 15 0
24 16 1.328668243972584
24 17 0
24 18 0
24 19 1.7472780939336958
24 20 1.0972599137353287
24 21 0
24 22 0
24 23 0
24 24 0
24 25 0
24 26 0
24 27 0
24 28 1.3613762230943551
24 29 0
25 0 0
25 1 1.1487693281502884
25 2 1.0142098542092874
25 3 0
25 4 0
25 5 0
25 6 0
25 7 1.2324437420971164
25 8 0
25 9 0
25 10 1.267746154366079
25 11 1.1982260883214995
25 12 0
25 13 1.5081187059354997
25 14 1.4809214771526567
25 15 1.2451421075369808
25 16 1.382234345303632
25 17 0.9895086841593869
25 18 1.3306907344700318
25 19 1.3345465553025753
25 20 1.1934969448189618
25 21 1.622462972193428
25 22 0
25 23 0
25 24 0
25 25 0
25 26 0
25 27 0
25 28 0
25 29 0
26 0 0
26 1 0
26 2 0
26 3 0
26 4 0
26 5 0
26 6 0
26 7 0
26 8 1.5811953352953378
26 9 0
26 10 1.0055348678197265
26 11 0
26 12 0
26 13 1.459955777498745
26 14 1.3007358368413764
26 15 0
26 16 1.5887545642620093
26 17 0
26 18 0
26 19 1.7839299952419587
26 20 0
26 21 1.170815690733521
26 22 0
26 23 0
26 24 0
26 25 0
26 26 0
26 27 0
26 28 0
26 29 0
27 0 0
27 1 0
27 2 0
27 3 0
27 4 0
27 5 0
27 6 0
27 7 0
27 8 1.1795622781068897
27 9 0
27 10 1.5597075428483702
27 11 1.0729202766696353
27 12 0
27 13 0
27 14 0
27 15 0
27 16 1.1104112067440537
27 17 0
27 18 0
27 19 0
27 20 0
27 21 0
27 22 1.2731279962257582
27 23 1.0888844183802098
27 24 0
27 25 0
27 26 0
27 27 0
27 28 1.1520541636714283
27 29 0
28 0 0
28 1 0
28 2 0
28 3 0
28 4 0
28 5 1.0142098542092874
28 6 1.18398442507973
28 7 0
28 8 0
28 9 0
28 10 1.0520338624482777
28 11 0
28 12 1.2589928473803054
28 13 1.119759840958478
28 14 1.311059879227769
28 15 0
28 16 1.1282197617955443
28 17 0
28 18 1.284554565953936
28 19 1.3372028466459946
28 20 1.4316916364254606
28 21 0
28 22 0
28 23 0
28 24 1.3613762230943551
28 25 0
28 26 0
28 27 1.1520541636714283
28 28 1.2498330948638892
28 29 0
29 0 0
29 1 0
29 2 0
29 3 0
29 4 0
29 5 1.1487693281502884
29 6 0
29 7 0
29 8 0
29 9 0
29 10 0
29 11 0
29 12 0.9985546914373253
29 13 0
29 14 1.3600253775428726
29 15 0
29 16 0
29 17 0
29 18 1.0999843337159203
29 19 0
29 20 0
29 21 0
29 22 0
29 23 0
29 24 0
29 25 0
29 26 0
29 27 0
29 28 0
29 29 0
