0 0 0
0 1 0
0 2 0
0 3 0
0 4 0
0 5 0
0 6 0
0 7 1.2842968573020772
0 8 0
0 9 0
0 10 1.018071274149095
0 11 0
0 12 0
0 13 0
0 14 0
0 15 0
0 16 0
0 17 0
0 18 1.0743416522963503
0 19 0
0 20 0
0 21 0
0 22 0
0 23 1.2247574555708391
0 24 0
0 25 0
0 26 0
0 27 0
0 28 0
0 29 0
1 0 0
1 1 0
1 2 0
1 3 0
1 4 0
1 5 0
1 6 0
1 7 0
1 8 0
1 9 1.3306251805455493
1 10 1.4588196279217032
1 11 0
1 12 1.1331690292881107
1 13 0
1 14 1.2403174375859782
1 15 0
1 16 0
1 17 0
1 18 0
1 19 0
1 20 1.1332617752444694
1 21 1.0410860171753318
1 22 0
1 23 0
1 24 0
1 25 1.1892894672282026
1 26 0
1 27 0
1 28 0
1 29 0
2 0 0
2 1 0
2 2 0
2 3 0
2 4 1.0731303790023963
2 5 0
2 6 1.4284161045756503
2 7 1.3869172341760114
2 8 0
2 9 0
2 10 0
2 11 0
2 12 0
2 13 0
2 14 0
2 15 0
2 16 0
2 17 0
2 18 0
2 19 0
2 20 0
2 21 0
2 22 0
2 23 1.334762231509575
2 24 0.9755862136153441
2 25 0
2 26 0
2 27 0
2 28 0
2 29 0
3 0 0
3 1 0
3 2 0
3 3 0
3 4 0
3 5 1.024047883429439
3 6 1.263675969795282
3 7 0
3 8 1.2019645305429703
3 9 0
3 10 0
3 11 1.3106406406108508
3 12 1.1926746624272393
3 13 1.45642244242029
3 14 1.2246405421353572
3 15 1.24738680999154
3 16 0
3 17 1.0237546904071477
3 18 1.2782316887512875
3 19 0
3 20 1.2405488916337646
3 21 0
3 22 0
3 23 0
3 24 0
3 25 1.361092795074913
3 26 0
3 27 0
3 28 0
3 29 0
4 0 0
4 1 0
4 2 1.0731303790023963
4 3 0
4 4 1.1907617440671054
4 5 1.621333000183212
4 6 0
4 7 1.3277896817086794
4 8 0
4 9 0
4 10 0
4 11 0
4 12 0
4 13 1.5040676549254997
4 14 0
4 15 0
4 16 1.2312873526164134
4 17 1.2196825929536605
4 18 0
4 19 0
4 20 1.311059879227769
4 21 1.5973026264862678
4 22 1.0520338624482777
4 23 0
4 24 1.1289088832551442
4 25 0
4 26 0
4 27 0
4 28 0
4 29 0
5 0 0
5 1 0
5 2 0
5 3 1.024047883429439
5 4 1.621333000183212
5 5 0
5 6 1.5533352791885984
5 7 0
5 8 0
5 9 1.3589966052442193
5 10 0
5 11 1.207354238090283
5 12 1.1558995047281797
5 13 0
5 14 1.5186387600538054
5 15 1.5347195154576811
5 16 1.2444822857434599
5 17 0
5 18 1.4863797932870186
5 19 0
5 20 0
5 21 1.0729202766696353
5 22 1.2394432717502657
5 23 0
5 24 0
5 25 0
5 26 0
5 27 1.361092795074913
5 28 0
5 29 1.1892894672282026
6 0 0
6 1 0
6 2 1.4284161045756503
6 3 1.263675969795282
6 4 0
6 5 1.5533352791885984
6 6 1.193952111404771
6 7 1.60539467556947
6 8 1.555267629574567
6 9 1.604663928653652
6 10 1.3664652987130512
6 11 1.6754334934565411
6 12 1.3919955721728747
6 13 1.676949707910921
6 14 1.5563658344479139
6 15 0
6 16 0
6 17 0
6 18 0
6 19 1.3268555114189122
6 20 0
6 21 0
6 22 1.052953860157801
6 23 0
6 24 0
6 25 0
6 26 1.1289088832551442
6 27 0
6 28 0.9755862136153441
6 29 0
7 0 1.2842968573020772
7 1 0
7 2 1.3869172341760114
7 3 0
7 4 1.3277896817086794
7 5 0
7 6 1.60539467556947
7 7 1.132195708014666
7 8 1.6521602733407725
7 9 1.3333889829253913
7 10 1.6867489050044944
7 11 1.8514252145552044
7 12 1.504401718181055
7 13 1.401557435447308
7 14 1.9325629734059726
7 15 1.5937178219904364
7 16 1.4572397177201744
7 17 0
7 18 1.1419486675520976
7 19 1.5081187059354997
7 20 1.3270999308218403
7 21 1.4311041122487762
7 22 0
7 23 1.119721214820912
7 24 0
7 25 0
7 26 0
7 27 0
7 28 1.334762231509575
7 29 0
8 0 0
8 1 0
8 2 0
8 3 1.2019645305429703
8 4 0
8 5 0
8 6 1.555267629574567
8 7 1.6521602733407725
8 8 1.658735335798361
8 9 1.9023967353386042
8 10 2.488199077023798
8 11 2.350891130048807
8 12 2.22612446216005
8 13 2.4292629840837137
8 14 1.603386615095767
8 15 1.5364698827503986
8 16 1.8029582343061104
8 17 0
8 18 0
8 19 0
8 20 1.2328916129430356
8 21 0
8 22 1.3050282448722843
8 23 0
8 24 1.052953860157801
8 25 1.2394432717502657
8 26 1.0520338624482777
8 27 0
8 28 0
8 29 0
9 0 0
9 1 1.3306251805455493
9 2 0
9 3 0
9 4 0
9 5 1.3589966052442193
9 6 1.604663928653652
9 7 1.3333889829253913
9 8 1.9023967353386042
9 9 1.9041816521984731
9 10 1.9242271792181833
9 11 2.0335880471992596
9 12 3.075629184290424
9 13 1.7449037024231242
9 14 1.7168102261690552
9 15 0
9 16 2.867818343014782
9 17 1.401188635050757
9 18 0
9 19 0
9 20 0
9 21 1.5215746189215025
9 22 0
9 23 1.4311041122487762
9 24 0
9 25 1.0729202766696353
9 26 1.5973026264862678
9 27 0
9 28 0
9 29 1.0410860171753318
10 0 1.018071274149095
10 1 1.4588196279217032
10 2 0
10 3 0
10 4 0
10 5 0
10 6 1.3664652987130512
10 7 1.6867489050044944
10 8 2.488199077023798
10 9 1.9242271792181833
10 10 4.074827397841865
10 11 3.970127292901298
10 12 4.657262519046329
10 13 2.2468553188062814
10 14 2.139325150175474
10 15 1.640046239058482
10 16 1.1031616184756257
10 17 1.8469297780647382
10 18 1.8615965074218648
10 19 0
10 20 0
10 21 0
10 22 1.2328916129430356
10 23 1.3270999308218403
10 24 0
10 25 0
10 26 1.311059879227769
10 27 1.2405488916337646
10 28 0
10 29 1.1332617752444694
11 0 0
11 1 0
11 2 0
11 3 1.3106406406108508
11 4 0
11 5 1.207354238090283
11 6 1.6754334934565411
11 7 1.8514252145552044
11 8 2.350891130048807
11 9 2.0335880471992596
11 10 3.970127292901298
11 11 36.55040570291561
11 12 4.113381388109137
11 13 2.6759040004228485
11 14 1.6857380374793816
11 15 1.9274289347046334
11 16 1.459039991292618
11 17 1.759929130836149
11 18 0
11 19 1.3323212089931198
11 20 0
11 21 0
11 22 0
11 23 1.5081187059354997
11 24 1.3268555114189122
11 25 0
11 26 0
11 27 0
11 28 0
11 29 0
12 0 0
12 1 1.1331690292881107
12 2 0
12 3 1.1926746624272393
12 4 0
12 5 1.1558995047281797
12 6 1.3919955721728747
12 7 1.504401718181055
12 8 2.22612446216005
12 9 3.075629184290424
12 10 4.657262519046329
12 11 4.113381388109137
12 12 4.145532387904021
12 13 2.598017970253072
12 14 2.2689236156382524
12 15 1.4819545353337757
12 16 1.5388691839257234
12 17 1.6004876967912658
12 18 1.6494948284406068
12 19 0
12 20 1.8615965074218648
12 21 0
12 22 0
12 23 1.1419486675520976
12 24 0
12 25 1.4863797932870186
12 26 0
12 27 1.2782316887512875
12 28 0
12 29 0
13 0 0
13 1 0
13 2 0
13 3 1.45642244242029
13 4 1.5040676549254997
13 5 0
13 6 1.676949707910921
13 7 1.401557435447308
13 8 2.4292629840837137
13 9 1.7449037024231242
13 10 2.2468553188062814
13 11 2.6759040004228485
13 12 2.598017970253072
13 13 1.8040700096407771
13 14 2.0771315266970882
13 15 1.6724759249376246
13 16 1.9485800368758155
13 17 1.5565697106544836
13 18 1.6004876967912658
13 19 1.759929130836149
13 20 1.8469297780647382
13 21 1.401188635050757
13 22 0
13 23 0
13 24 0
13 25 0
13 26 1.2196825929536605
13 27 1.0237546904071477
13 28 0
13 29 0
14 0 0
14 1 1.2403174375859782
14 2 0
14 3 1.2246405421353572
14 4 0
14 5 1.5186387600538054
14 6 1.5563658344479139
14 7 1.9325629734059726
14 8 1.603386615095767
14 9 1.7168102261690552
14 10 2.139325150175474
14 11 1.6857380374793816
14 12 2.2689236156382524
14 13 2.0771315266970882
14 14 1.7190431147265137
14 15 2.042284790075266
14 16 1.7617115635424627
14 17 1.9485800368758155
14 18 1.5388691839257234
14 19 1.459039991292618
14 20 1.1031616184756257
14 21 2.867818343014782
14 22 1.8029582343061104
14 23 1.4572397177201744
14 24 0
14 25 1.2444822857434599
14 26 1.2312873526164134
14 27 0
14 28 0
14 29 0
15 0 0
15 1 0
15 2 0
15 3 1.24738680999154
15 4 0
15 5 1.5347195154576811
15 6 0
15 7 1.5937178219904364
15 8 1.5364698827503986
15 9 0
15 10 1.640046239058482
15 11 1.9274289347046334
15 12 1.4819545353337757
15 13 1.6724759249376246
15 14 2.042284790075266
15 15 1.668948313039205
15 16 2.042284790075266
15 17 1.6724759249376246
15 18 1.4819545353337757
15 19 1.9274289347046334
15 20 1.640046239058482
15 21 0
15 22 1.5364698827503986
15 23 1.5937178219904364
15 24 0
15 25 1.5347195154576811
15 26 0
15 27 1.24738680999154
15 28 0
15 29 0
16 0 0
16 1 0
16 2 0
16 3 0
16 4 1.2312873526164134
16 5 1.2444822857434599
16 6 0
16 7 1.4572397177201744
16 8 1.8029582343061104
16 9 2.867818343014782
16 10 1.1031616184756257
16 11 1.459039991292618
16 12 1.5388691839257234
16 13 1.9485800368758155
16 14 1.7617115635424627
16 15 2.042284790075266
16 16 1.7190431147265137
16 17 2.0771315266970882
16 18 2.2689236156382524
16 19 1.6857380374793816
16 20 2.139325150175474
16 21 1.7168102261690552
16 22 1.603386615095767
16 23 1.9325629734059726
16 24 1.5563658344479139
16 25 1.5186387600538054
16 26 0
16 27 1.2246405421353572
16 28 0
16 29 1.2403174375859782
17 0 0
17 1 0
17 2 0
17 3 1.0237546904071477
17 4 1.2196825929536605
17 5 0
17 6 0
17 7 0
17 8 0
17 9 1.401188635050757
17 10 1.8469297780647382
17 11 1.759929130836149
17 12 1.6004876967912658
17 13 1.5565697106544836
17 14 1.9485800368758155
17 15 1.6724759249376246
17 16 2.0771315266970882
17 17 1.8040700096407771
17 18 2.598017970253072
17 19 2.6759040004228485
17 20 2.2468553188062814
17 21 1.7449037024231242
17 22 2.4292629840837137
17 23 1.401557435447308
17 24 1.676949707910921
17 25 0
17 26 1.5040676549254997
17 27 1.45642244242029
17 28 0
17 29 0
18 0 1.0743416522963503
18 1 0
18 2 0
18 3 1.2782316887512875
18 4 0
18 5 1.4863797932870186
18 6 0
18 7 1.1419486675520976
18 8 0
18 9 0
18 10 1.8615965074218648
18 11 0
18 12 1.6494948284406068
18 13 1.6004876967912658
18 14 1.5388691839257234
18 15 1.4819545353337757
18 16 2.2689236156382524
18 17 2.598017970253072
18 18 4.145532387904021
18 19 4.113381388109137
18 20 4.657262519046329
18 21 3.075629184290424
18 22 2.22612446216005
18 23 1.504401718181055
18 24 1.3919955721728747
18 25 1.1558995047281797
18 26 0
18 27 1.1926746624272393
18 28 0
18 29 1.1331690292881107
19 0 0
19 1 0
19 2 0
19 3 0
19 4 0
19 5 0
19 6 1.3268555114189122
19 7 1.5081187059354997
19 8 0
19 9 0
19 10 0
19 11 1.3323212089931198
19 12 0
19 13 1.759929130836149
19 14 1.459039991292618
19 15 1.9274289347046334
19 16 1.6857380374793816
19 17 2.6759040004228485
19 18 4.113381388109137
19 19 36.55040570291561
19 20 3.970127292901298
19 21 2.0335880471992596
19 22 2.350891130048807
19 23 1.8514252145552044
19 24 1.6754334934565411
19 25 1.207354238090283
19 26 0
19 27 1.3106406406108508
19 28 0
19 29 0
20 0 0
20 1 1.1332617752444694
20 2 0
20 3 1.2405488916337646
20 4 1.311059879227769
20 5 0
20 6 0
20 7 1.3270999308218403
20 8 1.2328916129430356
20 9 0
20 10 0
20 11 0
20 12 1.8615965074218648
20 13 1.8469297780647382
20 14 1.1031616184756257
20 15 1.640046239058482
20 16 2.139325150175474
20 17 2.2468553188062814
20 18 4.657262519046329
20 19 3.970127292901298
20 20 4.074827397841865
20 21 1.9242271792181833
20 22 2.488199077023798
20 23 1.6867489050044944
20 24 1.3664652987130512
20 25 0
20 26 0
20 27 0
20 28 0
20 29 1.4588196279217032
21 0 0
21 1 1.0410860171753318
21 2 0
21 3 0
21 4 1.5973026264862678
21 5 1.0729202766696353
21 6 0
21 7 1.4311041122487762
21 8 0
21 9 1.5215746189215025
21 10 0
21 11 0
21 12 0
21 13 1.401188635050757
21 14 2.867818343014782
21 15 0
21 16 1.7168102261690552
21 17 1.7449037024231242
21 18 3.075629184290424
21 19 2.0335880471992596
21 20 1.9242271792181833
21 21 1.9041816521984731
21 22 1.9023967353386042
21 23 1.3333889829253913
21 24 1.604663928653652
21 25 1.3589966052442193
21 26 0
21 27 0
21 28 0
21 29 1.3306251805455493
22 0 0
22 1 0
22 2 0
22 3 0
22 4 1.0520338624482777
22 5 1.2394432717502657
22 6 1.052953860157801
22 7 0
22 8 1.3050282448722843
22 9 0
22 10 1.2328916129430356
22 11 0
22 12 0
22 13 0
22 14 1.8029582343061104
22 15 1.5364698827503986
22 16 1.603386615095767
22 17 2.4292629840837137
22 18 2.22612446216005
22 19 2.350891130048807
22 20 2.488199077023798
22 21 1.9023967353386042
22 22 1.658735335798361
22 23 1.6521602733407725
22 24 1.555267629574567
22 25 0
22 26 0
22 27 1.2019645305429703
22 28 0
22 29 0
23 0 1.2247574555708391
23 1 0
23 2 1.334762231509575
23 3 0
23 4 0
23 5 0
23 6 0
23 7 1.119721214820912
23 8 0
23 9 1.4311041122487762
23 10 1.3270999308218403
23 11 1.5081187059354997
23 12 1.1419486675520976
23 13 0
23 14 1.4572397177201744
23 15 1.5937178219904364
23 16 1.9325629734059726
23 17 1.401557435447308
23 18 1.504401718181055
23 19 1.8514252145552044
23 20 1.6867489050044944
23 21 1.3333889829253913
23 22 1.6521602733407725
23 23 1.132195708014666
23 24 1.60539467556947
23 25 0
23 26 1.3277896817086794
23 27 0
23 28 1.3869172341760114
23 29 0
24 0 0
24 1 0
24 2 0.9755862136153441
24 3 0
24 4 1.1289088832551442
24 5 0
24 6 0
24 7 0
24 8 1.052953860157801
24 9 0
24 10 0
24 11 1.3268555114189122
24 12 0
24 13 0
24 14 0
24 15 0
24 16 1.5563658344479139
24 17 1.676949707910921
24 18 1.3919955721728747
24 19 1.6754334934565411
24 20 1.3664652987130512
24 21 1.604663928653652
24 22 1.555267629574567
24 23 1.60539467556947
24 24 1.193952111404771
24 25 1.5533352791885984
24 26 0
24 27 1.263675969795282
24 28 1.4284161045756503
24 29 0
25 0 0
25 1 1.1892894672282026
25 2 0
25 3 1.361092795074913
25 4 0
25 5 0
25 6 0
25 7 0
25 8 1.2394432717502657
25 9 1.0729202766696353
25 10 0
25 11 0
25 12 1.4863797932870186
25 13 0
25 14 1.2444822857434599
25 15 1.5347195154576811
25 16 1.5186387600538054
25 17 0
25 18 1.1558995047281797
25 19 1.207354238090283
25 20 0
25 21 1.3589966052442193
25 22 0
25 23 0
25 24 1.5533352791885984
25 25 0
25 26 1.621333000183212
25 27 1.024047883429439
25 28 0
25 29 0
26 0 0
26 1 0
26 2 0
26 3 0
26 4 0
26 5 0
26 6 1.1289088832551442
26 7 0
26 8 1.0520338624482777
26 9 1.5973026264862678
26 10 1.311059879227769
26 11 0
26 12 0
26 13 1.2196825929536605
26 14 1.2312873526164134
26 15 0
26 16 0
26 17 1.5040676549254997
26 18 0
26 19 0
26 20 0
26 21 0
26 22 0
26 23 1.3277896817086794
26 24 0
26 25 1.621333000183212
26 26 1.1907617440671054
26 27 0
26 28 1.0731303790023963
26 29 0
27 0 0
27 1 0
27 2 0
27 3 0
27 4 0
27 5 1.361092795074913
27 6 0
27 7 0
27 8 0
27 9 0
27 10 1.2405488916337646
27 11 0
27 12 1.2782316887512875
27 13 1.0237546904071477
27 14 0
27 15 1.24738680999154
27 16 1.2246405421353572
27 17 1.45642244242029
27 18 1.1926746624272393
27 19 1.3106406406108508
27 20 0
27 21 0
27 22 1.2019645305429703
27 23 0
27 24 1.263675969795282
27 25 1.024047883429439
27 26 0
27 27 0
27 28 0
27 29 0
28 0 0
28 1 0
28 2 0
28 3 0
28 4 0
28 5 0
28 6 0.9755862136153441
28 7 1.334762231509575
28 8 0
28 9 0
28 10 0
28 11 0
28 12 0
28 13 0
28 14 0
28 15 0
28 16 0
28 17 0
28 18 0
28 19 0
28 20 0
28 21 0
28 22 0
28 23 1.3869172341760114
28 24 1.4284161045756503
28 25 0
28 26 1.0731303790023963
28 27 0
28 28 0
28 29 0
29 0 0
29 1 0
29 2 0
29 3 0
29 4 0
29 5 1.1892894672282026
29 6 0
29 7 0
29 8 0
29 9 1.0410860171753318
29 10 1.1332617752444694
29 11 0
29 12 0
29 13 0
29 14 0
29 15 0
29 16 1.2403174375859782
29 17 0
29 18 1.1331690292881107
29 19 0
29 20 1.4588196279217032
29 21 1.3306251805455493
29 22 0
29 23 0
29 24 0
29 25 0
29 26 0
29 27 0
29 28 0
29 29 0
