0 0 0
0 1 1.088056777114365
0 2 0
0 3 0
0 4 0
0 5 0
0 6 0
0 7 0
0 8 0
0 9 1.1263498655596147
0 10 0
0 11 1.227003545916442
0 12 0
0 13 0
0 14 0
0 15 0
0 16 0
0 17 1.0753020196589071
0 18 0
0 19 1.333418980046355
0 20 0
0 21 0
0 22 1.361092795074913
0 23 0
0 24 0
0 25 0
0 26 0
0 27 0
0 28 0
0 29 0
1 0 1.088056777114365
1 1 1.0931795658366097
1 2 0
1 3 0
1 4 0
1 5 0
1 6 0
1 7 0
1 8 0
1 9 0
1 10 0
1 11 0
1 12 1.2203215353945769
1 13 1.0520338624482777
1 14 0
1 15 1.2691622102240308
1 16 1.3198720691419337
1 17 0
1 18 0
1 19 0
1 20 0
1 21 1.1289088832551442
1 22 0
1 23 0
1 24 0
1 25 0
1 26 0
1 27 0
1 28 0
1 29 0
2 0 0
2 1 0
2 2 0
2 3 1.3568132573598772
2 4 0
2 5 0
2 6 0
2 7 0
2 8 0
2 9 0
2 10 0
2 11 1.4133577095752823
2 12 1.2603538149412516
2 13 1.1825190756898898
2 14 1.7116253720668781
2 15 1.2949755952932467
2 16 1.4356192126832166
2 17 0
2 18 1.253447370704834
2 19 1.2127000536010877
2 20 0
2 21 0
2 22 0
2 23 0.9824624722781637
2 24 0
2 25 0
2 26 0
2 27 0.9643161966341302
2 28 0
2 29 0
3 0 0
3 1 0
3 2 1.3568132573598772
3 3 0
3 4 0
3 5 0
3 6 0
3 7 0
3 8 0
3 9 0
3 10 1.2768610430196734
3 11 1.2300688351924849
3 12 1.0951493701309456
3 13 0
3 14 1.2858461296636947
3 15 0
3 16 0
3 17 0
3 18 1.4974646816214245
3 19 1.052953860157801
3 20 1.2796252905485919
3 21 1.2143587230750774
3 22 1.5247036895803858
3 23 0
3 24 0
3 25 0
3 26 0
3 27 0
3 28 0.9643161966341302
3 29 0
4 0 0
4 1 0
4 2 0
4 3 0
4 4 1.2875825131820415
4 5 0
4 6 1.3560004864007533
4 7 1.205482583064841
4 8 0
4 9 0
4 10 0
4 11 1.1906862246683394
4 12 1.7787978407833236
4 13 1.2926290513170051
4 14 1.1982260883214995
4 15 1.4464603270240048
4 16 0
4 17 1.370044687452644
4 18 1.4311041122487762
4 19 1.0923556717554284
4 20 0
4 21 0
4 22 1.2324437420971164
4 23 0
4 24 1.2428551269255912
4 25 0
4 26 0
4 27 0
4 28 0
4 29 0
5 0 0
5 1 0
5 2 0
5 3 0
5 4 0
5 5 1.0652911766291655
5 6 1.6089225600211547
5 7 0
5 8 0
5 9 0
5 10 1.671756020282859
5 11 0
5 12 0
5 13 1.2250421938876368
5 14 0
5 15 0
5 16 1.4339050573156027
5 17 1.2328916129430356
5 18 0
5 19 0
5 20 1.376573012010172
5 21 0
5 22 1.2857361721914995
5 23 0
5 24 1.3929907416400922
5 25 0
5 26 0
5 27 0
5 28 0
5 29 0
6 0 0
6 1 0
6 2 0
6 3 0
6 4 1.3560004864007533
6 5 1.6089225600211547
6 6 0
6 7 0
6 8 1.4240652926749666
6 9 0
6 10 0
6 11 1.2649793271423815
6 12 1.7257158147967901
6 13 1.2122306973612296
6 14 1.2469351118715342
6 15 1.8254155496071052
6 16 0
6 17 1.6976491800992835
6 18 0
6 19 1.2414339580013094
6 20 1.3156455953433042
6 21 1.231704613514884
6 22 1.0376388139743962
6 23 0
6 24 0
6 25 1.3929907416400922
6 26 1.2428551269255912
6 27 0
6 28 0
6 29 0
7 0 0
7 1 0
7 2 0
7 3 0
7 4 1.205482583064841
7 5 0
7 6 0
7 7 1.6049729357572384
7 8 0
7 9 0
7 10 0
7 11 1.1637290891920362
7 12 1.5263608547901595
7 13 1.2725242577938722
7 14 1.7378024315502283
7 15 1.8615965074218648
7 16 1.851401182572084
7 17 1.412040708782567
7 18 1.1683306497191601
7 19 1.2789631878367567
7 20 1.4321105301498105
7 21 1.133425986275986
7 22 1.2440127465312654
7 23 1.3050282448722843
7 24 0
7 25 0
7 26 0
7 27 0
7 28 0.9824624722781637
7 29 0
8 0 0
8 1 0
8 2 0
8 3 0
8 4 0
8 5 0
8 6 1.4240652926749666
8 7 0
8 8 1.140169151135584
8 9 0
8 10 1.5595604392181937
8 11 1.6384070969584463
8 12 1.2423833637706447
8 13 1.3817967285393098
8 14 1.759929130836149
8 15 1.4338778125268778
8 16 1.3920506676346327
8 17 1.4240613885131397
8 18 1.457044720298455
8 19 1.595287481738365
8 20 1.131852782282913
8 21 1.6029668320957462
8 22 0
8 23 1.2440127465312654
8 24 1.0376388139743962
8 25 1.2857361721914995
8 26 1.2324437420971164
8 27 1.5247036895803858
8 28 0
8 29 0
9 0 1.1263498655596147
9 1 0
9 2 0
9 3 0
9 4 0
9 5 0
9 6 0
9 7 0
9 8 0
9 9 1.5351392028149207
9 10 1.8037375459040903
9 11 1.3207239801973505
9 12 1.497606817062196
9 13 1.5388691839257234
9 14 2.201639525031064
9 15 1.2171288660359578
9 16 1.673411902403135
9 17 2.2258762163452332
9 18 1.4774374977706901
9 19 1.136762900614408
9 20 1.5545484841925095
9 21 1.1419404394324546
9 22 1.6029668320957462
9 23 1.133425986275986
9 24 1.231704613514884
9 25 0
9 26 0
9 27 1.2143587230750774
9 28 0
9 29 1.1289088832551442
10 0 0
10 1 0
10 2 0
10 3 1.2768610430196734
10 4 0
10 5 1.671756020282859
10 6 0
10 7 0
10 8 1.5595604392181937
10 9 1.8037375459040903
10 10 1.3922461899628822
10 11 1.628637968843257
10 12 1.6724759249376246
10 13 2.412346157598103
10 14 1.3742427264598545
10 15 1.823153248634768
10 16 1.725402217912884
10 17 2.1543205142202204
10 18 2.578013169614839
10 19 1.7224174595431176
10 20 1.5601525767418423
10 21 1.5545484841925095
10 22 1.131852782282913
10 23 1.4321105301498105
10 24 1.3156455953433042
10 25 1.376573012010172
10 26 0
10 27 1.2796252905485919
10 28 0
10 29 0
11 0 1.227003545916442
11 1 0
11 2 1.4133577095752823
11 3 1.2300688351924849
11 4 1.1906862246683394
11 5 0
11 6 1.2649793271423815
11 7 1.1637290891920362
11 8 1.6384070969584463
11 9 1.3207239801973505
11 10 1.628637968843257
11 11 1.7190431147265137
11 12 2.939092059511738
11 13 2.125283652491032
11 14 2.810066346651056
11 15 2.1329745720446067
11 16 1.4403447381128516
11 17 1.9441504675006829
11 18 2.7146676639327185
11 19 1.7617115635424627
11 20 1.7224174595431176
11 21 1.136762900614408
11 22 1.595287481738365
11 23 1.2789631878367567
11 24 1.2414339580013094
11 25 0
11 26 1.0923556717554284
11 27 1.052953860157801
11 28 1.2127000536010877
11 29 0
12 0 0
12 1 1.2203215353945769
12 2 1.2603538149412516
12 3 1.0951493701309456
12 4 1.7787978407833236
12 5 0
12 6 1.7257158147967901
12 7 1.5263608547901595
12 8 1.2423833637706447
12 9 1.497606817062196
12 10 1.6724759249376246
12 11 2.939092059511738
12 12 2.6105798666872624
12 13 3.1814522658353384
12 14 3.831364922558538
12 15 2.3338074992044353
12 16 2.9917927573838896
12 17 2.5141767754479973
12 18 2.1130371093749996
12 19 2.7146676639327185
12 20 2.578013169614839
12 21 1.4774374977706901
12 22 1.457044720298455
12 23 1.1683306497191601
12 24 0
12 25 0
12 26 1.4311041122487762
12 27 1.4974646816214245
12 28 1.253447370704834
12 29 0
13 0 0
13 1 1.0520338624482777
13 2 1.1825190756898898
13 3 0
13 4 1.2926290513170051
13 5 1.2250421938876368
13 6 1.2122306973612296
13 7 1.2725242577938722
13 8 1.3817967285393098
13 9 1.5388691839257234
13 10 2.412346157598103
13 11 2.125283652491032
13 12 3.1814522658353384
13 13 4.518073623309357
13 14 5.526590054370013
13 15 4.508553635985008
13 16 3.07650473770103
13 17 2.5320066774493863
13 18 2.5141767754479973
13 19 1.9441504675006829
13 20 2.1543205142202204
13 21 2.2258762163452332
13 22 1.4240613885131397
13 23 1.412040708782567
13 24 1.6976491800992835
13 25 1.2328916129430356
13 26 1.370044687452644
13 27 0
13 28 0
13 29 0
14 0 0
14 1 0
14 2 1.7116253720668781
14 3 1.2858461296636947
14 4 1.1982260883214995
14 5 0
14 6 1.2469351118715342
14 7 1.7378024315502283
14 8 1.759929130836149
14 9 2.201639525031064
14 10 1.3742427264598545
14 11 2.810066346651056
14 12 3.831364922558538
14 13 5.526590054370013
14 14 32.36243590711966
14 15 6.134432152938672
14 16 4.544872023749775
14 17 3.07650473770103
14 18 2.9917927573838896
14 19 1.4403447381128516
14 20 1.725402217912884
14 21 1.673411902403135
14 22 1.3920506676346327
14 23 1.851401182572084
14 24 0
14 25 1.4339050573156027
14 26 0
14 27 0
14 28 1.4356192126832166
14 29 1.3198720691419337
15 0 0
15 1 1.2691622102240308
15 2 1.2949755952932467
15 3 0
15 4 1.4464603270240048
15 5 0
15 6 1.8254155496071052
15 7 1.8615965074218648
15 8 1.4338778125268778
15 9 1.2171288660359578
15 10 1.823153248634768
15 11 2.1329745720446067
15 12 2.3338074992044353
15 13 4.508553635985008
15 14 6.134432152938672
15 15 6.866455078124999
15 16 6.134432152938672
15 17 4.508553635985008
15 18 2.3338074992044353
15 19 2.1329745720446067
15 20 1.823153248634768
15 21 1.2171288660359578
15 22 1.4338778125268778
15 23 1.8615965074218648
15 24 1.8254155496071052
15 25 0
15 26 1.4464603270240048
15 27 0
15 28 1.2949755952932467
15 29 1.2691622102240308
16 0 0
16 1 1.3198720691419337
16 2 1.4356192126832166
16 3 0
16 4 0
16 5 1.4339050573156027
16 6 0
16 7 1.851401182572084
16 8 1.3920506676346327
16 9 1.673411902403135
16 10 1.725402217912884
16 11 1.4403447381128516
16 12 2.9917927573838896
16 13 3.07650473770103
16 14 4.544872023749775
16 15 6.134432152938672
16 16 32.36243590711966
16 17 5.526590054370013
16 18 3.831364922558538
16 19 2.810066346651056
16 20 1.3742427264598545
16 21 2.201639525031064
16 22 1.759929130836149
16 23 1.7378024315502283
16 24 1.2469351118715342
16 25 0
16 26 1.1982260883214995
16 27 1.2858461296636947
16 28 1.7116253720668781
16 29 0
17 0 1.0753020196589071
17 1 0
17 2 0
17 3 0
17 4 1.370044687452644
17 5 1.2328916129430356
17 6 1.6976491800992835
17 7 1.412040708782567
17 8 1.4240613885131397
17 9 2.2258762163452332
17 10 2.1543205142202204
17 11 1.9441504675006829
17 12 2.5141767754479973
17 13 2.5320066774493863
17 14 3.07650473770103
17 15 4.508553635985008
17 16 5.526590054370013
17 17 4.518073623309357
17 18 3.1814522658353384
17 19 2.125283652491032
17 20 2.412346157598103
17 21 1.5388691839257234
17 22 1.3817967285393098
17 23 1.2725242577938722
17 24 1.2122306973612296
17 25 1.2250421938876368
17 26 1.2926290513170051
17 27 0
17 28 1.1825190756898898
17 29 1.0520338624482777
18 0 0
18 1 0
18 2 1.253447370704834
18 3 1.4974646816214245
18 4 1.4311041122487762
18 5 0
18 6 0
18 7 1.1683306497191601
18 8 1.457044720298455
18 9 1.4774374977706901
18 10 2.578013169614839
18 11 2.7146676639327185
18 12 2.1130371093749996
18 13 2.5141767754479973
18 14 2.9917927573838896
18 15 2.3338074992044353
18 16 3.831364922558538
18 17 3.1814522658353384
18 18 2.6105798666872624
18 19 2.939092059511738
18 20 1.6724759249376246
18 21 1.497606817062196
18 22 1.2423833637706447
18 23 1.5263608547901595
18 24 1.7257158147967901
18 25 0
18 26 1.7787978407833236
18 27 1.0951493701309456
18 28 1.2603538149412516
18 29 1.2203215353945769
19 0 1.333418980046355
19 1 0
19 2 1.2127000536010877
19 3 1.052953860157801
19 4 1.0923556717554284
19 5 0
19 6 1.2414339580013094
19 7 1.2789631878367567
19 8 1.595287481738365
19 9 1.136762900614408
19 10 1.7224174595431176
19 11 1.7617115635424627
19 12 2.7146676639327185
19 13 1.9441504675006829
19 14 1.4403447381128516
19 15 2.1329745720446067
19 16 2.810066346651056
19 17 2.125283652491032
19 18 2.939092059511738
19 19 1.7190431147265137
19 20 1.628637968843257
19 21 1.3207239801973505
19 22 1.6384070969584463
19 23 1.1637290891920362
19 24 1.2649793271423815
19 25 0
19 26 1.1906862246683394
19 27 1.2300688351924849
19 28 1.4133577095752823
19 29 0
20 0 0
20 1 0
20 2 0
20 3 1.2796252905485919
20 4 0
20 5 1.376573012010172
20 6 1.3156455953433042
20 7 1.4321105301498105
20 8 1.131852782282913
20 9 1.5545484841925095
20 10 1.5601525767418423
20 11 1.7224174595431176
20 12 2.578013169614839
20 13 2.1543205142202204
20 14 1.725402217912884
20 15 1.823153248634768
20 16 1.3742427264598545
20 17 2.412346157598103
20 18 1.6724759249376246
20 19 1.628637968843257
20 20 1.3922461899628822
20 21 1.8037375459040903
20 22 1.5595604392181937
20 23 0
20 24 0
20 25 1.671756020282859
20 26 0
20 27 1.2768610430196734
20 28 0
20 29 0
21 0 0
21 1 1.1289088832551442
21 2 0
21 3 1.2143587230750774
21 4 0
21 5 0
21 6 1.231704613514884
21 7 1.133425986275986
21 8 1.6029668320957462
21 9 1.1419404394324546
21 10 1.5545484841925095
21 11 1.136762900614408
21 12 1.4774374977706901
21 13 2.2258762163452332
21 14 1.673411902403135
21 15 1.2171288660359578
21 16 2.201639525031064
21 17 1.5388691839257234
21 18 1.497606817062196
21 19 1.3207239801973505
21 20 1.8037375459040903
21 21 1.5351392028149207
21 22 0
21 23 0
21 24 0
21 25 0
21 26 0
21 27 0
21 28 0
21 29 0
22 0 1.361092795074913
22 1 0
22 2 0
22 3 1.5247036895803858
22 4 1.2324437420971164
22 5 1.2857361721914995
22 6 1.0376388139743962
22 7 1.2440127465312654
22 8 0
22 9 1.6029668320957462
22 10 1.131852782282913
22 11 1.595287481738365
22 12 1.457044720298455
22 13 1.4240613885131397
22 14 1.3920506676346327
22 15 1.4338778125268778
22 16 1.759929130836149
22 17 1.3817967285393098
22 18 1.2423833637706447
22 19 1.6384070969584463
22 20 1.5595604392181937
22 21 0
22 22 1.140169151135584
22 23 0
22 24 1.4240652926749666
22 25 0
22 26 0
22 27 0
22 28 0
22 29 0
23 0 0
23 1 0
23 2 0.9824624722781637
23 3 0
23 4 0
23 5 0
23 6 0
23 7 1.3050282448722843
23 8 1.2440127465312654
23 9 1.133425986275986
23 10 1.4321105301498105
23 11 1.2789631878367567
23 12 1.1683306497191601
23 13 1.412040708782567
23 14 1.851401182572084
23 15 1.8615965074218648
23 16 1.7378024315502283
23 17 1.2725242577938722
23 18 1.5263608547901595
23 19 1.1637290891920362
23 20 0
23 21 0
23 22 0
23 23 1.6049729357572384
23 24 0
23 25 0
23 26 1.205482583064841
23 27 0
23 28 0
23 29 0
24 0 0
24 1 0
24 2 0
24 3 0
24 4 1.2428551269255912
24 5 1.3929907416400922
24 6 0
24 7 0
24 8 1.0376388139743962
24 9 1.231704613514884
24 10 1.3156455953433042
24 11 1.2414339580013094
24 12 0
24 13 1.6976491800992835
24 14 0
24 15 1.8254155496071052
24 16 1.2469351118715342
24 17 1.2122306973612296
24 18 1.7257158147967901
24 19 1.2649793271423815
24 20 0
24 21 0
24 22 1.4240652926749666
24 23 0
24 24 0
24 25 1.6089225600211547
24 26 1.3560004864007533
24 27 0
24 28 0
24 29 0
25 0 0
25 1 0
25 2 0
25 3 0
25 4 0
25 5 0
25 6 1.3929907416400922
25 7 0
25 8 1.2857361721914995
25 9 0
25 10 1.376573012010172
25 11 0
25 12 0
25 13 1.2328916129430356
25 14 1.4339050573156027
25 15 0
25 16 0
25 17 1.2250421938876368
25 18 0
25 19 0
25 20 1.671756020282859
25 21 0
25 22 0
25 23 0
25 24 1.6089225600211547
25 25 1.0652911766291655
25 26 0
25 27 0
25 28 0
25 29 0
26 0 0
26 1 0
26 2 0
26 3 0
26 4 0
26 5 0
26 6 1.2428551269255912
26 7 0
26 8 1.2324437420971164
26 9 0
26 10 0
26 11 1.0923556717554284
26 12 1.4311041122487762
26 13 1.370044687452644
26 14 0
26 15 1.4464603270240048
26 16 1.1982260883214995
26 17 1.2926290513170051
26 18 1.7787978407833236
26 19 1.1906862246683394
26 20 0
26 21 0
26 22 0
26 23 1.205482583064841
26 24 1.3560004864007533
26 25 0
26 26 1.2875825131820415
26 27 0
26 28 0
26 29 0
27 0 0
27 1 0
27 2 0.9643161966341302
27 3 0
27 4 0
27 5 0
27 6 0
27 7 0
27 8 1.5247036895803858
27 9 1.2143587230750774
27 10 1.2796252905485919
27 11 1.052953860157801
27 12 1.4974646816214245
27 13 0
27 14 0
27 15 0
27 16 1.2858461296636947
27 17 0
27 18 1.0951493701309456
27 19 1.2300688351924849
27 20 1.2768610430196734
27 21 0
27 22 0
27 23 0
27 24 0
27 25 0
27 26 0
27 27 0
27 28 1.3568132573598772
27 29 0
28 0 0
28 1 0
28 2 0
28 3 0.9643161966341302
28 4 0
28 5 0
28 6 0
28 7 0.9824624722781637
28 8 0
28 9 0
28 10 0
28 11 1.2127000536010877
28 12 1.253447370704834
28 13 0
28 14 1.4356192126832166
28 15 1.2949755952932467
28 16 1.7116253720668781
28 17 1.1825190756898898
28 18 1.2603538149412516
28 19 1.4133577095752823
28 20 0
28 21 0
28 22 0
28 23 0
28 24 0
28 25 0
28 26 0
28 27 1.3568132573598772
28 28 0
28 29 0
29 0 0
29 1 0
29 2 0
29 3 0
29 4 0
29 5 0
29 6 0
29 7 0
29 8 0
29 9 1.1289088832551442
29 10 0
29 11 0
29 12 0
29 13 0
29 14 1.3198720691419337
29 15 1.2691622102240308
29 16 0
29 17 1.0520338624482777
29 18 1.2203215353945769
29 19 0
29 20 0
29 21 0
29 22 0
29 23 0
29 24 0
29 25 0
29 26 0
29 27 0
29 28 0
29 29 1.0931795658366097
