0 0 1.3456923425338594
0 1 1.2383381269163543
0 2 1.11657253889855
0 3 1.0312647077333785
0 4 1.31397656458215
0 5 0
0 6 1.1314387504220766
0 7 0
0 8 0.9921638394068775
0 9 1.2061768138525018
0 10 1.159501807700892
0 11 1.4427604881050777
0 12 1.3387093543938104
0 13 1.133751289086981
0 14 1.2382356991236614
0 15 1.17835856052653
0 16 1.524485228991084
0 17 1.2806445609713049
0 18 1.0290440183845997
0 19 1.3227868118700206
0 20 1.2918505417209125
0 21 1.1462411735077809
0 22 0
0 23 1.0065371095675528
0 24 0
0 25 1.543577810343041
0 26 1.2004311799388219
0 27 1.3258158131520337
0 28 0.9978633170934095
0 29 1.2973752347324237
1 0 1.2383381269163543
1 1 1.3584767464562373
1 2 1.5551186985787988
1 3 1.2835235855645108
1 4 1.3094209956439764
1 5 1.1049328867944368
1 6 1.0429958189070165
1 7 1.2031039069299765
1 8 1.2171984451652977
1 9 1.1563923305429893
1 10 1.1074165996913734
1 11 0
1 12 0
1 13 1.266158637182816
1 14 0
1 15 1.1481064272773005
1 16 1.233660814905031
1 17 1.1140466590470344
1 18 0
1 19 1.2215029042475964
1 20 1.3419126591873165
1 21 1.0973962616450523
1 22 1.2798252776749233
1 23 1.2412676801123579
1 24 1.0846810378722649
1 25 0.9968487467101236
1 26 1.2857156747005174
1 27 1.1975080653160548
1 28 1.1510658287890412
1 29 1.2613722206650768
2 0 1.11657253889855
2 1 1.5551186985787988
2 2 1.0733616445924097
2 3 0
2 4 0
2 5 1.4106230185978061
2 6 1.2490759276484396
2 7 1.1750322698112823
2 8 1.023994668295053
2 9 1.2317651802352674
2 10 1.3315808678633794
2 11 1.373897678595925
2 12 0
2 13 0.9936837543815942
2 14 0
2 15 1.0010282034571845
2 16 0
2 17 0
2 18 0
2 19 1.0556577354742236
2 20 0
2 21 1.1854531527256686
2 22 1.2506450927491326
2 23 0
2 24 0
2 25 0
2 26 1.032882119332755
2 27 1.036254136454741
2 28 1.2928357288787262
2 29 1.1510658287890412
3 0 1.0312647077333785
3 1 1.2835235855645108
3 2 0
3 3 0
3 4 1.1525887381118705
3 5 1.020553226037351
3 6 1.3948580146149272
3 7 0
3 8 0
3 9 1.3988826611308385
3 10 1.0987483516231626
3 11 1.0644436998443543
3 12 1.248611383406478
3 13 1.1139562041705093
3 14 0
3 15 1.2069626639564779
3 16 1.2378603742215266
3 17 1.170768520117596
3 18 1.149956044135319
3 19 0
3 20 1.282689686240194
3 21 1.145215863198844
3 22 1.140029846684829
3 23 1.0995346988392443
3 24 1.155522414250987
3 25 1.2318540670317222
3 26 1.0590324646252285
3 27 1.0452617644437951
3 28 1.036254136454741
3 29 1.1975080653160548
4 0 1.31397656458215
4 1 1.3094209956439764
4 2 0
4 3 1.1525887381118705
4 4 1.1863588362715263
4 5 1.1616969392773129
4 6 1.2849510175368606
4 7 1.0162026807504778
4 8 1.1920946838292739
4 9 0
4 10 1.139723827906473
4 11 0
4 12 1.3553791998588276
4 13 1.1360098207644405
4 14 1.2944588023583223
4 15 1.220328790823461
4 16 1.320594399235901
4 17 0
4 18 1.1468004444902944
4 19 1.2950459160105077
4 20 0
4 21 1.060207324990097
4 22 1.244289862220157
4 23 1.142471961204964
4 24 1.0889402556552081
4 25 1.292178190218676
4 26 1.3693263218825569
4 27 1.0590324646252285
4 28 1.032882119332755
4 29 1.2857156747005174
5 0 0
5 1 1.1049328867944368
5 2 1.4106230185978061
5 3 1.020553226037351
5 4 1.1616969392773129
5 5 0
5 6 0.9757387264887247
5 7 1.081604108122989
5 8 1.1484288865645627
5 9 0
5 10 1.1352098847231522
5 11 1.2174810679953318
5 12 0
5 13 0
5 14 1.2466992109586243
5 15 0
5 16 1.1583997688654541
5 17 1.3057015934869296
5 18 1.1496397776450202
5 19 0
5 20 0
5 21 1.0732564597912826
5 22 0.9994083340970519
5 23 0
5 24 1.1126256938779666
5 25 1.128381606091704
5 26 1.292178190218676
5 27 1.2318540670317222
5 28 0
5 29 0.9968487467101236
6 0 1.1314387504220766
6 1 1.0429958189070165
6 2 1.2490759276484396
6 3 1.3948580146149272
6 4 1.2849510175368606
6 5 0.9757387264887247
6 6 1.1564128549829282
6 7 1.0828429662244963
6 8 1.2872626461399115
6 9 1.06971817273466
6 10 0
6 11 1.1548751461197182
6 12 1.3772817766802619
6 13 1.0033468366132585
6 14 1.2684807081345097
6 15 1.0859994944263685
6 16 1.2576758498845575
6 17 0
6 18 1.2650193647269208
6 19 0
6 20 1.2273127517200078
6 21 0
6 22 1.0229805984557512
6 23 1.3508750257936295
6 24 1.373420670710099
6 25 1.1126256938779666
6 26 1.0889402556552081
6 27 1.155522414250987
6 28 0
6 29 1.0846810378722649
7 0 0
7 1 1.2031039069299765
7 2 1.1750322698112823
7 3 0
7 4 1.0162026807504778
7 5 1.081604108122989
7 6 1.0828429662244963
7 7 1.269028309455294
7 8 1.3004572869922877
7 9 1.2471895815510787
7 10 0
7 11 1.1018039074773414
7 12 1.3837238677240036
7 13 1.40178161071929
7 14 1.2687068324515534
7 15 0
7 16 0
7 17 1.2246365757191804
7 18 0
7 19 1.247345250973704
7 20 0
7 21 1.2679451226622231
7 22 1.2590021329454897
7 23 0
7 24 1.3508750257936295
7 25 0
7 26 1.142471961204964
7 27 1.0995346988392443
7 28 0
7 29 1.2412676801123579
8 0 0.9921638394068775
8 1 1.2171984451652977
8 2 1.023994668295053
8 3 0
8 4 1.1920946838292739
8 5 1.1484288865645627
8 6 1.2872626461399115
8 7 1.3004572869922877
8 8 1.2495891311070726
8 9 1.1082465960113594
8 10 1.2554872522041909
8 11 1.326730787140302
8 12 1.1801234101861653
8 13 1.2832946337597992
8 14 0
8 15 1.2772027613943115
8 16 0
8 17 1.1982062395277806
8 18 1.145025051795787
8 19 1.20833269547243
8 20 1.3139260263049573
8 21 0
8 22 1.4021666834555362
8 23 1.2590021329454897
8 24 1.0229805984557512
8 25 0.9994083340970519
8 26 1.244289862220157
8 27 1.140029846684829
8 28 1.2506450927491326
8 29 1.2798252776749233
9 0 1.2061768138525018
9 1 1.1563923305429893
9 2 1.2317651802352674
9 3 1.3988826611308385
9 4 0
9 5 0
9 6 1.06971817273466
9 7 1.2471895815510787
9 8 1.1082465960113594
9 9 0
9 10 0
9 11 1.1678620651821143
9 12 0
9 13 0
9 14 1.3397439274764469
9 15 0
9 16 0
9 17 0
9 18 0
9 19 1.298470452631904
9 20 0
9 21 1.2609098800181067
9 22 0
9 23 1.2679451226622231
9 24 0
9 25 1.0732564597912826
9 26 1.060207324990097
9 27 1.145215863198844
9 28 1.1854531527256686
9 29 1.0973962616450523
10 0 1.159501807700892
10 1 1.1074165996913734
10 2 1.3315808678633794
10 3 1.0987483516231626
10 4 1.139723827906473
10 5 1.1352098847231522
10 6 0
10 7 0
10 8 1.2554872522041909
10 9 0
10 10 1.0294950820123374
10 11 0
10 12 0
10 13 0
10 14 0
10 15 1.3347674386815078
10 16 0
10 17 1.2140152408948681
10 18 1.128786910345961
10 19 0
10 20 1.364074092787451
10 21 0
10 22 1.3139260263049573
10 23 0
10 24 1.2273127517200078
10 25 0
10 26 0
10 27 1.282689686240194
10 28 0
10 29 1.3419126591873165
11 0 1.4427604881050777
11 1 0
11 2 1.373897678595925
11 3 1.0644436998443543
11 4 0
11 5 1.2174810679953318
11 6 1.1548751461197182
11 7 1.1018039074773414
11 8 1.326730787140302
11 9 1.1678620651821143
11 10 0
11 11 0
11 12 0
11 13 1.2464585611862322
11 14 1.2532407968818757
11 15 1.2469487325174184
11 16 1.2416194613466829
11 17 0
11 18 1.3275529001715545
11 19 0
11 20 0
11 21 1.298470452631904
11 22 1.20833269547243
11 23 1.247345250973704
11 24 0
11 25 0
11 26 1.2950459160105077
11 27 0
11 28 1.0556577354742236
11 29 1.2215029042475964
12 0 1.3387093543938104
12 1 0
12 2 0
12 3 1.248611383406478
12 4 1.3553791998588276
12 5 0
12 6 1.3772817766802619
12 7 1.3837238677240036
12 8 1.1801234101861653
12 9 0
12 10 0
12 11 0
12 12 1.4190636547330213
12 13 0
12 14 0
12 15 1.4317160546110472
12 16 0
12 17 1.4907408691932302
12 18 0
12 19 1.3275529001715545
12 20 1.128786910345961
12 21 0
12 22 1.145025051795787
12 23 0
12 24 1.2650193647269208
12 25 1.1496397776450202
12 26 1.1468004444902944
12 27 1.149956044135319
12 28 0
12 29 0
13 0 1.133751289086981
13 1 1.266158637182816
13 2 0.9936837543815942
13 3 1.1139562041705093
13 4 1.1360098207644405
13 5 0
13 6 1.0033468366132585
13 7 1.40178161071929
13 8 1.2832946337597992
13 9 0
13 10 0
13 11 1.2464585611862322
13 12 0
13 13 1.1808159579486608
13 14 1.385521327617473
13 15 0
13 16 0
13 17 0
13 18 1.4907408691932302
13 19 0
13 20 1.2140152408948681
13 21 0
13 22 1.1982062395277806
13 23 1.2246365757191804
13 24 0
13 25 1.3057015934869296
13 26 0
13 27 1.170768520117596
13 28 0
13 29 1.1140466590470344
14 0 1.2382356991236614
14 1 0
14 2 0
14 3 0
14 4 1.2944588023583223
14 5 1.2466992109586243
14 6 1.2684807081345097
14 7 1.2687068324515534
14 8 0
14 9 1.3397439274764469
14 10 0
14 11 1.2532407968818757
14 12 0
14 13 1.385521327617473
14 14 1.3229976365951648
14 15 1.4891612511627628
14 16 1.383167229502116
14 17 0
14 18 0
14 19 1.2416194613466829
14 20 0
14 21 0
14 22 0
14 23 0
14 24 1.2576758498845575
14 25 1.1583997688654541
14 26 1.320594399235901
14 27 1.2378603742215266
14 28 0
14 29 1.233660814905031
15 0 1.17835856052653
15 1 1.1481064272773005
15 2 1.0010282034571845
15 3 1.2069626639564779
15 4 1.220328790823461
15 5 0
15 6 1.0859994944263685
15 7 0
15 8 1.2772027613943115
15 9 0
15 10 1.3347674386815078
15 11 1.2469487325174184
15 12 1.4317160546110472
15 13 0
15 14 1.4891612511627628
15 15 1.319866670064117
15 16 1.4891612511627628
15 17 0
15 18 1.4317160546110472
15 19 1.2469487325174184
15 20 1.3347674386815078
15 21 0
15 22 1.2772027613943115
15 23 0
15 24 1.0859994944263685
15 25 0
15 26 1.220328790823461
15 27 1.2069626639564779
15 28 1.0010282034571845
15 29 1.1481064272773005
16 0 1.524485228991084
16 1 1.233660814905031
16 2 0
16 3 1.2378603742215266
16 4 1.320594399235901
16 5 1.1583997688654541
16 6 1.2576758498845575
16 7 0
16 8 0
16 9 0
16 10 0
16 11 1.2416194613466829
16 12 0
16 13 0
16 14 1.383167229502116
16 15 1.4891612511627628
16 16 1.3229976365951648
16 17 1.385521327617473
16 18 0
16 19 1.2532407968818757
16 20 0
16 21 1.3397439274764469
16 22 0
16 23 1.2687068324515534
16 24 1.2684807081345097
16 25 1.2466992109586243
16 26 1.2944588023583223
16 27 0
16 28 0
16 29 0
17 0 1.2806445609713049
17 1 1.1140466590470344
17 2 0
17 3 1.170768520117596
17 4 0
17 5 1.3057015934869296
17 6 0
17 7 1.2246365757191804
17 8 1.1982062395277806
17 9 0
17 10 1.2140152408948681
17 11 0
17 12 1.4907408691932302
17 13 0
17 14 0
17 15 0
17 16 1.385521327617473
17 17 1.1808159579486608
17 18 0
17 19 1.2464585611862322
17 20 0
17 21 0
17 22 1.2832946337597992
17 23 1.40178161071929
17 24 1.0033468366132585
17 25 0
17 26 1.1360098207644405
17 27 1.1139562041705093
17 28 0.9936837543815942
17 29 1.266158637182816
18 0 1.0290440183845997
18 1 0
18 2 0
18 3 1.149956044135319
18 4 1.1468004444902944
18 5 1.1496397776450202
18 6 1.2650193647269208
18 7 0
18 8 1.145025051795787
18 9 0
18 10 1.128786910345961
18 11 1.3275529001715545
18 12 0
18 13 1.4907408691932302
18 14 0
18 15 1.4317160546110472
18 16 0
18 17 0
18 18 1.4190636547330213
18 19 0
18 20 0
18 21 0
18 22 1.1801234101861653
18 23 1.3837238677240036
18 24 1.3772817766802619
18 25 0
18 26 1.3553791998588276
18 27 1.248611383406478
18 28 0
18 29 0
19 0 1.3227868118700206
19 1 1.2215029042475964
19 2 1.0556577354742236
19 3 0
19 4 1.2950459160105077
19 5 0
19 6 0
19 7 1.247345250973704
19 8 1.20833269547243
19 9 1.298470452631904
19 10 0
19 11 0
19 12 1.3275529001715545
19 13 0
19 14 1.2416194613466829
19 15 1.2469487325174184
19 16 1.2532407968818757
19 17 1.2464585611862322
19 18 0
19 19 0
19 20 0
19 21 1.1678620651821143
19 22 1.326730787140302
19 23 1.1018039074773414
19 24 1.1548751461197182
19 25 1.2174810679953318
19 26 0
19 27 1.0644436998443543
19 28 1.373897678595925
19 29 0
20 0 1.2918505417209125
20 1 1.3419126591873165
20 2 0
20 3 1.282689686240194
20 4 0
20 5 0
20 6 1.2273127517200078
20 7 0
20 8 1.3139260263049573
20 9 0
20 10 1.364074092787451
20 11 0
20 12 1.128786910345961
20 13 1.2140152408948681
20 14 0
20 15 1.3347674386815078
20 16 0
20 17 0
20 18 0
20 19 0
20 20 1.0294950820123374
20 21 0
20 22 1.2554872522041909
20 23 0
20 24 0
20 25 1.1352098847231522
20 26 1.139723827906473
20 27 1.0987483516231626
20 28 1.3315808678633794
20 29 1.1074165996913734
21 0 1.1462411735077809
21 1 1.0973962616450523
21 2 1.1854531527256686
21 3 1.145215863198844
21 4 1.060207324990097
21 5 1.0732564597912826
21 6 0
21 7 1.2679451226622231
21 8 0
21 9 1.2609098800181067
21 10 0
21 11 1.298470452631904
21 12 0
21 13 0
21 14 0
21 15 0
21 16 1.3397439274764469
21 17 0
21 18 0
21 19 1.1678620651821143
21 20 0
21 21 0
21 22 1.1082465960113594
21 23 1.2471895815510787
21 24 1.06971817273466
21 25 0
21 26 0
21 27 1.3988826611308385
21 28 1.2317651802352674
21 29 1.1563923305429893
22 0 0
22 1 1.2798252776749233
22 2 1.2506450927491326
22 3 1.140029846684829
22 4 1.244289862220157
22 5 0.9994083340970519
22 6 1.0229805984557512
22 7 1.2590021329454897
22 8 1.4021666834555362
22 9 0
22 10 1.3139260263049573
22 11 1.20833269547243
22 12 1.145025051795787
22 13 1.1982062395277806
22 14 0
22 15 1.2772027613943115
22 16 0
22 17 1.2832946337597992
22 18 1.1801234101861653
22 19 1.326730787140302
22 20 1.2554872522041909
22 21 1.1082465960113594
22 22 1.2495891311070726
22 23 1.3004572869922877
22 24 1.2872626461399115
22 25 1.1484288865645627
22 26 1.1920946838292739
22 27 0
22 28 1.023994668295053
22 29 1.2171984451652977
23 0 1.0065371095675528
23 1 1.2412676801123579
23 2 0
23 3 1.0995346988392443
23 4 1.142471961204964
23 5 0
23 6 1.3508750257936295
23 7 0
23 8 1.2590021329454897
23 9 1.2679451226622231
23 10 0
23 11 1.247345250973704
23 12 0
23 13 1.2246365757191804
23 14 0
23 15 0
23 16 1.2687068324515534
23 17 1.40178161071929
23 18 1.3837238677240036
23 19 1.1018039074773414
23 20 0
23 21 1.2471895815510787
23 22 1.3004572869922877
23 23 1.269028309455294
23 24 1.0828429662244963
23 25 1.081604108122989
23 26 1.0162026807504778
23 27 0
23 28 1.1750322698112823
23 29 1.2031039069299765
24 0 0
24 1 1.0846810378722649
24 2 0
24 3 1.155522414250987
24 4 1.0889402556552081
24 5 1.1126256938779666
24 6 1.373420670710099
24 7 1.3508750257936295
24 8 1.0229805984557512
24 9 0
24 10 1.2273127517200078
24 11 0
24 12 1.2650193647269208
24 13 0
24 14 1.2576758498845575
24 15 1.0859994944263685
24 16 1.2684807081345097
24 17 1.0033468366132585
24 18 1.3772817766802619
24 19 1.1548751461197182
24 20 0
24 21 1.06971817273466
24 22 1.2872626461399115
24 23 1.0828429662244963
24 24 1.1564128549829282
24 25 0.9757387264887247
24 26 1.2849510175368606
24 27 1.3948580146149272
24 28 1.2490759276484396
24 29 1.0429958189070165
25 0 1.543577810343041
25 1 0.9968487467101236
25 2 0
25 3 1.2318540670317222
25 4 1.292178190218676
25 5 1.128381606091704
25 6 1.1126256938779666
25 7 0
25 8 0.9994083340970519
25 9 1.0732564597912826
25 10 0
25 11 0
25 12 1.1496397776450202
25 13 1.3057015934869296
25 14 1.1583997688654541
25 15 0
25 16 1.2466992109586243
25 17 0
25 18 0
25 19 1.2174810679953318
25 20 1.1352098847231522
25 21 0
25 22 1.1484288865645627
25 23 1.081604108122989
25 24 0.9757387264887247
25 25 0
25 26 1.1616969392773129
25 27 1.020553226037351
25 28 1.4106230185978061
25 29 1.1049328867944368
26 0 1.2004311799388219
26 1 1.2857156747005174
26 2 1.032882119332755
26 3 1.0590324646252285
26 4 1.3693263218825569
26 5 1.292178190218676
26 6 1.0889402556552081
26 7 1.142471961204964
26 8 1.244289862220157
26 9 1.060207324990097
26 10 0
26 11 1.2950459160105077
26 12 1.1468004444902944
26 13 0
26 14 1.320594399235901
26 15 1.220328790823461
26 16 1.2944588023583223
26 17 1.1360098207644405
26 18 1.3553791998588276
26 19 0
26 20 1.139723827906473
26 21 0
26 22 1.1920946838292739
26 23 1.0162026807504778
26 24 1.2849510175368606
26 25 1.1616969392773129
26 26 1.1863588362715263
26 27 1.1525887381118705
26 28 0
26 29 1.3094209956439764
27 0 1.3258158131520337
27 1 1.1975080653160548
27 2 1.036254136454741
27 3 1.0452617644437951
27 4 1.0590324646252285
27 5 1.2318540670317222
27 6 1.155522414250987
27 7 1.0995346988392443
27 8 1.140029846684829
27 9 1.145215863198844
27 10 1.282689686240194
27 11 0
27 12 1.149956044135319
27 13 1.170768520117596
27 14 1.2378603742215266
27 15 1.2069626639564779
27 16 0
27 17 1.1139562041705093
27 18 1.248611383406478
27 19 1.0644436998443543
27 20 1.0987483516231626
27 21 1.3988826611308385
27 22 0
27 23 0
27 24 1.3948580146149272
27 25 1.020553226037351
27 26 1.1525887381118705
27 27 0
27 28 0
27 29 1.2835235855645108
28 0 0.9978633170934095
28 1 1.1510658287890412
28 2 1.2928357288787262
28 3 1.036254136454741
28 4 1.032882119332755
28 5 0
28 6 0
28 7 0
28 8 1.2506450927491326
28 9 1.1854531527256686
28 10 0
28 11 1.0556577354742236
28 12 0
28 13 0
28 14 0
28 15 1.0010282034571845
28 16 0
28 17 0.9936837543815942
28 18 0
28 19 1.373897678595925
28 20 1.3315808678633794
28 21 1.2317651802352674
28 22 1.023994668295053
28 23 1.1750322698112823
28 24 1.2490759276484396
28 25 1.4106230185978061
28 26 0
28 27 0
28 28 1.0733616445924097
28 29 1.5551186985787988
29 0 1.2973752347324237
29 1 1.2613722206650768
29 2 1.1510658287890412
29 3 1.1975080653160548
29 4 1.2857156747005174
29 5 0.9968487467101236
29 6 1.0846810378722649
29 7 1.2412676801123579
29 8 1.2798252776749233
29 9 1.0973962616450523
29 10 1.3419126591873165
29 11 1.2215029042475964
29 12 0
29 13 1.1140466590470344
29 14 1.233660814905031
29 15 1.1481064272773005
29 16 0
29 17 1.266158637182816
29 18 0
29 19 0
29 20 1.1074165996913734
29 21 1.1563923305429893
29 22 1.2171984451652977
29 23 1.2031039069299765
29 24 1.0429958189070165
29 25 1.1049328867944368
29 26 1.3094209956439764
29 27 1.2835235855645108
29 28 1.5551186985787988
29 29 1.3584767464562373
