0 0 0
0 1 1.1726637923788725
0 2 1.1049410835882394
0 3 1.248447781927223
0 4 0
0 5 0
0 6 1.2296859991174303
0 7 1.3534022345575696
0 8 1.2958617635183483
0 9 1.167595985711893
0 10 0
0 11 1.2586281637427954
0 12 1.2019358621572165
0 13 1.03450195599512
0 14 1.1812407570330927
0 15 0.9615493823349891
0 16 1.0847819338270002
0 17 1.4505992018222857
0 18 1.142083391948534
0 19 1.4081124581983562
0 20 1.3325491180353553
0 21 1.0704940427595102
0 22 1.1430158734099665
0 23 1.0668582755481355
0 24 1.2871575887074935
0 25 1.069716596011586
0 26 1.2101340193705248
0 27 1.2256825960610418
0 28 1.0740976424371729
0 29 1.2704878659693468
1 0 1.1726637923788725
1 1 1.2740087573447603
1 2 0.9790011352607679
1 3 1.2348534369323696
1 4 1.1369215500629968
1 5 1.215163313959449
1 6 1.3567450041748783
1 7 1.1941974063652099
1 8 1.3084615716255725
1 9 0
1 10 0
1 11 1.1732259992081313
1 12 0
1 13 1.0130643437953992
1 14 1.1744120685156432
1 15 1.1413187537601595
1 16 1.2334678487777615
1 17 0
1 18 1.0906981900496373
1 19 1.0911610107070324
1 20 0
1 21 0
1 22 1.227677568255354
1 23 0
1 24 1.171498188005258
1 25 1.101232320264442
1 26 1.2017374668515737
1 27 1.3167595418940456
1 28 1.1290690809916595
1 29 1.3543660438483829
2 0 1.1049410835882394
2 1 0.9790011352607679
2 2 0
2 3 1.215876023099828
2 4 1.0011976078180251
2 5 1.1706589399525549
2 6 0
2 7 0
2 8 1.192720066443168
2 9 1.3071018292414853
2 10 1.2904528579722947
2 11 1.128641800751254
2 12 1.2150871704330155
2 13 1.2649891197129384
2 14 1.271944996162681
2 15 1.3953711002628149
2 16 1.2026225116681615
2 17 1.179333735517037
2 18 1.2849510175368606
2 19 1.1153966198228256
2 20 1.3436656582043929
2 21 1.2887187283230148
2 22 1.1751243345207252
2 23 0
2 24 0
2 25 1.1112249750390433
2 26 1.3270015118360503
2 27 1.156894114242545
2 28 1.229735632492308
2 29 1.1290690809916595
3 0 1.248447781927223
3 1 1.2348534369323696
3 2 1.215876023099828
3 3 1.0414798114534336
3 4 1.073462470041104
3 5 0
3 6 1.0710225273717118
3 7 1.1409739825341825
3 8 1.2437911350856743
3 9 1.1660452770902816
3 10 1.2335935900069759
3 11 1.244054325253822
3 12 0
3 13 1.22273032428289
3 14 1.18709520540623
3 15 1.3045862051587005
3 16 1.3107470330182718
3 17 0
3 18 1.3172616639803345
3 19 1.1681516168866972
3 20 0
3 21 1.2300378504915617
3 22 1.1729317599830347
3 23 1.0973962616450523
3 24 1.1530779056332912
3 25 0
3 26 1.0575893546022073
3 27 1.2671761140738613
3 28 1.156894114242545
3 29 1.3167595418940456
4 0 0
4 1 1.1369215500629968
4 2 1.0011976078180251
4 3 1.073462470041104
4 4 0
4 5 1.502406151582963
4 6 1.081883182515456
4 7 0
4 8 1.3652419523810944
4 9 1.3531997289525048
4 10 1.2038876991917877
4 11 1.1291437142677416
4 12 1.1375330370977412
4 13 0
4 14 1.3561817371221947
4 15 1.2715719824466838
4 16 1.1438913949733795
4 17 1.1371972958648195
4 18 1.235456521570494
4 19 1.1163321599773117
4 20 0
4 21 1.2425853541171774
4 22 0
4 23 1.1613689564055503
4 24 1.0738917680449591
4 25 1.331543741653181
4 26 1.2294754110959443
4 27 1.0575893546022073
4 28 1.3270015118360503
4 29 1.2017374668515737
5 0 0
5 1 1.215163313959449
5 2 1.1706589399525549
5 3 0
5 4 1.502406151582963
5 5 1.125832695615841
5 6 1.4166684413200736
5 7 1.1074301392619752
5 8 1.0021568964778202
5 9 0
5 10 1.399330747955882
5 11 0
5 12 0
5 13 1.1701401508890303
5 14 1.1639119452054165
5 15 1.287002499022839
5 16 1.308215879892047
5 17 1.269028309455294
5 18 1.2702592892185796
5 19 1.5818065587967458
5 20 1.083705644400744
5 21 0
5 22 0
5 23 1.1019940234402543
5 24 1.3236602401223976
5 25 1.2053806076462614
5 26 1.331543741653181
5 27 0
5 28 1.1112249750390433
5 29 1.101232320264442
6 0 1.2296859991174303
6 1 1.3567450041748783
6 2 0
6 3 1.0710225273717118
6 4 1.081883182515456
6 5 1.4166684413200736
6 6 0
6 7 1.4123840002888406
6 8 1.2719703548659256
6 9 0
6 10 0
6 11 0
6 12 0
6 13 1.250469063466402
6 14 0
6 15 1.2453880182792538
6 16 1.0660183386925162
6 17 1.082215643624229
6 18 1.0569713715455047
6 19 0
6 20 1.1468004444902944
6 21 1.1351179617542813
6 22 0
6 23 1.007460382072833
6 24 1.1867782816617942
6 25 1.3236602401223976
6 26 1.0738917680449591
6 27 1.1530779056332912
6 28 0
6 29 1.171498188005258
7 0 1.3534022345575696
7 1 1.1941974063652099
7 2 0
7 3 1.1409739825341825
7 4 0
7 5 1.1074301392619752
7 6 1.4123840002888406
7 7 0
7 8 1.205598957398983
7 9 1.2118499871366168
7 10 1.3201161154904617
7 11 1.2076070270421364
7 12 1.3567011536090432
7 13 1.2703830043051063
7 14 0
7 15 1.409960654697848
7 16 1.3475181389741848
7 17 1.4617731167803067
7 18 0
7 19 1.3057015934869296
7 20 0
7 21 1.2435801251265228
7 22 1.2269211175408161
7 23 0
7 24 1.007460382072833
7 25 1.1019940234402543
7 26 1.1613689564055503
7 27 1.0973962616450523
7 28 0
7 29 0
8 0 1.2958617635183483
8 1 1.3084615716255725
8 2 1.192720066443168
8 3 1.2437911350856743
8 4 1.3652419523810944
8 5 1.0021568964778202
8 6 1.2719703548659256
8 7 1.205598957398983
8 8 1.305156558925749
8 9 0
8 10 0
8 11 0
8 12 1.3371440663799643
8 13 0
8 14 1.2834229656441636
8 15 0
8 16 1.2554872522041909
8 17 1.0238422814867556
8 18 1.2576758498845575
8 19 1.2950130745566217
8 20 1.2417853306198112
8 21 1.3413052987595637
8 22 0
8 23 1.2269211175408161
8 24 0
8 25 0
8 26 0
8 27 1.1729317599830347
8 28 1.1751243345207252
8 29 1.227677568255354
9 0 1.167595985711893
9 1 0
9 2 1.3071018292414853
9 3 1.1660452770902816
9 4 1.3531997289525048
9 5 0
9 6 0
9 7 1.2118499871366168
9 8 0
9 9 0
9 10 0
9 11 0
9 12 1.4895992831505602
9 13 0
9 14 0
9 15 1.3654777013928487
9 16 0
9 17 0
9 18 1.346421275913534
9 19 1.0806736379273685
9 20 1.0236456426387537
9 21 1.4093182007249563
9 22 1.3413052987595637
9 23 1.2435801251265228
9 24 1.1351179617542813
9 25 0
9 26 1.2425853541171774
9 27 1.2300378504915617
9 28 1.2887187283230148
9 29 0
10 0 0
10 1 0
10 2 1.2904528579722947
10 3 1.2335935900069759
10 4 1.2038876991917877
10 5 1.399330747955882
10 6 0
10 7 1.3201161154904617
10 8 0
10 9 0
10 10 1.2285578041081244
10 11 0
10 12 0
10 13 0
10 14 1.3333981870646447
10 15 0
10 16 0
10 17 1.2216369378421936
10 18 1.145025051795787
10 19 1.2254253973699496
10 20 1.0962017363494958
10 21 1.0236456426387537
10 22 1.2417853306198112
10 23 0
10 24 1.1468004444902944
10 25 1.083705644400744
10 26 0
10 27 0
10 28 1.3436656582043929
10 29 0
11 0 1.2586281637427954
11 1 1.1732259992081313
11 2 1.128641800751254
11 3 1.244054325253822
11 4 1.1291437142677416
11 5 0
11 6 0
11 7 1.2076070270421364
11 8 0
11 9 0
11 10 0
11 11 1.1228977505166486
11 12 0
11 13 0
11 14 1.347603174910311
11 15 0
11 16 1.2679611888759614
11 17 0
11 18 1.282863509601175
11 19 1.4009386103146537
11 20 1.2254253973699496
11 21 1.0806736379273685
11 22 1.2950130745566217
11 23 1.3057015934869296
11 24 0
11 25 1.5818065587967458
11 26 1.1163321599773117
11 27 1.1681516168866972
11 28 1.1153966198228256
11 29 1.0911610107070324
12 0 1.2019358621572165
12 1 0
12 2 1.2150871704330155
12 3 0
12 4 1.1375330370977412
12 5 0
12 6 0
12 7 1.3567011536090432
12 8 1.3371440663799643
12 9 1.4895992831505602
12 10 0
12 11 0
12 12 0
12 13 1.1618031461107259
12 14 0
12 15 1.3210291643980174
12 16 0
12 17 1.2567744879843759
12 18 1.154762378138273
12 19 1.282863509601175
12 20 1.145025051795787
12 21 1.346421275913534
12 22 1.2576758498845575
12 23 0
12 24 1.0569713715455047
12 25 1.2702592892185796
12 26 1.235456521570494
12 27 1.3172616639803345
12 28 1.2849510175368606
12 29 1.0906981900496373
13 0 1.03450195599512
13 1 1.0130643437953992
13 2 1.2649891197129384
13 3 1.22273032428289
13 4 0
13 5 1.1701401508890303
13 6 1.250469063466402
13 7 1.2703830043051063
13 8 0
13 9 0
13 10 0
13 11 0
13 12 1.1618031461107259
13 13 0
13 14 0
13 15 0
13 16 1.0612485082438412
13 17 0
13 18 1.2567744879843759
13 19 0
13 20 1.2216369378421936
13 21 0
13 22 1.0238422814867556
13 23 1.4617731167803067
13 24 1.082215643624229
13 25 1.269028309455294
13 26 1.1371972958648195
13 27 0
13 28 1.179333735517037
13 29 0
14 0 1.1812407570330927
14 1 1.1744120685156432
14 2 1.271944996162681
14 3 1.18709520540623
14 4 1.3561817371221947
14 5 1.1639119452054165
14 6 0
14 7 0
14 8 1.2834229656441636
14 9 0
14 10 1.3333981870646447
14 11 1.347603174910311
14 12 0
14 13 0
14 14 0
14 15 1.2570656088269578
14 16 0
14 17 1.0612485082438412
14 18 0
14 19 1.2679611888759614
14 20 0
14 21 0
14 22 1.2554872522041909
14 23 1.3475181389741848
14 24 1.0660183386925162
14 25 1.308215879892047
14 26 1.1438913949733795
14 27 1.3107470330182718
14 28 1.2026225116681615
14 29 1.2334678487777615
15 0 0.9615493823349891
15 1 1.1413187537601595
15 2 1.3953711002628149
15 3 1.3045862051587005
15 4 1.2715719824466838
15 5 1.287002499022839
15 6 1.2453880182792538
15 7 1.409960654697848
15 8 0
15 9 1.3654777013928487
15 10 0
15 11 0
15 12 1.3210291643980174
15 13 0
15 14 1.2570656088269578
15 15 1.1265103723792782
15 16 1.2570656088269578
15 17 0
15 18 1.3210291643980174
15 19 0
15 20 0
15 21 1.3654777013928487
15 22 0
15 23 1.409960654697848
15 24 1.2453880182792538
15 25 1.287002499022839
15 26 1.2715719824466838
15 27 1.3045862051587005
15 28 1.3953711002628149
15 29 1.1413187537601595
16 0 1.0847819338270002
16 1 1.2334678487777615
16 2 1.2026225116681615
16 3 1.3107470330182718
16 4 1.1438913949733795
16 5 1.308215879892047
16 6 1.0660183386925162
16 7 1.3475181389741848
16 8 1.2554872522041909
16 9 0
16 10 0
16 11 1.2679611888759614
16 12 0
16 13 1.0612485082438412
16 14 0
16 15 1.2570656088269578
16 16 0
16 17 0
16 18 0
16 19 1.347603174910311
16 20 1.3333981870646447
16 21 0
16 22 1.2834229656441636
16 23 0
16 24 0
16 25 1.1639119452054165
16 26 1.3561817371221947
16 27 1.18709520540623
16 28 1.271944996162681
16 29 1.1744120685156432
17 0 1.4505992018222857
17 1 0
17 2 1.179333735517037
17 3 0
17 4 1.1371972958648195
17 5 1.269028309455294
17 6 1.082215643624229
17 7 1.4617731167803067
17 8 1.0238422814867556
17 9 0
17 10 1.2216369378421936
17 11 0
17 12 1.2567744879843759
17 13 0
17 14 1.0612485082438412
17 15 0
17 16 0
17 17 0
17 18 1.1618031461107259
17 19 0
17 20 0
17 21 0
17 22 0
17 23 1.2703830043051063
17 24 1.250469063466402
17 25 1.1701401508890303
17 26 0
17 27 1.22273032428289
17 28 1.2649891197129384
17 29 1.0130643437953992
18 0 1.142083391948534
18 1 1.0906981900496373
18 2 1.2849510175368606
18 3 1.3172616639803345
18 4 1.235456521570494
18 5 1.2702592892185796
18 6 1.0569713715455047
18 7 0
18 8 1.2576758498845575
18 9 1.346421275913534
18 10 1.145025051795787
18 11 1.282863509601175
18 12 1.154762378138273
18 13 1.2567744879843759
18 14 0
18 15 1.3210291643980174
18 16 0
18 17 1.1618031461107259
18 18 0
18 19 0
18 20 0
18 21 1.4895992831505602
18 22 1.3371440663799643
18 23 1.3567011536090432
18 24 0
18 25 0
18 26 1.1375330370977412
18 27 0
18 28 1.2150871704330155
18 29 0
19 0 1.4081124581983562
19 1 1.0911610107070324
19 2 1.1153966198228256
19 3 1.1681516168866972
19 4 1.1163321599773117
19 5 1.5818065587967458
19 6 0
19 7 1.3057015934869296
19 8 1.2950130745566217
19 9 1.0806736379273685
19 10 1.2254253973699496
19 11 1.4009386103146537
19 12 1.282863509601175
19 13 0
19 14 1.2679611888759614
19 15 0
19 16 1.347603174910311
19 17 0
19 18 0
19 19 1.1228977505166486
19 20 0
19 21 0
19 22 0
19 23 1.2076070270421364
19 24 0
19 25 0
19 26 1.1291437142677416
19 27 1.244054325253822
19 28 1.128641800751254
19 29 1.1732259992081313
20 0 1.3325491180353553
20 1 0
20 2 1.3436656582043929
20 3 0
20 4 0
20 5 1.083705644400744
20 6 1.1468004444902944
20 7 0
20 8 1.2417853306198112
20 9 1.0236456426387537
20 10 1.0962017363494958
20 11 1.2254253973699496
20 12 1.145025051795787
20 13 1.2216369378421936
20 14 0
20 15 0
20 16 1.3333981870646447
20 17 0
20 18 0
20 19 0
20 20 1.2285578041081244
20 21 0
20 22 0
20 23 1.3201161154904617
20 24 0
20 25 1.399330747955882
20 26 1.2038876991917877
20 27 1.2335935900069759
20 28 1.2904528579722947
20 29 0
21 0 1.0704940427595102
21 1 0
21 2 1.2887187283230148
21 3 1.2300378504915617
21 4 1.2425853541171774
21 5 0
21 6 1.1351179617542813
21 7 1.2435801251265228
21 8 1.3413052987595637
21 9 1.4093182007249563
21 10 1.0236456426387537
21 11 1.0806736379273685
21 12 1.346421275913534
21 13 0
21 14 0
21 15 1.3654777013928487
21 16 0
21 17 0
21 18 1.4895992831505602
21 19 0
21 20 0
21 21 0
21 22 0
21 23 1.2118499871366168
21 24 0
21 25 0
21 26 1.3531997289525048
21 27 1.1660452770902816
21 28 1.3071018292414853
21 29 0
22 0 1.1430158734099665
22 1 1.227677568255354
22 2 1.1751243345207252
22 3 1.1729317599830347
22 4 0
22 5 0
22 6 0
22 7 1.2269211175408161
22 8 0
22 9 1.3413052987595637
22 10 1.2417853306198112
22 11 1.2950130745566217
22 12 1.2576758498845575
22 13 1.0238422814867556
22 14 1.2554872522041909
22 15 0
22 16 1.2834229656441636
22 17 0
22 18 1.3371440663799643
22 19 0
22 20 0
22 21 0
22 22 1.305156558925749
22 23 1.205598957398983
22 24 1.2719703548659256
22 25 1.0021568964778202
22 26 1.3652419523810944
22 27 1.2437911350856743
22 28 1.192720066443168
22 29 1.3084615716255725
23 0 1.0668582755481355
23 1 0
23 2 0
23 3 1.0973962616450523
23 4 1.1613689564055503
23 5 1.1019940234402543
23 6 1.007460382072833
23 7 0
23 8 1.2269211175408161
23 9 1.2435801251265228
23 10 0
23 11 1.3057015934869296
23 12 0
23 13 1.4617731167803067
23 14 1.3475181389741848
23 15 1.409960654697848
23 16 0
23 17 1.2703830043051063
23 18 1.3567011536090432
23 19 1.2076070270421364
23 20 1.3201161154904617
23 21 1.2118499871366168
23 22 1.205598957398983
23 23 0
23 24 1.4123840002888406
23 25 1.1074301392619752
23 26 0
23 27 1.1409739825341825
23 28 0
23 29 1.1941974063652099
24 0 1.2871575887074935
24 1 1.171498188005258
24 2 0
24 3 1.1530779056332912
24 4 1.0738917680449591
24 5 1.3236602401223976
24 6 1.1867782816617942
24 7 1.007460382072833
24 8 0
24 9 1.1351179617542813
24 10 1.1468004444902944
24 11 0
24 12 1.0569713715455047
24 13 1.082215643624229
24 14 1.0660183386925162
24 15 1.2453880182792538
24 16 0
24 17 1.250469063466402
24 18 0
24 19 0
24 20 0
24 21 0
24 22 1.2719703548659256
24 23 1.4123840002888406
24 24 0
24 25 1.4166684413200736
24 26 1.081883182515456
24 27 1.0710225273717118
24 28 0
24 29 1.3567450041748783
25 0 1.069716596011586
25 1 1.101232320264442
25 2 1.1112249750390433
25 3 0
25 4 1.331543741653181
25 5 1.2053806076462614
25 6 1.3236602401223976
25 7 1.1019940234402543
25 8 0
25 9 0
25 10 1.083705644400744
25 11 1.5818065587967458
25 12 1.2702592892185796
25 13 1.269028309455294
25 14 1.308215879892047
25 15 1.287002499022839
25 16 1.1639119452054165
25 17 1.1701401508890303
25 18 0
25 19 0
25 20 1.399330747955882
25 21 0
25 22 1.0021568964778202
25 23 1.1074301392619752
25 24 1.4166684413200736
25 25 1.125832695615841
25 26 1.502406151582963
25 27 0
25 28 1.1706589399525549
25 29 1.215163313959449
26 0 1.2101340193705248
26 1 1.2017374668515737
26 2 1.3270015118360503
26 3 1.0575893546022073
26 4 1.2294754110959443
26 5 1.331543741653181
26 6 1.0738917680449591
26 7 1.1613689564055503
26 8 0
26 9 1.2425853541171774
26 10 0
26 11 1.1163321599773117
26 12 1.235456521570494
26 13 1.1371972958648195
26 14 1.1438913949733795
26 15 1.2715719824466838
26 16 1.3561817371221947
26 17 0
26 18 1.1375330370977412
26 19 1.1291437142677416
26 20 1.2038876991917877
26 21 1.3531997289525048
26 22 1.3652419523810944
26 23 0
26 24 1.081883182515456
26 25 1.502406151582963
26 26 0
26 27 1.073462470041104
26 28 1.0011976078180251
26 29 1.1369215500629968
27 0 1.2256825960610418
27 1 1.3167595418940456
27 2 1.156894114242545
27 3 1.2671761140738613
27 4 1.0575893546022073
27 5 0
27 6 1.1530779056332912
27 7 1.0973962616450523
27 8 1.1729317599830347
27 9 1.2300378504915617
27 10 0
27 11 1.1681516168866972
27 12 1.3172616639803345
27 13 0
27 14 1.3107470330182718
27 15 1.3045862051587005
27 16 1.18709520540623
27 17 1.22273032428289
27 18 0
27 19 1.244054325253822
27 20 1.2335935900069759
27 21 1.1660452770902816
27 22 1.2437911350856743
27 23 1.1409739825341825
27 24 1.0710225273717118
27 25 0
27 26 1.073462470041104
27 27 1.0414798114534336
27 28 1.215876023099828
27 29 1.2348534369323696
28 0 1.0740976424371729
28 1 1.1290690809916595
28 2 1.229735632492308
28 3 1.156894114242545
28 4 1.3270015118360503
28 5 1.1112249750390433
28 6 0
28 7 0
28 8 1.1751243345207252
28 9 1.2887187283230148
28 10 1.3436656582043929
28 11 1.1153966198228256
28 12 1.2849510175368606
28 13 1.179333735517037
28 14 1.2026225116681615
28 15 1.3953711002628149
28 16 1.271944996162681
28 17 1.2649891197129384
28 18 1.2150871704330155
28 19 1.128641800751254
28 20 1.2904528579722947
28 21 1.3071018292414853
28 22 1.192720066443168
28 23 0
28 24 0
28 25 1.1706589399525549
28 26 1.0011976078180251
28 27 1.215876023099828
28 28 0
28 29 0.9790011352607679
29 0 1.2704878659693468
29 1 1.3543660438483829
29 2 1.1290690809916595
29 3 1.3167595418940456
29 4 1.2017374668515737
29 5 1.101232320264442
29 6 1.171498188005258
29 7 0
29 8 1.227677568255354
29 9 0
29 10 0
29 11 1.0911610107070324
29 12 1.0906981900496373
29 13 0
29 14 1.2334678487777615
29 15 1.1413187537601595
29 16 1.1744120685156432
29 17 1.0130643437953992
29 18 0
29 19 1.1732259992081313
29 20 0
29 21 0
29 22 1.3084615716255725
29 23 1.1941974063652099
29 24 1.3567450041748783
29 25 1.215163313959449
29 26 1.1369215500629968
29 27 1.2348534369323696
29 28 0.9790011352607679
29 29 1.2740087573447603
