0 0 1.0442277797646304
0 1 1.1691316496830213
0 2 1.0362769447197495
0 3 1.0377882555934772
0 4 1.221377771574073
0 5 1.213502034672862
0 6 1.325810111640283
0 7 1.4230751772505281
0 8 0
0 9 1.1687713141601823
0 10 1.2206229870657066
0 11 0
0 12 0
0 13 1.0967277748342157
0 14 0
0 15 1.252384122212215
0 16 1.278713821356194
0 17 1.2375502296803937
0 18 1.1679333385159605
0 19 0
0 20 1.236831242300234
0 21 0
0 22 1.2078049054783755
0 23 1.2328807656814886
0 24 1.2072221517613027
0 25 1.2352319862029637
0 26 1.1831975907388803
0 27 1.0148595214779494
0 28 1.1382640309441125
0 29 1.071055448942586
1 0 1.1691316496830213
1 1 1.024895881905767
1 2 1.0799812252530316
1 3 1.191411083813999
1 4 1.231738775531836
1 5 1.4881764551746632
1 6 0
1 7 0
1 8 1.3495113488732275
1 9 1.0616564502705923
1 10 1.1572815444128453
1 11 1.138430658293374
1 12 1.447713409283803
1 13 1.192720066443168
1 14 0
1 15 1.1257072378554887
1 16 1.1971678630446614
1 17 1.334070413244764
1 18 1.268135387907977
1 19 1.2176317812790376
1 20 1.3101574044214719
1 21 1.3325491180353553
1 22 0
1 23 0
1 24 1.2175586368575175
1 25 1.0801873843407257
1 26 1.3573980500811362
1 27 0
1 28 1.0228399416394696
1 29 0
2 0 1.0362769447197495
2 1 1.0799812252530316
2 2 1.201983142499678
2 3 1.1387150204419325
2 4 1.2620276909481292
2 5 1.26494979121162
2 6 0
2 7 1.1585177944395548
2 8 1.076750089775157
2 9 0
2 10 1.1944593867109299
2 11 1.4351643574626793
2 12 0
2 13 1.263735967325879
2 14 1.0381019590338787
2 15 0
2 16 0
2 17 1.0297266878300737
2 18 1.2872347036951537
2 19 1.0796865548956007
2 20 1.0911610107070324
2 21 1.2411616076362062
2 22 0
2 23 1.05035481651091
2 24 1.1164473897295961
2 25 1.484004103832668
2 26 1.2294856500254305
2 27 1.1531324625560786
2 28 1.2239192097066316
2 29 1.0228399416394696
3 0 1.0377882555934772
3 1 1.191411083813999
3 2 1.1387150204419325
3 3 1.1251858640541708
3 4 0
3 5 1.0344542061723239
3 6 0
3 7 1.2566898406933986
3 8 1.297811580862541
3 9 0
3 10 1.4298967117779227
3 11 1.1841830181739204
3 12 1.1709523513311244
3 13 1.2451288604215784
3 14 0
3 15 1.135154795612139
3 16 1.2090743727920263
3 17 1.1829771184955444
3 18 1.2081823465269783
3 19 1.2849510175368606
3 20 1.1943442732631693
3 21 1.1517964962972875
3 22 1.1416647393421235
3 23 1.2918505417209125
3 24 1.1180082472366912
3 25 1.2107976304209787
3 26 1.2768376982768772
3 27 1.2875447335893806
3 28 1.1531324625560786
3 29 0
4 0 1.221377771574073
4 1 1.231738775531836
4 2 1.2620276909481292
4 3 0
4 4 1.1189280520499951
4 5 1.164222807908856
4 6 1.367009714092285
4 7 1.3239201034797992
4 8 1.1975854479966621
4 9 0
4 10 0
4 11 1.2595599571071485
4 12 1.2741749156776225
4 13 1.0742082495898975
4 14 1.225562758523138
4 15 1.366743113715993
4 16 1.1706683056015503
4 17 0
4 18 0
4 19 1.082032049684824
4 20 0
4 21 1.0987043898995423
4 22 1.2215029042475964
4 23 1.2522258116823963
4 24 1.3249490430573574
4 25 1.1308709722258505
4 26 0
4 27 1.2768376982768772
4 28 1.2294856500254305
4 29 1.3573980500811362
5 0 1.213502034672862
5 1 1.4881764551746632
5 2 1.26494979121162
5 3 1.0344542061723239
5 4 1.164222807908856
5 5 0
5 6 0
5 7 1.451975436862838
5 8 1.3007105263100656
5 9 0
5 10 0
5 11 0
5 12 1.2293421249277727
5 13 0
5 14 0
5 15 0
5 16 1.2274057116559856
5 17 1.1438913949733795
5 18 1.244673255852292
5 19 1.0477855550825697
5 20 0.9900444193801295
5 21 0
5 22 1.0250320629799015
5 23 1.0801761740719444
5 24 1.1253877741747746
5 25 1.3693263218825569
5 26 1.1308709722258505
5 27 1.2107976304209787
5 28 1.484004103832668
5 29 1.0801873843407257
6 0 1.325810111640283
6 1 0
6 2 0
6 3 0
6 4 1.367009714092285
6 5 0
6 6 1.2878311643087623
6 7 1.1067360783493096
6 8 1.2433780266425183
6 9 0
6 10 1.2526977608213434
6 11 1.3441197300972687
6 12 0
6 13 0
6 14 0
6 15 1.2625713811423678
6 16 1.287002499022839
6 17 1.352389970528631
6 18 1.2389290851711021
6 19 1.2491024127826142
6 20 1.170768520117596
6 21 1.0649229001949567
6 22 0
6 23 1.0571278914424007
6 24 1.1568439520961298
6 25 1.1253877741747746
6 26 1.3249490430573574
6 27 1.1180082472366912
6 28 1.1164473897295961
6 29 1.2175586368575175
7 0 1.4230751772505281
7 1 0
7 2 1.1585177944395548
7 3 1.2566898406933986
7 4 1.3239201034797992
7 5 1.451975436862838
7 6 1.1067360783493096
7 7 0
7 8 0
7 9 0
7 10 1.271681473800131
7 11 0
7 12 0
7 13 1.3567514303393078
7 14 1.329905195252088
7 15 0
7 16 1.2206183415797693
7 17 0
7 18 1.2001711836576239
7 19 1.320594399235901
7 20 0
7 21 1.178702619393985
7 22 0
7 23 0.995149878517678
7 24 1.0571278914424007
7 25 1.0801761740719444
7 26 1.2522258116823963
7 27 1.2918505417209125
7 28 1.05035481651091
7 29 0
8 0 0
8 1 1.3495113488732275
8 2 1.076750089775157
8 3 1.297811580862541
8 4 1.1975854479966621
8 5 1.3007105263100656
8 6 1.2433780266425183
8 7 0
8 8 1.3103071565627933
8 9 1.3629659999584385
8 10 1.177336381588813
8 11 1.3023316722162792
8 12 0
8 13 0
8 14 1.2703830043051063
8 15 0
8 16 1.1607777056892845
8 17 0
8 18 0
8 19 1.3879313775624806
8 20 1.3835348734873694
8 21 0
8 22 1.2012280550257874
8 23 0
8 24 0
8 25 1.0250320629799015
8 26 1.2215029042475964
8 27 1.1416647393421235
8 28 0
8 29 0
9 0 1.1687713141601823
9 1 1.0616564502705923
9 2 0
9 3 0
9 4 0
9 5 0
9 6 0
9 7 0
9 8 1.3629659999584385
9 9 1.2522124374705106
9 10 1.2904879880324118
9 11 0
9 12 1.4979850183655534
9 13 1.3371440663799643
9 14 1.1959294550351833
9 15 1.304928269287279
9 16 0
9 17 1.2684807081345097
9 18 0
9 19 0
9 20 1.2760393764289828
9 21 1.3848960979547813
9 22 0
9 23 1.178702619393985
9 24 1.0649229001949567
9 25 0
9 26 1.0987043898995423
9 27 1.1517964962972875
9 28 1.2411616076362062
9 29 1.3325491180353553
10 0 1.2206229870657066
10 1 1.1572815444128453
10 2 1.1944593867109299
10 3 1.4298967117779227
10 4 0
10 5 0
10 6 1.2526977608213434
10 7 1.271681473800131
10 8 1.177336381588813
10 9 1.2904879880324118
10 10 0
10 11 1.425855062868392
10 12 0
10 13 0
10 14 0
10 15 0
10 16 1.40178161071929
10 17 0
10 18 0
10 19 1.243303967256786
10 20 0
10 21 1.2760393764289828
10 22 1.3835348734873694
10 23 0
10 24 1.170768520117596
10 25 0.9900444193801295
10 26 0
10 27 1.1943442732631693
10 28 1.0911610107070324
10 29 1.3101574044214719
11 0 0
11 1 1.138430658293374
11 2 1.4351643574626793
11 3 1.1841830181739204
11 4 1.2595599571071485
11 5 0
11 6 1.3441197300972687
11 7 0
11 8 1.3023316722162792
11 9 0
11 10 1.425855062868392
11 11 1.2285578041081244
11 12 1.5569197449949208
11 13 0
11 14 0
11 15 1.1801234101861653
11 16 1.2282067282796563
11 17 0
11 18 0
11 19 1.0962017363494958
11 20 1.243303967256786
11 21 0
11 22 1.3879313775624806
11 23 1.320594399235901
11 24 1.2491024127826142
11 25 1.0477855550825697
11 26 1.082032049684824
11 27 1.2849510175368606
11 28 1.0796865548956007
11 29 1.2176317812790376
12 0 0
12 1 1.447713409283803
12 2 0
12 3 1.1709523513311244
12 4 1.2741749156776225
12 5 1.2293421249277727
12 6 0
12 7 0
12 8 0
12 9 1.4979850183655534
12 10 0
12 11 1.5569197449949208
12 12 1.4279130969838603
12 13 1.291638658986242
12 14 1.1678620651821143
12 15 0
12 16 0
12 17 0
12 18 0
12 19 0
12 20 0
12 21 0
12 22 0
12 23 1.2001711836576239
12 24 1.2389290851711021
12 25 1.244673255852292
12 26 0
12 27 1.2081823465269783
12 28 1.2872347036951537
12 29 1.268135387907977
13 0 1.0967277748342157
13 1 1.192720066443168
13 2 1.263735967325879
13 3 1.2451288604215784
13 4 1.0742082495898975
13 5 0
13 6 0
13 7 1.3567514303393078
13 8 0
13 9 1.3371440663799643
13 10 0
13 11 0
13 12 1.291638658986242
13 13 1.0294950820123374
13 14 1.4301377879620136
13 15 1.1728122116920034
13 16 0
13 17 1.364074092787451
13 18 0
13 19 0
13 20 0
13 21 1.2684807081345097
13 22 0
13 23 0
13 24 1.352389970528631
13 25 1.1438913949733795
13 26 0
13 27 1.1829771184955444
13 28 1.0297266878300737
13 29 1.334070413244764
14 0 0
14 1 0
14 2 1.0381019590338787
14 3 0
14 4 1.225562758523138
14 5 0
14 6 0
14 7 1.329905195252088
14 8 1.2703830043051063
14 9 1.1959294550351833
14 10 0
14 11 0
14 12 1.1678620651821143
14 13 1.4301377879620136
14 14 0
14 15 0
14 16 0
14 17 0
14 18 0
14 19 1.2282067282796563
14 20 1.40178161071929
14 21 0
14 22 1.1607777056892845
14 23 1.2206183415797693
14 24 1.287002499022839
14 25 1.2274057116559856
14 26 1.1706683056015503
14 27 1.2090743727920263
14 28 0
14 29 1.1971678630446614
15 0 1.252384122212215
15 1 1.1257072378554887
15 2 0
15 3 1.135154795612139
15 4 1.366743113715993
15 5 0
15 6 1.2625713811423678
15 7 0
15 8 0
15 9 1.304928269287279
15 10 0
15 11 1.1801234101861653
15 12 0
15 13 1.1728122116920034
15 14 0
15 15 1.154762378138273
15 16 0
15 17 1.1728122116920034
15 18 0
15 19 1.1801234101861653
15 20 0
15 21 1.304928269287279
15 22 0
15 23 0
15 24 1.2625713811423678
15 25 0
15 26 1.366743113715993
15 27 1.135154795612139
15 28 0
15 29 1.1257072378554887
16 0 1.278713821356194
16 1 1.1971678630446614
16 2 0
16 3 1.2090743727920263
16 4 1.1706683056015503
16 5 1.2274057116559856
16 6 1.287002499022839
16 7 1.2206183415797693
16 8 1.1607777056892845
16 9 0
16 10 1.40178161071929
16 11 1.2282067282796563
16 12 0
16 13 0
16 14 0
16 15 0
16 16 0
16 17 1.4301377879620136
16 18 1.1678620651821143
16 19 0
16 20 0
16 21 1.1959294550351833
16 22 1.2703830043051063
16 23 1.329905195252088
16 24 0
16 25 0
16 26 1.225562758523138
16 27 0
16 28 1.0381019590338787
16 29 0
17 0 1.2375502296803937
17 1 1.334070413244764
17 2 1.0297266878300737
17 3 1.1829771184955444
17 4 0
17 5 1.1438913949733795
17 6 1.352389970528631
17 7 0
17 8 0
17 9 1.2684807081345097
17 10 0
17 11 0
17 12 0
17 13 1.364074092787451
17 14 0
17 15 1.1728122116920034
17 16 1.4301377879620136
17 17 1.0294950820123374
17 18 1.291638658986242
17 19 0
17 20 0
17 21 1.3371440663799643
17 22 0
17 23 1.3567514303393078
17 24 0
17 25 0
17 26 1.0742082495898975
17 27 1.2451288604215784
17 28 1.263735967325879
17 29 1.192720066443168
18 0 1.1679333385159605
18 1 1.268135387907977
18 2 1.2872347036951537
18 3 1.2081823465269783
18 4 0
18 5 1.244673255852292
18 6 1.2389290851711021
18 7 1.2001711836576239
18 8 0
18 9 0
18 10 0
18 11 0
18 12 0
18 13 0
18 14 0
18 15 0
18 16 1.1678620651821143
18 17 1.291638658986242
18 18 1.4279130969838603
18 19 1.5569197449949208
18 20 0
18 21 1.4979850183655534
18 22 0
18 23 0
18 24 0
18 25 1.2293421249277727
18 26 1.2741749156776225
18 27 1.1709523513311244
18 28 0
18 29 1.447713409283803
19 0 0
19 1 1.2176317812790376
19 2 1.0796865548956007
19 3 1.2849510175368606
19 4 1.082032049684824
19 5 1.0477855550825697
19 6 1.2491024127826142
19 7 1.320594399235901
19 8 1.3879313775624806
19 9 0
19 10 1.243303967256786
19 11 1.0962017363494958
19 12 0
19 13 0
19 14 1.2282067282796563
19 15 1.1801234101861653
19 16 0
19 17 0
19 18 1.5569197449949208
19 19 1.2285578041081244
19 20 1.425855062868392
19 21 0
19 22 1.3023316722162792
19 23 0
19 24 1.3441197300972687
19 25 0
19 26 1.2595599571071485
19 27 1.1841830181739204
19 28 1.4351643574626793
19 29 1.138430658293374
20 0 1.236831242300234
20 1 1.3101574044214719
20 2 1.0911610107070324
20 3 1.1943442732631693
20 4 0
20 5 0.9900444193801295
20 6 1.170768520117596
20 7 0
20 8 1.3835348734873694
20 9 1.2760393764289828
20 10 0
20 11 1.243303967256786
20 12 0
20 13 0
20 14 1.40178161071929
20 15 0
20 16 0
20 17 0
20 18 0
20 19 1.425855062868392
20 20 0
20 21 1.2904879880324118
20 22 1.177336381588813
20 23 1.271681473800131
20 24 1.2526977608213434
20 25 0
20 26 0
20 27 1.4298967117779227
20 28 1.1944593867109299
20 29 1.1572815444128453
21 0 0
21 1 1.3325491180353553
21 2 1.2411616076362062
21 3 1.1517964962972875
21 4 1.0987043898995423
21 5 0
21 6 1.0649229001949567
21 7 1.178702619393985
21 8 0
21 9 1.3848960979547813
21 10 1.2760393764289828
21 11 0
21 12 0
21 13 1.2684807081345097
21 14 0
21 15 1.304928269287279
21 16 1.1959294550351833
21 17 1.3371440663799643
21 18 1.4979850183655534
21 19 0
21 20 1.2904879880324118
21 21 1.2522124374705106
21 22 1.3629659999584385
21 23 0
21 24 0
21 25 0
21 26 0
21 27 0
21 28 0
21 29 1.0616564502705923
22 0 1.2078049054783755
22 1 0
22 2 0
22 3 1.1416647393421235
22 4 1.2215029042475964
22 5 1.0250320629799015
22 6 0
22 7 0
22 8 1.2012280550257874
22 9 0
22 10 1.3835348734873694
22 11 1.3879313775624806
22 12 0
22 13 0
22 14 1.1607777056892845
22 15 0
22 16 1.2703830043051063
22 17 0
22 18 0
22 19 1.3023316722162792
22 20 1.177336381588813
22 21 1.3629659999584385
22 22 1.3103071565627933
22 23 0
22 24 1.2433780266425183
22 25 1.3007105263100656
22 26 1.1975854479966621
22 27 1.297811580862541
22 28 1.076750089775157
22 29 1.3495113488732275
23 0 1.2328807656814886
23 1 0
23 2 1.05035481651091
23 3 1.2918505417209125
23 4 1.2522258116823963
23 5 1.0801761740719444
23 6 1.0571278914424007
23 7 0.995149878517678
23 8 0
23 9 1.178702619393985
23 10 0
23 11 1.320594399235901
23 12 1.2001711836576239
23 13 0
23 14 1.2206183415797693
23 15 0
23 16 1.329905195252088
23 17 1.3567514303393078
23 18 0
23 19 0
23 20 1.271681473800131
23 21 0
23 22 0
23 23 0
23 24 1.1067360783493096
23 25 1.451975436862838
23 26 1.3239201034797992
23 27 1.2566898406933986
23 28 1.1585177944395548
23 29 0
24 0 1.2072221517613027
24 1 1.2175586368575175
24 2 1.1164473897295961
24 3 1.1180082472366912
24 4 1.3249490430573574
24 5 1.1253877741747746
24 6 1.1568439520961298
24 7 1.0571278914424007
24 8 0
24 9 1.0649229001949567
24 10 1.170768520117596
24 11 1.2491024127826142
24 12 1.2389290851711021
24 13 1.352389970528631
24 14 1.287002499022839
24 15 1.2625713811423678
24 16 0
24 17 0
24 18 0
24 19 1.3441197300972687
24 20 1.2526977608213434
24 21 0
24 22 1.2433780266425183
24 23 1.1067360783493096
24 24 1.2878311643087623
24 25 0
24 26 1.367009714092285
24 27 0
24 28 0
24 29 0
25 0 1.2352319862029637
25 1 1.0801873843407257
25 2 1.484004103832668
25 3 1.2107976304209787
25 4 1.1308709722258505
25 5 1.3693263218825569
25 6 1.1253877741747746
25 7 1.0801761740719444
25 8 1.0250320629799015
25 9 0
25 10 0.9900444193801295
25 11 1.0477855550825697
25 12 1.244673255852292
25 13 1.1438913949733795
25 14 1.2274057116559856
25 15 0
25 16 0
25 17 0
25 18 1.2293421249277727
25 19 0
25 20 0
25 21 0
25 22 1.3007105263100656
25 23 1.451975436862838
25 24 0
25 25 0
25 26 1.164222807908856
25 27 1.0344542061723239
25 28 1.26494979121162
25 29 1.4881764551746632
26 0 1.1831975907388803
26 1 1.3573980500811362
26 2 1.2294856500254305
26 3 1.2768376982768772
26 4 0
26 5 1.1308709722258505
26 6 1.3249490430573574
26 7 1.2522258116823963
26 8 1.2215029042475964
26 9 1.0987043898995423
26 10 0
26 11 1.082032049684824
26 12 0
26 13 0
26 14 1.1706683056015503
26 15 1.366743113715993
26 16 1.225562758523138
26 17 1.0742082495898975
26 18 1.2741749156776225
26 19 1.2595599571071485
26 20 0
26 21 0
26 22 1.1975854479966621
26 23 1.3239201034797992
26 24 1.367009714092285
26 25 1.164222807908856
26 26 1.1189280520499951
26 27 0
26 28 1.2620276909481292
26 29 1.231738775531836
27 0 1.0148595214779494
27 1 0
27 2 1.1531324625560786
27 3 1.2875447335893806
27 4 1.2768376982768772
27 5 1.2107976304209787
27 6 1.1180082472366912
27 7 1.2918505417209125
27 8 1.1416647393421235
27 9 1.1517964962972875
27 10 1.1943442732631693
27 11 1.2849510175368606
27 12 1.2081823465269783
27 13 1.1829771184955444
27 14 1.2090743727920263
27 15 1.135154795612139
27 16 0
27 17 1.2451288604215784
27 18 1.1709523513311244
27 19 1.1841830181739204
27 20 1.4298967117779227
27 21 0
27 22 1.297811580862541
27 23 1.2566898406933986
27 24 0
27 25 1.0344542061723239
27 26 0
27 27 1.1251858640541708
27 28 1.1387150204419325
27 29 1.191411083813999
28 0 1.1382640309441125
28 1 1.0228399416394696
28 2 1.2239192097066316
28 3 1.1531324625560786
28 4 1.2294856500254305
28 5 1.484004103832668
28 6 1.1164473897295961
28 7 1.05035481651091
28 8 0
28 9 1.2411616076362062
28 10 1.0911610107070324
28 11 1.0796865548956007
28 12 1.2872347036951537
28 13 1.0297266878300737
28 14 0
28 15 0
28 16 1.0381019590338787
28 17 1.263735967325879
28 18 0
28 19 1.4351643574626793
28 20 1.1944593867109299
28 21 0
28 22 1.076750089775157
28 23 1.1585177944395548
28 24 0
28 25 1.26494979121162
28 26 1.2620276909481292
28 27 1.1387150204419325
28 28 1.201983142499678
28 29 1.0799812252530316
29 0 1.071055448942586
29 1 0
29 2 1.0228399416394696
29 3 0
29 4 1.3573980500811362
29 5 1.0801873843407257
29 6 1.2175586368575175
29 7 0
29 8 0
29 9 1.3325491180353553
29 10 1.3101574044214719
29 11 1.2176317812790376
29 12 1.268135387907977
29 13 1.334070413244764
29 14 1.1971678630446614
29 15 1.1257072378554887
29 16 0
29 17 1.192720066443168
29 18 1.447713409283803
29 19 1.138430658293374
29 20 1.1572815444128453
29 21 1.0616564502705923
29 22 1.3495113488732275
29 23 0
29 24 0
29 25 1.4881764551746632
29 26 1.231738775531836
29 27 1.191411083813999
29 28 1.0799812252530316
29 29 1.024895881905767
