0 0 1.2487706382826633
0 1 0
0 2 1.3590953201384708
0 3 1.2199056206712344
0 4 1.1403290284873842
0 5 1.2175586368575175
0 6 1.119216029157606
0 7 1.280053035626552
0 8 1.277045403668732
0 9 0
0 10 1.205283144364949
0 11 1.2534248109017228
0 12 0
0 13 1.2211400171703033
0 14 1.063932896363396
0 15 1.5435966815788171
0 16 1.4050820492915954
0 17 1.0546435079511745
0 18 1.3032537226795846
0 19 1.2394567557992247
0 20 1.3249490430573574
0 21 1.081788137829689
0 22 0
0 23 1.1216742140894398
0 24 1.083265817526638
0 25 1.135014326388207
0 26 1.1975080653160548
0 27 1.2798744254315921
0 28 1.2264025220895458
0 29 1.2598576477139762
1 0 0
1 1 1.11879295772594
1 2 1.374166252353337
1 3 1.46533788860897
1 4 1.3785204738169425
1 5 0.9803035321140684
1 6 1.174674942303702
1 7 1.4456086313045078
1 8 1.3211464129080643
1 9 1.4093692680710248
1 10 1.1340656492172079
1 11 1.2658544165866548
1 12 0
1 13 0
1 14 1.0250320629799015
1 15 1.1814123778139376
1 16 0
1 17 1.286351153576628
1 18 0
1 19 1.0801761740719444
1 20 1.3001351692161347
1 21 1.0738917680449591
1 22 1.2862962700015874
1 23 0
1 24 1.0900780345730783
1 25 1.032882119332755
1 26 1.3535458128594315
1 27 1.323757195128921
1 28 1.3331727214970086
1 29 1.062064217719157
2 0 1.3590953201384708
2 1 1.374166252353337
2 2 1.2672870160614043
2 3 0
2 4 0
2 5 1.2956016178378664
2 6 1.4240496692004643
2 7 1.2015632513984988
2 8 1.2215029042475964
2 9 0.9292532913763646
2 10 0
2 11 1.2843821010969294
2 12 1.2366548543184246
2 13 0
2 14 1.0226556639415354
2 15 1.1880510048561896
2 16 1.0956041359950863
2 17 1.3205742224929167
2 18 0
2 19 1.122552438997113
2 20 1.1019940234402543
2 21 1.1951421966854558
2 22 1.0779266169711323
2 23 0.9972681500089434
2 24 1.2318540670317222
2 25 1.162249064740399
2 26 0.9689929068398038
2 27 0
2 28 1.227146405243318
2 29 1.3331727214970086
3 0 1.2199056206712344
3 1 1.46533788860897
3 2 0
3 3 1.0808745710499905
3 4 1.1087681429009753
3 5 1.618636857096278
3 6 1.0907066962054257
3 7 0.9723385297052997
3 8 1.2353570566859613
3 9 1.2450234362189596
3 10 1.2119908799534749
3 11 0
3 12 1.2289163736325408
3 13 1.1668862400328488
3 14 1.195324307134359
3 15 1.2467682183241175
3 16 1.0240731507441112
3 17 1.178702619393985
3 18 1.1630055649141011
3 19 0
3 20 0
3 21 1.1197891941984344
3 22 1.0571278914424007
3 23 1.0889402556552081
3 24 1.2802019731201686
3 25 1.3517591661748185
3 26 1.110861380946596
3 27 1.0346227456335482
3 28 0
3 29 1.323757195128921
4 0 1.1403290284873842
4 1 1.3785204738169425
4 2 0
4 3 1.1087681429009753
4 4 1.1406416516612667
4 5 1.1302826333206537
4 6 0
4 7 0
4 8 0.973511208711901
4 9 1.0690369325563212
4 10 1.0737817744844138
4 11 0
4 12 1.389857485232183
4 13 1.1924337841365558
4 14 0
4 15 1.2601403611192359
4 16 1.3835348734873694
4 17 1.3183656342341252
4 18 1.2435801251265228
4 19 0
4 20 1.4281198516667217
4 21 0.9909345043019921
4 22 0
4 23 1.1756104655887722
4 24 1.1596425089855087
4 25 1.0927342024113675
4 26 1.1604315469753685
4 27 1.110861380946596
4 28 0.9689929068398038
4 29 1.3535458128594315
5 0 1.2175586368575175
5 1 0.9803035321140684
5 2 1.2956016178378664
5 3 1.618636857096278
5 4 1.1302826333206537
5 5 0
5 6 0
5 7 1.0262215673472892
5 8 1.2177388499582682
5 9 1.1468004444902944
5 10 1.2794388527016474
5 11 1.3615126746258548
5 12 1.259729322526802
5 13 0
5 14 1.1146267627545479
5 15 0
5 16 1.2255598780475236
5 17 1.2417853306198112
5 18 1.4650346927379028
5 19 1.3234194457539064
5 20 0
5 21 1.0229805984557512
5 22 0
5 23 0.9919003093971119
5 24 1.29525584766226
5 25 1.160324503585551
5 26 1.0927342024113675
5 27 1.3517591661748185
5 28 1.162249064740399
5 29 1.032882119332755
6 0 1.119216029157606
6 1 1.174674942303702
6 2 1.4240496692004643
6 3 1.0907066962054257
6 4 0
6 5 0
6 6 1.0796584359660384
6 7 1.2199445157730897
6 8 1.3162981894455097
6 9 1.2551935994548393
6 10 1.4721259245838552
6 11 0
6 12 1.2467875170095377
6 13 1.309209153150128
6 14 0
6 15 1.4537808244705102
6 16 1.0806736379273685
6 17 1.2566428987216034
6 18 1.1868334155311921
6 19 0
6 20 1.2679451226622231
6 21 0
6 22 0
6 23 1.1483996090777553
6 24 0.9963868003888559
6 25 1.29525584766226
6 26 1.1596425089855087
6 27 1.2802019731201686
6 28 1.2318540670317222
6 29 1.0900780345730783
7 0 1.280053035626552
7 1 1.4456086313045078
7 2 1.2015632513984988
7 3 0.9723385297052997
7 4 0
7 5 1.0262215673472892
7 6 1.2199445157730897
7 7 1.2725299819858487
7 8 1.3879313775624806
7 9 1.1973012401062988
7 10 1.3274853802419664
7 11 0
7 12 0
7 13 0
7 14 0
7 15 1.145025051795787
7 16 1.1824266972078659
7 17 1.2445104551981947
7 18 0
7 19 1.3139260263049573
7 20 1.2864341851423962
7 21 1.1963013600851105
7 22 1.2871002217663625
7 23 0
7 24 1.1483996090777553
7 25 0.9919003093971119
7 26 1.1756104655887722
7 27 1.0889402556552081
7 28 0.9972681500089434
7 29 0
8 0 1.277045403668732
8 1 1.3211464129080643
8 2 1.2215029042475964
8 3 1.2353570566859613
8 4 0.973511208711901
8 5 1.2177388499582682
8 6 1.3162981894455097
8 7 1.3879313775624806
8 8 0
8 9 1.412975822937821
8 10 1.2246365757191804
8 11 1.4478145404797482
8 12 0
8 13 0
8 14 0
8 15 0
8 16 1.1691367992561095
8 17 0
8 18 1.298470452631904
8 19 1.1844838383722625
8 20 0
8 21 0
8 22 0
8 23 1.2871002217663625
8 24 0
8 25 0
8 26 0
8 27 1.0571278914424007
8 28 1.0779266169711323
8 29 1.2862962700015874
9 0 0
9 1 1.4093692680710248
9 2 0.9292532913763646
9 3 1.2450234362189596
9 4 1.0690369325563212
9 5 1.1468004444902944
9 6 1.2551935994548393
9 7 1.1973012401062988
9 8 1.412975822937821
9 9 1.3102898177186089
9 10 0
9 11 1.1728122116920034
9 12 1.4059885176654496
9 13 0
9 14 1.0800719479285403
9 15 0
9 16 0
9 17 1.128786910345961
9 18 1.2665414511646216
9 19 0
9 20 0
9 21 0
9 22 0
9 23 1.1963013600851105
9 24 0
9 25 1.0229805984557512
9 26 0.9909345043019921
9 27 1.1197891941984344
9 28 1.1951421966854558
9 29 1.0738917680449591
10 0 1.205283144364949
10 1 1.1340656492172079
10 2 0
10 3 1.2119908799534749
10 4 1.0737817744844138
10 5 1.2794388527016474
10 6 1.4721259245838552
10 7 1.3274853802419664
10 8 1.2246365757191804
10 9 0
10 10 0
10 11 1.2093553544968993
10 12 0
10 13 1.1560918554172
10 14 0
10 15 1.2329890994253063
10 16 0
10 17 0
10 18 0
10 19 0
10 20 0
10 21 0
10 22 0
10 23 1.2864341851423962
10 24 1.2679451226622231
10 25 0
10 26 1.4281198516667217
10 27 0
10 28 1.1019940234402543
10 29 1.3001351692161347
11 0 1.2534248109017228
11 1 1.2658544165866548
11 2 1.2843821010969294
11 3 0
11 4 0
11 5 1.3615126746258548
11 6 0
11 7 0
11 8 1.4478145404797482
11 9 1.1728122116920034
11 10 1.2093553544968993
11 11 0
11 12 1.4292342932787752
11 13 0
11 14 1.1839397440123354
11 15 0
11 16 0
11 17 1.2774455512363685
11 18 0
11 19 0
11 20 0
11 21 0
11 22 1.1844838383722625
11 23 1.3139260263049573
11 24 0
11 25 1.3234194457539064
11 26 0
11 27 0
11 28 1.122552438997113
11 29 1.0801761740719444
12 0 0
12 1 0
12 2 1.2366548543184246
12 3 1.2289163736325408
12 4 1.389857485232183
12 5 1.259729322526802
12 6 1.2467875170095377
12 7 0
12 8 0
12 9 1.4059885176654496
12 10 0
12 11 1.4292342932787752
12 12 1.3440485424754822
12 13 0
12 14 0
12 15 0
12 16 0
12 17 1.283148462889057
12 18 1.3220214843749998
12 19 0
12 20 0
12 21 1.2665414511646216
12 22 1.298470452631904
12 23 0
12 24 1.1868334155311921
12 25 1.4650346927379028
12 26 1.2435801251265228
12 27 1.1630055649141011
12 28 0
12 29 0
13 0 1.2211400171703033
13 1 0
13 2 0
13 3 1.1668862400328488
13 4 1.1924337841365558
13 5 0
13 6 1.309209153150128
13 7 0
13 8 0
13 9 0
13 10 1.1560918554172
13 11 0
13 12 0
13 13 1.3229976365951648
13 14 0
13 15 0
13 16 1.387926105340271
13 17 1.383167229502116
13 18 1.283148462889057
13 19 1.2774455512363685
13 20 0
13 21 1.128786910345961
13 22 0
13 23 1.2445104551981947
13 24 1.2566428987216034
13 25 1.2417853306198112
13 26 1.3183656342341252
13 27 1.178702619393985
13 28 1.3205742224929167
13 29 1.286351153576628
14 0 1.063932896363396
14 1 1.0250320629799015
14 2 1.0226556639415354
14 3 1.195324307134359
14 4 0
14 5 1.1146267627545479
14 6 0
14 7 0
14 8 0
14 9 1.0800719479285403
14 10 0
14 11 1.1839397440123354
14 12 0
14 13 0
14 14 0
14 15 0
14 16 0
14 17 1.387926105340271
14 18 0
14 19 0
14 20 0
14 21 0
14 22 1.1691367992561095
14 23 1.1824266972078659
14 24 1.0806736379273685
14 25 1.2255598780475236
14 26 1.3835348734873694
14 27 1.0240731507441112
14 28 1.0956041359950863
14 29 0
15 0 1.5435966815788171
15 1 1.1814123778139376
15 2 1.1880510048561896
15 3 1.2467682183241175
15 4 1.2601403611192359
15 5 0
15 6 1.4537808244705102
15 7 1.145025051795787
15 8 0
15 9 0
15 10 1.2329890994253063
15 11 0
15 12 0
15 13 0
15 14 0
15 15 1.5284729003906248
15 16 0
15 17 0
15 18 0
15 19 0
15 20 1.2329890994253063
15 21 0
15 22 0
15 23 1.145025051795787
15 24 1.4537808244705102
15 25 0
15 26 1.2601403611192359
15 27 1.2467682183241175
15 28 1.1880510048561896
15 29 1.1814123778139376
16 0 1.4050820492915954
16 1 0
16 2 1.0956041359950863
16 3 1.0240731507441112
16 4 1.3835348734873694
16 5 1.2255598780475236
16 6 1.0806736379273685
16 7 1.1824266972078659
16 8 1.1691367992561095
16 9 0
16 10 0
16 11 0
16 12 0
16 13 1.387926105340271
16 14 0
16 15 0
16 16 0
16 17 0
16 18 0
16 19 1.1839397440123354
16 20 0
16 21 1.0800719479285403
16 22 0
16 23 0
16 24 0
16 25 1.1146267627545479
16 26 0
16 27 1.195324307134359
16 28 1.0226556639415354
16 29 1.0250320629799015
17 0 1.0546435079511745
17 1 1.286351153576628
17 2 1.3205742224929167
17 3 1.178702619393985
17 4 1.3183656342341252
17 5 1.2417853306198112
17 6 1.2566428987216034
17 7 1.2445104551981947
17 8 0
17 9 1.128786910345961
17 10 0
17 11 1.2774455512363685
17 12 1.283148462889057
17 13 1.383167229502116
17 14 1.387926105340271
17 15 0
17 16 0
17 17 1.3229976365951648
17 18 0
17 19 0
17 20 1.1560918554172
17 21 0
17 22 0
17 23 0
17 24 1.309209153150128
17 25 0
17 26 1.1924337841365558
17 27 1.1668862400328488
17 28 0
17 29 0
18 0 1.3032537226795846
18 1 0
18 2 0
18 3 1.1630055649141011
18 4 1.2435801251265228
18 5 1.4650346927379028
18 6 1.1868334155311921
18 7 0
18 8 1.298470452631904
18 9 1.2665414511646216
18 10 0
18 11 0
18 12 1.3220214843749998
18 13 1.283148462889057
18 14 0
18 15 0
18 16 0
18 17 0
18 18 1.3440485424754822
18 19 1.4292342932787752
18 20 0
18 21 1.4059885176654496
18 22 0
18 23 0
18 24 1.2467875170095377
18 25 1.259729322526802
18 26 1.389857485232183
18 27 1.2289163736325408
18 28 1.2366548543184246
18 29 0
19 0 1.2394567557992247
19 1 1.0801761740719444
19 2 1.122552438997113
19 3 0
19 4 0
19 5 1.3234194457539064
19 6 0
19 7 1.3139260263049573
19 8 1.1844838383722625
19 9 0
19 10 0
19 11 0
19 12 0
19 13 1.2774455512363685
19 14 0
19 15 0
19 16 1.1839397440123354
19 17 0
19 18 1.4292342932787752
19 19 0
19 20 1.2093553544968993
19 21 1.1728122116920034
19 22 1.4478145404797482
19 23 0
19 24 0
19 25 1.3615126746258548
19 26 0
19 27 0
19 28 1.2843821010969294
19 29 1.2658544165866548
20 0 1.3249490430573574
20 1 1.3001351692161347
20 2 1.1019940234402543
20 3 0
20 4 1.4281198516667217
20 5 0
20 6 1.2679451226622231
20 7 1.2864341851423962
20 8 0
20 9 0
20 10 0
20 11 0
20 12 0
20 13 0
20 14 0
20 15 1.2329890994253063
20 16 0
20 17 1.1560918554172
20 18 0
20 19 1.2093553544968993
20 20 0
20 21 0
20 22 1.2246365757191804
20 23 1.3274853802419664
20 24 1.4721259245838552
20 25 1.2794388527016474
20 26 1.0737817744844138
20 27 1.2119908799534749
20 28 0
20 29 1.1340656492172079
21 0 1.081788137829689
21 1 1.0738917680449591
21 2 1.1951421966854558
21 3 1.1197891941984344
21 4 0.9909345043019921
21 5 1.0229805984557512
21 6 0
21 7 1.1963013600851105
21 8 0
21 9 0
21 10 0
21 11 0
21 12 1.2665414511646216
21 13 1.128786910345961
21 14 0
21 15 0
21 16 1.0800719479285403
21 17 0
21 18 1.4059885176654496
21 19 1.1728122116920034
21 20 0
21 21 1.3102898177186089
21 22 1.412975822937821
21 23 1.1973012401062988
21 24 1.2551935994548393
21 25 1.1468004444902944
21 26 1.0690369325563212
21 27 1.2450234362189596
21 28 0.9292532913763646
21 29 1.4093692680710248
22 0 0
22 1 1.2862962700015874
22 2 1.0779266169711323
22 3 1.0571278914424007
22 4 0
22 5 0
22 6 0
22 7 1.2871002217663625
22 8 0
22 9 0
22 10 0
22 11 1.1844838383722625
22 12 1.298470452631904
22 13 0
22 14 1.1691367992561095
22 15 0
22 16 0
22 17 0
22 18 0
22 19 1.4478145404797482
22 20 1.2246365757191804
22 21 1.412975822937821
22 22 0
22 23 1.3879313775624806
22 24 1.3162981894455097
22 25 1.2177388499582682
22 26 0.973511208711901
22 27 1.2353570566859613
22 28 1.2215029042475964
22 29 1.3211464129080643
23 0 1.1216742140894398
23 1 0
23 2 0.9972681500089434
23 3 1.0889402556552081
23 4 1.1756104655887722
23 5 0.9919003093971119
23 6 1.1483996090777553
23 7 0
23 8 1.2871002217663625
23 9 1.1963013600851105
23 10 1.2864341851423962
23 11 1.3139260263049573
23 12 0
23 13 1.2445104551981947
23 14 1.1824266972078659
23 15 1.145025051795787
23 16 0
23 17 0
23 18 0
23 19 0
23 20 1.3274853802419664
23 21 1.1973012401062988
23 22 1.3879313775624806
23 23 1.2725299819858487
23 24 1.2199445157730897
23 25 1.0262215673472892
23 26 0
23 27 0.9723385297052997
23 28 1.2015632513984988
23 29 1.4456086313045078
24 0 1.083265817526638
24 1 1.0900780345730783
24 2 1.2318540670317222
24 3 1.2802019731201686
24 4 1.1596425089855087
24 5 1.29525584766226
24 6 0.9963868003888559
24 7 1.1483996090777553
24 8 0
24 9 0
24 10 1.2679451226622231
24 11 0
24 12 1.1868334155311921
24 13 1.2566428987216034
24 14 1.0806736379273685
24 15 1.4537808244705102
24 16 0
24 17 1.309209153150128
24 18 1.2467875170095377
24 19 0
24 20 1.4721259245838552
24 21 1.2551935994548393
24 22 1.3162981894455097
24 23 1.2199445157730897
24 24 1.0796584359660384
24 25 0
24 26 0
24 27 1.0907066962054257
24 28 1.4240496692004643
24 29 1.174674942303702
25 0 1.135014326388207
25 1 1.032882119332755
25 2 1.162249064740399
25 3 1.3517591661748185
25 4 1.0927342024113675
25 5 1.160324503585551
25 6 1.29525584766226
25 7 0.9919003093971119
25 8 0
25 9 1.0229805984557512
25 10 0
25 11 1.3234194457539064
25 12 1.4650346927379028
25 13 1.2417853306198112
25 14 1.2255598780475236
25 15 0
25 16 1.1146267627545479
25 17 0
25 18 1.259729322526802
25 19 1.3615126746258548
25 20 1.2794388527016474
25 21 1.1468004444902944
25 22 1.2177388499582682
25 23 1.0262215673472892
25 24 0
25 25 0
25 26 1.1302826333206537
25 27 1.618636857096278
25 28 1.2956016178378664
25 29 0.9803035321140684
26 0 1.1975080653160548
26 1 1.3535458128594315
26 2 0.9689929068398038
26 3 1.110861380946596
26 4 1.1604315469753685
26 5 1.0927342024113675
26 6 1.1596425089855087
26 7 1.1756104655887722
26 8 0
26 9 0.9909345043019921
26 10 1.4281198516667217
26 11 0
26 12 1.2435801251265228
26 13 1.3183656342341252
26 14 1.3835348734873694
26 15 1.2601403611192359
26 16 0
26 17 1.1924337841365558
26 18 1.389857485232183
26 19 0
26 20 1.0737817744844138
26 21 1.0690369325563212
26 22 0.973511208711901
26 23 0
26 24 0
26 25 1.1302826333206537
26 26 1.1406416516612667
26 27 1.1087681429009753
26 28 0
26 29 1.3785204738169425
27 0 1.2798744254315921
27 1 1.323757195128921
27 2 0
27 3 1.0346227456335482
27 4 1.110861380946596
27 5 1.3517591661748185
27 6 1.2802019731201686
27 7 1.0889402556552081
27 8 1.0571278914424007
27 9 1.1197891941984344
27 10 0
27 11 0
27 12 1.1630055649141011
27 13 1.178702619393985
27 14 1.0240731507441112
27 15 1.2467682183241175
27 16 1.195324307134359
27 17 1.1668862400328488
27 18 1.2289163736325408
27 19 0
27 20 1.2119908799534749
27 21 1.2450234362189596
27 22 1.2353570566859613
27 23 0.9723385297052997
27 24 1.0907066962054257
27 25 1.618636857096278
27 26 1.1087681429009753
27 27 1.0808745710499905
27 28 0
27 29 1.46533788860897
28 0 1.2264025220895458
28 1 1.3331727214970086
28 2 1.227146405243318
28 3 0
28 4 0.9689929068398038
28 5 1.162249064740399
28 6 1.2318540670317222
28 7 0.9972681500089434
28 8 1.0779266169711323
28 9 1.1951421966854558
28 10 1.1019940234402543
28 11 1.122552438997113
28 12 0
28 13 1.3205742224929167
28 14 1.0956041359950863
28 15 1.1880510048561896
28 16 1.0226556639415354
28 17 0
28 18 1.2366548543184246
28 19 1.2843821010969294
28 20 0
28 21 0.9292532913763646
28 22 1.2215029042475964
28 23 1.2015632513984988
28 24 1.4240496692004643
28 25 1.2956016178378664
28 26 0
28 27 0
28 28 1.2672870160614043
28 29 1.374166252353337
29 0 1.2598576477139762
29 1 1.062064217719157
29 2 1.3331727214970086
29 3 1.323757195128921
29 4 1.3535458128594315
29 5 1.032882119332755
29 6 1.0900780345730783
29 7 0
29 8 1.2862962700015874
29 9 1.0738917680449591
29 10 1.3001351692161347
29 11 1.0801761740719444
29 12 0
29 13 1.286351153576628
29 14 0
29 15 1.1814123778139376
29 16 1.0250320629799015
29 17 0
29 18 0
29 19 1.2658544165866548
29 20 1.1340656492172079
29 21 1.4093692680710248
29 22 1.3211464129080643
29 23 1.4456086313045078
29 24 1.174674942303702
29 25 0.9803035321140684
29 26 1.3785204738169425
29 27 1.46533788860897
29 28 1.374166252353337
29 29 1.11879295772594
