0 0 1.1644975611066177
0 1 1.2975328758988132
0 2 1.217050777118963
0 3 1.3825046491692927
0 4 1.0413590497383298
0 5 0.9831261801502581
0 6 0
0 7 0
0 8 0
0 9 1.2649153735240373
0 10 1.3028468936404292
0 11 1.1941504714525544
0 12 1.4703565497743132
0 13 1.033456112765179
0 14 1.0778095490494872
0 15 0
0 16 0
0 17 1.2361693983582658
0 18 1.228852495962286
0 19 1.26124305149254
0 20 0
0 21 1.2457191234460505
0 22 0
0 23 1.2293848632750788
0 24 1.1064459195718577
0 25 1.2311908825761606
0 26 1.2622396917575314
0 27 1.1187700579635023
0 28 1.0590497460327033
0 29 1.1796094837267863
1 0 1.2975328758988132
1 1 1.4571758551488754
1 2 1.3132250353994182
1 3 1.0873137927686045
1 4 0
1 5 1.2562135515245394
1 6 1.1783616557594196
1 7 1.1876200613906853
1 8 1.0624452446870578
1 9 1.334070413244764
1 10 0
1 11 1.0952544715564974
1 12 0
1 13 1.051387997554533
1 14 1.1003012728572543
1 15 0
1 16 1.1842327600018696
1 17 1.0898546211003903
1 18 1.0664430381568277
1 19 1.1517964962972875
1 20 1.2399451600632239
1 21 1.1751243345207252
1 22 0
1 23 1.1835773694774028
1 24 1.139008983182571
1 25 0
1 26 1.2988608534057062
1 27 1.3199567147357854
1 28 0
1 29 1.0889219101338974
2 0 1.217050777118963
2 1 1.3132250353994182
2 2 1.4679115496853399
2 3 1.0615121026484449
2 4 1.1793810189108385
2 5 0
2 6 0.9951019580718925
2 7 1.0111827956782675
2 8 0
2 9 1.1350238621361066
2 10 1.2207695829597134
2 11 0
2 12 1.4498130777523084
2 13 1.1378435226453079
2 14 1.2239314861138324
2 15 1.0846928605206123
2 16 1.3988826611308385
2 17 1.1335725765840112
2 18 0
2 19 0
2 20 1.2300378504915617
2 21 1.1302826333206537
2 22 0
2 23 0
2 24 1.2412676801123579
2 25 0
2 26 1.083265817526638
2 27 1.2675700822902103
2 28 1.383161306289544
2 29 0
3 0 1.3825046491692927
3 1 1.0873137927686045
3 2 1.0615121026484449
3 3 1.1357613656409689
3 4 1.1874885244891955
3 5 0
3 6 0
3 7 0
3 8 0
3 9 1.2057701568611277
3 10 1.1420016688150456
3 11 1.2513228879964644
3 12 1.2330898361205667
3 13 0
3 14 1.2087951347284933
3 15 1.267741723590219
3 16 1.2214819028208674
3 17 1.0477855550825697
3 18 1.0235869195259535
3 19 0
3 20 0
3 21 1.1738258191092104
3 22 1.1021618356105374
3 23 1.2506450927491326
3 24 1.4503594050595976
3 25 0
3 26 0.8920282031753495
3 27 1.343594157620798
3 28 1.2675700822902103
3 29 1.3199567147357854
4 0 1.0413590497383298
4 1 0
4 2 1.1793810189108385
4 3 1.1874885244891955
4 4 1.1068778313298542
4 5 0
4 6 0
4 7 1.0545536981707575
4 8 0
4 9 0
4 10 1.1123957455114333
4 11 1.2001244431763014
4 12 1.2686571432094953
4 13 1.436735217226164
4 14 1.4957857256494487
4 15 1.5894212724464558
4 16 1.2389290851711021
4 17 1.3580684041745013
4 18 1.5818065587967458
4 19 1.0644435614198016
4 20 1.0796584359660384
4 21 0
4 22 1.145215863198844
4 23 1.126372519412379
4 24 1.0779266169711323
4 25 1.3067069377809264
4 26 1.267179003466485
4 27 0.8920282031753495
4 28 1.083265817526638
4 29 1.2988608534057062
5 0 0.9831261801502581
5 1 1.2562135515245394
5 2 0
5 3 0
5 4 0
5 5 0
5 6 1.4199632251022936
5 7 1.2090302957087644
5 8 1.2132172037569582
5 9 1.3561817371221947
5 10 0
5 11 1.179608288224521
5 12 1.4187655673328858
5 13 1.3991341882442943
5 14 1.126317870235166
5 15 0
5 16 1.0462612880643662
5 17 1.0569713715455047
5 18 1.1611792740793716
5 19 1.354729991127362
5 20 1.2595151050517863
5 21 0
5 22 0
5 23 1.1197891941984344
5 24 1.3014423487317466
5 25 1.3343799314249531
5 26 1.3067069377809264
5 27 0
5 28 0
5 29 0
6 0 0
6 1 1.1783616557594196
6 2 0.9951019580718925
6 3 0
6 4 0
6 5 1.4199632251022936
6 6 1.1466493930369115
6 7 1.0967662995700742
6 8 1.4176818939680025
6 9 1.3155440823620783
6 10 0
6 11 1.3300707672449674
6 12 0
6 13 1.1683437651572754
6 14 1.1607777056892845
6 15 0
6 16 1.4617731167803067
6 17 1.2320583563084808
6 18 0
6 19 1.3879313775624806
6 20 0
6 21 1.2990852287768462
6 22 1.4281198516667217
6 23 1.1061009896871254
6 24 0
6 25 1.3014423487317466
6 26 1.0779266169711323
6 27 1.4503594050595976
6 28 1.2412676801123579
6 29 1.139008983182571
7 0 0
7 1 1.1876200613906853
7 2 1.0111827956782675
7 3 0
7 4 1.0545536981707575
7 5 1.2090302957087644
7 6 1.0967662995700742
7 7 1.1602898262887462
7 8 1.2625713811423678
7 9 0
7 10 1.2235855819144925
7 11 0
7 12 0
7 13 1.304928269287279
7 14 0
7 15 1.2554872522041909
7 16 0
7 17 0
7 18 1.1533012690380342
7 19 1.2650193647269208
7 20 1.1625950601755137
7 21 1.3234194457539064
7 22 1.1379529110991187
7 23 1.2501381464510672
7 24 1.1061009896871254
7 25 1.1197891941984344
7 26 1.126372519412379
7 27 1.2506450927491326
7 28 0
7 29 1.1835773694774028
8 0 0
8 1 1.0624452446870578
8 2 0
8 3 0
8 4 0
8 5 1.2132172037569582
8 6 1.4176818939680025
8 7 1.2625713811423678
8 8 1.1747978529523913
8 9 1.290085829934393
8 10 1.4649874252853463
8 11 0
8 12 0
8 13 1.2023473992716527
8 14 1.3654777013928487
8 15 1.1912711129956708
8 16 0
8 17 1.1980683600866189
8 18 1.2246365757191804
8 19 1.4537808244705102
8 20 1.1868334155311921
8 21 1.3592491918234728
8 22 1.210217730568698
8 23 1.1379529110991187
8 24 1.4281198516667217
8 25 0
8 26 1.145215863198844
8 27 1.1021618356105374
8 28 0
8 29 0
9 0 1.2649153735240373
9 1 1.334070413244764
9 2 1.1350238621361066
9 3 1.2057701568611277
9 4 0
9 5 1.3561817371221947
9 6 1.3155440823620783
9 7 0
9 8 1.290085829934393
9 9 1.452632545811295
9 10 0
9 11 0
9 12 1.5247214460989342
9 13 1.3333981870646447
9 14 0
9 15 1.1132499543656273
9 16 1.4301377879620136
9 17 0
9 18 1.3251573654721116
9 19 1.2445104551981947
9 20 1.1605644247817846
9 21 1.1636299759981066
9 22 1.3592491918234728
9 23 1.3234194457539064
9 24 1.2990852287768462
9 25 0
9 26 0
9 27 1.1738258191092104
9 28 1.1302826333206537
9 29 1.1751243345207252
10 0 1.3028468936404292
10 1 0
10 2 1.2207695829597134
10 3 1.1420016688150456
10 4 1.1123957455114333
10 5 0
10 6 0
10 7 1.2235855819144925
10 8 1.4649874252853463
10 9 0
10 10 1.4279130969838603
10 11 0
10 12 0
10 13 1.1660975463140912
10 14 0
10 15 1.4339433706729154
10 16 0
10 17 1.4059885176654496
10 18 1.1691367992561095
10 19 1.2267329707937114
10 20 0
10 21 1.1605644247817846
10 22 1.1868334155311921
10 23 1.1625950601755137
10 24 0
10 25 1.2595151050517863
10 26 1.0796584359660384
10 27 0
10 28 1.2300378504915617
10 29 1.2399451600632239
11 0 1.1941504714525544
11 1 1.0952544715564974
11 2 0
11 3 1.2513228879964644
11 4 1.2001244431763014
11 5 1.179608288224521
11 6 1.3300707672449674
11 7 0
11 8 0
11 9 0
11 10 0
11 11 0
11 12 0
11 13 1.283269933644603
11 14 0
11 15 0
11 16 0
11 17 0
11 18 1.3083197666724216
11 19 1.154762378138273
11 20 1.2267329707937114
11 21 1.2445104551981947
11 22 1.4537808244705102
11 23 1.2650193647269208
11 24 1.3879313775624806
11 25 1.354729991127362
11 26 1.0644435614198016
11 27 0
11 28 0
11 29 1.1517964962972875
12 0 1.4703565497743132
12 1 0
12 2 1.4498130777523084
12 3 1.2330898361205667
12 4 1.2686571432094953
12 5 1.4187655673328858
12 6 0
12 7 0
12 8 0
12 9 1.5247214460989342
12 10 0
12 11 0
12 12 0
12 13 0
12 14 1.2464585611862322
12 15 0
12 16 0
12 17 0
12 18 0
12 19 1.3083197666724216
12 20 1.1691367992561095
12 21 1.3251573654721116
12 22 1.2246365757191804
12 23 1.1533012690380342
12 24 0
12 25 1.1611792740793716
12 26 1.5818065587967458
12 27 1.0235869195259535
12 28 0
12 29 1.0664430381568277
13 0 1.033456112765179
13 1 1.051387997554533
13 2 1.1378435226453079
13 3 0
13 4 1.436735217226164
13 5 1.3991341882442943
13 6 1.1683437651572754
13 7 1.304928269287279
13 8 1.2023473992716527
13 9 1.3333981870646447
13 10 1.1660975463140912
13 11 1.283269933644603
13 12 0
13 13 1.4190636547330213
13 14 0
13 15 0
13 16 1.3219136294225344
13 17 0
13 18 0
13 19 0
13 20 1.4059885176654496
13 21 0
13 22 1.1980683600866189
13 23 0
13 24 1.2320583563084808
13 25 1.0569713715455047
13 26 1.3580684041745013
13 27 1.0477855550825697
13 28 1.1335725765840112
13 29 1.0898546211003903
14 0 1.0778095490494872
14 1 1.1003012728572543
14 2 1.2239314861138324
14 3 1.2087951347284933
14 4 1.4957857256494487
14 5 1.126317870235166
14 6 1.1607777056892845
14 7 0
14 8 1.3654777013928487
14 9 0
14 10 0
14 11 0
14 12 1.2464585611862322
14 13 0
14 14 1.3440485424754822
14 15 0
14 16 1.3220214843749998
14 17 1.3219136294225344
14 18 0
14 19 0
14 20 0
14 21 1.4301377879620136
14 22 0
14 23 0
14 24 1.4617731167803067
14 25 1.0462612880643662
14 26 1.2389290851711021
14 27 1.2214819028208674
14 28 1.3988826611308385
14 29 1.1842327600018696
15 0 0
15 1 0
15 2 1.0846928605206123
15 3 1.267741723590219
15 4 1.5894212724464558
15 5 0
15 6 0
15 7 1.2554872522041909
15 8 1.1912711129956708
15 9 1.1132499543656273
15 10 1.4339433706729154
15 11 0
15 12 0
15 13 0
15 14 0
15 15 1.1055304901504346
15 16 0
15 17 0
15 18 0
15 19 0
15 20 1.4339433706729154
15 21 1.1132499543656273
15 22 1.1912711129956708
15 23 1.2554872522041909
15 24 0
15 25 0
15 26 1.5894212724464558
15 27 1.267741723590219
15 28 1.0846928605206123
15 29 0
16 0 0
16 1 1.1842327600018696
16 2 1.3988826611308385
16 3 1.2214819028208674
16 4 1.2389290851711021
16 5 1.0462612880643662
16 6 1.4617731167803067
16 7 0
16 8 0
16 9 1.4301377879620136
16 10 0
16 11 0
16 12 0
16 13 1.3219136294225344
16 14 1.3220214843749998
16 15 0
16 16 1.3440485424754822
16 17 0
16 18 1.2464585611862322
16 19 0
16 20 0
16 21 0
16 22 1.3654777013928487
16 23 0
16 24 1.1607777056892845
16 25 1.126317870235166
16 26 1.4957857256494487
16 27 1.2087951347284933
16 28 1.2239314861138324
16 29 1.1003012728572543
17 0 1.2361693983582658
17 1 1.0898546211003903
17 2 1.1335725765840112
17 3 1.0477855550825697
17 4 1.3580684041745013
17 5 1.0569713715455047
17 6 1.2320583563084808
17 7 0
17 8 1.1980683600866189
17 9 0
17 10 1.4059885176654496
17 11 0
17 12 0
17 13 0
17 14 1.3219136294225344
17 15 0
17 16 0
17 17 1.4190636547330213
17 18 0
17 19 1.283269933644603
17 20 1.1660975463140912
17 21 1.3333981870646447
17 22 1.2023473992716527
17 23 1.304928269287279
17 24 1.1683437651572754
17 25 1.3991341882442943
17 26 1.436735217226164
17 27 0
17 28 1.1378435226453079
17 29 1.051387997554533
18 0 1.228852495962286
18 1 1.0664430381568277
18 2 0
18 3 1.0235869195259535
18 4 1.5818065587967458
18 5 1.1611792740793716
18 6 0
18 7 1.1533012690380342
18 8 1.2246365757191804
18 9 1.3251573654721116
18 10 1.1691367992561095
18 11 1.3083197666724216
18 12 0
18 13 0
18 14 0
18 15 0
18 16 1.2464585611862322
18 17 0
18 18 0
18 19 0
18 20 0
18 21 1.5247214460989342
18 22 0
18 23 0
18 24 0
18 25 1.4187655673328858
18 26 1.2686571432094953
18 27 1.2330898361205667
18 28 1.4498130777523084
18 29 0
19 0 1.26124305149254
19 1 1.1517964962972875
19 2 0
19 3 0
19 4 1.0644435614198016
19 5 1.354729991127362
19 6 1.3879313775624806
19 7 1.2650193647269208
19 8 1.4537808244705102
19 9 1.2445104551981947
19 10 1.2267329707937114
19 11 1.154762378138273
19 12 1.3083197666724216
19 13 0
19 14 0
19 15 0
19 16 0
19 17 1.283269933644603
19 18 0
19 19 0
19 20 0
19 21 0
19 22 0
19 23 0
19 24 1.3300707672449674
19 25 1.179608288224521
19 26 1.2001244431763014
19 27 1.2513228879964644
19 28 0
19 29 1.0952544715564974
20 0 0
20 1 1.2399451600632239
20 2 1.2300378504915617
20 3 0
20 4 1.0796584359660384
20 5 1.2595151050517863
20 6 0
20 7 1.1625950601755137
20 8 1.1868334155311921
20 9 1.1605644247817846
20 10 0
20 11 1.2267329707937114
20 12 1.1691367992561095
20 13 1.4059885176654496
20 14 0
20 15 1.4339433706729154
20 16 0
20 17 1.1660975463140912
20 18 0
20 19 0
20 20 1.4279130969838603
20 21 0
20 22 1.4649874252853463
20 23 1.2235855819144925
20 24 0
20 25 0
20 26 1.1123957455114333
20 27 1.1420016688150456
20 28 1.2207695829597134
20 29 0
21 0 1.2457191234460505
21 1 1.1751243345207252
21 2 1.1302826333206537
21 3 1.1738258191092104
21 4 0
21 5 0
21 6 1.2990852287768462
21 7 1.3234194457539064
21 8 1.3592491918234728
21 9 1.1636299759981066
21 10 1.1605644247817846
21 11 1.2445104551981947
21 12 1.3251573654721116
21 13 0
21 14 1.4301377879620136
21 15 1.1132499543656273
21 16 0
21 17 1.3333981870646447
21 18 1.5247214460989342
21 19 0
21 20 0
21 21 1.452632545811295
21 22 1.290085829934393
21 23 0
21 24 1.3155440823620783
21 25 1.3561817371221947
21 26 0
21 27 1.2057701568611277
21 28 1.1350238621361066
21 29 1.334070413244764
22 0 0
22 1 0
22 2 0
22 3 1.1021618356105374
22 4 1.145215863198844
22 5 0
22 6 1.4281198516667217
22 7 1.1379529110991187
22 8 1.210217730568698
22 9 1.3592491918234728
22 10 1.1868334155311921
22 11 1.4537808244705102
22 12 1.2246365757191804
22 13 1.1980683600866189
22 14 0
22 15 1.1912711129956708
22 16 1.3654777013928487
22 17 1.2023473992716527
22 18 0
22 19 0
22 20 1.4649874252853463
22 21 1.290085829934393
22 22 1.1747978529523913
22 23 1.2625713811423678
22 24 1.4176818939680025
22 25 1.2132172037569582
22 26 0
22 27 0
22 28 0
22 29 1.0624452446870578
23 0 1.2293848632750788
23 1 1.1835773694774028
23 2 0
23 3 1.2506450927491326
23 4 1.126372519412379
23 5 1.1197891941984344
23 6 1.1061009896871254
23 7 1.2501381464510672
23 8 1.1379529110991187
23 9 1.3234194457539064
23 10 1.1625950601755137
23 11 1.2650193647269208
23 12 1.1533012690380342
23 13 0
23 14 0
23 15 1.2554872522041909
23 16 0
23 17 1.304928269287279
23 18 0
23 19 0
23 20 1.2235855819144925
23 21 0
23 22 1.2625713811423678
23 23 1.1602898262887462
23 24 1.0967662995700742
23 25 1.2090302957087644
23 26 1.0545536981707575
23 27 0
23 28 1.0111827956782675
23 29 1.1876200613906853
24 0 1.1064459195718577
24 1 1.139008983182571
24 2 1.2412676801123579
24 3 1.4503594050595976
24 4 1.0779266169711323
24 5 1.3014423487317466
24 6 0
24 7 1.1061009896871254
24 8 1.4281198516667217
24 9 1.2990852287768462
24 10 0
24 11 1.3879313775624806
24 12 0
24 13 1.2320583563084808
24 14 1.4617731167803067
24 15 0
24 16 1.1607777056892845
24 17 1.1683437651572754
24 18 0
24 19 1.3300707672449674
24 20 0
24 21 1.3155440823620783
24 22 1.4176818939680025
24 23 1.0967662995700742
24 24 1.1466493930369115
24 25 1.4199632251022936
24 26 0
24 27 0
24 28 0.9951019580718925
24 29 1.1783616557594196
25 0 1.2311908825761606
25 1 0
25 2 0
25 3 0
25 4 1.3067069377809264
25 5 1.3343799314249531
25 6 1.3014423487317466
25 7 1.1197891941984344
25 8 0
25 9 0
25 10 1.2595151050517863
25 11 1.354729991127362
25 12 1.1611792740793716
25 13 1.0569713715455047
25 14 1.0462612880643662
25 15 0
25 16 1.126317870235166
25 17 1.3991341882442943
25 18 1.4187655673328858
25 19 1.179608288224521
25 20 0
25 21 1.3561817371221947
25 22 1.2132172037569582
25 23 1.2090302957087644
25 24 1.4199632251022936
25 25 0
25 26 0
25 27 0
25 28 0
25 29 1.2562135515245394
26 0 1.2622396917575314
26 1 1.2988608534057062
26 2 1.083265817526638
26 3 0.8920282031753495
26 4 1.267179003466485
26 5 1.3067069377809264
26 6 1.0779266169711323
26 7 1.126372519412379
26 8 1.145215863198844
26 9 0
26 10 1.0796584359660384
26 11 1.0644435614198016
26 12 1.5818065587967458
26 13 1.3580684041745013
26 14 1.2389290851711021
26 15 1.5894212724464558
26 16 1.4957857256494487
26 17 1.436735217226164
26 18 1.2686571432094953
26 19 1.2001244431763014
26 20 1.1123957455114333
26 21 0
26 22 0
26 23 1.0545536981707575
26 24 0
26 25 0
26 26 1.1068778313298542
26 27 1.1874885244891955
26 28 1.1793810189108385
26 29 0
27 0 1.1187700579635023
27 1 1.3199567147357854
27 2 1.2675700822902103
27 3 1.343594157620798
27 4 0.8920282031753495
27 5 0
27 6 1.4503594050595976
27 7 1.2506450927491326
27 8 1.1021618356105374
27 9 1.1738258191092104
27 10 0
27 11 0
27 12 1.0235869195259535
27 13 1.0477855550825697
27 14 1.2214819028208674
27 15 1.267741723590219
27 16 1.2087951347284933
27 17 0
27 18 1.2330898361205667
27 19 1.2513228879964644
27 20 1.1420016688150456
27 21 1.2057701568611277
27 22 0
27 23 0
27 24 0
27 25 0
27 26 1.1874885244891955
27 27 1.1357613656409689
27 28 1.0615121026484449
27 29 1.0873137927686045
28 0 1.0590497460327033
28 1 0
28 2 1.383161306289544
28 3 1.2675700822902103
28 4 1.083265817526638
28 5 0
28 6 1.2412676801123579
28 7 0
28 8 0
28 9 1.1302826333206537
28 10 1.2300378504915617
28 11 0
28 12 0
28 13 1.1335725765840112
28 14 1.3988826611308385
28 15 1.0846928605206123
28 16 1.2239314861138324
28 17 1.1378435226453079
28 18 1.4498130777523084
28 19 0
28 20 1.2207695829597134
28 21 1.1350238621361066
28 22 0
28 23 1.0111827956782675
28 24 0.9951019580718925
28 25 0
28 26 1.1793810189108385
28 27 1.0615121026484449
28 28 1.4679115496853399
28 29 1.3132250353994182
29 0 1.1796094837267863
29 1 1.0889219101338974
29 2 0
29 3 1.3199567147357854
29 4 1.2988608534057062
29 5 0
29 6 1.139008983182571
29 7 1.1835773694774028
29 8 0
29 9 1.1751243345207252
29 10 1.2399451600632239
29 11 1.1517964962972875
29 12 1.0664430381568277
29 13 1.0898546211003903
29 14 1.1842327600018696
29 15 0
29 16 1.1003012728572543
29 17 1.051387997554533
29 18 0
29 19 1.0952544715564974
29 20 0
29 21 1.334070413244764
29 22 1.0624452446870578
29 23 1.1876200613906853
29 24 1.1783616557594196
29 25 1.2562135515245394
29 26 0
29 27 1.0873137927686045
29 28 1.3132250353994182
29 29 1.4571758551488754
