0 0 4.266592347638641
0 1 4.93622687069096
0 2 5.099443855903441
0 3 3.1047479335637083
0 4 5.103423132303571
0 5 4.692370339777023
0 6 5.010948846541113
0 7 6.831604279084096
0 8 4.122380196351542
0 9 3.6701806080103347
0 10 4.8654309638202315
0 11 3.5789022715333996
0 12 4.084987049517299
0 13 2.398460365972077
0 14 2.4495902977303836
0 15 2.9023793598765955
0 16 2.7972578266617245
0 17 2.8228327382827154
0 18 2.902914857931585
0 19 1.965039507734257
0 20 2.399830725015452
0 21 0
0 22 1.3004086489927396
0 23 0
0 24 0
0 25 0
0 26 0
0 27 0
0 28 0
0 29 0
1 0 4.168544361217972
1 1 6.722547343712603
1 2 4.804653132891059
1 3 5.631999389609351
1 4 6.188611010037366
1 5 7.7140676017262795
1 6 5.278876229137557
1 7 5.696064974770124
1 8 7.1937444360750655
1 9 4.667696563781056
1 10 4.463511391410072
1 11 4.456146111354881
1 12 4.309528119275314
1 13 3.6092762307551562
1 14 2.9710141541064234
1 15 3.0346652970896133
1 16 2.86384025263751
1 17 2.6703094443374114
1 18 1.8408717377534225
1 19 1.5000729436583216
1 20 1.6466107602801034
1 21 0
1 22 0
1 23 0
1 24 0
1 25 1.4623523481822922
1 26 0
1 27 0
1 28 0
1 29 0
2 0 7.846805630942368
2 1 5.794686227469475
2 2 9.604550939082989
2 3 6.353377949127322
2 4 7.2616864383844435
2 5 6.241342944377486
2 6 5.095329127975176
2 7 2.9856158303063247
2 8 8.32262347496877
2 9 6.242181220607085
2 10 6.092052008996147
2 11 8.400414081651299
2 12 5.826720183059047
2 13 3.6444564521059086
2 14 3.547326892808138
2 15 5.576862610633303
2 16 2.8468222614898555
2 17 4.617693029565836
2 18 2.6566108489006828
2 19 2.015888141402217
2 20 2.1439537285405437
2 21 1.4474488185363148
2 22 0
2 23 0
2 24 0
2 25 0
2 26 0
2 27 0
2 28 0
2 29 0
3 0 6.411129780886268
3 1 5.5177551279193455
3 2 7.153535960276275
3 3 6.265153030530551
3 4 6.40390386095885
3 5 7.577872366348875
3 6 7.926359808096424
3 7 7.679610112570455
3 8 5.062187453296608
3 9 7.6280717728018175
3 10 6.214705924695448
3 11 6.33780856348454
3 12 4.818090908051519
3 13 5.685229458719932
3 14 6.555086012698371
3 15 3.324887163373821
3 16 2.926689130186856
3 17 2.914259361260871
3 18 3.740768336342172
3 19 3.1665206533136745
3 20 1.6880131677907746
3 21 1.0750467331344273
3 22 0
3 23 1.3001311456430784
3 24 1.3646662057538936
3 25 0
3 26 0
3 27 0
3 28 0
3 29 0
4 0 8.261410521651735
4 1 7.23883255131166
4 2 5.9509096453078305
4 3 4.978421368621902
4 4 8.14085680018999
4 5 7.855977608170594
4 6 8.79163783257048
4 7 11.629979247512177
4 8 6.872161367909822
4 9 9.266689984713851
4 10 7.3932960969651615
4 11 6.783258420097509
4 12 5.712050560319579
4 13 7.4141395790916835
4 14 5.571852187770092
4 15 5.429882374223677
4 16 3.633542982200183
4 17 3.8425594794641262
4 18 3.4456148649622724
4 19 2.3301757900268694
4 20 1.582756254724174
4 21 1.553454006609194
4 22 0
4 23 0
4 24 0
4 25 0
4 26 0
4 27 0
4 28 0
4 29 0
5 0 7.65569061485017
5 1 7.147363362001019
5 2 5.489964542895369
5 3 7.734387674876268
5 4 9.645969252792643
5 5 9.124353124058816
5 6 10.130161303197143
5 7 10.656964797394272
5 8 11.857549369393727
5 9 9.029111887605193
5 10 7.644826669250077
5 11 9.717713156660365
5 12 10.1462575953961
5 13 8.110377348462915
5 14 4.189959555733158
5 15 5.5926513671875
5 16 3.7588945564650613
5 17 4.524692317299314
5 18 2.302003055163409
5 19 2.4086372419373516
5 20 1.8723092606723664
5 21 1.1701008516257232
5 22 1.674413768853103
5 23 0
5 24 0
5 25 0
5 26 0
5 27 0
5 28 0
5 29 0
6 0 7.541827001333013
6 1 8.27741216002522
6 2 10.130404264865096
6 3 8.295097722466165
6 4 7.898106827264137
6 5 8.613205841619763
6 6 9.223224173400059
6 7 12.566021119730358
6 8 11.02682496573473
6 9 11.453194459665456
6 10 9.414568984060512
6 11 8.539757498264569
6 12 9.80738896586711
6 13 9.82581526051136
6 14 8.87473301514026
6 15 5.885709598477501
6 16 6.1605885474825
6 17 5.525839346978655
6 18 6.134609070465214
6 19 2.5708236791714296
6 20 2.40164558938046
6 21 1.2137481133652834
6 22 1.370073527198906
6 23 0
6 24 0
6 25 0
6 26 0
6 27 0
6 28 0
6 29 0
7 0 6.501290558714601
7 1 10.694029337478819
7 2 10.287663730415336
7 3 10.849345592183093
7 4 13.423071208658635
7 5 14.597192336565406
7 6 14.687474849012466
7 7 11.837280869486463
7 8 12.186325648154758
7 9 10.489579366384541
7 10 15.452277657270011
7 11 13.244776012623273
7 12 11.242796584866563
7 13 8.076731737313375
7 14 5.749318864342694
7 15 5.712262140172675
7 16 10.472248722020174
7 17 6.336798972190875
7 18 4.015259419050791
7 19 3.2212137275088133
7 20 1.7981566639294237
7 21 2.6572442296492143
7 22 1.41985032508249
7 23 1.5861083844190906
7 24 0
7 25 1.3364536504666906
7 26 0
7 27 0
7 28 0
7 29 0
8 0 8.236890116661707
8 1 9.684226385684072
8 2 14.378960406123463
8 3 9.454946296606856
8 4 16.058145069249093
8 5 14.232781486833437
8 6 15.000506419038242
8 7 17.896491229195064
8 8 15.713297297549017
8 9 26.016715006436197
8 10 19.988220224980218
8 11 17.023408486594864
8 12 17.852281819339012
8 13 15.086090937182977
8 14 9.037191553447002
8 15 9.553405812473068
8 16 8.976710567677577
8 17 5.89312347863916
8 18 4.972627545550935
8 19 3.1310905313228985
8 20 2.950357889710652
8 21 2.0874361615124695
8 22 1.861435232163778
8 23 1.6863796927898826
8 24 0
8 25 0
8 26 0
8 27 0
8 28 0
8 29 0
9 0 10.1073282869725
9 1 13.13842018745267
9 2 12.422048614420854
9 3 19.18470421539926
9 4 12.31475456010999
9 5 18.611335548893365
9 6 14.286256150573182
9 7 19.420947733853133
9 8 22.28972541204819
9 9 22.827178042571546
9 10 26.44369447672275
9 11 25.245035766210112
9 12 20.843946846131367
9 13 15.260877651903154
9 14 12.436616560670968
9 15 10.411145185486358
9 16 7.763122072046101
9 17 5.827094375384036
9 18 4.217200029511624
9 19 5.564369578929954
9 20 3.37418410911355
9 21 2.8868673040730246
9 22 1.8685931010925316
9 23 1.324897446529097
9 24 0
9 25 0
9 26 0
9 27 0
9 28 0
9 29 0
10 0 9.34079659301371
10 1 12.337922224624688
10 2 13.154763824661943
10 3 12.01485422778495
10 4 17.02514704182341
10 5 24.460116757988697
10 6 23.973535044323697
10 7 29.23925399082064
10 8 28.13386864781883
10 9 35.30907716311888
10 10 29.582482391418512
10 11 38.72420052078671
10 12 32.520667040685794
10 13 19.445103878122854
10 14 20.205327572218316
10 15 11.361153404113539
10 16 10.292259169909988
10 17 7.876679722075944
10 18 3.670876670896073
10 19 3.577879825578099
10 20 2.051294736670599
10 21 2.4281968400040754
10 22 2.2114506129691414
10 23 1.5259523958229622
10 24 0
10 25 0
10 26 0
10 27 0
10 28 0
10 29 0
11 0 9.193597051722545
11 1 9.236107818014892
11 2 14.12431149490233
11 3 15.005706225319875
11 4 21.72553944887688
11 5 28.2630533253942
11 6 27.05851640328752
11 7 35.95356319761149
11 8 45.25166060677125
11 9 40.8667206934318
11 10 38.79338236119613
11 11 41.563824381504936
11 12 39.5533331298245
11 13 33.021124559206896
11 14 16.70714721013365
11 15 14.63814212721226
11 16 10.545811535503361
11 17 9.540684097021314
11 18 5.195276229531742
11 19 3.927070732761206
11 20 2.941536752257356
11 21 1.9790858163356335
11 22 1.82891216343489
11 23 1.646811576899572
11 24 0
11 25 0
11 26 0
11 27 0
11 28 0
11 29 0
12 0 11.34328070425808
12 1 17.98073394931941
12 2 14.996054686365792
12 3 12.821014461654899
12 4 24.83849329519683
12 5 32.23619491888275
12 6 36.43561272289064
12 7 41.757090948638194
12 8 51.71632028815036
12 9 50.649804313188966
12 10 50.85862912663544
12 11 49.87776593833416
12 12 43.60236905364212
12 13 38.7691865061071
12 14 26.031761904094665
12 15 19.59000389981764
12 16 15.902323767871158
12 17 8.329416496248001
12 18 8.434937895447623
12 19 5.166317830470351
12 20 4.3547032210873775
12 21 2.712822615318789
12 22 0
12 23 0
12 24 0
12 25 0
12 26 0
12 27 0
12 28 0
12 29 0
13 0 7.882586746857198
13 1 13.895693467648277
13 2 12.637385883528479
13 3 18.634257101836162
13 4 24.604451330640494
13 5 35.844302492009355
13 6 42.12063869784602
13 7 49.94068775847543
13 8 51.011550049765326
13 9 58.201757395191585
13 10 58.34242753166701
13 11 53.54359682264356
13 12 46.992395167175346
13 13 44.389722919223345
13 14 26.913553174612815
13 15 19.89200820236938
13 16 14.733776168246985
13 17 10.001036068582428
13 18 3.298702550356917
13 19 2.463070130639013
13 20 3.0329276359629254
13 21 1.6690342601902441
13 22 0
13 23 0
13 24 0
13 25 0
13 26 0
13 27 0
13 28 0
13 29 0
14 0 7.939922375942446
14 1 15.423807684271205
14 2 15.000506419038242
14 3 21.437042376564804
14 4 27.93665965025267
14 5 37.00954413169125
14 6 45.68893902529068
14 7 49.74744415322315
14 8 54.550613998817255
14 9 62.96522936813319
14 10 66.6303716699859
14 11 59.14437687423938
14 12 53.06375903308637
14 13 44.69907787264807
14 14 35.79635423886325
14 15 21.617832872705893
14 16 16.60923295395359
14 17 13.594981565938946
14 18 3.2313643094610978
14 19 4.538491294718479
14 20 2.8042471022146516
14 21 0
14 22 0
14 23 0
14 24 0
14 25 0
14 26 0
14 27 0
14 28 0
14 29 0
15 0 10.516989215278654
15 1 9.030429778574534
15 2 18.107422315825723
15 3 21.06966276826128
15 4 28.876130817498062
15 5 37.68818313734313
15 6 42.2570937395603
15 7 50.02835333285499
15 8 55.14063816004902
15 9 63.6853769437689
15 10 100.3858641352012
15 11 62.1487848627793
15 12 54.04555392973914
15 13 45.975674807346614
15 14 34.297103957412055
15 15 20.627799353535103
15 16 19.173505173763154
15 17 9.840999618461552
15 18 3.6108128391352987
15 19 3.746501300813974
15 20 2.2174546551089356
15 21 3.5709626993071426
15 22 0
15 23 0
15 24 0
15 25 0
15 26 0
15 27 0
15 28 0
15 29 0
16 0 13.811292633861996
16 1 12.153912325377933
16 2 11.439763810065813
16 3 18.20132414608857
16 4 22.224312228019876
16 5 35.30907716311888
16 6 40.564451049619905
16 7 47.60201059788264
16 8 55.93339504262094
16 9 61.01274978122513
16 10 65.00534993927978
16 11 63.26864560055543
16 12 52.584378403242006
16 13 43.10933966758092
16 14 35.95547582010917
16 15 20.82505703037226
16 16 14.423468245463775
16 17 5.586783579774876
16 18 5.9187654403550365
16 19 5.354557605818795
16 20 2.0957575615817134
16 21 0
16 22 0
16 23 0
16 24 0
16 25 0
16 26 0
16 27 0
16 28 0
16 29 0
17 0 11.857549369393727
17 1 12.367406018033616
17 2 11.290485507907974
17 3 15.78902136431431
17 4 19.68428703398577
17 5 34.9573273217253
17 6 43.90901545085759
17 7 44.63245739252952
17 8 50.70609889991536
17 9 54.31687091589076
17 10 52.68857502719808
17 11 50.310230111431466
17 12 47.449522554683455
17 13 38.30630033657705
17 14 27.50700283036778
17 15 20.395337837990994
17 16 8.642312272731457
17 17 4.645903048102442
17 18 4.562561337732569
17 19 3.578408501799492
17 20 0
17 21 0
17 22 0
17 23 0
17 24 0
17 25 0
17 26 0
17 27 0
17 28 0
17 29 0
18 0 8.990483136262128
18 1 10.389174622791968
18 2 7.954371835827225
18 3 18.470234709826958
18 4 17.19127255118472
18 5 20.050641969270014
18 6 35.382700790941016
18 7 40.00137289360588
18 8 43.60236905364212
18 9 45.62664303242344
18 10 48.366631071543765
18 11 48.503547387841856
18 12 36.11808274058573
18 13 33.80557189616938
18 14 19.640449134223182
18 15 10.877233375416612
18 16 6.652732069236326
18 17 4.162269442530188
18 18 1.8441614489686176
18 19 1.9617967138430152
18 20 0
18 21 0
18 22 0
18 23 0
18 24 0
18 25 0
18 26 0
18 27 0
18 28 0
18 29 0
19 0 6.824460123206185
19 1 12.699427399650576
19 2 11.912390900488012
19 3 13.244776012623273
19 4 17.257707016987265
19 5 21.97415189467474
19 6 23.967739053858935
19 7 36.646987887881025
19 8 39.793825947480904
19 9 36.70622660407181
19 10 39.184980372685885
19 11 33.11683687645847
19 12 21.35136837737436
19 13 23.166339671094793
19 14 14.93443684095731
19 15 8.273609897337792
19 16 7.351014742284258
19 17 5.4458664294574675
19 18 1.9460833556234352
19 19 0
19 20 0
19 21 0
19 22 0
19 23 0
19 24 0
19 25 0
19 26 0
19 27 0
19 28 0
19 29 0
20 0 6.057628289380112
20 1 6.764014323352495
20 2 6.527290488239117
20 3 11.30414811995406
20 4 17.930688133736947
20 5 12.972580493646147
20 6 18.994913035093525
20 7 23.281972475728338
20 8 23.304974993478893
20 9 26.819833978646134
20 10 22.93409018408575
20 11 21.617832872705893
20 12 17.668933450429876
20 13 11.277968297728169
20 14 7.7078721596951105
20 15 6.568080661187444
20 16 5.786164127163908
20 17 3.224305920319247
20 18 2.3150020113698724
20 19 0
20 20 0
20 21 0
20 22 0
20 23 0
20 24 0
20 25 0
20 26 0
20 27 0
20 28 0
20 29 0
21 0 5.103075542808222
21 1 7.046935048875691
21 2 7.883054214945587
21 3 10.448463813845471
21 4 7.688262813252898
21 5 11.028352362116742
21 6 12.436616560670968
21 7 15.394178326378533
21 8 18.12836708245393
21 9 13.864824182687943
21 10 18.47642965732649
21 11 17.609491660788912
21 12 10.367613716017745
21 13 10.38268405399968
21 14 6.4522721924902475
21 15 7.292522881488313
21 16 3.125398648474644
21 17 0
21 18 0
21 19 0
21 20 0
21 21 0
21 22 0
21 23 0
21 24 0
21 25 0
21 26 0
21 27 0
21 28 0
21 29 0
22 0 4.036909693231398
22 1 7.4141395790916835
22 2 6.8821236036053985
22 3 8.392198548991923
22 4 6.812511168844205
22 5 14.147478385923133
22 6 11.109310567640335
22 7 15.6882198106012
22 8 9.981695649223525
22 9 9.454222911734146
22 10 9.457041594230644
22 11 7.741592395201015
22 12 13.304017650481118
22 13 6.289367525751506
22 14 5.9187654403550365
22 15 4.62879788274698
22 16 2.2234444724723357
22 17 0
22 18 0
22 19 0
22 20 0
22 21 0
22 22 0
22 23 0
22 24 0
22 25 0
22 26 0
22 27 0
22 28 0
22 29 0
23 0 3.61015862914756
23 1 7.505319815124923
23 2 7.948240124165085
23 3 4.737686740593151
23 4 6.000431282609345
23 5 4.665410102170259
23 6 8.21588085752193
23 7 10.264495955162701
23 8 7.907570339287647
23 9 9.540684097021314
23 10 8.84533175390638
23 11 4.164571474573717
23 12 3.3045273625493454
23 13 4.392999376738321
23 14 5.417766837964895
23 15 1.9622373005834337
23 16 0
23 17 0
23 18 0
23 19 0
23 20 0
23 21 0
23 22 0
23 23 0
23 24 0
23 25 0
23 26 0
23 27 0
23 28 0
23 29 0
24 0 3.274903534339016
24 1 3.885993153486837
24 2 6.954678892537367
24 3 4.773500755508672
24 4 6.1605885474825
24 5 5.584710164692847
24 6 5.468421916106539
24 7 9.210544371020577
24 8 4.61601056173861
24 9 4.30610181598866
24 10 7.174276477473753
24 11 4.485780425208482
24 12 2.3618914953639534
24 13 2.550746724819411
24 14 2.3774899455236396
24 15 1.593220469892093
24 16 0
24 17 0
24 18 0
24 19 0
24 20 0
24 21 0
24 22 0
24 23 0
24 24 0
24 25 0
24 26 0
24 27 0
24 28 0
24 29 0
25 0 3.502591688085011
25 1 2.3660046838271103
25 2 4.731099280649403
25 3 4.521837163890401
25 4 6.764120926763398
25 5 3.9275634720444317
25 6 5.164066938660362
25 7 3.3616804404517584
25 8 6.7151179659563445
25 9 2.889337682777549
25 10 2.4646431124128885
25 11 4.831131250981713
25 12 3.0329276359629254
25 13 2.6152091035538922
25 14 0
25 15 0
25 16 0
25 17 0
25 18 0
25 19 0
25 20 0
25 21 0
25 22 0
25 23 0
25 24 0
25 25 0
25 26 0
25 27 0
25 28 0
25 29 0
26 0 2.9328229350781845
26 1 3.705350732223481
26 2 3.5374047581706547
26 3 2.4531735216104433
26 4 4.330832100430602
26 5 3.8758035151447423
26 6 2.876463536095861
26 7 3.1310905313228985
26 8 4.480645562278615
26 9 2.226201368298612
26 10 3.7307778259362205
26 11 1.8879073418801269
26 12 1.9519273954972796
26 13 2.18519266620447
26 14 0
26 15 0
26 16 0
26 17 0
26 18 0
26 19 0
26 20 0
26 21 0
26 22 0
26 23 0
26 24 0
26 25 0
26 26 0
26 27 0
26 28 0
26 29 0
27 0 3.300388491469249
27 1 3.1787549913256634
27 2 3.740768336342172
27 3 2.7861191542300294
27 4 2.6207703816436023
27 5 3.0131415476985706
27 6 3.200149431180018
27 7 3.500590702646058
27 8 2.2881533512814594
27 9 1.9354444986126729
27 10 1.7930830518164569
27 11 2.8674802298118567
27 12 0
27 13 0
27 14 0
27 15 0
27 16 0
27 17 0
27 18 0
27 19 0
27 20 0
27 21 0
27 22 0
27 23 0
27 24 0
27 25 0
27 26 0
27 27 0
27 28 0
27 29 0
28 0 2.0704226160709323
28 1 2.447532056599664
28 2 2.3204303354252853
28 3 2.9203046757661886
28 4 1.6956738172318468
28 5 2.67731022632089
28 6 1.4906634851597398
28 7 1.6435118865490996
28 8 1.683472028469741
28 9 1.8480886225102215
28 10 2.2114506129691414
28 11 0
28 12 0
28 13 0
28 14 0
28 15 0
28 16 0
28 17 0
28 18 0
28 19 0
28 20 0
28 21 0
28 22 0
28 23 0
28 24 0
28 25 0
28 26 0
28 27 0
28 28 0
28 29 0
29 0 1.429905058354802
29 1 1.524686949887495
29 2 1.5727621646062842
29 3 1.8436187664473005
29 4 1.595713971208718
29 5 1.1701008516257232
29 6 1.5131501148672932
29 7 2.5727353621430873
29 8 2.3286473333886737
29 9 1.497830616073956
29 10 1.3712171534302382
29 11 1.3323456733589676
29 12 0
29 13 0
29 14 0
29 15 0
29 16 0
29 17 0
29 18 0
29 19 0
29 20 0
29 21 0
29 22 0
29 23 0
29 24 0
29 25 0
29 26 0
29 27 0
29 28 0
29 29 0
