0 0 0
0 1 0
0 2 0
0 3 0
0 4 0
0 5 0
0 6 0
0 7 0
0 8 0
0 9 0
0 10 0
0 11 0
0 12 0
0 13 0
0 14 0
0 15 0
0 16 0
0 17 0
0 18 0
0 19 0
0 20 0
0 21 0
0 22 0
0 23 0
0 24 0
0 25 0
0 26 0
0 27 0
0 28 0
0 29 0
1 0 0
1 1 0
1 2 0
1 3 0
1 4 0
1 5 0
1 6 0
1 7 0
1 8 0
1 9 0
1 10 0
1 11 0
1 12 0
1 13 0
1 14 0
1 15 0
1 16 0
1 17 0
1 18 0
1 19 0
1 20 0
1 21 0
1 22 0
1 23 0
1 24 0
1 25 0
1 26 0
1 27 1.363093303081936
1 28 1.4594690053691788
1 29 0
2 0 0
2 1 0
2 2 0
2 3 0
2 4 0
2 5 0
2 6 0
2 7 0
2 8 0
2 9 0
2 10 0
2 11 0
2 12 0
2 13 0
2 14 0
2 15 0
2 16 0
2 17 0
2 18 0
2 19 0
2 20 0
2 21 0
2 22 0
2 23 0
2 24 0
2 25 0
2 26 0
2 27 1.2473588496004684
2 28 0
2 29 1.8087170273808353
3 0 0
3 1 0
3 2 0
3 3 0
3 4 0
3 5 0
3 6 0
3 7 0
3 8 0
3 9 0
3 10 0
3 11 0
3 12 0
3 13 0
3 14 0
3 15 0
3 16 0
3 17 0
3 18 0
3 19 0
3 20 0
3 21 0
3 22 0
3 23 0
3 24 0
3 25 1.2127841172795442
3 26 1.4896089933418732
3 27 1.4568158034098864
3 28 1.5504658499926585
3 29 1.4713227442108106
4 0 0
4 1 0
4 2 0
4 3 0
4 4 0
4 5 0
4 6 0
4 7 0
4 8 0
4 9 0
4 10 0
4 11 0
4 12 0
4 13 0
4 14 0
4 15 0
4 16 0
4 17 0
4 18 0
4 19 0
4 20 0
4 21 0
4 22 0
4 23 1.215327313279858
4 24 1.8083828781156008
4 25 1.6899961964054018
4 26 1.5489252118081351
4 27 1.4016299795771596
4 28 0
4 29 1.36871143873663
5 0 0
5 1 0
5 2 0
5 3 0
5 4 0
5 5 0
5 6 0
5 7 0
5 8 0
5 9 0
5 10 0
5 11 0
5 12 0
5 13 0
5 14 0
5 15 0
5 16 0
5 17 0
5 18 0
5 19 0
5 20 0
5 21 0
5 22 0
5 23 1.42913886672272
5 24 0
5 25 2.4994272187123676
5 26 2.066520086507984
5 27 2.372867729560027
5 28 1.2947961292639962
5 29 1.4989933582444355
6 0 0
6 1 0
6 2 0
6 3 0
6 4 0
6 5 0
6 6 0
6 7 0
6 8 0
6 9 0
6 10 0
6 11 0
6 12 0
6 13 0
6 14 0
6 15 0
6 16 0
6 17 0
6 18 0
6 19 0
6 20 0
6 21 0
6 22 0
6 23 1.190969556174532
6 24 1.8522481587390813
6 25 1.513740938062955
6 26 2.0572642082459485
6 27 1.9517929738334376
6 28 1.6339513707860276
6 29 1.8419651167448092
7 0 0
7 1 0
7 2 0
7 3 0
7 4 0
7 5 0
7 6 0
7 7 0
7 8 0
7 9 0
7 10 0
7 11 0
7 12 0
7 13 0
7 14 0
7 15 0
7 16 0
7 17 0
7 18 0
7 19 0
7 20 0
7 21 0
7 22 0
7 23 1.6803948801903708
7 24 1.420539421517535
7 25 1.4206970323249022
7 26 1.3971444021535622
7 27 1.972922097011318
7 28 0
7 29 0
8 0 0
8 1 0
8 2 0
8 3 0
8 4 0
8 5 0
8 6 0
8 7 0
8 8 0
8 9 0
8 10 0
8 11 0
8 12 0
8 13 0
8 14 0
8 15 0
8 16 0
8 17 0
8 18 0
8 19 0
8 20 0
8 21 0
8 22 0
8 23 1.6379265598302732
8 24 1.731369477020305
8 25 1.8024607271589788
8 26 1.9055299661247336
8 27 1.8491150533704577
8 28 1.4795746332895188
8 29 1.4218459495190363
9 0 0
9 1 0
9 2 0
9 3 0
9 4 0
9 5 0
9 6 0
9 7 0
9 8 0
9 9 0
9 10 0
9 11 0
9 12 0
9 13 0
9 14 0
9 15 0
9 16 0
9 17 0
9 18 0
9 19 0
9 20 0
9 21 0
9 22 1.7984012145403931
9 23 1.6955721917610587
9 24 1.7807987249025892
9 25 1.352789483743467
9 26 1.366860132205176
9 27 2.074968677426054
9 28 1.9200055255605164
9 29 1.671692443594884
10 0 0
10 1 0
10 2 0
10 3 0
10 4 0
10 5 0
10 6 0
10 7 0
10 8 0
10 9 0
10 10 0
10 11 0
10 12 0
10 13 0
10 14 0
10 15 0
10 16 0
10 17 0
10 18 0
10 19 0
10 20 0
10 21 0
10 22 0
10 23 0
10 24 1.5667447904681775
10 25 1.649837869310841
10 26 1.9736801234933965
10 27 1.728534416128914
10 28 2.798508693780947
10 29 1.3722762185593034
11 0 0
11 1 0
11 2 0
11 3 0
11 4 0
11 5 0
11 6 0
11 7 0
11 8 0
11 9 0
11 10 0
11 11 0
11 12 0
11 13 0
11 14 0
11 15 0
11 16 0
11 17 0
11 18 0
11 19 0
11 20 0
11 21 0
11 22 0
11 23 1.73354222561795
11 24 1.9958516852318884
11 25 1.9037596292973307
11 26 2.0772601401138813
11 27 2.3687600254416066
11 28 2.292953021043308
11 29 2.978097386740199
12 0 0
12 1 0
12 2 0
12 3 0
12 4 0
12 5 0
12 6 0
12 7 0
12 8 0
12 9 0
12 10 0
12 11 0
12 12 0
12 13 0
12 14 0
12 15 0
12 16 0
12 17 0
12 18 0
12 19 0
12 20 0
12 21 0
12 22 1.6183198076312089
12 23 2.1977252965558507
12 24 2.609467601964455
12 25 1.5441657084755511
12 26 0
12 27 2.1518702395455493
12 28 1.367300294540526
12 29 2.0989469582411893
13 0 0
13 1 0
13 2 0
13 3 0
13 4 0
13 5 0
13 6 0
13 7 0
13 8 0
13 9 0
13 10 0
13 11 0
13 12 0
13 13 0
13 14 0
13 15 0
13 16 0
13 17 0
13 18 0
13 19 0
13 20 0
13 21 1.4376181299349584
13 22 2.140257978047448
13 23 1.9766555656941291
13 24 0
13 25 2.8693633950436217
13 26 2.2444289861960707
13 27 3.410845416162549
13 28 1.7375116969007063
13 29 1.818652561353631
14 0 0
14 1 0
14 2 0
14 3 0
14 4 0
14 5 0
14 6 0
14 7 0
14 8 0
14 9 0
14 10 0
14 11 0
14 12 0
14 13 0
14 14 0
14 15 0
14 16 0
14 17 0
14 18 0
14 19 0
14 20 0
14 21 2.1196752648308084
14 22 1.8146172215604905
14 23 2.0500141992911125
14 24 2.299834159711197
14 25 1.6767906149690102
14 26 2.2823967426440137
14 27 2.0378320682286395
14 28 1.3681084398343712
14 29 0
15 0 0
15 1 0
15 2 0
15 3 0
15 4 0
15 5 0
15 6 0
15 7 0
15 8 0
15 9 0
15 10 0
15 11 0
15 12 0
15 13 0
15 14 0
15 15 0
15 16 0
15 17 0
15 18 0
15 19 0
15 20 0
15 21 0
15 22 2.2698871277271797
15 23 2.8288304795631047
15 24 2.9696346220903003
15 25 1.626708153538471
15 26 0
15 27 1.6386017158195543
15 28 1.7954921271396136
15 29 0
16 0 0
16 1 0
16 2 0
16 3 0
16 4 0
16 5 0
16 6 0
16 7 0
16 8 0
16 9 0
16 10 0
16 11 0
16 12 0
16 13 0
16 14 0
16 15 0
16 16 0
16 17 0
16 18 1.5729444981960994
16 19 1.6400844710066325
16 20 2.659444078145071
16 21 0
16 22 1.7547454682459924
16 23 2.2999692464218273
16 24 0
16 25 2.0504232096037462
16 26 0
16 27 1.635111053683287
16 28 1.7831788509772064
16 29 1.544101660981632
17 0 0
17 1 0
17 2 0
17 3 0
17 4 0
17 5 0
17 6 0
17 7 0
17 8 0
17 9 0
17 10 0
17 11 0
17 12 0
17 13 0
17 14 0
17 15 0
17 16 0
17 17 0
17 18 1.8077012006253053
17 19 1.8754174720006724
17 20 2.5977028805674824
17 21 2.18451142272143
17 22 2.73976802165295
17 23 1.774984143759625
17 24 0
17 25 1.496131051070059
17 26 0
17 27 1.2614457446006484
17 28 0
17 29 1.3864846964734845
18 0 0
18 1 0
18 2 0
18 3 0
18 4 0
18 5 0
18 6 0
18 7 0
18 8 0
18 9 0
18 10 0
18 11 0
18 12 0
18 13 0
18 14 0
18 15 0
18 16 0
18 17 0
18 18 1.5142839736647074
18 19 2.025804963808128
18 20 2.507452587307651
18 21 0
18 22 0
18 23 0
18 24 2.056148883973214
18 25 1.1798742256160846
18 26 1.1119966948563496
18 27 0
18 28 0
18 29 0
19 0 0
19 1 0
19 2 0
19 3 0
19 4 0
19 5 0
19 6 0
19 7 0
19 8 0
19 9 0
19 10 0
19 11 0
19 12 0
19 13 0
19 14 0
19 15 0
19 16 0
19 17 1.7704715134771476
19 18 2.273998964474865
19 19 3.2267994698022275
19 20 3.056989467967547
19 21 2.415070982161027
19 22 1.7459925529020057
19 23 1.241144945959393
19 24 1.2831669365408458
19 25 1.1576394635322933
19 26 0
19 27 0
19 28 1.2760725872071408
19 29 1.304814327555987
20 0 0
20 1 0
20 2 0
20 3 0
20 4 0
20 5 0
20 6 0
20 7 0
20 8 0
20 9 0
20 10 0
20 11 0
20 12 0
20 13 0
20 14 0
20 15 0
20 16 1.710062580193868
20 17 3.321328421770421
20 18 2.7233990523620233
20 19 2.5130681568722055
20 20 2.2931465007398373
20 21 0
20 22 1.10337965984718
20 23 0
20 24 0
20 25 1.2444403085038394
20 26 1.4307944046553933
20 27 0
20 28 1.1016543570577164
20 29 0
21 0 0
21 1 0
21 2 0
21 3 0
21 4 0
21 5 0
21 6 0
21 7 0
21 8 0
21 9 0
21 10 0
21 11 0
21 12 0
21 13 0
21 14 0
21 15 0
21 16 0
21 17 1.9720010841580842
21 18 2.363641612121374
21 19 2.2409691110208345
21 20 0
21 21 0
21 22 1.5448900850074312
21 23 0
21 24 0
21 25 1.5014225544846138
21 26 1.2112912064621286
21 27 0
21 28 0
21 29 1.44514070790618
22 0 0
22 1 0
22 2 0
22 3 0
22 4 0
22 5 0
22 6 0
22 7 0
22 8 0
22 9 0
22 10 0
22 11 0
22 12 0
22 13 0
22 14 1.5729444981960994
22 15 0
22 16 2.62995300733849
22 17 2.2674854445804615
22 18 2.682049640782095
22 19 0
22 20 1.0546257338654041
22 21 1.305856052555196
22 22 1.296925397365689
22 23 1.2626843097143274
22 24 0
22 25 1.2525786652351334
22 26 1.274200311958223
22 27 0
22 28 0
22 29 0
23 0 0
23 1 0
23 2 0
23 3 0
23 4 0
23 5 0
23 6 0
23 7 0
23 8 0
23 9 0
23 10 0
23 11 0
23 12 0
23 13 0
23 14 0
23 15 1.8885277605501345
23 16 2.9357281263198587
23 17 2.1159215671289355
23 18 2.850998065616035
23 19 0
23 20 1.570747500842544
23 21 0
23 22 1.2737376088971504
23 23 1.2371086653121377
23 24 1.7319499579691375
23 25 2.472341624134489
23 26 1.8229009610028686
23 27 0
23 28 1.5201363648438775
23 29 0
24 0 0
24 1 0
24 2 0
24 3 0
24 4 0
24 5 0
24 6 0
24 7 0
24 8 0
24 9 0
24 10 0
24 11 0
24 12 0
24 13 0
24 14 0
24 15 1.5843260080922767
24 16 2.3133117930059512
24 17 0
24 18 2.1607973829242924
24 19 0
24 20 1.2245917272564333
24 21 1.0402460297053975
24 22 0
24 23 1.5405579610324804
24 24 2.674258148075861
24 25 4.639707405655999
24 26 2.8626281452019797
24 27 1.5146937789143406
24 28 0
24 29 0
25 0 0
25 1 0
25 2 0
25 3 0
25 4 0
25 5 0
25 6 0
25 7 0
25 8 0
25 9 0
25 10 0
25 11 0
25 12 0
25 13 0
25 14 1.6266738670407768
25 15 1.6827414257441748
25 16 2.377458935988903
25 17 0
25 18 1.956193179222272
25 19 2.067258310461413
25 20 1.324271086215399
25 21 0
25 22 1.2485367596708266
25 23 2.0915978184179136
25 24 4.719395880226965
25 25 26.157258338064732
25 26 4.798928291958431
25 27 2.646258304555924
25 28 1.453998181819169
25 29 1.69476498470371
26 0 0
26 1 0
26 2 0
26 3 0
26 4 0
26 5 0
26 6 0
26 7 0
26 8 0
26 9 0
26 10 0
26 11 1.5074999903210915
26 12 1.6979915590088004
26 13 2.3655612454559645
26 14 1.6490020305593711
26 15 2.220028955919932
26 16 2.526559914312975
26 17 0
26 18 2.066590864702654
26 19 1.3913553529408171
26 20 0
26 21 1.2650107897577008
26 22 1.3980693412991665
26 23 1.6607780087285728
26 24 2.939692223409797
26 25 4.639623093280268
26 26 2.643466845309404
26 27 1.200265600763939
26 28 1.4409452794971034
26 29 0
27 0 0
27 1 0
27 2 0
27 3 0
27 4 0
27 5 0
27 6 0
27 7 0
27 8 0
27 9 0
27 10 1.5573776566497077
27 11 0
27 12 1.7199611168889188
27 13 0
27 14 3.4821578090300056
27 15 2.8288304795631047
27 16 1.8014651942027937
27 17 2.5258127563165047
27 18 1.3063909626039827
27 19 1.2536474153056687
27 20 1.170322409950852
27 21 0
27 22 1.430603570168448
27 23 2.010389694257054
27 24 1.9090117617164108
27 25 2.156556854524084
27 26 1.503207410076159
27 27 1.6225551218311702
27 28 1.2762352397737808
27 29 0
28 0 0
28 1 0
28 2 0
28 3 0
28 4 0
28 5 0
28 6 0
28 7 0
28 8 0
28 9 0
28 10 0
28 11 1.910962910813608
28 12 1.7174776325362968
28 13 1.8420954924539612
28 14 1.918958191060168
28 15 2.0113749581852933
28 16 1.642229540153767
28 17 2.28714028063635
28 18 0
28 19 1.245199042188089
28 20 1.2106053253460407
28 21 1.1293327939231612
28 22 1.1178859734362463
28 23 0
28 24 1.2121030619573117
28 25 0
28 26 0
28 27 1.1810680901003763
28 28 1.4150329991952881
28 29 0
29 0 0
29 1 0
29 2 0
29 3 0
29 4 0
29 5 0
29 6 0
29 7 0
29 8 0
29 9 1.5063049052738087
29 10 0
29 11 1.803840299159339
29 12 1.514038731947981
29 13 0
29 14 4.055397464259808
29 15 2.637389672998841
29 16 1.7940765791929674
29 17 2.049027520553232
29 18 0
29 19 1.0470580554575046
29 20 1.519695388439634
29 21 1.1103214916976898
29 22 1.1413904510448207
29 23 0
29 24 0
29 25 1.513876462595842
29 26 1.1826401293695161
29 27 0
29 28 0
29 29 1.22419593802187
