0 0 1.8417523988864253
0 1 2.284468036640297
0 2 1.700152151322851
0 3 0
0 4 1.3166179486693717
0 5 1.392791980208206
0 6 1.4903782853060752
0 7 1.7130329840431724
0 8 0
0 9 1.40282001366183
0 10 1.4532436684907593
0 11 1.6112271596655836
0 12 1.792203092829072
0 13 0
0 14 0
0 15 1.2601625883116003
0 16 0
0 17 0
0 18 0
0 19 0
0 20 0
0 21 0
0 22 0
0 23 0
0 24 0
0 25 0
0 26 0
0 27 0
0 28 0
0 29 0
1 0 1.5667419398370164
1 1 2.0399034059272845
1 2 1.1247534051551589
1 3 0
1 4 2.2242885725731116
1 5 2.1487424162759434
1 6 0
1 7 1.3671383254622556
1 8 3.6051599420422273
1 9 0
1 10 1.5103276917445707
1 11 1.2791174299136099
1 12 0
1 13 0
1 14 0
1 15 0
1 16 0
1 17 0
1 18 0
1 19 0
1 20 0
1 21 0
1 22 0
1 23 0
1 24 0
1 25 0
1 26 0
1 27 0
1 28 0
1 29 0
2 0 2.439421439671203
2 1 2.243960593371724
2 2 3.3074595782965117
2 3 1.900248816281438
2 4 2.223555665253745
2 5 1.3166952723188383
2 6 0
2 7 0
2 8 4.228160118809435
2 9 2.391023168617258
2 10 2.136405180474422
2 11 3.396179371993621
2 12 2.0604906681830575
2 13 0
2 14 0
2 15 2.7884313053166516
2 16 0
2 17 2.3171442560759385
2 18 0
2 19 0
2 20 0
2 21 0
2 22 0
2 23 0
2 24 0
2 25 0
2 26 0
2 27 0
2 28 0
2 29 0
3 0 1.346214592064288
3 1 1.4975590053064791
3 2 2.3817600975645763
3 3 1.6979352521523896
3 4 1.896604817078515
3 5 1.8537156064400033
3 6 2.702930632972564
3 7 2.344678333931012
3 8 2.712337740379989
3 9 2.082206088508299
3 10 1.651903478284106
3 11 1.8210636605745578
3 12 2.162018006066939
3 13 2.342837510622346
3 14 3.1280853612298585
3 15 1.478661126351971
3 16 1.5010542317672744
3 17 0
3 18 1.996395573710452
3 19 2.035917049556759
3 20 0
3 21 0
3 22 0
3 23 0
3 24 0
3 25 0
3 26 0
3 27 0
3 28 0
3 29 0
4 0 1.6017020399120712
4 1 1.8758539521174562
4 2 0
4 3 0
4 4 3.015054438627066
4 5 2.7162969787907447
4 6 0
4 7 3.783987773415002
4 8 3.221192665949062
4 9 4.074956589414187
4 10 1.9133833234211626
4 11 1.9101911683010437
4 12 2.4361469367333126
4 13 1.6577539414788809
4 14 1.4173823686495945
4 15 0
4 16 1.6172538781902033
4 17 2.0759501240368894
4 18 1.965028075757547
4 19 0
4 20 0
4 21 0
4 22 0
4 23 0
4 24 0
4 25 0
4 26 0
4 27 0
4 28 0
4 29 0
5 0 2.1217554216197394
5 1 1.478980020483913
5 2 0
5 3 3.1160577112327945
5 4 2.3988002483918547
5 5 3.9456662158092177
5 6 2.966018981901524
5 7 2.6513808234868694
5 8 3.0998162057044514
5 9 2.66005562528445
5 10 2.1709927963719196
5 11 2.4315839486940756
5 12 2.8014178972008335
5 13 3.801605068741626
5 14 1.3695059622063879
5 15 3.0419921875
5 16 1.6144515974398352
5 17 3.1867912619029375
5 18 0
5 19 0
5 20 1.3411056819589418
5 21 0
5 22 0
5 23 0
5 24 0
5 25 0
5 26 0
5 27 0
5 28 0
5 29 0
6 0 2.087209982304931
6 1 2.160417134331317
6 2 2.905538161657439
6 3 2.5063408762666177
6 4 2.1846735254236833
6 5 2.8088406693274215
6 6 3.019764696623031
6 7 3.8478023290760546
6 8 3.782861877046221
6 9 4.523750323109872
6 10 3.7256913403093965
6 11 3.223126042501285
6 12 3.932536516952931
6 13 2.5433310499687893
6 14 2.811775167479804
6 15 2.183964770424069
6 16 1.9769693561781818
6 17 3.258663961385324
6 18 3.7841433898604775
6 19 0
6 20 1.462283771936215
6 21 0
6 22 0
6 23 0
6 24 0
6 25 0
6 26 0
6 27 0
6 28 0
6 29 0
7 0 1.6807551363987072
7 1 3.7353258501477433
7 2 3.219139001452158
7 3 3.830186623560304
7 4 5.234911670855965
7 5 4.507446564735161
7 6 5.865395983349693
7 7 4.870821868888688
7 8 3.66514310046562
7 9 3.560541144355695
7 10 4.751486979852763
7 11 2.736870827158145
7 12 2.2794218958337304
7 13 2.5684710013382306
7 14 2.601194874316386
7 15 0
7 16 4.162047569008018
7 17 3.7693399732610575
7 18 2.3054531136065375
7 19 1.8728234676482411
7 20 0
7 21 2.047852369352077
7 22 0
7 23 0
7 24 0
7 25 0
7 26 0
7 27 0
7 28 0
7 29 0
8 0 1.858348421366348
8 1 3.813906144449572
8 2 5.218998411378344
8 3 3.7018226384618456
8 4 4.809622995578665
8 5 5.8814232420976325
8 6 6.1193242362370714
8 7 9.343478299311764
8 8 6.8254635136228545
8 9 10.07878938782394
8 10 6.607416604891351
8 11 6.593321191095589
8 12 6.896863006319503
8 13 4.872940877939635
8 14 2.642117217143908
8 15 3.393394375839306
8 16 3.216581780823124
8 17 2.9161624288181254
8 18 2.6093345063242537
8 19 1.7876616947169117
8 20 2.1743411799350936
8 21 1.6975689496676467
8 22 1.492321086694938
8 23 0
8 24 0
8 25 0
8 26 0
8 27 0
8 28 0
8 29 0
9 0 2.47608397992569
9 1 5.882429038473127
9 2 5.8839017518757135
9 3 7.68517702831551
9 4 5.161846907852371
9 5 4.714812644997963
9 6 6.330089107367792
9 7 8.543955902393181
9 8 7.925638734796631
9 9 6.845420709893263
9 10 8.969686566811065
9 11 9.779033710160089
9 12 6.441106396920821
9 13 5.762312466434159
9 14 3.3913972393472345
9 15 2.565000329643736
9 16 2.204329690627863
9 17 3.754119779783479
9 18 3.147683320996305
9 19 4.024231570476127
9 20 2.306730574912764
9 21 2.2052161789810225
9 22 0
9 23 0
9 24 0
9 25 0
9 26 0
9 27 0
9 28 0
9 29 0
10 0 3.157512224117009
10 1 4.238479540309177
10 2 4.727222441602826
10 3 3.498494361516099
10 4 4.687891502155743
10 5 9.427709716750401
10 6 9.587603327771449
10 7 10.374628919145996
10 8 9.58102219699342
10 9 13.57755676288264
10 10 9.569160446311589
10 11 15.73867458786293
10 12 12.16753366266568
10 13 7.532457769942029
10 14 6.158721813903921
10 15 3.4986779767018947
10 16 4.97251448650063
10 17 5.0172464112046775
10 18 0
10 19 2.243239356012514
10 20 1.2854348270868945
10 21 1.803956855914532
10 22 1.7751489446464093
10 23 0
10 24 0
10 25 0
10 26 0
10 27 0
10 28 0
10 29 0
11 0 2.6953372971972085
11 1 4.378742992154119
11 2 7.742215189798314
11 3 4.327042271322398
11 4 9.32625953315274
11 5 10.990181530118052
11 6 8.54068843733346
11 7 12.663767989634895
11 8 12.009964045302528
11 9 8.952662998421571
11 10 11.01434528691778
11 11 9.017220362730427
11 12 9.110652161576592
11 13 10.006966076915408
11 14 5.653382136909212
11 15 5.074737664834293
11 16 4.208443530139118
11 17 4.179050816029839
11 18 2.8554189963838583
11 19 2.0181994912798404
11 20 2.175737856267166
11 21 0
11 22 1.7149411526623455
11 23 1.5643639231796325
11 24 0
11 25 0
11 26 0
11 27 0
11 28 0
11 29 0
12 0 5.007664329032362
12 1 8.752182878510244
12 2 6.595284132957485
12 3 4.896668611913211
12 4 9.37522535181287
12 5 9.86112886565142
12 6 13.500529637618568
12 7 8.25100413254625
12 8 9.381055115654418
12 9 10.09084904463533
12 10 13.7865038738482
12 11 8.327630920880694
12 12 10.138515459154394
12 13 10.58376030841867
12 14 7.6780644441339385
12 15 4.782751655016396
12 16 5.3385078935991155
12 17 3.893923885940764
12 18 5.097308764984113
12 19 3.693367640506464
12 20 3.0509129387457707
12 21 1.9113562061493468
12 22 0
12 23 0
12 24 0
12 25 0
12 26 0
12 27 0
12 28 0
12 29 0
13 0 2.3196713042522545
13 1 4.501544225291937
13 2 4.114190738544265
13 3 6.764735097314086
13 4 7.937066005886423
13 5 11.019077542600199
13 6 9.33868811916689
13 7 11.347526928904552
13 8 8.874585026113168
13 9 7.86332105574409
13 10 8.272357208911647
13 11 10.267593140705795
13 12 9.50141098578103
13 13 9.751264132581564
13 14 7.53994704997042
13 15 4.685919995530217
13 16 4.855034535638317
13 17 6.206763608719697
13 18 0
13 19 1.7473439222739544
13 20 2.1320471768002762
13 21 0
13 22 0
13 23 0
13 24 0
13 25 0
13 26 0
13 27 0
13 28 0
13 29 0
14 0 2.8682700615531926
14 1 4.672429600571148
14 2 6.1193242362370714
14 3 8.887328554194056
14 4 12.338387818152661
14 5 13.063830555265827
14 6 9.63572882105756
14 7 10.3249412393482
14 8 7.86319724090758
14 9 8.353939422745741
14 10 8.054100005623296
14 11 8.120667406673133
14 12 9.487986730782168
14 13 9.721658026811703
14 14 8.439752136370286
14 15 7.673398866669527
14 16 7.612946820041606
14 17 7.6155398732071555
14 18 0
14 19 3.932915476801497
14 20 2.306008230280287
14 21 0
14 22 0
14 23 0
14 24 0
14 25 0
14 26 0
14 27 0
14 28 0
14 29 0
15 0 2.4289852241675516
15 1 2.344773755247635
15 2 5.401311583476795
15 3 8.889604525417472
15 4 10.643854915988705
15 5 13.409548617509
15 6 8.147266832232463
15 7 14.335955023447834
15 8 9.626021003200522
15 9 12.141535804497003
15 10 17.174093128534288
15 11 12.504476162277731
15 12 8.06887398742214
15 13 10.450806216909697
15 14 8.192135555287141
15 15 8.693010551840766
15 16 6.565639942165064
15 17 5.550287538036557
15 18 0
15 19 3.2233712914905728
15 20 0
15 21 3.076894975622893
15 22 0
15 23 0
15 24 0
15 25 0
15 26 0
15 27 0
15 28 0
15 29 0
16 0 4.077086697090808
16 1 6.708611104330473
16 2 3.1821256585869793
16 3 8.191491600195866
16 4 5.22817836839484
16 5 13.57755676288264
16 6 10.036565208153378
16 7 8.355776100224059
16 8 10.175700131484792
16 9 9.543864150144634
16 10 10.136483319639215
16 11 11.036958156309115
16 12 10.310960772935088
16 13 13.988021431646942
16 14 11.0514976023653
16 15 7.0349879036293395
16 16 6.275264510359319
16 17 3.3761042006025934
16 18 3.7952903677903027
16 19 4.644486997540906
16 20 1.9089738637855713
16 21 0
16 22 0
16 23 0
16 24 0
16 25 0
16 26 0
16 27 0
16 28 0
16 29 0
17 0 3.0998162057044514
17 1 3.546279749545153
17 2 3.163889952196521
17 3 8.238332697160606
17 4 6.780647261707079
17 5 10.507511487618434
17 6 10.1951834158429
17 7 9.619895473000906
17 8 11.954131044320405
17 9 10.901911171505335
17 10 9.91501319388375
17 11 10.548919216913049
17 12 10.892002255874749
17 13 11.319965707127661
17 14 10.946085662393777
17 15 4.639103483641394
17 16 3.876903730189284
17 17 2.388674054975597
17 18 3.084453448733408
17 19 2.5013030641489564
17 20 0
17 21 0
17 22 0
17 23 0
17 24 0
17 25 0
17 26 0
17 27 0
17 28 0
17 29 0
18 0 2.269067547272264
18 1 6.200550797409229
18 2 2.3867502916105963
18 3 6.821898527330217
18 4 5.29621008066126
18 5 7.553324029519526
18 6 9.204157824169789
18 7 9.72545227223688
18 8 10.138515459154394
18 9 10.164254311897073
18 10 9.218782203831672
18 11 7.3009778755710295
18 12 8.739803443911788
18 13 10.527423738323687
18 14 5.260834589524067
18 15 4.172373871104464
18 16 3.4609720675691036
18 17 2.8314296207750216
18 18 1.4062012513808324
18 19 0
18 20 0
18 21 0
18 22 0
18 23 0
18 24 0
18 25 0
18 26 0
18 27 0
18 28 0
18 29 0
19 0 2.905526725387596
19 1 3.5808929640511318
19 2 4.1811269381294975
19 3 2.736870827158145
19 4 8.633326734781084
19 5 9.545702122562913
19 6 10.24694365224414
19 7 11.923778468858085
19 8 8.472690192846349
19 9 12.130751404922643
19 10 12.727480223389446
19 11 10.340679944748103
19 12 5.021350571935607
19 13 6.053351467729572
19 14 4.609793662673201
19 15 5.975130556738139
19 16 4.597791668227237
19 17 4.776996527748168
19 18 0
19 19 0
19 20 0
19 21 0
19 22 0
19 23 0
19 24 0
19 25 0
19 26 0
19 27 0
19 28 0
19 29 0
20 0 1.6816095409513356
20 1 0
20 2 2.6013619444146583
20 3 3.1178560711286334
20 4 7.989403594473093
20 5 3.2767877076792913
20 6 6.44956216234551
20 7 6.947927219134677
20 8 4.64481098828364
20 9 10.636734988755215
20 10 11.560348957722638
20 11 7.673398866669527
20 12 6.761497367644818
20 13 4.740616576128384
20 14 3.6206414328775547
20 15 4.949923764728807
20 16 5.5599653731700105
20 17 1.7610712182009602
20 18 0
20 19 0
20 20 0
20 21 0
20 22 0
20 23 0
20 24 0
20 25 0
20 26 0
20 27 0
20 28 0
20 29 0
21 0 2.193092315570948
21 1 2.492313094092344
21 2 0
21 3 2.4204010210972307
21 4 2.430071627186628
21 5 3.8781263237958834
21 6 3.3913972393472345
21 7 4.8377831536242395
21 8 5.880576677775448
21 9 5.387814011664168
21 10 5.977129574321039
21 11 6.4513192277825215
21 12 2.3041678941546047
21 13 4.5611922717505164
21 14 3.5999510231274594
21 15 6.678415691468245
21 16 2.2612383156051226
21 17 0
21 18 0
21 19 0
21 20 0
21 21 0
21 22 0
21 23 0
21 24 0
21 25 0
21 26 0
21 27 0
21 28 0
21 29 0
22 0 1.7291992880525706
22 1 1.6577539414788809
22 2 1.739838604278048
22 3 2.576058884497263
22 4 2.5645048446097265
22 5 4.257872223979662
22 6 3.4173975689531573
22 7 5.734806900634776
22 8 4.2397543739177195
22 9 3.2842169591000285
22 10 3.954721830793492
22 11 4.509533995805139
22 12 6.575341604881854
22 13 4.4165136311826965
22 14 3.7952903677903027
22 15 3.587206118637087
22 16 0
22 17 0
22 18 0
22 19 0
22 20 0
22 21 0
22 22 0
22 23 0
22 24 0
22 25 0
22 26 0
22 27 0
22 28 0
22 29 0
23 0 1.45730210088116
23 1 3.2468021986468227
23 2 2.06381342279823
23 3 1.6021370392033052
23 4 1.9262379441829927
23 5 0
23 6 4.5419704207004905
23 7 3.275996776067821
23 8 3.3778836883511656
23 9 4.179050816029839
23 10 5.276006446662546
23 11 2.2205843079475818
23 12 0
23 13 3.467100574632479
23 14 4.442658061939088
23 15 0
23 16 0
23 17 0
23 18 0
23 19 0
23 20 0
23 21 0
23 22 0
23 23 0
23 24 0
23 25 0
23 26 0
23 27 0
23 28 0
23 29 0
24 0 0
24 1 2.1156138240814037
24 2 4.125764717784964
24 3 2.7045571751496853
24 4 1.9769693561781818
24 5 2.3107656133879915
24 6 2.1424139079583404
24 7 4.2189531443561075
24 8 2.421980850294949
24 9 1.8957404317580309
24 10 4.429355083971964
24 11 3.067823245009641
24 12 1.7835819204223113
24 13 1.926345182806326
24 14 0
24 15 0
24 16 0
24 17 0
24 18 0
24 19 0
24 20 0
24 21 0
24 22 0
24 23 0
24 24 0
24 25 0
24 26 0
24 27 0
24 28 0
24 29 0
25 0 0
25 1 0
25 2 1.8894906744178603
25 3 2.2630375309442123
25 4 3.3117340643321738
25 5 1.6102367426303277
25 6 2.855526589100767
25 7 2.0161429668603854
25 8 5.577109617262578
25 9 1.9109722079908829
25 10 1.6168758006963984
25 11 4.263922278178329
25 12 2.1320471768002762
25 13 2.582216558092741
25 14 0
25 15 0
25 16 0
25 17 0
25 18 0
25 19 0
25 20 0
25 21 0
25 22 0
25 23 0
25 24 0
25 25 0
25 26 0
25 27 0
25 28 0
25 29 0
26 0 1.6103600508639042
26 1 1.4725592848128168
26 2 0
26 3 0
26 4 2.3961397544904406
26 5 1.7613421023819136
26 6 0
26 7 1.7876616947169117
26 8 3.1666100848795984
26 9 1.7096361964312643
26 10 2.867994807503556
26 11 0
26 12 1.592275781586558
26 13 0
26 14 0
26 15 0
26 16 0
26 17 0
26 18 0
26 19 0
26 20 0
26 21 0
26 22 0
26 23 0
26 24 0
26 25 0
26 26 0
26 27 0
26 28 0
26 29 0
27 0 0
27 1 0
27 2 1.996395573710452
27 3 0
27 4 1.5301849539692784
27 5 2.2102006023090497
27 6 2.215488067740013
27 7 2.8294488454741114
27 8 1.8604611360886631
27 9 1.4848421208868843
27 10 0
27 11 2.2197060815109855
27 12 0
27 13 0
27 14 0
27 15 0
27 16 0
27 17 0
27 18 0
27 19 0
27 20 0
27 21 0
27 22 0
27 23 0
27 24 0
27 25 0
27 26 0
27 27 0
27 28 0
27 29 0
28 0 0
28 1 0
28 2 1.4481971468413164
28 3 1.8421023792252864
28 4 0
28 5 1.7092788425295722
28 6 0
28 7 0
28 8 1.330845710834439
28 9 0
28 10 1.7751489446464093
28 11 0
28 12 0
28 13 0
28 14 0
28 15 0
28 16 0
28 17 0
28 18 0
28 19 0
28 20 0
28 21 0
28 22 0
28 23 0
28 24 0
28 25 0
28 26 0
28 27 0
28 28 0
28 29 0
29 0 0
29 1 0
29 2 0
29 3 0
29 4 0
29 5 0
29 6 0
29 7 2.0394660127536577
29 8 1.5717841701793904
29 9 0
29 10 0
29 11 0
29 12 0
29 13 0
29 14 0
29 15 0
29 16 0
29 17 0
29 18 0
29 19 0
29 20 0
29 21 0
29 22 0
29 23 0
29 24 0
29 25 0
29 26 0
29 27 0
29 28 0
29 29 0
