0 0 0
0 1 0
0 2 0
0 3 0
0 4 0
0 5 0
0 6 0
0 7 0
0 8 0
0 9 0
0 10 0
0 11 0
0 12 0
0 13 0
0 14 0
0 15 0
0 16 0
0 17 0
0 18 1.5740294848953458
0 19 1.7306208942597348
0 20 0
0 21 1.3776404033017307
0 22 2.2830520716946463
0 23 2.4469797561422353
0 24 2.199159715538012
0 25 3.2582142466859247
0 26 1.8954147607069582
0 27 2.5519861630322866
0 28 3.00574807696
0 29 2.2125796401466604
1 0 0
1 1 0
1 2 0
1 3 0
1 4 0
1 5 0
1 6 0
1 7 0
1 8 0
1 9 0
1 10 0
1 11 0
1 12 0
1 13 0
1 14 0
1 15 0
1 16 0
1 17 0
1 18 0
1 19 1.1145449690749116
1 20 1.9063866193553496
1 21 2.0972802843875646
1 22 1.641035264545951
1 23 2.5488394024094396
1 24 1.5098171920985213
1 25 2.8459859364210245
1 26 2.5665371510815524
1 27 3.023296781209714
1 28 2.5145309612396276
1 29 2.8530037012284084
2 0 0
2 1 0
2 2 0
2 3 0
2 4 0
2 5 0
2 6 0
2 7 0
2 8 0
2 9 0
2 10 0
2 11 0
2 12 0
2 13 0
2 14 0
2 15 0
2 16 0
2 17 0
2 18 0
2 19 0
2 20 2.2221401409057457
2 21 1.933693141701597
2 22 1.763460003724197
2 23 1.5860293505964422
2 24 2.0798408578604026
2 25 2.229073650535432
2 26 2.989259768468155
2 27 3.0815914667575033
2 28 3.692187410749528
2 29 3.1983410850026965
3 0 0
3 1 0
3 2 0
3 3 0
3 4 0
3 5 0
3 6 0
3 7 0
3 8 0
3 9 0
3 10 0
3 11 0
3 12 0
3 13 0
3 14 0
3 15 0
3 16 0
3 17 0
3 18 1.8058163405393446
3 19 1.5043568611972178
3 20 1.9508919811683691
3 21 1.8508961988897914
3 22 2.6967406136439025
3 23 2.7602153344409834
3 24 4.534576246235409
3 25 3.269421385069561
3 26 2.942638229684901
3 27 3.0048092301208085
3 28 2.274689963637438
3 29 2.1510919792158054
4 0 0
4 1 0
4 2 0
4 3 0
4 4 0
4 5 0
4 6 0
4 7 0
4 8 0
4 9 0
4 10 0
4 11 0
4 12 0
4 13 0
4 14 0
4 15 0
4 16 0
4 17 0
4 18 1.8350048733061404
4 19 2.2319531334069027
4 20 1.9336699769886785
4 21 1.826372111978745
4 22 2.3766317610315486
4 23 3.0305871934205113
4 24 3.3146836163641638
4 25 3.605325218998191
4 26 3.861592057388508
4 27 2.63429076771655
4 28 2.390745575390397
4 29 4.2002142598924515
5 0 0
5 1 0
5 2 0
5 3 0
5 4 0
5 5 0
5 6 0
5 7 0
5 8 0
5 9 0
5 10 0
5 11 0
5 12 0
5 13 0
5 14 0
5 15 0
5 16 0
5 17 0
5 18 1.5395965387285553
5 19 2.2382445636867616
5 20 1.725625826708107
5 21 1.7922062107416297
5 22 2.706102252519114
5 23 3.3930389047499534
5 24 1.8601383738172022
5 25 2.7711936049315047
5 26 3.328595412428948
5 27 4.0277384133652525
5 28 4.096449486128139
5 29 3.5508357923430895
6 0 0
6 1 0
6 2 0
6 3 0
6 4 0
6 5 0
6 6 0
6 7 0
6 8 0
6 9 0
6 10 0
6 11 0
6 12 0
6 13 0
6 14 0
6 15 0
6 16 0
6 17 0
6 18 0
6 19 0
6 20 2.0326482424607226
6 21 1.473087026861153
6 22 1.7999210231368834
6 23 2.290245918172897
6 24 5.058381742924217
6 25 2.9633315424554363
6 26 3.0131959982429377
6 27 4.238648880510319
6 28 3.974753177836857
6 29 6.869590524090397
7 0 0
7 1 0
7 2 0
7 3 0
7 4 0
7 5 0
7 6 0
7 7 0
7 8 0
7 9 0
7 10 0
7 11 0
7 12 0
7 13 0
7 14 0
7 15 0
7 16 0
7 17 0
7 18 0
7 19 0
7 20 2.0219979949554463
7 21 2.2052169918551505
7 22 1.7185447638405844
7 23 2.6023072832873324
7 24 1.9820752104789119
7 25 4.210089009407909
7 26 3.528100552619233
7 27 3.716530735626556
7 28 4.1281286339617616
7 29 4.436292034114988
8 0 0
8 1 0
8 2 0
8 3 0
8 4 0
8 5 0
8 6 0
8 7 0
8 8 0
8 9 0
8 10 0
8 11 0
8 12 0
8 13 0
8 14 0
8 15 0
8 16 0
8 17 0
8 18 0
8 19 1.7501057767606742
8 20 2.0003511886098995
8 21 2.8066190018910655
8 22 3.0459849253589093
8 23 4.605154289117656
8 24 2.931785647754383
8 25 4.9515394453740855
8 26 5.188375741553402
8 27 3.594405566967167
8 28 4.250414401086253
8 29 5.58840104887105
9 0 0
9 1 0
9 2 0
9 3 0
9 4 0
9 5 0
9 6 0
9 7 0
9 8 0
9 9 0
9 10 0
9 11 0
9 12 0
9 13 0
9 14 0
9 15 0
9 16 0
9 17 0
9 18 0
9 19 0
9 20 2.1059118516778077
9 21 2.2479529266356932
9 22 2.110010650294583
9 23 2.6858032968807275
9 24 3.5784770585720276
9 25 4.347426033226869
9 26 3.925664195789272
9 27 3.707388703328644
9 28 4.6221584808184915
9 29 3.7703763854917467
10 0 0
10 1 0
10 2 0
10 3 0
10 4 0
10 5 0
10 6 0
10 7 0
10 8 0
10 9 0
10 10 0
10 11 0
10 12 0
10 13 0
10 14 0
10 15 0
10 16 0
10 17 0
10 18 0
10 19 1.8845819008360947
10 20 2.2003619687193314
10 21 2.370177977455305
10 22 3.148215959662066
10 23 3.6248024810756196
10 24 4.003314041453556
10 25 3.6780498303662568
10 26 4.949998175250247
10 27 4.479286513684399
10 28 7.4668729721958
10 29 6.139294973235699
11 0 0
11 1 0
11 2 0
11 3 0
11 4 0
11 5 0
11 6 0
11 7 0
11 8 0
11 9 0
11 10 0
11 11 0
11 12 0
11 13 0
11 14 0
11 15 0
11 16 0
11 17 0
11 18 0
11 19 0
11 20 1.9671798590613265
11 21 3.3704954950694197
11 22 2.5095126334256515
11 23 2.6683058840271348
11 24 4.527201791621664
11 25 4.4134059077847665
11 26 4.953222037313875
11 27 5.919788869285441
11 28 9.651438954629995
11 29 8.144184690269116
12 0 0
12 1 0
12 2 0
12 3 0
12 4 0
12 5 0
12 6 0
12 7 0
12 8 0
12 9 0
12 10 0
12 11 0
12 12 0
12 13 0
12 14 0
12 15 0
12 16 0
12 17 0
12 18 0
12 19 1.8411877374548593
12 20 2.08562767108247
12 21 2.884410274734469
12 22 2.981513713725367
12 23 3.071000757362708
12 24 4.562276415934566
12 25 6.668571577599402
12 26 7.7035666456193095
12 27 10.459831253230291
12 28 10.193371855274261
12 29 9.892776622870578
13 0 0
13 1 0
13 2 0
13 3 0
13 4 0
13 5 0
13 6 0
13 7 0
13 8 0
13 9 0
13 10 0
13 11 0
13 12 0
13 13 0
13 14 0
13 15 0
13 16 0
13 17 0
13 18 0
13 19 1.753971016795853
13 20 2.4579442491161188
13 21 2.6350874454540545
13 22 3.9174655931350952
13 23 3.8904913928620886
13 24 3.178411820996275
13 25 7.766438956727223
13 26 7.166723531448256
13 27 8.801905788667744
13 28 10.823494077566632
13 29 10.559644276891095
14 0 0
14 1 0
14 2 0
14 3 0
14 4 0
14 5 0
14 6 0
14 7 0
14 8 0
14 9 0
14 10 0
14 11 0
14 12 0
14 13 0
14 14 0
14 15 0
14 16 0
14 17 0
14 18 2.2306476807525573
14 19 2.2259902317937406
14 20 3.921977668899265
14 21 3.3967466976791836
14 22 4.226090469007745
14 23 4.913059016695553
14 24 8.116806004122504
14 25 8.42405731062647
14 26 10.028712960102485
14 27 11.218847157859148
14 28 13.614556772249806
14 29 11.702462350416742
15 0 0
15 1 0
15 2 0
15 3 0
15 4 0
15 5 0
15 6 0
15 7 0
15 8 0
15 9 0
15 10 0
15 11 0
15 12 0
15 13 0
15 14 0
15 15 0
15 16 0
15 17 0
15 18 2.0622002519160914
15 19 2.4642762566851273
15 20 3.383195919127762
15 21 3.7540324362080026
15 22 6.1542094800200084
15 23 8.194610559106774
15 24 9.828702200546656
15 25 10.784998584104624
15 26 10.825210865790998
15 27 13.890651523368945
15 28 12.486241635963674
15 29 13.394702401362572
16 0 0
16 1 0
16 2 0
16 3 0
16 4 0
16 5 0
16 6 0
16 7 0
16 8 0
16 9 0
16 10 0
16 11 0
16 12 0
16 13 0
16 14 0
16 15 0
16 16 0
16 17 0
16 18 2.2627930138335315
16 19 2.965326313814579
16 20 4.353839051010074
16 21 4.706188119777205
16 22 10.459832923651822
16 23 11.349463627535401
16 24 11.988585006416365
16 25 12.91987097664296
16 26 11.304067075680138
16 27 12.353198255441026
16 28 13.4796971647922
16 29 12.248570137744592
17 0 0
17 1 0
17 2 0
17 3 0
17 4 0
17 5 0
17 6 0
17 7 0
17 8 0
17 9 0
17 10 0
17 11 0
17 12 0
17 13 0
17 14 0
17 15 0
17 16 0
17 17 2.226634021834463
17 18 4.024863034124047
17 19 3.8404071217685414
17 20 7.384355737881425
17 21 6.765514436865553
17 22 9.620423216097329
17 23 11.20103130317199
17 24 14.052919276815434
17 25 15.284376783828153
17 26 14.31547194427243
17 27 13.20143395578554
17 28 14.012271540166266
17 29 12.450961384931846
18 0 0
18 1 0
18 2 0
18 3 0
18 4 0
18 5 0
18 6 0
18 7 0
18 8 0
18 9 0
18 10 0
18 11 0
18 12 0
18 13 0
18 14 0
18 15 0
18 16 0
18 17 3.168666242274205
18 18 2.3417923161506256
18 19 5.098200962133538
18 20 7.861324047225957
18 21 11.280259115634884
18 22 14.883785998664624
18 23 15.107952247156522
18 24 13.506031747196173
18 25 14.754067754357921
18 26 16.342299604569025
18 27 17.156319655853192
18 28 12.44176613745803
18 29 13.536703785769085
19 0 0
19 1 0
19 2 0
19 3 0
19 4 0
19 5 0
19 6 0
19 7 0
19 8 0
19 9 0
19 10 0
19 11 0
19 12 0
19 13 0
19 14 0
19 15 0
19 16 2.2318825662219663
19 17 3.1816514243469354
19 18 4.536729351325969
19 19 8.531189101027397
19 20 15.30752481005906
19 21 14.281995751916616
19 22 15.897063139647187
19 23 14.085339515506048
19 24 15.439211097290746
19 25 14.665723292701891
19 26 16.771227669896096
19 27 13.562165238303468
19 28 14.644344522922303
19 29 12.364935773577763
20 0 0
20 1 0
20 2 0
20 3 0
20 4 0
20 5 0
20 6 0
20 7 0
20 8 0
20 9 0
20 10 0
20 11 0
20 12 0
20 13 0
20 14 0
20 15 2.39996303744427
20 16 2.160198100641725
20 17 4.203556283803189
20 18 6.101135905208708
20 19 10.341807032601011
20 20 9.14985908025628
20 21 16.577643149397673
20 22 16.732671918851597
20 23 16.76925547421376
20 24 16.996089293023942
20 25 18.558138883704867
20 26 17.644137829116264
20 27 18.36653981628932
20 28 16.343211387489617
20 29 14.259791447548722
21 0 0
21 1 0
21 2 0
21 3 0
21 4 0
21 5 0
21 6 0
21 7 0
21 8 0
21 9 0
21 10 0
21 11 0
21 12 0
21 13 0
21 14 2.075239230449813
21 15 2.8831429472633365
21 16 3.062304804093036
21 17 5.314261207365443
21 18 6.9011104047979694
21 19 10.2405359883243
21 20 14.47767265931494
21 21 13.732284030230096
21 22 18.538681020089175
21 23 21.030153100900588
21 24 18.053341781991165
21 25 18.236674588652544
21 26 21.102750287151704
21 27 19.283974896350344
21 28 16.013261865599258
21 29 12.719076246372994
22 0 0
22 1 0
22 2 0
22 3 0
22 4 0
22 5 0
22 6 0
22 7 0
22 8 0
22 9 0
22 10 0
22 11 0
22 12 0
22 13 0
22 14 2.2627930138335315
22 15 2.7296887611155807
22 16 5.089217348103346
22 17 4.264764083451236
22 18 12.683718301217604
22 19 15.203637348899477
22 20 17.32607657254656
22 21 17.695109410452506
22 22 18.080945283420558
22 23 19.855288265947664
22 24 20.43490858470819
22 25 18.781915930752042
22 26 17.843695731376574
22 27 17.52776649789109
22 28 17.31812992336918
22 29 18.818010078550472
23 0 0
23 1 0
23 2 0
23 3 0
23 4 0
23 5 0
23 6 0
23 7 0
23 8 0
23 9 0
23 10 0
23 11 0
23 12 1.9713368837355483
23 13 1.8227935453505375
23 14 2.733428491147857
23 15 3.0354928759167743
23 16 5.4862958882407735
23 17 11.770868303262722
23 18 14.504282686758843
23 19 16.542677227931122
23 20 16.33670275820863
23 21 20.228517545356375
23 22 19.70369457554644
23 23 20.397749679183622
23 24 23.085903978552018
23 25 18.250189831266624
23 26 20.708560569501294
23 27 17.367135747336352
23 28 21.75687637803513
23 29 20.31498654764999
24 0 0
24 1 0
24 2 0
24 3 0
24 4 0
24 5 0
24 6 0
24 7 0
24 8 0
24 9 1.8176675949512906
24 10 0
24 11 1.9811644713993146
24 12 1.831129361574301
24 13 2.599458901855893
24 14 3.9743115507260844
24 15 5.167682305693265
24 16 7.051581701074126
24 17 11.280259115634884
24 18 15.898752622313893
24 19 17.719474038029972
24 20 17.568809313705632
24 21 18.053955134898484
24 22 21.43720569300686
24 23 24.324332448104613
24 24 24.113469696652253
24 25 20.734465066839242
24 26 23.835760882498118
24 27 22.916873240812784
24 28 20.828324275573134
24 29 19.3793148290007
25 0 0
25 1 0
25 2 0
25 3 0
25 4 0
25 5 0
25 6 0
25 7 0
25 8 0
25 9 2.2073145344296057
25 10 1.8375574978184743
25 11 1.8560216388064377
25 12 2.4579442491161188
25 13 2.5272289823241563
25 14 3.2048232255054216
25 15 3.597966864255637
25 16 8.183088996905626
25 17 14.631641591626515
25 18 16.28386400955378
25 19 15.004553378318484
25 20 16.872194579929527
25 21 18.438275943678345
25 22 18.598892419924038
25 23 22.590795321428548
25 24 20.525800941243237
25 25 11.252455075615115
25 26 22.612923697425188
25 27 20.400805301402066
25 28 21.179456186904414
25 29 15.055043098999484
26 0 0
26 1 0
26 2 0
26 3 0
26 4 0
26 5 1.5805279976687945
26 6 0
26 7 1.7501057767606742
26 8 2.2446310941799603
26 9 1.8738995983639772
26 10 2.6165304101714226
26 11 2.2520115212294893
26 12 2.7268131454685616
26 13 4.538729339710335
26 14 3.9848139554169233
26 15 4.612016460560574
26 16 12.013914395012355
26 17 15.09013588944186
26 18 12.917040330935341
26 19 15.060992264919857
26 20 16.996089293023942
26 21 16.67005751921531
26 22 19.86408232956996
26 23 22.434448582031166
26 24 23.347582681317917
26 25 21.7559590874954
26 26 23.21895941274277
26 27 21.77968752220436
26 28 18.821507467561826
26 29 18.70129617341349
27 0 0
27 1 0
27 2 1.8058163405393446
27 3 1.584592186139844
27 4 0
27 5 2.2059745973333156
27 6 1.7114857534792338
27 7 1.9516379084746132
27 8 2.215445674698684
27 9 1.6436258158950192
27 10 1.8447445082913607
27 11 3.515254378112728
27 12 3.4615842125799654
27 13 4.3826918067482525
27 14 5.331303680032146
27 15 8.194610559106774
27 16 10.841926637826257
27 17 14.032293090647249
27 18 18.507767918096732
27 19 15.50875820679958
27 20 16.98414480593363
27 21 20.024740475641092
27 22 19.50252826516313
27 23 18.854362424909233
27 24 20.829270430626867
27 25 20.503957917686773
27 26 22.5912047868444
27 27 17.640340135518148
27 28 19.918428746913172
27 29 18.573770016134247
28 0 1.9596170449432508
28 1 1.598009556752097
28 2 1.5631827572128372
28 3 1.6818290648746117
28 4 2.486012538457048
28 5 1.97910971631956
28 6 2.627109904538947
28 7 1.9387725538686096
28 8 2.044595365807099
28 9 2.7284353365779515
28 10 3.148215959662066
28 11 3.0944508898295595
28 12 4.544047403951833
28 13 4.272277808789938
28 14 6.320507454425681
28 15 8.766187928507891
28 16 9.919330234503075
28 17 11.79916168033714
28 18 14.250866267626888
28 19 13.638325509347359
28 20 16.60652158142929
28 21 18.41430149018158
28 22 17.895659231170278
28 23 17.52776649789109
28 24 21.515899032222578
28 25 19.686576858376675
28 26 20.514148542291593
28 27 19.803378425029983
28 28 20.082811436277897
28 29 17.26876844067544
29 0 1.555532431338831
29 1 1.7422062186466802
29 2 1.413012403456891
29 3 2.1738345926666653
29 4 2.253751068130619
29 5 1.7922062107416297
29 6 1.8694319978692875
29 7 3.161750817089992
29 8 2.6769943959536158
29 9 3.461747138139808
29 10 4.1859326745800605
29 11 3.1639209505065637
29 12 4.398635863396256
29 13 4.1416635235456765
29 14 9.68801397428928
29 15 11.375100764268478
29 16 12.682076976623048
29 17 11.33354576959766
29 18 14.31547194427243
29 19 15.234835063214394
29 20 16.128306813036474
29 21 15.07875235540146
29 22 18.02931038997329
29 23 19.475020554389282
29 24 18.433727235987664
29 25 18.013937876179817
29 26 18.304489315244105
29 27 20.798431852570964
29 28 16.590373494135942
29 29 14.658226151984454
