0 0 0
0 1 0
0 2 0
0 3 0
0 4 0
0 5 0
0 6 0
0 7 0
0 8 0
0 9 1.389440218960727
0 10 0
0 11 1.3547082576472138
0 12 1.8128031283788315
0 13 1.520397407957407
0 14 1.6844789704795837
0 15 1.8352979179403666
0 16 2.750089989408631
0 17 2.419570918528042
0 18 2.9846295618846206
0 19 4.186920278927556
0 20 4.138691123225801
0 21 6.707627648476468
0 22 8.395478717543789
0 23 7.4499631189478945
0 24 7.560114992792762
0 25 10.582165629803608
0 26 9.913860714564512
0 27 11.039288617533556
0 28 11.169902004830131
0 29 12.237772025824656
1 0 0
1 1 0
1 2 0
1 3 0
1 4 0
1 5 0
1 6 0
1 7 0
1 8 0
1 9 0
1 10 0
1 11 0
1 12 0
1 13 1.9218358780429035
1 14 2.1547104046517993
1 15 1.6455870782786552
1 16 2.320804934365221
1 17 3.1133005944396825
1 18 2.904692088716456
1 19 3.6748198428376107
1 20 4.974605427330697
1 21 6.626426423823745
1 22 6.136841113292732
1 23 9.367390670001571
1 24 8.694604098197383
1 25 11.117511019721277
1 26 12.95547694459676
1 27 14.100688307581029
1 28 13.96605731338188
1 29 12.873455469223776
2 0 0
2 1 0
2 2 0
2 3 0
2 4 0
2 5 0
2 6 0
2 7 0
2 8 0
2 9 0
2 10 0
2 11 0
2 12 0
2 13 1.4500462131586045
2 14 2.459535656108291
2 15 0
2 16 2.1626699429871805
2 17 2.6054907660083964
2 18 3.2566242026243573
2 19 4.099866670385062
2 20 4.8516726409775455
2 21 6.220644674418295
2 22 7.508002568060096
2 23 8.106598892952105
2 24 9.389286454653906
2 25 10.53080108606002
2 26 11.326018067267706
2 27 14.101104408094542
2 28 14.55156214824814
2 29 16.956220824315235
3 0 0
3 1 0
3 2 0
3 3 0
3 4 0
3 5 0
3 6 0
3 7 0
3 8 0
3 9 0
3 10 0
3 11 0
3 12 0
3 13 0
3 14 0
3 15 1.560575592158401
3 16 2.430178518981212
3 17 2.3000713668446013
3 18 4.1156783032361535
3 19 3.619177376213597
3 20 5.547363935842153
3 21 6.561705588037388
3 22 8.557163198137783
3 23 9.654601630422103
3 24 12.045862598205154
3 25 13.550569431385561
3 26 14.509970276208698
3 27 13.769847287863126
3 28 14.189540234981672
3 29 15.049587330243911
4 0 0
4 1 0
4 2 0
4 3 0
4 4 0
4 5 0
4 6 0
4 7 0
4 8 0
4 9 0
4 10 0
4 11 0
4 12 0
4 13 0
4 14 0
4 15 1.7672530582252957
4 16 2.0120665090277594
4 17 2.769336404695942
4 18 3.116362561980485
4 19 4.144160171859446
4 20 5.393866710178435
4 21 6.8364428827931665
4 22 9.415515906192873
4 23 11.190494752303765
4 24 13.382033298055445
4 25 14.601567136942672
4 26 15.095128761615998
4 27 14.274843016405292
4 28 12.680287228386417
4 29 15.56264358723157
5 0 0
5 1 0
5 2 0
5 3 0
5 4 0
5 5 0
5 6 0
5 7 0
5 8 0
5 9 0
5 10 0
5 11 0
5 12 0
5 13 0
5 14 0
5 15 0
5 16 1.9315950226455512
5 17 2.0174530177649
5 18 3.324176888832299
5 19 5.469394610512763
5 20 6.286432884182539
5 21 7.427687475618775
5 22 7.504701711828566
5 23 11.383365708544131
5 24 11.27857359360569
5 25 18.595409093418535
5 26 17.451526132734756
5 27 20.01391195346147
5 28 14.917682648339207
5 29 17.78873202895634
6 0 0
6 1 0
6 2 0
6 3 0
6 4 0
6 5 0
6 6 0
6 7 0
6 8 0
6 9 0
6 10 0
6 11 0
6 12 0
6 13 0
6 14 0
6 15 0
6 16 1.603470259571229
6 17 1.9242143588376948
6 18 2.439804647650347
6 19 3.1764707732760664
6 20 6.03890515187501
6 21 6.446724408358858
6 22 8.37104466541988
6 23 10.444688391157923
6 24 16.31307346979173
6 25 13.01217090709482
6 26 17.43982570920074
6 27 18.911527497912193
6 28 17.07914561363301
6 29 20.94367432077025
7 0 0
7 1 0
7 2 0
7 3 0
7 4 0
7 5 0
7 6 0
7 7 0
7 8 0
7 9 0
7 10 0
7 11 0
7 12 0
7 13 0
7 14 0
7 15 0
7 16 0
7 17 0
7 18 2.8196805738905235
7 19 4.788117823947581
7 20 5.74985788701916
7 21 5.973518824680427
7 22 7.214943133382135
7 23 12.948678752589142
7 24 11.664914456193953
7 25 13.162768404907732
7 26 13.92998573067053
7 27 16.568413840869916
7 28 16.265444492916664
7 29 18.1227249053208
8 0 0
8 1 0
8 2 0
8 3 0
8 4 0
8 5 0
8 6 0
8 7 0
8 8 0
8 9 0
8 10 0
8 11 0
8 12 0
8 13 0
8 14 0
8 15 0
8 16 0
8 17 0
8 18 2.503579840641964
8 19 3.8543102085373033
8 20 6.609484823838046
8 21 9.025372838783683
8 22 10.770941138838587
8 23 12.78320046951781
8 24 14.404994048808938
8 25 15.975405980852203
8 26 17.869682875326095
8 27 18.4724621165453
8 28 16.231864928004175
8 29 20.456434835719854
9 0 0
9 1 0
9 2 0
9 3 0
9 4 0
9 5 0
9 6 0
9 7 0
9 8 0
9 9 0
9 10 0
9 11 0
9 12 0
9 13 0
9 14 0
9 15 0
9 16 0
9 17 0
9 18 2.765091978112776
9 19 3.4388495223821764
9 20 6.2286021110307415
9 21 9.23113749340893
9 22 10.584085681316378
9 23 14.869352637304974
9 24 16.786770918631515
9 25 15.657460877888646
9 26 15.62724381034577
9 27 19.305141175891496
9 28 19.62025148113412
9 29 20.87698238299773
10 0 0
10 1 0
10 2 0
10 3 0
10 4 0
10 5 0
10 6 0
10 7 0
10 8 0
10 9 0
10 10 0
10 11 0
10 12 0
10 13 0
10 14 0
10 15 0
10 16 0
10 17 1.816931582949451
10 18 3.395068405819803
10 19 5.308130336611007
10 20 7.591626861148483
10 21 9.944862810211381
10 22 11.121415074893166
10 23 13.153219813820815
10 24 14.672453582773075
10 25 15.126508382816628
10 26 20.06960962288696
10 27 19.260512206920357
10 28 25.13219765655595
10 29 21.87306179194905
11 0 0
11 1 0
11 2 0
11 3 0
11 4 0
11 5 0
11 6 0
11 7 0
11 8 0
11 9 0
11 10 0
11 11 0
11 12 0
11 13 0
11 14 0
11 15 0
11 16 0
11 17 0
11 18 2.969988277102964
11 19 3.992667682640291
11 20 6.921518532268787
11 21 11.546107644648062
11 22 11.087443991381884
11 23 13.799809884968585
11 24 16.768994383669312
11 25 18.929174471539287
11 26 20.52472844204312
11 27 25.36811093200209
11 28 28.003477629475697
11 29 28.670212702748714
12 0 0
12 1 0
12 2 0
12 3 0
12 4 0
12 5 0
12 6 0
12 7 0
12 8 0
12 9 0
12 10 0
12 11 0
12 12 0
12 13 0
12 14 0
12 15 0
12 16 0
12 17 2.7167951709954523
12 18 2.9387093140734497
12 19 4.258364952179179
12 20 7.8926266003058085
12 21 11.502889167916978
12 22 14.73676393963169
12 23 17.37505898345184
12 24 23.004517017318225
12 25 21.30178733575691
12 26 22.714224177011445
12 27 27.598319992276185
12 28 25.38183456986066
12 29 27.561461213589983
13 0 0
13 1 0
13 2 0
13 3 0
13 4 0
13 5 0
13 6 0
13 7 0
13 8 0
13 9 0
13 10 0
13 11 0
13 12 0
13 13 0
13 14 0
13 15 0
13 16 0
13 17 2.1244325042173293
13 18 3.1583796194504443
13 19 6.498970694475315
13 20 7.1148707639593365
13 21 12.120965614880621
13 22 17.356850885455383
13 23 20.11964591141597
13 24 18.84590922123335
13 25 28.189934749805907
13 26 26.81298720029264
13 27 29.76737817741861
13 28 29.24900131827455
13 29 26.602833732939462
14 0 0
14 1 0
14 2 0
14 3 0
14 4 0
14 5 0
14 6 0
14 7 0
14 8 0
14 9 0
14 10 0
14 11 0
14 12 0
14 13 0
14 14 0
14 15 0
14 16 0
14 17 1.9739388959188282
14 18 5.313302144830152
14 19 6.153360142497096
14 20 10.05296130982611
14 21 17.24704718589043
14 22 17.175461316360497
14 23 22.63407490211474
14 24 24.519971003348108
14 25 27.40094812308764
14 26 28.564541051878113
14 27 27.917868503428295
14 28 24.739692697114716
14 29 27.080643335369054
15 0 0
15 1 0
15 2 0
15 3 0
15 4 0
15 5 0
15 6 0
15 7 0
15 8 0
15 9 0
15 10 0
15 11 0
15 12 0
15 13 0
15 14 0
15 15 0
15 16 0
15 17 2.5984407371950735
15 18 5.544055489653701
15 19 8.085141250479117
15 20 13.92247116457812
15 21 14.133865952538708
15 22 21.27359331335008
15 23 28.56482352365661
15 24 29.433546696824212
15 25 26.167168363702793
15 26 29.494777431430546
15 27 28.962746828587907
15 28 28.624038344953455
15 29 27.960902890561357
16 0 0
16 1 0
16 2 0
16 3 0
16 4 0
16 5 0
16 6 0
16 7 0
16 8 0
16 9 0
16 10 0
16 11 0
16 12 0
16 13 0
16 14 0
16 15 0
16 16 0
16 17 3.7320802647359765
16 18 7.909663762357528
16 19 9.94098851589044
16 20 17.157416811845625
16 21 18.00859921422757
16 22 24.710358896688046
16 23 28.44885037112537
16 24 27.051619225974143
16 25 28.802934204584236
16 26 29.135463155371685
16 27 30.96628547779823
16 28 29.473741987265846
16 29 28.145650529285444
17 0 0
17 1 0
17 2 0
17 3 0
17 4 0
17 5 0
17 6 0
17 7 0
17 8 0
17 9 0
17 10 0
17 11 0
17 12 0
17 13 0
17 14 0
17 15 0
17 16 2.1136338706229822
17 17 5.810778251382762
17 18 11.041938385400123
17 19 14.25093348276093
17 20 21.585727117630395
17 21 25.24125966682821
17 22 30.235615822020176
17 23 28.399746300154
17 24 29.604816609824514
17 25 30.140969261170156
17 26 29.520103636636314
17 27 28.157152423816406
17 28 28.6241871739331
17 29 29.163308145269944
18 0 0
18 1 0
18 2 0
18 3 0
18 4 0
18 5 0
18 6 0
18 7 0
18 8 0
18 9 0
18 10 0
18 11 0
18 12 0
18 13 0
18 14 0
18 15 0
18 16 4.763684691551937
18 17 7.708912300847102
18 18 11.753996048371409
18 19 18.38047430577131
18 20 26.021835624055765
18 21 26.01200787302578
18 22 29.983670523625648
18 23 29.83707822901121
18 24 31.09276292603183
18 25 28.623793832919468
18 26 28.434700909768033
18 27 27.586429305491073
18 28 26.827836947293015
18 29 27.7644173197646
19 0 0
19 1 0
19 2 0
19 3 0
19 4 0
19 5 0
19 6 0
19 7 0
19 8 0
19 9 0
19 10 0
19 11 0
19 12 0
19 13 0
19 14 0
19 15 3.3332529082799733
19 16 5.065748725368942
19 17 10.683840862437721
19 18 16.884836711442706
19 19 24.7147601849098
19 20 31.987759809574744
19 21 31.554510918891914
19 22 30.86596346289826
19 23 29.33989009325903
19 24 30.328984077240186
19 25 28.61693914203667
19 26 27.83932396866676
19 27 27.560939417880288
19 28 29.50550845889219
19 29 28.851516805014782
20 0 0
20 1 0
20 2 0
20 3 0
20 4 0
20 5 0
20 6 0
20 7 0
20 8 0
20 9 0
20 10 0
20 11 0
20 12 0
20 13 0
20 14 2.760653322478338
20 15 5.804456058364266
20 16 8.835323331001652
20 17 18.556117486847786
20 18 18.574168184792192
20 19 28.645810205787228
20 20 27.19958109103506
20 21 29.074917179241616
20 22 30.332574866112036
20 23 28.270293520687797
20 24 28.233635174266748
20 25 29.894558563796075
20 26 28.587970153504834
20 27 28.24341017066847
20 28 29.184960772724025
20 29 27.594329251554207
21 0 0
21 1 0
21 2 0
21 3 0
21 4 0
21 5 0
21 6 0
21 7 0
21 8 0
21 9 0
21 10 0
21 11 0
21 12 0
21 13 2.088366336891259
21 14 5.500743287698849
21 15 8.258838606961069
21 16 10.572725637089421
21 17 18.967269856313642
21 18 24.15162672117901
21 19 26.587230081487935
21 20 30.109163633034488
21 21 27.66800930535249
21 22 31.729845376794078
21 23 29.041639996481763
21 24 32.069438355351394
21 25 33.76171798192429
21 26 31.264038522804555
21 27 28.38374789144965
21 28 29.86533888371799
21 29 30.786781376697636
22 0 0
22 1 0
22 2 0
22 3 0
22 4 0
22 5 0
22 6 0
22 7 0
22 8 0
22 9 0
22 10 0
22 11 1.9128278585810088
22 12 2.190653075837696
22 13 4.441274920654159
22 14 7.909663762357528
22 15 9.571869142596082
22 16 19.350704621031962
22 17 19.34680728881363
22 18 31.52370244456795
22 19 29.841473067767883
22 20 29.00595566777763
22 21 31.05061482172427
22 22 30.02406048113976
22 23 30.787285501868265
22 24 31.259146561090976
22 25 33.195486825750336
22 26 34.20041681847177
22 27 30.98469234519878
22 28 29.517600756087372
22 29 27.9523336248434
23 0 0
23 1 0
23 2 0
23 3 0
23 4 0
23 5 0
23 6 0
23 7 0
23 8 0
23 9 0
23 10 2.5711619254428117
23 11 3.3972374696174454
23 12 5.176572235728887
23 13 6.113163175349416
23 14 8.305159872695775
23 15 14.152231686393439
23 16 22.643846539547223
23 17 23.847707189331967
23 18 32.87033063886723
23 19 28.560391803260927
23 20 31.35458130284954
23 21 28.527881285927823
23 22 32.202018487682274
23 23 33.84442155507263
23 24 35.94747086994216
23 25 39.94729578580789
23 26 37.58370493171979
23 27 34.674896671604884
23 28 33.426123016963544
23 29 29.831747407170628
24 0 1.5036115205553975
24 1 1.6556520125771383
24 2 0
24 3 1.7298074677022042
24 4 1.603470259571229
24 5 1.7017600965885396
24 6 1.688521858527734
24 7 0
24 8 2.5491074469620143
24 9 3.5143772737231247
24 10 3.5232003106954695
24 11 5.079908901023884
24 12 6.669910814623299
24 13 8.949755435520885
24 14 13.049581006959977
24 15 16.223498322864913
24 16 23.99056168345168
24 17 26.01200787302578
24 18 30.96311548920686
24 19 29.32435237174494
24 20 29.502164126360704
24 21 31.306225104631356
24 22 31.38250294601826
24 23 35.644580576580324
24 24 43.08556523771874
24 25 48.78697662785704
24 26 44.99477856428789
24 27 37.315970586810195
24 28 31.604292985282804
24 29 31.250214398113926
25 0 2.1602437149330016
25 1 1.7012201819553339
25 2 1.826297006377129
25 3 2.246085938952121
25 4 2.082087632466238
25 5 2.0152064623337633
25 6 1.961828599299245
25 7 3.1561723054177064
25 8 3.2576574867187955
25 9 5.185990712677652
25 10 6.393214314645489
25 11 6.618168014717468
25 12 7.1148707639593365
25 13 12.053276608473784
25 14 16.868883708647946
25 15 16.907123061819103
25 16 25.18147517219707
25 17 28.00734828268423
25 18 30.338551309953292
25 19 31.55180257521561
25 20 29.484300162933327
25 21 32.15711752664317
25 22 31.254011812528432
25 23 37.507696500973104
25 24 47.11704198932066
25 25 86.85069144281452
25 26 46.764141523926924
25 27 39.65284730780311
25 28 35.122106545785776
25 29 33.27555441134148
26 0 2.586932094571082
26 1 2.057833908621023
26 2 3.112245986170274
26 3 1.8182964256743501
26 4 3.0756104799245674
26 5 3.7566789285102167
26 6 3.788982057576494
26 7 3.8543102085373033
26 8 4.211375997237833
26 9 5.887546142956718
26 10 8.038189528513367
26 11 9.79059835098226
26 12 13.610088953082093
26 13 17.455305899926454
26 14 18.642609782611334
26 15 22.29288262389509
26 16 31.37459475684172
26 17 30.44862037205696
26 18 30.064433968293176
26 19 29.535668529258892
26 20 28.233635174266748
26 21 31.64550039627166
26 22 33.8765778448134
26 23 37.343417576418965
26 24 43.3810407964069
26 25 48.39052718248976
26 26 43.84623259643283
26 27 37.435105368705074
26 28 35.13999887709984
26 29 30.123530929736162
27 0 2.5685721801191033
27 1 2.7477373653832005
27 2 4.1156783032361535
27 3 3.162904614606743
27 4 3.119263624379986
27 5 5.375478329134056
27 6 4.367312685257611
27 7 5.164596386618409
27 8 6.800306221565458
27 9 8.265335042855893
27 10 9.144077796057994
27 11 10.830783759590567
27 12 15.284692242781123
27 13 17.669900300223116
27 14 26.040864166840066
27 15 28.56482352365661
27 16 27.922158252266478
27 17 30.113746442150923
27 18 29.201945100343288
27 19 29.121089778082222
27 20 27.70804866922215
27 21 29.744572091998453
27 22 32.73259568304469
27 23 37.11488666320715
27 24 38.79882603095346
27 25 41.19254377060034
27 26 37.35457739440519
27 27 35.69621268028575
27 28 32.64462717185286
27 29 30.177666902481807
28 0 4.144949142183631
28 1 4.775471139919816
28 2 4.620142542855702
28 3 4.36276450492226
28 4 5.3776486534159185
28 5 5.127836527588716
28 6 6.873497824074613
28 7 6.328526131077666
28 8 9.125799160007581
28 9 9.796788130400206
28 10 11.121415074893166
28 11 15.193281761437781
28 12 18.038360689810688
28 13 17.850164771948243
28 14 20.97279037111147
28 15 26.81833277580391
28 16 26.57465954669175
28 17 30.84979913416472
28 18 29.719143221432958
28 19 28.4358181270589
28 20 29.302386339371086
28 21 28.661044445983883
28 22 29.778680437665436
28 23 30.98469234519878
28 24 33.1931642342561
28 25 33.17807708299845
28 26 32.54103257804882
28 27 32.74209986923166
28 28 32.3977429773917
28 29 28.378094689687547
29 0 4.257031630873439
29 1 4.641779112578081
29 2 5.041908590598914
29 3 4.881811399531426
29 4 7.181232646977084
29 5 7.427687475618775
29 6 7.720837982231451
29 7 8.035853706775628
29 8 9.947947629127317
29 9 13.770719949760558
29 10 13.707919698167714
29 11 14.609933020275758
29 12 16.266815004069116
29 13 18.562221980917073
29 14 30.887566408661808
29 15 29.267638941219428
29 16 28.53030006740992
29 17 30.12290780753095
29 18 29.520103636636314
29 19 28.044313129336874
29 20 29.676084535987112
29 21 29.660706280545643
29 22 28.287848239772046
29 23 29.97607229572019
29 24 30.592952163696907
29 25 33.68196324969143
29 26 30.75458329394077
29 27 29.276053531608046
29 28 28.807513369514794
29 29 28.692307420853727
