0 0 2.1996475157005997
0 1 2.7667894684044585
0 2 2.5861754582957484
0 3 1.3278486744658922
0 4 1.8669071841813383
0 5 1.819928478907421
0 6 2.171547742164178
0 7 2.810236255428524
0 8 1.7126896277111394
0 9 1.8155352194420162
0 10 1.9713028926231846
0 11 1.7657566187127942
0 12 2.17948376116455
0 13 0
0 14 0
0 15 1.4214058860825223
0 16 0
0 17 1.2906425246463031
0 18 1.4524788627652054
0 19 0
0 20 0
0 21 0
0 22 0
0 23 0
0 24 0
0 25 0
0 26 0
0 27 0
0 28 0
0 29 0
1 0 1.7759777988991212
1 1 3.1664172271110087
1 2 1.7299196394505978
1 3 1.8415451889408936
1 4 2.977345681553123
1 5 3.15725178789971
1 6 1.7489630978084751
1 7 2.175838908299989
1 8 4.703283372664285
1 9 1.9666561522064183
1 10 1.8549522921976274
1 11 1.912446676867589
1 12 1.8413060894976896
1 13 0
1 14 0
1 15 1.3652890907151634
1 16 0
1 17 0
1 18 0
1 19 0
1 20 0
1 21 0
1 22 0
1 23 0
1 24 0
1 25 0
1 26 0
1 27 0
1 28 0
1 29 0
2 0 3.624573689111462
2 1 3.0790651272107006
2 2 4.707952381753745
2 3 2.6249374222739257
2 4 3.3022694731184803
2 5 2.347242595692795
2 6 1.8582353370799265
2 7 0
2 8 4.946780218053727
2 9 2.9955775830795393
2 10 2.9036687754218744
2 11 4.252552592181901
2 12 2.8212711231191077
2 13 1.5566826325833902
2 14 1.8446517420812185
2 15 3.686647966446306
2 16 0
2 17 2.8564974401222627
2 18 0
2 19 0
2 20 0
2 21 0
2 22 0
2 23 0
2 24 0
2 25 0
2 26 0
2 27 0
2 28 0
2 29 0
3 0 2.113873786172322
3 1 2.1446524026611304
3 2 3.153665016532645
3 3 2.278425936648933
3 4 2.4483065476227592
3 5 2.5517325315256416
3 6 3.3131345229609392
3 7 3.3035781727404667
3 8 2.8640769146669816
3 9 3.3665673706748476
3 10 2.627836223766532
3 11 2.6935686394809295
3 12 2.6455161734393307
3 13 3.0534911929623374
3 14 3.9364196672273457
3 15 1.648791170719172
3 16 0
3 17 0
3 18 2.551470608028486
3 19 1.9570135840971399
3 20 0
3 21 0
3 22 0
3 23 0
3 24 0
3 25 0
3 26 0
3 27 0
3 28 0
3 29 0
4 0 2.568069124326286
4 1 2.6396314014920015
4 2 1.9438114431513531
4 3 1.5630656016835125
4 4 3.732624806066493
4 5 4.088142854037272
4 6 3.1371508435279165
4 7 5.6494534227878495
4 8 3.8850051572146547
4 9 5.204520915977742
4 10 2.822080420162986
4 11 2.8882175788717066
4 12 2.868813453056027
4 13 2.743061399956711
4 14 2.478030298448055
4 15 2.1124444884119025
4 16 1.9086129319633731
4 17 2.17590717511824
4 18 2.056254032316195
4 19 0
4 20 0
4 21 0
4 22 0
4 23 0
4 24 0
4 25 0
4 26 0
4 27 0
4 28 0
4 29 0
5 0 2.8517550939703904
5 1 2.616816970138906
5 2 1.9865553862344334
5 3 3.7304323578769374
5 4 3.9916543815832717
5 5 4.961845338199738
5 6 4.531239942113056
5 7 4.306082517692094
5 8 5.258079361409909
5 9 4.103162725641195
5 10 3.3567386136554904
5 11 3.9276116618090473
5 12 4.513275874352765
5 13 4.75791612334311
5 14 1.5656089286256123
5 15 3.5888671875
5 16 1.8560340052307664
5 17 3.1337840885512582
5 18 0
5 19 1.641870189809697
5 20 0
5 21 0
5 22 0
5 23 0
5 24 0
5 25 0
5 26 0
5 27 0
5 28 0
5 29 0
6 0 3.00549917731004
6 1 3.2594665485987018
6 2 4.854503208454489
6 3 4.016082588535511
6 4 2.9100534069120156
6 5 3.632824486761898
6 6 4.723774775431742
6 7 6.443335656910015
6 8 5.29600662786471
6 9 6.253932286765574
6 10 4.8294383064666295
6 11 4.365831080573459
6 12 4.873209703732369
6 13 3.822598333001767
6 14 4.463341335907126
6 15 2.8221222946545965
6 16 3.0395098896289965
6 17 3.6432931502701495
6 18 4.641372049845734
6 19 0
6 20 0
6 21 0
6 22 0
6 23 0
6 24 0
6 25 0
6 26 0
6 27 0
6 28 0
6 29 0
7 0 2.5436194721354424
7 1 5.915846016477644
7 2 4.800060923721016
7 3 5.458870890944764
7 4 8.037483626223755
7 5 8.091733400346678
7 6 8.159223706206152
7 7 7.181283727488454
7 8 5.8818392579244065
7 9 5.130004723795807
7 10 6.979160875523268
7 11 4.9082542194878105
7 12 4.309738690865515
7 13 3.8164534895846933
7 14 3.1962537522087806
7 15 1.8688936918209762
7 16 6.323194017431535
7 17 4.725675372191292
7 18 2.543283313987881
7 19 2.012459138827478
7 20 0
7 21 1.7901545982732185
7 22 0
7 23 0
7 24 0
7 25 0
7 26 0
7 27 0
7 28 0
7 29 0
8 0 2.7470323014198645
8 1 5.592598337441896
8 2 7.792165523294612
8 3 4.973112135954563
8 4 7.207917389037945
8 5 8.40828937068314
8 6 9.450319043994092
8 7 12.40764181001762
8 8 10.017227027187499
8 9 17.308640975356315
8 10 10.909190212556528
8 11 9.959455939234806
8 12 10.620185679206182
8 13 6.902220366835044
8 14 4.093732706630008
8 15 5.194554449599767
8 16 5.449833533541352
8 17 3.456835879879714
8 18 3.2870276700842336
8 19 1.9293011567232938
8 20 1.9779353001569604
8 21 1.4627987757774403
8 22 0
8 23 0
8 24 0
8 25 0
8 26 0
8 27 0
8 28 0
8 29 0
9 0 4.102137421909341
9 1 7.038439386135359
9 2 7.885375281226267
9 3 11.55600389786278
9 4 7.587081691235855
9 5 8.632755547179368
9 6 8.398424503776605
9 7 12.683067907822455
9 8 12.568575842595115
9 9 11.349825954127752
9 10 15.57604778183773
9 11 15.86700623428585
9 12 10.812343507727551
9 13 8.000454191846332
9 14 5.658302131169824
9 15 3.7697058570847277
9 16 3.4404745546567943
9 17 4.034310643813966
9 18 3.32810992019706
9 19 4.5577716659713525
9 20 2.454928349278668
9 21 2.200942504215555
9 22 0
9 23 0
9 24 0
9 25 0
9 26 0
9 27 0
9 28 0
9 29 0
10 0 4.364421338045987
10 1 6.1775410304101355
10 2 7.036672085392291
10 3 5.490753353368195
10 4 8.915404613164936
10 5 15.882960149587097
10 6 14.847657655850025
10 7 18.288256798388755
10 8 16.236048212438753
10 9 23.68178505153949
10 10 15.36836954947513
10 11 26.999166677880563
10 12 21.23082183508408
10 13 11.47279455957107
10 14 9.331121628140354
10 15 5.33902303959133
10 16 6.339176928179854
10 17 7.002963988198613
10 18 2.0948294418888147
10 19 2.488865370769698
10 20 1.3718506137818118
10 21 1.5815512161442473
10 22 1.8296866531867508
10 23 0
10 24 0
10 25 0
10 26 0
10 27 0
10 28 0
10 29 0
11 0 3.5318948747912753
11 1 6.295386281186621
11 2 9.73879996284315
11 3 8.151247826099684
11 4 14.02512209487529
11 5 20.441375531306885
11 6 14.942762789875198
11 7 22.51750076040885
11 8 27.712403310807872
11 9 21.763904741385772
11 10 24.546255210845338
11 11 21.97977172233289
11 12 21.586542628050076
11 13 18.429961731972696
11 14 9.494370000472426
11 15 7.641637199866859
11 16 6.0723752964227184
11 17 5.9173581235486346
11 18 3.4436881877684957
11 19 2.5320422653326706
11 20 2.150754346185216
11 21 0
11 22 0
11 23 0
11 24 0
11 25 0
11 26 0
11 27 0
11 28 0
11 29 0
12 0 6.391304686840278
12 1 11.900543567613138
12 2 9.430598972840205
12 3 6.694629434963846
12 4 15.48127990371405
12 5 19.55760066304521
12 6 23.056038898703523
12 7 22.413175404827125
12 8 30.33175682821048
12 9 29.74453759087275
12 10 36.65912014387025
12 11 27.344751679133786
12 12 27.241834116700296
12 13 19.991547249235268
12 14 13.025204649004387
12 15 8.61537894094604
12 16 9.345784811186238
12 17 5.062101051722993
12 18 6.803799090652708
12 19 4.194610391718056
12 20 3.8349342308071392
12 21 1.9374201544150198
12 22 0
12 23 0
12 24 0
12 25 0
12 26 0
12 27 0
12 28 0
12 29 0
13 0 3.161626073943814
13 1 6.995643052818551
13 2 6.9831237455291415
13 3 10.343440603940666
13 4 13.897798043431052
13 5 22.370388578947136
13 6 22.699181409170148
13 7 30.71641528928624
13 8 30.037057011459957
13 9 33.68401360049241
13 10 36.57684538993048
13 11 34.13404297443527
13 12 27.53429725254461
13 13 24.395047726042744
13 14 14.485380127289856
13 15 7.968842205837453
13 16 8.989791647210104
13 17 7.773082488947728
13 18 0
13 19 0
13 20 1.9915932197079267
13 21 0
13 22 0
13 23 0
13 24 0
13 25 0
13 26 0
13 27 0
13 28 0
13 29 0
14 0 3.709600589735712
14 1 7.894794842344353
14 2 9.450319043994092
14 3 13.610820556549083
14 4 18.548557922935032
14 5 23.583603134595027
14 6 27.0256536164573
14 7 31.365919977110824
14 8 31.898927814178265
14 9 38.64161680858106
14 10 40.91878365749134
14 11 32.248981355996904
14 12 31.055280993752
14 13 24.365302955974975
14 14 19.802238515115842
14 15 11.675493357543312
14 16 9.829954197237837
14 17 10.322785204988216
14 18 2.0405674272548455
14 19 3.768766720296527
14 20 2.3104174238372286
14 21 0
14 22 0
14 23 0
14 24 0
14 25 0
14 26 0
14 27 0
14 28 0
14 29 0
15 0 4.31747816884392
15 1 4.1512955425155615
15 2 9.195037380865648
15 3 14.52461858918437
15 4 16.654395095625855
15 5 24.34377458945423
15 6 19.984401732427433
15 7 35.29909364484069
15 8 34.70906241324514
15 9 43.18211376622011
15 10 82.66123322850436
15 11 42.326223354212495
15 12 30.921279336414916
15 13 28.793840857512027
15 14 17.521138901920253
15 15 14.172269755123528
15 16 12.29565298260003
15 17 7.127022283535921
15 18 2.3189940842645336
15 19 2.9250758819189313
15 20 0
15 21 3.2952552642154855
15 22 0
15 23 0
15 24 0
15 25 0
15 26 0
15 27 0
15 28 0
15 29 0
16 0 6.953004240550849
16 1 8.51645110971823
16 2 5.026964112525062
16 3 12.011799055071247
16 4 10.192215320964854
16 5 23.68178505153949
16 6 22.848392765530985
16 7 27.8102132580892
16 8 35.10540493791764
16 9 38.68531244833251
16 10 41.600786827267285
16 11 43.51047219272583
16 12 34.1433290326606
16 13 30.618986030924866
16 14 22.045832286097674
16 15 11.06564410305623
16 16 10.06245779568956
16 17 3.9814902459759263
16 18 4.581762616888352
16 19 4.738269908068174
16 20 0
16 21 0
16 22 0
16 23 0
16 24 0
16 25 0
16 26 0
16 27 0
16 28 0
16 29 0
17 0 5.258079361409909
17 1 5.148737245201056
17 2 4.7865669840467895
17 3 9.207285648533967
17 4 9.778645816883252
17 5 20.239424587750094
17 6 27.30650789197109
17 7 22.991309080334997
17 8 34.89260435618688
17 9 31.924852435254692
17 10 32.499494876589466
17 11 30.774443177032875
17 12 27.705293010852316
17 13 22.311536504662882
17 14 16.645990372604007
17 15 9.394300648054594
17 16 5.097452866746218
17 17 3.1796107202379154
17 18 3.7661379089567655
17 19 2.9133350818780595
17 20 0
17 21 0
17 22 0
17 23 0
17 24 0
17 25 0
17 26 0
17 27 0
17 28 0
17 29 0
18 0 3.6030562187310053
18 1 7.384292313278264
18 2 3.4792150390573577
18 3 10.159517937118487
18 4 9.159062879918027
18 5 12.057851814396626
18 6 19.870179865228454
18 7 24.474773651964547
18 8 27.241834116700296
18 9 24.182903425418253
18 10 26.0920068351778
18 11 22.783748651916028
18 12 19.951860679692544
18 13 19.78167529168765
18 14 9.188924416368703
18 15 6.338133442672784
18 16 5.420744649007377
18 17 3.1279262477306795
18 18 0
18 19 0
18 20 0
18 21 0
18 22 0
18 23 0
18 24 0
18 25 0
18 26 0
18 27 0
18 28 0
18 29 0
19 0 3.5597512860708953
19 1 5.999831516365527
19 2 6.493301051695628
19 3 4.9082542194878105
19 4 12.3639974585155
19 5 14.141780922315426
19 6 15.430151024320994
19 7 21.705002994093235
19 8 20.575859767157187
19 9 21.27400795404473
19 10 25.77959235045124
19 11 21.25266817373643
19 12 9.508916934436856
19 13 10.779172574968642
19 14 8.09603681378212
19 15 7.811166842754993
19 16 6.437816989998018
19 17 4.776996527748168
19 18 0
19 19 0
19 20 0
19 21 0
19 22 0
19 23 0
19 24 0
19 25 0
19 26 0
19 27 0
19 28 0
19 29 0
20 0 2.447332948135636
20 1 1.966208232265053
20 2 3.239759616917087
20 3 5.432661247089723
20 4 11.560458504828917
20 5 6.06463652400055
20 6 10.005438910080306
20 7 13.483378547951332
20 8 9.987846425776668
20 9 16.546032204730334
20 10 16.262863787982695
20 11 11.675493357543312
20 12 9.94283289179046
20 13 6.49128158966462
20 14 5.091312589757067
20 15 6.313539126913051
20 16 5.600681148888912
20 17 2.391717477633591
20 18 1.819735986520275
20 19 0
20 20 0
20 21 0
20 22 0
20 23 0
20 24 0
20 25 0
20 26 0
20 27 0
20 28 0
20 29 0
21 0 2.8336279822077244
21 1 3.587647260766404
21 2 2.2189977362990314
21 3 3.679619554125313
21 4 3.2019767322929686
21 5 5.380983519680149
21 6 5.658302131169824
21 7 6.884016364260823
21 8 8.950483296103698
21 9 6.685641983939506
21 10 8.729815301652032
21 11 9.340447994802231
21 12 3.8501754901334624
21 13 6.838376044330201
21 14 5.061227555485679
21 15 6.45715648329925
21 16 2.127163896294206
21 17 0
21 18 0
21 19 0
21 20 0
21 21 0
21 22 0
21 23 0
21 24 0
21 25 0
21 26 0
21 27 0
21 28 0
21 29 0
22 0 2.2211448730540955
22 1 2.743061399956711
22 2 2.936916213633351
22 3 4.066323008274437
22 4 3.3822678690388486
22 5 7.064946477992067
22 6 4.868075085261854
22 7 8.356942559711953
22 8 5.484103225067552
22 9 4.803645641343016
22 10 5.98284215360202
22 11 5.529708853715011
22 12 9.696148457130306
22 13 5.222381052163026
22 14 4.581762616888352
22 15 3.488434485833563
22 16 0
22 17 0
22 18 0
22 19 0
22 20 0
22 21 0
22 22 0
22 23 0
22 24 0
22 25 0
22 26 0
22 27 0
22 28 0
22 29 0
23 0 1.800876568788975
23 1 4.745326290329971
23 2 3.2470948790513474
23 3 2.3452193656970635
23 4 3.2208515428281594
23 5 1.5780063580869994
23 6 5.339884143255982
23 7 5.5290712748170225
23 8 4.691382066837881
23 9 5.9173581235486346
23 10 6.532622846965619
23 11 2.5585235572233813
23 12 0
23 13 3.8329979325731007
23 14 4.76174400008941
23 15 0
23 16 0
23 17 0
23 18 0
23 19 0
23 20 0
23 21 0
23 22 0
23 23 0
23 24 0
23 25 0
23 26 0
23 27 0
23 28 0
23 29 0
24 0 1.5600753745957252
24 1 2.265075099215513
24 2 4.63221452135487
24 3 2.992502931179029
24 4 3.0395098896289965
24 5 3.1141345929957795
24 6 2.675574186117258
24 7 5.923558631030769
24 8 2.779250423686874
24 9 2.5005300126553145
24 10 5.551575958905627
24 11 3.7878451153286785
24 12 0
24 13 1.826706638868068
24 14 1.5502476417173732
24 15 0
24 16 0
24 17 0
24 18 0
24 19 0
24 20 0
24 21 0
24 22 0
24 23 0
24 24 0
24 25 0
24 26 0
24 27 0
24 28 0
24 29 0
25 0 1.627466844968793
25 1 0
25 2 2.9048022742722734
25 3 2.4579808388532642
25 4 3.848772020710364
25 5 1.918785100499612
25 6 3.4541965678111843
25 7 2.065897567973893
25 8 5.524987097475077
25 9 2.0972756558622856
25 10 0
25 11 4.088722595459138
25 12 1.9915932197079267
25 13 1.950959188269388
25 14 0
25 15 0
25 16 0
25 17 0
25 18 0
25 19 0
25 20 0
25 21 0
25 22 0
25 23 0
25 24 0
25 25 0
25 26 0
25 27 0
25 28 0
25 29 0
26 0 1.7615578434209012
26 1 1.701670347513538
26 2 1.8503831283858931
26 3 0
26 4 2.8067856134755513
26 5 2.1378608851374676
26 6 1.5514951910888521
26 7 1.9293011567232938
26 8 3.5005043455301683
26 9 0
26 10 2.7899541324694455
26 11 0
26 12 0
26 13 1.6998372165822666
26 14 0
26 15 0
26 16 0
26 17 0
26 18 0
26 19 0
26 20 0
26 21 0
26 22 0
26 23 0
26 24 0
26 25 0
26 26 0
26 27 0
26 28 0
26 29 0
27 0 1.4213728075378185
27 1 1.431890286183855
27 2 2.551470608028486
27 3 0
27 4 1.5038931162722118
27 5 1.9872788398390644
27 6 2.340692853177427
27 7 2.818795800122176
27 8 0
27 9 0
27 10 0
27 11 2.306075967951102
27 12 0
27 13 0
27 14 0
27 15 0
27 16 0
27 17 0
27 18 0
27 19 0
27 20 0
27 21 0
27 22 0
27 23 0
27 24 0
27 25 0
27 26 0
27 27 0
27 28 0
27 29 0
28 0 0
28 1 0
28 2 0
28 3 1.7911063246591628
28 4 0
28 5 0
28 6 0
28 7 0
28 8 0
28 9 0
28 10 1.8296866531867508
28 11 0
28 12 0
28 13 0
28 14 0
28 15 0
28 16 0
28 17 0
28 18 0
28 19 0
28 20 0
28 21 0
28 22 0
28 23 0
28 24 0
28 25 0
28 26 0
28 27 0
28 28 0
28 29 0
29 0 0
29 1 0
29 2 0
29 3 0
29 4 0
29 5 0
29 6 0
29 7 1.9784608406341566
29 8 1.4535572883391676
29 9 0
29 10 0
29 11 0
29 12 0
29 13 0
29 14 0
29 15 0
29 16 0
29 17 0
29 18 0
29 19 0
29 20 0
29 21 0
29 22 0
29 23 0
29 24 0
29 25 0
29 26 0
29 27 0
29 28 0
29 29 0
