0 0 3.0662362536045835
0 1 3.691070705843731
0 2 3.5825719543658407
0 3 1.9699300533966067
0 4 2.9674856552052713
0 5 3.128928131619609
0 6 3.136452446465431
0 7 4.355968834199655
0 8 2.788003763717053
0 9 2.7191859692549927
0 10 3.3720196815299404
0 11 3.051441717985587
0 12 3.5184860718989137
0 13 1.58627786436179
0 14 1.5908968054529402
0 15 2.5038927386338075
0 16 2.1081972476600095
0 17 2.2967500597195114
0 18 2.414669501812198
0 19 1.8040041123908894
0 20 2.208657768954899
0 21 0
0 22 0
0 23 0
0 24 0
0 25 0
0 26 0
0 27 0
0 28 0
0 29 0
1 0 2.7109689565437924
1 1 5.135279220891571
1 2 2.9667408657715786
1 3 3.1023032222357974
1 4 4.6660813782576165
1 5 4.82026315988339
1 6 3.460780076725443
1 7 3.3609678954253632
1 8 6.393979069622019
1 9 3.12424490002412
1 10 2.883635964031902
1 11 3.07528070406178
1 12 2.879246387974403
1 13 2.3895897803620345
1 14 2.0013944720131134
1 15 2.2734131980241887
1 16 2.250602649873746
1 17 2.212895326557392
1 18 1.248832585913126
1 19 0
1 20 1.281492722131037
1 21 0
1 22 0
1 23 0
1 24 0
1 25 0
1 26 0
1 27 0
1 28 0
1 29 0
2 0 5.362661464877194
2 1 4.238819100855049
2 2 7.119342626066639
2 3 4.13607786772417
2 4 5.129056841226576
2 5 4.524455250708197
2 6 3.4814616164205896
2 7 1.7972072945000361
2 8 6.6179897511799854
2 9 4.505917677341709
2 10 4.501000625203338
2 11 5.724509496319704
2 12 4.403527034898072
2 13 2.8520014920668157
2 14 2.933486924305729
2 15 4.776595330183682
2 16 2.1501930010084083
2 17 4.221475882824114
2 18 2.0721150819112415
2 19 1.4814817661482005
2 20 1.6686626428468148
2 21 1.1591900531155463
2 22 0
2 23 0
2 24 0
2 25 0
2 26 0
2 27 0
2 28 0
2 29 0
3 0 3.397735234640618
3 1 3.245738310540791
3 2 4.903866544032438
3 3 3.9266048444159045
3 4 3.6433133149148205
3 5 4.702209824678701
3 6 5.267464507391063
3 7 5.677696414003348
3 8 4.455230756148638
3 9 4.9432606784454505
3 10 3.986114914989908
3 11 4.244219134680147
3 12 3.5533948283307213
3 13 4.4494933820100355
3 14 5.367845000764563
3 15 2.682173662431061
3 16 2.331714389332835
3 17 2.0681840628302957
3 18 3.2075630500929537
3 19 2.7180167443853116
3 20 1.347512657549717
3 21 0
3 22 0
3 23 0
3 24 1.2379106930097117
3 25 0
3 26 0
3 27 0
3 28 0
3 29 0
4 0 4.048461253641679
4 1 4.841046783315793
4 2 3.395176801827163
4 3 3.1846025952803694
4 4 5.76574084714487
4 5 6.321870392841143
4 6 6.3673796621841054
4 7 7.97969379026383
4 8 5.365817637730208
4 9 7.646937365490639
4 10 4.897578718589732
4 11 4.765345695125105
4 12 4.226491142206614
4 13 5.009438739719237
4 14 4.14279101308668
4 15 3.1596663425669758
4 16 2.7531319284073437
4 17 2.9797723017093114
4 18 3.1289454525402984
4 19 1.7345703190334545
4 20 0
4 21 1.4559091324466928
4 22 0
4 23 0
4 24 0
4 25 0
4 26 0
4 27 0
4 28 0
4 29 0
5 0 5.132745571598629
5 1 4.043793473728167
5 2 3.7576129264634464
5 3 6.223699331415669
5 4 6.2318038198962995
5 5 6.794369194895614
5 6 7.273045826030663
5 7 6.082957782583456
5 8 9.183366734236765
5 9 6.909682952155882
5 10 5.074992097973683
5 11 6.747214325720263
5 12 6.507213593651744
5 13 6.36537830051594
5 14 2.3682380097622198
5 15 4.896240234375
5 16 2.8968604141273775
5 17 3.54299946682622
5 18 1.952478738072084
5 19 2.276109603298004
5 20 1.611422295978791
5 21 0
5 22 1.52153251169695
5 23 0
5 24 0
5 25 0
5 26 0
5 27 0
5 28 0
5 29 0
6 0 5.179026264015224
6 1 4.735332904900619
6 2 7.100553738060602
6 3 6.106820409177546
6 4 5.013655063228179
6 5 5.660597162479555
6 6 6.785842668268612
6 7 9.80149647338968
6 8 6.465650127779001
6 9 7.875160726261597
6 10 6.840613608436925
6 11 6.380830040838132
6 12 6.950529657870296
6 13 5.49498510369004
6 14 6.220971386710514
6 15 4.167427345735168
6 16 4.426178949445615
6 17 4.790770230443211
6 18 5.296524474846874
6 19 1.9323530537429403
6 20 1.8913749724971662
6 21 1.0210813496952753
6 22 1.218424167318111
6 23 0
6 24 0
6 25 0
6 26 0
6 27 0
6 28 0
6 29 0
7 0 4.681431232433487
7 1 9.12658295704457
7 2 6.735364001719941
7 3 8.472577999884512
7 4 11.744111051065028
7 5 11.251280078896613
7 6 12.114550216911113
7 7 9.47859305178879
7 8 7.911426007851914
7 9 6.798801441175165
7 10 9.6002136932467
7 11 7.2143826646477
7 12 7.235070272849423
7 13 5.7038072878306645
7 14 4.6598360658485305
7 15 2.9845698910734515
7 16 8.77451443788787
7 17 5.742320210693703
7 18 3.8481354944584956
7 19 2.7735268428120223
7 20 1.588106504957137
7 21 2.507272575988567
7 22 1.1842603452169511
7 23 1.4226784584155383
7 24 0
7 25 1.3416538592233702
7 26 0
7 27 0
7 28 0
7 29 0
8 0 5.342620249315816
8 1 7.903414178158981
8 2 10.21572989614598
8 3 7.339003438068128
8 4 10.931356329607878
8 5 12.086915970357012
8 6 12.212176990558193
8 7 16.68858909164145
8 8 13.534862899479721
8 9 22.092706338110077
8 10 15.74476054526045
8 11 14.04722543364621
8 12 14.1155498210998
8 13 10.449009298084256
8 14 5.912677725467774
8 15 6.918741870635422
8 16 6.791532727444476
8 17 4.477384160999981
8 18 4.187021457625353
8 19 2.882148446584409
8 20 2.6365354513695047
8 21 2.147987744823518
8 22 2.0010428745760613
8 23 1.7084996013149216
8 24 0
8 25 0
8 26 0
8 27 0
8 28 0
8 29 0
9 0 6.5253588061918695
9 1 10.152415599395246
9 2 10.863912232431822
9 3 15.23133446086726
9 4 11.420092904033622
9 5 13.351995246304089
9 6 13.23198584052463
9 7 17.087911804786362
9 8 19.170252042746082
9 9 15.96809381828728
9 10 20.384821760178962
9 11 23.36760711356055
9 12 14.452771506551018
9 13 11.560723992955612
9 14 7.2352794472203215
9 15 5.979073558701602
9 16 4.439535434951364
9 17 5.354272292332588
9 18 4.295457349646891
9 19 6.130310894799383
9 20 3.1851782519512377
9 21 2.7501097115780775
9 22 1.5506025847426927
9 23 1.3534923554469913
9 24 0
9 25 0
9 26 0
9 27 0
9 28 0
9 29 0
10 0 6.238530208618801
10 1 9.20625211893066
10 2 11.204947052231812
10 3 7.640641628092106
10 4 13.563455677625305
10 5 20.252117169315678
10 6 19.37438255092625
10 7 24.262359694510742
10 8 22.57724498443729
10 9 27.433722761665745
10 10 20.292577600154925
10 11 29.377620452669763
10 12 24.261156718420708
10 13 16.87013960396992
10 14 12.88929252136119
10 15 7.118697386121774
10 16 8.560559854557486
10 17 7.792838313269534
10 18 2.7427599693695766
10 19 3.082280432970683
10 20 1.7229147472299133
10 21 2.4367922270483375
10 22 2.500179658182714
10 23 1.4407631483241226
10 24 1.3842938060670087
10 25 0
10 26 0
10 27 0
10 28 0
10 29 0
11 0 6.176014361115378
11 1 8.597945373072687
11 2 14.176623759698263
11 3 10.762470073421662
11 4 18.70611825902475
11 5 28.045784497780662
11 6 19.954279057241205
11 7 26.77907735060193
11 8 32.04540994676016
11 9 25.12828128219388
11 10 28.20816741013229
11 11 24.6226681491532
11 12 26.356320169444544
11 13 21.579267629549427
11 14 12.8523593901744
11 15 9.649724977715344
11 16 7.320985009740408
11 17 6.7976262741591755
11 18 4.1663559584582375
11 19 3.7433992730997687
11 20 2.5874226528349418
11 21 1.894823428958898
11 22 1.822460974145878
11 23 1.763523190607019
11 24 1.2576745787751984
11 25 0
11 26 0
11 27 0
11 28 0
11 29 0
12 0 9.012939049002643
12 1 14.897332559166372
12 2 14.750648765139466
12 3 9.811094861584948
12 4 20.1914075300331
12 5 23.308122773357905
12 6 29.27130685041214
12 7 25.728733896665457
12 8 35.78877347308242
12 9 34.965965294201496
12 10 42.08718728963645
12 11 33.486562857422776
12 12 31.37055401823986
12 13 22.115886235871272
12 14 14.731441192145262
12 15 11.511651776181498
12 16 11.464887181164514
12 17 5.872216250981934
12 18 7.814395958840862
12 19 4.796981066419705
12 20 4.428955933984555
12 21 2.8149064126926744
12 22 0
12 23 0
12 24 0
12 25 0
12 26 0
12 27 0
12 28 0
12 29 0
13 0 5.605872318609615
13 1 10.124129386998275
13 2 9.935660628484438
13 3 14.573631152920715
13 4 19.817734196308077
13 5 29.34729194762867
13 6 27.4085551455125
13 7 34.16791455908049
13 8 32.629187754873165
13 9 36.86787280294715
13 10 41.70539914623033
13 11 33.89066298887779
13 12 28.860535869309878
13 13 29.741114355879642
13 14 19.72276512445329
13 15 10.686861017474051
13 16 11.852666471980868
13 17 7.786585237915212
13 18 2.352079603765634
13 19 2.2377489168944575
13 20 2.787133211051313
13 21 1.455083498256112
13 22 0
13 23 0
13 24 0
13 25 0
13 26 0
13 27 0
13 28 0
13 29 0
14 0 5.968928095085189
14 1 10.607678012107469
14 2 12.212176990558193
14 3 18.876059035003596
14 4 22.254627179014836
14 5 26.703323864210745
14 6 32.138101452481926
14 7 34.123148603527675
14 8 36.03585170107742
14 9 36.70847380166469
14 10 33.798651592492845
14 11 27.72392665979971
14 12 31.96807501381656
14 13 27.809715261397944
14 14 25.114569809074805
14 15 15.952469775031245
14 16 14.007455701376193
14 17 10.828981327124241
14 18 2.5426029203164484
14 19 4.529618388961453
14 20 2.9673872638214784
14 21 0
14 22 0
14 23 0
14 24 0
14 25 0
14 26 0
14 27 0
14 28 0
14 29 0
15 0 6.8735113790273275
15 1 7.461436187702511
15 2 12.003896062052272
15 3 19.115115328482148
15 4 18.323482884508405
15 5 27.135491858887054
15 6 25.762334676058646
15 7 40.058080086094975
15 8 35.755257556906784
15 9 34.26000781757616
15 10 69.50203755535064
15 11 32.41494259992909
15 12 34.51200520494353
15 13 31.037516768486988
15 14 22.756462848622704
15 15 17.27391349849928
15 16 13.856714227590325
15 17 8.173647933565672
15 18 2.9626607208060434
15 19 3.6374231286571796
15 20 2.1554589183709925
15 21 3.945924811031796
15 22 0
15 23 0
15 24 0
15 25 0
15 26 0
15 27 0
15 28 0
15 29 0
16 0 10.212090438753322
16 1 11.41335135931548
16 2 6.83208116434486
16 3 16.517343368792975
16 4 15.138035624167639
16 5 27.433722761665745
16 6 27.410467860146156
16 7 32.79727681702925
16 8 36.89008179206943
16 9 37.304452860665506
16 10 31.2720124961444
16 11 41.874580415948536
16 12 37.75444761127831
16 13 33.947136686460176
16 14 25.34222726059629
16 15 13.276906879130703
16 16 11.898672721910282
16 17 4.580074200951806
16 18 4.840174927306283
16 19 5.559986838402335
16 20 2.299218375252511
16 21 0
16 22 0
16 23 0
16 24 0
16 25 0
16 26 0
16 27 0
16 28 0
16 29 0
17 0 9.183366734236765
17 1 7.5361162550113425
17 2 7.833765100845666
17 3 11.618504974532193
17 4 14.169058224463488
17 5 26.942810651028637
17 6 31.622029153021042
17 7 25.57590255077534
17 8 35.96135117140758
17 9 32.63474432549225
17 10 35.86434156835757
17 11 35.98804363616105
17 12 31.17093009226701
17 13 22.601296719009152
17 14 17.70467914133294
17 15 12.278067678426272
17 16 6.050076583083336
17 17 3.893493383726827
17 18 4.137352218979386
17 19 3.672459288455048
17 20 0
17 21 0
17 22 0
17 23 0
17 24 0
17 25 0
17 26 0
17 27 0
17 28 0
17 29 0
18 0 5.567579728467672
18 1 9.40922743383079
18 2 4.874410981579729
18 3 12.808281143821294
18 4 12.3503111668186
18 5 14.804515097858271
18 6 26.834985178813685
18 7 25.536421463358828
18 8 31.37055401823986
18 9 26.315538112611286
18 10 28.45327442207172
18 11 26.561466426675302
18 12 22.115082747577894
18 13 21.96697083303643
18 14 12.027436946005245
18 15 7.569779461008761
18 16 5.826844206045808
18 17 3.5692761886188724
18 18 1.638128759614981
18 19 2.0538787576524755
18 20 0
18 21 0
18 22 0
18 23 0
18 24 0
18 25 0
18 26 0
18 27 0
18 28 0
18 29 0
19 0 5.4989070917563625
19 1 8.509480264391712
19 2 7.9168492311527725
19 3 7.2143826646477
19 4 14.314324119844285
19 5 18.746924966248912
19 6 20.401986464557837
19 7 26.157789016057425
19 8 23.93287446793994
19 9 23.557443512618402
19 10 28.567607523166707
19 11 25.366087820266067
19 12 11.87551772139804
19 13 13.069629887082534
19 14 10.504966099893192
19 15 7.632599722668566
19 16 6.864884595544817
19 17 5.102392696147287
19 18 1.9134044805145298
19 19 0
19 20 0
19 21 0
19 22 0
19 23 0
19 24 0
19 25 0
19 26 0
19 27 0
19 28 0
19 29 0
20 0 3.7977325035037763
20 1 4.328023150956317
20 2 4.551297692398267
20 3 7.486365175714917
20 4 14.665723644268764
20 5 9.222553767267108
20 6 12.753986498252864
20 7 18.69890702775032
20 8 14.80605752561893
20 9 19.20754244688606
20 10 19.369882515118803
20 11 15.952469775031245
20 12 13.114893385253461
20 13 8.3386938802647
20 14 6.010767963109421
20 15 6.53171758486253
20 16 5.817831952723054
20 17 2.9151877180213206
20 18 2.3962301521196925
20 19 0
20 20 0
20 21 0
20 22 0
20 23 0
20 24 0
20 25 0
20 26 0
20 27 0
20 28 0
20 29 0
21 0 4.252562952340185
21 1 5.3354754134474724
21 2 4.235091010329475
21 3 5.39416105151822
21 4 4.591845753453104
21 5 7.560903410903708
21 6 7.2352794472203215
21 7 10.01886371124049
21 8 11.715673257501587
21 9 8.00174922342999
21 10 12.558842369952712
21 11 11.812919522838117
21 12 5.8003830041156546
21 13 7.898483574821842
21 14 5.541523097904195
21 15 6.714539643822366
21 16 2.710781956824078
21 17 0
21 18 0
21 19 0
21 20 0
21 21 0
21 22 0
21 23 0
21 24 0
21 25 0
21 26 0
21 27 0
21 28 0
21 29 0
22 0 3.1543635364475464
22 1 5.009438739719237
22 2 3.9966945989765765
22 3 5.260264657512463
22 4 4.989444799716883
22 5 8.84986761680027
22 6 6.010898899636338
22 7 10.113951827869109
22 8 6.79795624628161
22 9 5.64552168157839
22 10 7.629702927406497
22 11 6.418976318353262
22 12 9.903600935747978
22 13 5.240389262687726
22 14 4.840174927306283
22 15 4.29207640728042
22 16 1.9438294857826328
22 17 0
22 18 0
22 19 0
22 20 0
22 21 0
22 22 0
22 23 0
22 24 0
22 25 0
22 26 0
22 27 0
22 28 0
22 29 0
23 0 2.9314151849015406
23 1 6.040660674666253
23 2 4.912217072445374
23 3 3.5414530531451076
23 4 4.481937136830052
23 5 2.7661395096901162
23 6 6.045730897824301
23 7 6.671040541306343
23 8 5.634974493878928
23 9 6.7976262741591755
23 10 7.4951375365594615
23 11 3.12287095040343
23 12 2.5369666517343727
23 13 4.531326426691483
23 14 5.435617799539738
23 15 1.710954777742641
23 16 0
23 17 0
23 18 0
23 19 0
23 20 0
23 21 0
23 22 0
23 23 0
23 24 0
23 25 0
23 26 0
23 27 0
23 28 0
23 29 0
24 0 2.716538755495774
24 1 3.2228903131031137
24 2 6.111302232199198
24 3 3.83714381553177
24 4 4.426178949445615
24 5 4.6776806715872805
24 6 3.778814191431842
24 7 7.473199982553188
24 8 3.6274916807584985
24 9 3.3164461381567407
24 10 6.349697681353536
24 11 3.8298095801632237
24 12 2.168384467419809
24 13 2.484321028860572
24 14 2.237768055068426
24 15 0
24 16 0
24 17 0
24 18 0
24 19 0
24 20 0
24 21 0
24 22 0
24 23 0
24 24 0
24 25 0
24 26 0
24 27 0
24 28 0
24 29 0
25 0 2.493229258660632
25 1 1.6855166110449769
25 2 4.278211326357496
25 3 3.1657098045230834
25 4 4.726786457328675
25 5 3.1604779712305167
25 6 4.462029481611455
25 7 2.5915657449557314
25 8 6.823706548846971
25 9 2.7259136056973707
25 10 2.0986610899579605
25 11 4.67345153653444
25 12 2.787133211051313
25 13 2.547024509600847
25 14 0
25 15 0
25 16 0
25 17 0
25 18 0
25 19 0
25 20 0
25 21 0
25 22 0
25 23 0
25 24 0
25 25 0
25 26 0
25 27 0
25 28 0
25 29 0
26 0 2.4088086677231133
26 1 2.322353044648219
26 2 2.481838151824882
26 3 1.6919527249905506
26 4 3.2830501406490047
26 5 2.841972281137967
26 6 2.1520050377775126
26 7 2.882148446584409
26 8 4.241534188522401
26 9 1.9128040882954094
26 10 3.6353947786723078
26 11 1.8172602623048775
26 12 1.6947219988823392
26 13 2.3983555325926
26 14 0
26 15 0
26 16 0
26 17 0
26 18 0
26 19 0
26 20 0
26 21 0
26 22 0
26 23 0
26 24 0
26 25 0
26 26 0
26 27 0
26 28 0
26 29 0
27 0 2.455192188219785
27 1 2.482495749418608
27 2 3.2075630500929537
27 3 2.107905325551946
27 4 2.3326118404837524
27 5 2.795502291448253
27 6 3.119509060898294
27 7 3.4238887761121215
27 8 2.128838001122143
27 9 1.7605678615429026
27 10 1.5810558242007053
27 11 3.1136344061661876
27 12 0
27 13 0
27 14 0
27 15 0
27 16 0
27 17 0
27 18 0
27 19 0
27 20 0
27 21 0
27 22 0
27 23 0
27 24 0
27 25 0
27 26 0
27 27 0
27 28 0
27 29 0
28 0 1.7031226673328779
28 1 1.701106947510297
28 2 1.9557912827155977
28 3 2.5164991824670864
28 4 1.2754143384851129
28 5 2.3560329991623834
28 6 0
28 7 1.5165180511428589
28 8 1.6080609786139988
28 9 1.6605086931204875
28 10 2.500179658182714
28 11 0
28 12 0
28 13 0
28 14 0
28 15 0
28 16 0
28 17 0
28 18 0
28 19 0
28 20 0
28 21 0
28 22 0
28 23 0
28 24 0
28 25 0
28 26 0
28 27 0
28 28 0
28 29 0
29 0 0
29 1 0
29 2 0
29 3 1.352953244102539
29 4 1.425227266792933
29 5 0
29 6 1.2375555994863388
29 7 2.8104451707466596
29 8 2.2083092572298755
29 9 1.5529134958729984
29 10 1.4828278519652576
29 11 0
29 12 0
29 13 0
29 14 0
29 15 0
29 16 0
29 17 0
29 18 0
29 19 0
29 20 0
29 21 0
29 22 0
29 23 0
29 24 0
29 25 0
29 26 0
29 27 0
29 28 0
29 29 0
