0 0 0
0 1 0
0 2 0
0 3 0
0 4 0
0 5 0
0 6 0
0 7 0
0 8 1.3539089073802943
0 9 0
0 10 1.2781540698774148
0 11 0
0 12 0
0 13 0
0 14 1.3913919701214144
0 15 1.3074058475311061
0 16 1.6190872831007561
0 17 1.532190213636412
0 18 1.4494145613669667
0 19 1.8080809578426202
0 20 1.5761600100737079
0 21 1.5774895634272394
0 22 1.7446727710999868
0 23 1.8887372622698524
0 24 1.8799593355812583
0 25 1.8088914482988134
0 26 1.9024273945996373
0 27 1.6057328754866425
0 28 1.456033799880159
0 29 1.4213786547213498
1 0 0
1 1 0
1 2 0
1 3 0
1 4 0
1 5 0
1 6 1.3155917107408883
1 7 0
1 8 0
1 9 1.5092218889558748
1 10 0
1 11 0
1 12 1.3358291641395301
1 13 2.030736453970861
1 14 1.7755642469101847
1 15 1.4759602518564683
1 16 1.723053129651047
1 17 1.5782847487364637
1 18 0
1 19 1.717445099540457
1 20 1.7294526680954379
1 21 1.7922769745471554
1 22 1.302247451096601
1 23 1.7462390969532826
1 24 1.2851661085557118
1 25 1.5935502814215594
1 26 1.648622687635915
1 27 1.6471547204399537
1 28 1.439448854403895
1 29 1.8188148158286073
2 0 0
2 1 0
2 2 0
2 3 0
2 4 0
2 5 0
2 6 0
2 7 1.11230869096957
2 8 0
2 9 0
2 10 0
2 11 0
2 12 0
2 13 1.7992282140201574
2 14 0
2 15 0
2 16 1.5045112536069472
2 17 0
2 18 1.6779683788617241
2 19 1.5361604107205227
2 20 1.9988973582314187
2 21 1.6228660743617647
2 22 2.064189261899901
2 23 1.2025264336676562
2 24 1.6343786105533824
2 25 2.0079917325114445
2 26 1.540136206825778
2 27 1.611381925352909
2 28 1.5725983416155396
2 29 1.602178386781915
3 0 0
3 1 0
3 2 0
3 3 0
3 4 0
3 5 0
3 6 0
3 7 0
3 8 0
3 9 0
3 10 0
3 11 0
3 12 1.49272141629817
3 13 0
3 14 0
3 15 0
3 16 0
3 17 2.048337852126368
3 18 1.7120888488158492
3 19 0
3 20 1.6507547532963123
3 21 1.7054244240606606
3 22 2.2421413187428327
3 23 1.9440446783432783
3 24 1.401466193324785
3 25 1.471647281808119
3 26 1.3463382784297286
3 27 1.3170101143482977
3 28 1.2615842649125932
3 29 1.2306340817423755
4 0 0
4 1 0
4 2 0
4 3 0
4 4 0
4 5 0
4 6 0
4 7 0
4 8 0
4 9 0
4 10 0
4 11 0
4 12 0
4 13 0
4 14 0
4 15 0
4 16 1.4926873262147178
4 17 1.605625894212009
4 18 1.6032699721629078
4 19 2.0459570389563275
4 20 1.8326651370490437
4 21 1.7859013663155798
4 22 2.0477506034997677
4 23 1.6565148366757692
4 24 2.124849881785831
4 25 1.6049842665256149
4 26 2.144194426365909
4 27 1.5410804568480898
4 28 1.1689893475593112
4 29 1.6438699837006825
5 0 0
5 1 0
5 2 0
5 3 0
5 4 0
5 5 0
5 6 0
5 7 0
5 8 0
5 9 0
5 10 0
5 11 0
5 12 0
5 13 0
5 14 1.5088140804276948
5 15 0
5 16 0
5 17 0
5 18 1.952478738072084
5 19 1.9195471469588066
5 20 1.693145923473164
5 21 1.9164185223771881
5 22 1.85225523125924
5 23 1.895500353325493
5 24 1.5110396673484545
5 25 1.6419219167406203
5 26 1.709445116247419
5 27 1.4492903330976545
5 28 1.2631908694158198
5 29 1.3435045556604364
6 0 0
6 1 0
6 2 0
6 3 0
6 4 0
6 5 0
6 6 0
6 7 0
6 8 0
6 9 0
6 10 0
6 11 0
6 12 0
6 13 0
6 14 0
6 15 0
6 16 1.7075777663840865
6 17 0
6 18 0
6 19 1.818000105905002
6 20 1.9314375415913092
6 21 1.5339844235524907
6 22 1.7392612791845654
6 23 1.7692618603537664
6 24 2.0796261558040245
6 25 1.4971860132447683
6 26 1.4137890874712757
6 27 1.2713891040715968
6 28 1.3942368750092686
6 29 0
7 0 0
7 1 0
7 2 0
7 3 0
7 4 0
7 5 0
7 6 0
7 7 0
7 8 0
7 9 0
7 10 0
7 11 0
7 12 0
7 13 0
7 14 0
7 15 0
7 16 0
7 17 0
7 18 1.728018527995978
7 19 1.7289241118528442
7 20 1.684644709333289
7 21 1.765863414933818
7 22 1.455609518454938
7 23 1.778871886884819
7 24 1.7190510119319473
7 25 1.6994282216829357
7 26 1.5671233947004346
7 27 1.5824694516342088
7 28 1.5297753491439345
7 29 1.5748631527212087
8 0 0
8 1 0
8 2 0
8 3 0
8 4 0
8 5 0
8 6 0
8 7 0
8 8 0
8 9 0
8 10 0
8 11 0
8 12 0
8 13 0
8 14 0
8 15 0
8 16 0
8 17 0
8 18 0
8 19 2.1610748218246463
8 20 2.0195648072838472
8 21 2.1596731380940715
8 22 1.4838600174578298
8 23 1.734832825749492
8 24 1.656868123766704
8 25 1.7125467929735543
8 26 1.7752996513267063
8 27 1.581247740754187
8 28 0
8 29 1.28265145844937
9 0 0
9 1 0
9 2 0
9 3 0
9 4 0
9 5 0
9 6 0
9 7 0
9 8 0
9 9 0
9 10 0
9 11 0
9 12 0
9 13 0
9 14 0
9 15 0
9 16 0
9 17 0
9 18 1.6814454756841448
9 19 0
9 20 0
9 21 1.766096096829278
9 22 1.6516363608404676
9 23 1.585428838892133
9 24 1.6531466836032922
9 25 1.7648279278984316
9 26 1.4663633602201123
9 27 1.3829645360108258
9 28 0
9 29 0
10 0 0
10 1 0
10 2 0
10 3 0
10 4 0
10 5 0
10 6 0
10 7 0
10 8 0
10 9 0
10 10 0
10 11 0
10 12 0
10 13 0
10 14 0
10 15 0
10 16 0
10 17 0
10 18 2.42317261459866
10 19 1.8704529707836903
10 20 2.2003619687193314
10 21 2.0177671086405544
10 22 1.5174315376224425
10 23 1.4886821000422197
10 24 1.807537659416232
10 25 1.391951616836885
10 26 1.52607390551864
10 27 0
10 28 0
10 29 0
11 0 0
11 1 0
11 2 0
11 3 0
11 4 0
11 5 0
11 6 0
11 7 0
11 8 0
11 9 0
11 10 0
11 11 0
11 12 0
11 13 0
11 14 0
11 15 0
11 16 0
11 17 0
11 18 1.8771735994745735
11 19 2.3308782857034775
11 20 1.9671798590613265
11 21 1.894823428958898
11 22 1.5235558704216574
11 23 1.4990482494534465
11 24 1.4294180963178675
11 25 1.7411268971463023
11 26 1.4141470102254112
11 27 1.484169605958511
11 28 0
11 29 0
12 0 0
12 1 0
12 2 0
12 3 0
12 4 0
12 5 0
12 6 0
12 7 0
12 8 0
12 9 0
12 10 0
12 11 0
12 12 0
12 13 0
12 14 0
12 15 0
12 16 0
12 17 0
12 18 0
12 19 1.9642999921384081
12 20 1.8541339191089186
12 21 2.258875516358319
12 22 1.7869623527150222
12 23 1.4988895702134954
12 24 1.828344076376411
12 25 1.7441373064568033
12 26 0
12 27 0
12 28 0
12 29 0
13 0 0
13 1 0
13 2 0
13 3 0
13 4 0
13 5 0
13 6 0
13 7 0
13 8 0
13 9 0
13 10 0
13 11 0
13 12 0
13 13 0
13 14 0
13 15 0
13 16 0
13 17 0
13 18 3.194017189204469
13 19 2.0543993017885938
13 20 1.7732312082909143
13 21 1.870977581403583
13 22 1.5935084793385266
13 23 1.5347511981307294
13 24 1.2674780835087047
13 25 1.4368342582082652
13 26 1.3947216453417266
13 27 0
13 28 0
13 29 0
14 0 0
14 1 0
14 2 0
14 3 0
14 4 0
14 5 0
14 6 0
14 7 0
14 8 0
14 9 0
14 10 0
14 11 0
14 12 0
14 13 0
14 14 0
14 15 0
14 16 0
14 17 0
14 18 2.1892772726383494
14 19 1.6825247541759365
14 20 2.00397847162981
14 21 1.9309671149597427
14 22 1.5457040670400803
14 23 1.6413191834834746
14 24 1.5607570195393565
14 25 0
14 26 0
14 27 0
14 28 0
14 29 0
15 0 0
15 1 0
15 2 0
15 3 0
15 4 0
15 5 0
15 6 0
15 7 0
15 8 0
15 9 0
15 10 0
15 11 0
15 12 0
15 13 0
15 14 0
15 15 0
15 16 0
15 17 0
15 18 2.5051415784559805
15 19 1.7051812218796816
15 20 1.9639363745198462
15 21 0
15 22 0
15 23 0
15 24 1.358892539090731
15 25 0
15 26 0
15 27 0
15 28 0
15 29 0
16 0 0
16 1 0
16 2 0
16 3 0
16 4 0
16 5 0
16 6 0
16 7 0
16 8 0
16 9 0
16 10 0
16 11 0
16 12 0
16 13 0
16 14 0
16 15 0
16 16 0
16 17 2.0145524393790493
16 18 1.9549453049008663
16 19 0
16 20 1.7032894346648197
16 21 1.8718297705428655
16 22 0
16 23 0
16 24 0
16 25 0
16 26 0
16 27 0
16 28 0
16 29 0
17 0 0
17 1 0
17 2 0
17 3 0
17 4 0
17 5 0
17 6 0
17 7 0
17 8 0
17 9 0
17 10 0
17 11 0
17 12 0
17 13 0
17 14 0
17 15 0
17 16 0
17 17 2.653830472842907
17 18 2.049552948064285
17 19 1.6078205909211736
17 20 2.5150588508331775
17 21 0
17 22 0
17 23 0
17 24 0
17 25 0
17 26 0
17 27 0
17 28 0
17 29 0
18 0 0
18 1 0
18 2 0
18 3 0
18 4 0
18 5 0
18 6 0
18 7 0
18 8 0
18 9 0
18 10 0
18 11 0
18 12 0
18 13 0
18 14 0
18 15 0
18 16 2.2209995436905223
18 17 2.500982998366426
18 18 1.8441614489686176
18 19 1.9359688235062154
18 20 0
18 21 0
18 22 0
18 23 0
18 24 0
18 25 0
18 26 0
18 27 0
18 28 0
18 29 0
19 0 0
19 1 0
19 2 0
19 3 0
19 4 0
19 5 0
19 6 0
19 7 0
19 8 0
19 9 0
19 10 0
19 11 0
19 12 0
19 13 0
19 14 0
19 15 0
19 16 0
19 17 0
19 18 0
19 19 1.8173280533488105
19 20 0
19 21 0
19 22 0
19 23 0
19 24 0
19 25 0
19 26 0
19 27 0
19 28 0
19 29 0
20 0 0
20 1 0
20 2 0
20 3 0
20 4 0
20 5 0
20 6 0
20 7 0
20 8 0
20 9 0
20 10 0
20 11 0
20 12 0
20 13 0
20 14 2.424434566550984
20 15 0
20 16 0
20 17 2.3025921565330942
20 18 0
20 19 1.7756602188520985
20 20 0
20 21 0
20 22 0
20 23 0
20 24 0
20 25 0
20 26 0
20 27 0
20 28 0
20 29 0
21 0 0
21 1 0
21 2 0
21 3 0
21 4 0
21 5 0
21 6 0
21 7 0
21 8 0
21 9 0
21 10 0
21 11 0
21 12 0
21 13 0
21 14 2.0401232827729876
21 15 1.5386545955833701
21 16 1.9423890663194974
21 17 1.8919941830293847
21 18 0
21 19 0
21 20 0
21 21 0
21 22 0
21 23 0
21 24 0
21 25 0
21 26 0
21 27 0
21 28 0
21 29 0
22 0 1.5043400399724745
22 1 0
22 2 0
22 3 0
22 4 1.5243102775358834
22 5 0
22 6 0
22 7 0
22 8 0
22 9 0
22 10 0
22 11 0
22 12 0
22 13 0
22 14 1.9549453049008663
22 15 1.578101315019945
22 16 2.2155838101959184
22 17 0
22 18 0
22 19 0
22 20 0
22 21 0
22 22 0
22 23 0
22 24 0
22 25 0
22 26 0
22 27 0
22 28 0
22 29 0
23 0 1.4541500415425563
23 1 0
23 2 0
23 3 1.6730090530018429
23 4 0
23 5 0
23 6 0
23 7 0
23 8 0
23 9 0
23 10 0
23 11 2.607597243586864
23 12 2.786870138976457
23 13 1.9979334392428474
23 14 0
23 15 2.228038369188361
23 16 1.9190839086621807
23 17 1.536602265123937
23 18 0
23 19 0
23 20 0
23 21 0
23 22 0
23 23 0
23 24 0
23 25 0
23 26 0
23 27 0
23 28 0
23 29 0
24 0 1.369771273941287
24 1 0
24 2 0
24 3 1.5517076852692397
24 4 1.7075777663840865
24 5 0
24 6 0
24 7 0
24 8 2.0888214935122957
24 9 2.107966593781987
24 10 1.918137841242214
24 11 2.015398640080128
24 12 2.3088152819849883
24 13 2.0558752899260617
24 14 2.233332439498419
24 15 0
24 16 2.002935017689516
24 17 0
24 18 0
24 19 0
24 20 0
24 21 0
24 22 0
24 23 0
24 24 0
24 25 0
24 26 0
24 27 0
24 28 0
24 29 0
25 0 0
25 1 0
25 2 0
25 3 1.922946216602877
25 4 0
25 5 0
25 6 1.7464796860940588
25 7 1.8019818577196363
25 8 0
25 9 2.383812537676198
25 10 2.351024812904493
25 11 1.7793717776167912
25 12 1.7732312082909143
25 13 1.8640788185550239
25 14 0
25 15 1.574248886452774
25 16 1.6951638387224248
25 17 0
25 18 0
25 19 0
25 20 0
25 21 0
25 22 0
25 23 0
25 24 0
25 25 0
25 26 0
25 27 0
25 28 0
25 29 0
26 0 0
26 1 0
26 2 1.6702666042872099
26 3 1.878309683499155
26 4 1.9907857235850348
26 5 0
26 6 2.144525377765376
26 7 2.1610748218246463
26 8 1.783641598830141
26 9 2.059776605814153
26 10 1.8404592528877695
26 11 2.688936536448724
26 12 1.933399888114
26 13 2.0135692301894115
26 14 1.8102816702747588
26 15 1.717380890428627
26 16 0
26 17 0
26 18 0
26 19 0
26 20 0
26 21 0
26 22 0
26 23 0
26 24 0
26 25 0
26 26 0
26 27 0
26 28 0
26 29 0
27 0 0
27 1 1.7033485025226174
27 2 1.7120888488158492
27 3 1.558426529169239
27 4 1.6143188345998916
27 5 1.8742332067381713
27 6 1.6531275907753542
27 7 1.829127886927353
27 8 2.2539379740660355
27 9 1.4998622001444106
27 10 2.036322409385796
27 11 1.5298266135705576
27 12 1.6278977069798772
27 13 1.6152480220307301
27 14 1.7072397533927677
27 15 0
27 16 0
27 17 0
27 18 0
27 19 0
27 20 0
27 21 0
27 22 0
27 23 0
27 24 0
27 25 0
27 26 0
27 27 0
27 28 0
27 29 0
28 0 1.9339676071822136
28 1 1.3866599056977875
28 2 1.3622169156626116
28 3 1.5673481260527014
28 4 1.9894372837189915
28 5 1.8940657444246611
28 6 2.0441276504418213
28 7 1.873159072242052
28 8 1.683472028469741
28 9 1.945075972365141
28 10 1.5174315376224425
28 11 1.7006604231552884
28 12 1.7530116525198065
28 13 1.4994051925080072
28 14 1.6572327105590359
28 15 0
28 16 0
28 17 0
28 18 0
28 19 0
28 20 0
28 21 0
28 22 0
28 23 0
28 24 0
28 25 0
28 26 0
28 27 0
28 28 0
28 29 0
29 0 1.6290704057685066
29 1 1.4959579898626971
29 2 1.7170522714508973
29 3 1.7049074162485705
29 4 1.6612058149781963
29 5 1.9164185223771881
29 6 1.4534205050699
29 7 1.5598391422968922
29 8 1.580228947453692
29 9 1.7743043012191488
29 10 2.236465806835055
29 11 1.5254237893541422
29 12 1.319162459519033
29 13 0
29 14 0
29 15 0
29 16 0
29 17 0
29 18 0
29 19 0
29 20 0
29 21 0
29 22 0
29 23 0
29 24 0
29 25 0
29 26 0
29 27 0
29 28 0
29 29 0
