0 0 4.371145977269747
0 1 5.351951619408187
0 2 5.792060932439969
0 3 6.225751091910472
0 4 6.049105374072284
0 5 5.14607513743839
0 6 6.166376135768091
0 7 5.899648647261926
0 8 5.259375831554736
0 9 6.228809040852088
0 10 6.472135515801511
0 11 7.421534819840706
0 12 7.090532236227203
0 13 5.509253166816548
0 14 6.0920961056905085
0 15 6.708542809169824
0 16 7.009550770916257
0 17 7.217772469314615
0 18 8.629072737440545
0 19 10.175806247520136
0 20 8.354664930816506
0 21 6.825305326519914
0 22 9.804170421355378
0 23 8.237357594934258
0 24 9.763302473377546
0 25 10.855357453200208
0 26 8.134655315507663
0 27 10.647597710756479
0 28 11.225711650821431
0 29 10.583804136694358
1 0 5.822215208684654
1 1 5.135279220891571
1 2 4.96358567927168
1 3 4.323183264209938
1 4 5.720771716175125
1 5 6.252758104067352
1 6 4.833122802439468
1 7 5.985625285760617
1 8 7.04456540399056
1 9 6.692439606558972
1 10 6.194938600915187
1 11 6.972851184496594
1 12 7.319554984857783
1 13 7.089946067081105
1 14 6.774906753087869
1 15 6.0858795528545615
1 16 7.156503471983857
1 17 7.483459800797436
1 18 5.373577579550471
1 19 6.25047482196933
1 20 8.255554072659002
1 21 8.960364794776444
1 22 7.666981868331238
1 23 9.37550799293918
1 24 9.26938705068529
1 25 12.63537018581249
1 26 11.176011186513552
1 27 10.985046471965175
1 28 12.724807953534294
1 29 10.61341334900645
2 0 4.435681317802137
2 1 5.827355353487626
2 2 5.4953451145906085
2 3 6.3739656936157445
2 4 5.753140308611921
2 5 5.992518640947154
2 6 7.021155565732324
2 7 5.007995268432816
2 8 5.94114989026385
2 9 6.46810466961029
2 10 6.146482714231164
2 11 6.993365661195249
2 12 6.40018330452391
2 13 6.440003369183132
2 14 7.53311090597514
2 15 6.927313646392041
2 16 7.818883640030575
2 17 7.61317763634619
2 18 7.820863714053412
2 19 6.8668124202523835
2 20 8.460592832781877
2 21 8.378995003405116
2 22 7.254326187013924
2 23 7.645579428984521
2 24 8.73024641754215
2 25 9.76005678469199
2 26 12.272549577175077
2 27 13.35894101819483
2 28 13.658680225387142
2 29 12.60086230605451
3 0 5.429834406260819
3 1 5.33287130010373
3 2 6.018381667676174
3 3 5.448319710203272
3 4 6.299809194818427
3 5 5.12854351544957
3 6 5.242301460381233
3 7 7.456707957057731
3 8 6.5163545402136185
3 9 5.926847132824434
3 10 5.923193546174723
3 11 5.387137278961859
3 12 7.419268821600805
3 13 6.613085898570366
3 14 8.967458707159622
3 15 6.133083080891697
3 16 7.034947816154233
3 17 7.090319908329316
3 18 10.080912443149282
3 19 10.083032322945051
3 20 8.528037095399132
3 21 8.427045792938582
3 22 9.462247767171588
3 23 12.238458481384688
3 24 15.447817004758681
3 25 11.308447533893967
3 26 11.770552918739604
3 27 12.132702407257856
3 28 12.07242204502427
3 29 9.418076867802533
4 0 5.07445524326443
4 1 5.1469711744049205
4 2 5.439763076611697
4 3 6.310733798647394
4 4 5.2244158331116175
4 5 5.478954340462324
4 6 5.174289253721701
4 7 5.874412875385713
4 8 6.48493741467156
4 9 6.359660283897455
4 10 6.121973398237165
4 11 6.198788983900428
4 12 7.9457180928624584
4 13 6.0734656597955405
4 14 7.397992767603277
4 15 7.869517512720431
4 16 6.726593806676224
4 17 8.080738445313386
4 18 9.630105575110624
4 19 9.655078161366939
4 20 9.179986277400209
4 21 8.05264067554265
4 22 8.968733956338378
4 23 12.96349134165182
4 24 13.069676255471842
4 25 12.618638266493667
4 26 12.89783999707341
4 27 10.724454222821318
4 28 11.543769807148198
4 29 14.49438100090054
5 0 5.376768124962302
5 1 7.197286738219885
5 2 4.607051037902288
5 3 5.743982141570242
5 4 5.825657746094504
5 5 5.191442294723119
5 6 6.33775690301204
5 7 6.194414373384844
5 8 5.868584078760854
5 9 5.4321135926861395
5 10 7.791427970296045
5 11 8.37689292963225
5 12 5.753565427610013
5 13 7.8610917701847765
5 14 6.3395909799788654
5 15 7.8826904296875
5 16 8.845960235939295
5 17 9.388630544049372
5 18 10.30621551302517
5 19 11.544629854805402
5 20 8.784242216831068
5 21 7.757528572062779
5 22 10.108883126243578
5 23 12.146125828854444
5 24 9.21290077426399
5 25 10.755360618248277
5 26 13.585266109913462
5 27 13.328970798114772
5 28 15.252086688023136
5 29 13.105775151132365
6 0 5.033431148159375
6 1 6.192358414100809
6 2 5.322254819685781
6 3 6.38247549709181
6 4 6.1742628736095115
6 5 5.690638239156854
6 6 5.750494772283572
6 7 5.819367711654438
6 8 6.613486109180807
6 9 6.964309264286681
6 10 7.111097054688895
6 11 7.519173609299344
6 12 8.034916803741037
6 13 6.919771755081608
6 14 9.125823022397887
6 15 8.136508433939225
6 16 8.684927269377768
6 17 7.547279417451125
6 18 10.380337123394677
6 19 7.572706323490142
6 20 11.301861597084518
6 21 8.160251156639259
6 22 9.964931730649752
6 23 11.078205005465987
6 24 16.91110874974336
6 25 11.977488105958146
6 26 12.127031122291907
6 27 14.627655399472083
6 28 14.571363196276149
6 29 19.898124276675635
7 0 5.342437608416052
7 1 6.842830435014028
7 2 5.780444719812577
7 3 5.1040656568426375
7 4 4.993830212329704
7 5 5.465278959741383
7 6 5.804343534452372
7 7 7.974819963554028
7 8 6.986885405932659
7 9 7.478681585292682
7 10 7.381379773352665
7 11 6.419165959420152
7 12 6.269512448502059
7 13 7.843833596901183
7 14 9.100900485413092
7 15 6.752834283085228
7 16 10.76675364885945
7 17 10.571383193580154
7 18 9.55606030361074
7 19 11.673968479045838
7 20 12.407811410807398
7 21 11.81185193338506
7 22 10.037815927842434
7 23 10.937233509468498
7 24 10.587767738334955
7 25 14.893397879130745
7 26 13.880235781632422
7 27 12.742391093576762
7 28 14.64301787767384
7 29 15.479827523294851
8 0 4.6400867204687755
8 1 6.258282900731038
8 2 4.688977278691272
8 3 7.084745538569585
8 4 5.700293920685826
8 5 5.583629660219271
8 6 6.9311163483262
8 7 6.0617147711789725
8 8 6.026406634003174
8 9 6.5400144472102015
8 10 7.006642726979152
8 11 6.916039835391226
8 12 8.68477305332391
8 13 7.658750000853069
8 14 7.00138934258235
8 15 8.700108976552361
8 16 10.506335055840747
8 17 8.989510391144481
8 18 10.912154891625663
8 19 11.588683255067616
8 20 11.972219280388812
8 21 13.308600626681026
8 22 12.928513794301148
8 23 16.415078783533747
8 24 11.005213984841793
8 25 16.636168846028813
8 26 17.953030276796834
8 27 15.141770880603456
8 28 16.67884132071821
8 29 18.031357480195002
9 0 6.098229033395123
9 1 4.764810178371634
9 2 6.1851988423155815
9 3 5.0394603464364005
9 4 6.815216733052322
9 5 6.618445919504182
9 6 5.490246656990132
9 7 6.886509528075473
9 8 6.411243232838922
9 9 7.064036940149335
9 10 7.167536925971609
9 11 6.7396043137589805
9 12 7.5804423416897615
9 13 8.126800902151857
9 14 9.685866355969248
9 15 8.21511370742049
9 16 9.051094597635567
9 17 10.27074635961754
9 18 10.69516708515319
9 19 11.085537530694303
9 20 11.993280754481262
9 21 11.73551090597265
9 22 12.302723388411158
9 23 13.115531557007465
9 24 12.980419141707024
9 25 18.566956830493087
9 26 16.465165730471547
9 27 15.856601683831295
9 28 18.222370968483343
9 29 15.877450859190093
10 0 6.374519967934742
10 1 4.783304339518959
10 2 5.736794237105538
10 3 6.226356673436662
10 4 5.126136316804864
10 5 5.564407966724003
10 6 5.2238405289179655
10 7 4.748176727545655
10 8 5.695077741372774
10 9 8.790121392659659
10 10 5.115032748295932
10 11 5.867162338981959
10 12 7.839143745460766
10 13 8.352597636620633
10 14 6.96657183813008
10 15 9.069148563884937
10 16 8.725271614629575
10 17 13.423450820479005
10 18 11.618970404959068
10 19 11.398786029970566
10 20 11.692055939822309
10 21 14.466036395493305
10 22 14.021537929038384
10 23 15.351102399290873
10 24 17.337086564259916
10 25 15.85366306192352
10 26 17.828418959709825
10 27 18.404116284903846
10 28 23.96092346483896
10 29 24.290435236943416
11 0 5.488842065234538
11 1 5.777957271774022
11 2 5.950520120537555
11 3 6.889745186346162
11 4 6.271105548154429
11 5 4.811599244858109
11 6 4.818765641698083
11 7 4.829166485393468
11 8 5.185478593677679
11 9 4.668785242011249
11 10 6.575230368250917
11 11 7.7195392035183
11 12 8.516786578359493
11 13 7.9897331573137444
11 14 10.340767326095937
11 15 9.063654110424723
11 16 11.40816069002493
11 17 9.62960007183046
11 18 13.140215196322014
11 19 10.434288160766412
11 20 11.262131849115313
11 21 15.426498612048498
11 22 13.08301187811625
11 23 13.568528155052912
11 24 16.41057312966722
11 25 16.820263748744253
11 26 17.96549310368762
11 27 19.456766839990948
11 28 26.286918303630433
11 29 23.673883237591333
12 0 5.144743249929741
12 1 5.218397015638221
12 2 4.7810332153200115
12 3 7.800042385432015
12 4 7.285837953522202
12 5 5.269026184244173
12 6 4.373017870214147
12 7 5.015966346938276
12 8 3.719159312295675
12 9 4.563860263162345
12 10 5.255981683717448
12 11 4.488998934450074
12 12 4.50975830366763
12 13 8.146460667501467
12 14 7.953113504367031
12 15 10.896595421313746
12 16 10.269496100663948
12 17 11.968221231040923
12 18 13.146624171254679
12 19 12.900405544340435
12 20 13.645027946516517
12 21 13.900772408358886
12 22 14.252457143493558
12 23 13.774278291789535
12 24 19.89719046497897
12 25 24.552662511494912
12 26 28.51214926723959
12 27 26.969540534324082
12 28 26.533245344210577
12 29 26.785557164737387
13 0 4.660821046506845
13 1 5.87460211640415
13 2 5.803869073946401
13 3 6.983384186871071
13 4 5.684226597019745
13 5 5.523381833539547
13 6 4.916586180741418
13 7 4.210732698554854
13 8 3.9376642590780837
13 9 6.7580960459747725
13 10 6.092721862484214
13 11 6.439428784541413
13 12 4.483478308915424
13 13 7.686177022861173
13 14 7.46445321217347
13 15 7.774367265311496
13 16 11.396794684596987
13 17 14.01585342824738
13 18 11.787126196143689
13 19 10.700548621359085
13 20 14.194628038645586
13 21 12.767184242763307
13 22 17.27858853176345
13 23 16.740377218284088
13 24 15.157915070240387
13 25 24.246443572221573
13 26 22.17821988654167
13 27 24.37845626598938
13 28 29.31718080852694
13 29 29.437979382844304
14 0 5.534276517865575
14 1 5.116593458220968
14 2 6.9311163483262
14 3 5.310010914495794
14 4 7.421244333427615
14 5 7.9200053046494325
14 6 4.618307896483209
14 7 3.8474094485639365
14 8 5.252271013269022
14 9 0
14 10 0
14 11 4.118755771010474
14 12 6.384487062562666
14 13 6.893717241961594
14 14 9.467945290039761
14 15 8.330320081120288
14 16 9.674214009583558
14 17 12.926079547402058
14 18 15.564218404047917
14 19 14.125665965184394
14 20 17.918962615409345
14 21 16.30789499816001
14 22 18.714606525973252
14 23 17.31559042973801
14 24 25.963345182977818
14 25 28.510859945794987
14 26 31.33108255811328
14 27 29.79629298915279
14 28 32.96336570330344
14 29 30.12379643744967
15 0 5.211120782345279
15 1 6.524398348709497
15 2 7.909852040888748
15 3 5.702257668346457
15 4 6.648989060630476
15 5 7.607429559204447
15 6 4.474084214189682
15 7 5.171956339049081
15 8 4.733520184312244
15 9 0
15 10 0
15 11 0
15 12 5.014192194981018
15 13 7.660972353921091
15 14 6.200228542718781
15 15 9.473092637900631
15 16 14.19647461620586
15 17 15.867026088329812
15 18 15.492854094873692
15 19 14.202423231843822
15 20 18.3330250067918
15 21 18.68634712077215
15 22 20.939268852677085
15 23 22.577973602595204
15 24 24.317715961423815
15 25 29.75051473281373
15 26 31.307695193173323
15 27 32.17696888215045
15 28 30.406551010933022
15 29 31.061927240716035
16 0 5.605456050276907
16 1 7.000479249778616
16 2 5.675747013790368
16 3 7.909335246553252
16 4 6.29385235637776
16 5 8.790121392659659
16 6 4.386245117010212
16 7 3.764744059199839
16 8 4.4515519259808904
16 9 0
16 10 0
16 11 5.752177903408456
16 12 4.7066264620185745
16 13 8.075659678872446
16 14 11.15629628652566
16 15 12.91302819446022
16 16 11.476343288879516
16 17 13.95788949557392
16 18 15.891233558918307
16 19 16.18425084527716
16 20 19.15867071680429
16 21 20.723195943071726
16 22 31.406069049339
16 23 26.467338404977337
16 24 31.64562379733487
16 25 30.31980642846314
16 26 33.340400168737524
16 27 32.36906171688309
16 28 32.756362540349954
16 29 32.680227559003654
17 0 5.868584078760854
17 1 6.096731096091115
17 2 6.697671005276142
17 3 6.612992262598839
17 4 6.671794061519139
17 5 8.014516670696661
17 6 5.66765510594224
17 7 5.212584965570917
17 8 4.549595817571445
17 9 5.027555779789553
17 10 4.513818732859648
17 11 5.604113333985057
17 12 6.322312218523661
17 13 8.325776825549525
17 14 12.146563105506047
17 15 10.41128129161562
17 16 14.051199815972502
17 17 14.558673746834188
17 18 16.93637167181991
17 19 19.240103784393764
17 20 25.802806256505207
17 21 24.11664908761309
17 22 28.325810100086198
17 23 29.70281448363058
17 24 31.888973647833883
17 25 32.88591856112296
17 26 35.228509219383454
17 27 34.430048558511814
17 28 33.65061560558494
17 29 31.65350042225631
18 0 7.116036031993736
18 1 6.525754510560064
18 2 7.857848846092973
18 3 7.972955021518182
18 4 6.008381308528902
18 5 8.386478558836226
18 6 6.727368768803917
18 7 7.403097684811894
18 8 4.50975830366763
18 9 5.820723114127776
18 10 8.34806478116454
18 11 7.7805327226259635
18 12 8.454914823364387
18 13 9.620051024415824
18 14 12.046142135656886
18 15 13.654203049717205
18 16 12.913053330547875
18 17 16.277891153168632
18 18 13.375236882629535
18 19 21.452870304096717
18 20 28.06910219489245
18 21 30.29041690811917
18 22 35.40414189156038
18 23 33.986127801364646
18 24 33.07894406532539
18 25 34.09227399141543
18 26 36.98852163943226
18 27 36.08835875334723
18 28 37.24502895342275
18 29 33.487395490973256
19 0 6.024852326815486
19 1 8.487882598746047
19 2 7.231275414665743
19 3 6.419165959420152
19 4 8.72279126053011
19 5 7.283923699410542
19 6 5.569190899784707
19 7 7.918134139476073
19 8 6.874336283344451
19 9 6.6457489069321305
19 10 9.882177067672975
19 11 9.059997207576261
19 12 10.25999383089759
19 13 10.283685891123596
19 14 12.946261038600763
19 15 15.201098427870209
19 16 15.456212702874565
19 17 16.070955205934236
19 18 21.761877107006242
19 19 28.284069095640756
19 20 33.125664308729576
19 21 34.63565213440692
19 22 34.28742639392708
19 23 33.834045113770685
19 24 35.54864619198261
19 25 35.2123924654254
19 26 35.023075984218984
19 27 35.4926685176795
19 28 33.6792821600582
19 29 33.34948619511336
20 0 6.747737841334808
20 1 5.598694627466592
20 2 6.918146206097747
20 3 7.955908595293755
20 4 8.730231134882313
20 5 7.77367980480248
20 6 7.275033550212516
20 7 7.199995818773468
20 8 7.324420712236224
20 9 9.189655119331388
20 10 9.33971695454428
20 11 8.330320081120288
20 12 11.157861911216346
20 13 10.734340740893233
20 14 12.55216688795453
20 15 15.927027430311973
20 16 14.2233776511363
20 17 19.729412853234077
20 18 22.563372430505577
20 19 28.55533070418967
20 20 27.745027235908758
20 21 39.193500690960065
20 22 38.62519861444157
20 23 37.63807451015456
20 24 35.538971800215634
20 25 37.32154627190521
20 26 36.27470952420633
20 27 39.24853725092239
20 28 33.82302300607778
20 29 37.02828797003428
21 0 7.3004098164363675
21 1 7.624552675832716
21 2 8.003933469063044
21 3 6.723094105405989
21 4 7.019718220796124
21 5 6.961536434701712
21 6 9.685866355969248
21 7 9.982727142399225
21 8 8.914099217664251
21 9 9.377264081369697
21 10 8.91302233841283
21 11 11.37336902896507
21 12 13.318044755906495
21 13 12.93968161681643
21 14 14.961659255339043
21 15 19.470810318871585
21 16 15.989782847567463
21 17 20.193291101778783
21 18 22.21732727569536
21 19 32.4571380215567
21 20 37.38005047142542
21 21 38.87577243305544
21 22 35.37587946546517
21 23 40.09522451043221
21 24 36.639904629273204
21 25 36.37786920563675
21 26 39.50343516332456
21 27 37.059179140663495
21 28 34.690742982833996
21 29 33.36000489474998
22 0 7.524867231525472
22 1 6.0734656597955405
22 2 8.066329410709569
22 3 7.96826274600161
22 4 7.157061989803675
22 5 7.486996796527997
22 6 8.345271574734605
22 7 9.989088225055909
22 8 12.322416731386454
22 9 12.245469676150893
22 10 11.261820524427332
22 11 14.625515662070722
22 12 13.96245377826764
22 13 14.865777788139924
22 14 15.891233558918307
22 15 14.82472415987442
22 16 18.88355669146202
22 17 18.806393677394254
22 18 32.012582379090254
22 19 32.30544790822578
22 20 35.24260516886468
22 21 38.06506094108969
22 22 37.34004990217698
22 23 37.740499291499745
22 24 40.595785828242136
22 25 36.08803961969539
22 26 36.78305699011838
22 27 39.58940765401488
22 28 38.04869924050569
22 29 38.17607190601531
23 0 7.094234884750968
23 1 8.470470925022545
23 2 6.566679072539823
23 3 7.81310261209333
23 4 10.080032363720097
23 5 6.464489814771862
23 6 10.662231721181074
23 7 9.479667656185484
23 8 11.110468577553736
23 9 9.62960007183046
23 10 13.002860482568673
23 11 12.321956521448962
23 12 10.960052940474265
23 13 13.19907786327268
23 14 16.744201957202872
23 15 15.867653708986582
23 16 19.79545128655038
23 17 29.571156914771638
23 18 32.072595091095494
23 19 35.88826654431569
23 20 36.6856031238909
23 21 36.846150183083715
23 22 38.98240750338502
23 23 36.616931220204386
23 24 38.341264076857044
23 25 35.84382421048093
23 26 35.007811501429224
23 27 36.67384904822138
23 28 35.972140465457024
23 29 36.38983211828584
24 0 6.307221621689957
24 1 8.883472972759725
24 2 7.8319601422358645
24 3 8.275774321435946
24 4 8.684927269377768
24 5 9.243062453551966
24 6 9.71198681843862
24 7 10.301841097444816
24 8 8.460494191980546
24 9 12.447669192285911
24 10 14.233905635700845
24 11 13.322613256946116
24 12 11.243311200777471
24 13 14.445374681182152
24 14 18.540873082628384
24 15 21.471230784756525
24 16 21.793362065384255
24 17 30.29041690811917
24 18 33.50256257092271
24 19 35.27368873270008
24 20 37.619457861317635
24 21 35.803041370421376
24 22 38.215000468264286
24 23 36.821237192084965
24 24 36.71196091261242
24 25 33.843218021126056
24 26 35.966081260311334
24 27 36.80896011688071
24 28 37.99946860792357
24 29 36.097419186142545
25 0 8.470319768571596
25 1 6.578749306712195
25 2 8.906094282540371
25 3 9.026722735788711
25 4 10.987967075737895
25 5 8.1122505756466
25 6 8.872375224053666
25 7 10.954665219078317
25 8 10.085707578881392
25 9 13.012914510970983
25 10 11.353090081646602
25 11 11.606978980146453
25 12 14.194628038645586
25 13 15.264551033359135
25 14 16.189540588582105
25 15 15.295233906632578
25 16 27.21166482540108
25 17 32.8516686134496
25 18 36.46425641315772
25 19 33.77401917102532
25 20 35.53811084277515
25 21 37.69815382059832
25 22 40.01222041238684
25 23 37.75391770338649
25 24 34.01920755572219
25 25 16.905538114796457
25 26 34.91927673003754
25 27 35.0783077580669
25 28 35.220432711927394
25 29 33.256485325718934
26 0 8.288952956343852
26 1 6.873331881021635
26 2 10.46351342322119
26 3 6.043440349375084
26 4 10.067173738830862
26 5 9.725671608804479
26 6 9.420097523856281
26 7 11.588683255067616
26 8 13.65735233886847
26 9 13.089199501375141
26 10 14.949124862089587
26 11 10.520980465975606
26 12 12.589986193626228
26 13 19.536649990198246
26 14 15.781267603170988
26 15 20.617389072257406
26 16 29.812963343605254
26 17 34.50962908207866
26 18 33.86090488431336
26 19 34.24451890892362
26 20 35.538971800215634
26 21 36.17716651800009
26 22 36.381604976030104
26 23 36.41033924479741
26 24 35.414395204510434
26 25 34.47989879624271
26 26 36.51728383394769
26 27 37.17147786610856
26 28 35.13999887709984
26 29 37.32657081766676
27 0 7.726331084339004
27 1 7.526230852995313
27 2 10.080912443149282
27 3 8.410688776631298
27 4 8.598482600448673
27 5 10.649532538850488
27 6 10.661505797246956
27 7 11.155869092547023
27 8 10.538336182350497
27 9 9.91325230996735
27 10 10.013712313385543
27 11 18.31041592530463
27 12 14.288241217883261
27 13 20.052554179288634
27 14 17.509031741956516
27 15 22.577973602595204
27 16 28.894132115478286
27 17 31.378880168418803
27 18 37.80769710895247
27 19 35.64917377341938
27 20 37.413274272612796
27 21 36.53901749372399
27 22 35.56967797396897
27 23 34.323847186133975
27 24 38.393192721691
27 25 35.79730521897291
27 26 37.78044391193099
27 27 32.09493180012388
27 28 36.848129075848085
27 29 36.48822770918056
28 0 8.511509426622624
28 1 7.373525387026451
28 2 9.240285085711404
28 3 9.266711629729915
28 4 10.780387424965971
28 5 8.928567123385431
28 6 11.571090815497385
28 7 12.309935778711608
28 8 10.95265839594951
28 9 12.286485375027587
28 10 14.021537929038384
28 11 14.858514536185764
28 12 16.87542912671401
28 13 19.527941887141054
28 14 22.675634991135432
28 15 28.967293643181034
28 16 28.843442525860006
28 17 32.56958678704632
28 18 33.28185978833968
28 19 35.662500568266864
28 20 34.05759815760236
28 21 35.93352807248598
28 22 36.531043645187026
28 23 39.58940765401488
28 24 37.4572242242784
28 25 38.586477318816215
28 26 37.68423664537264
28 27 37.678482417243025
28 28 33.496613791829546
28 29 35.91457229580129
29 0 7.750085416283027
29 1 8.093358452700244
29 2 7.309324555299979
29 3 8.5959630750019
29 4 11.227173217624856
29 5 7.757528572062779
29 6 9.01183586416809
29 7 14.380391607203716
29 8 11.121771670255242
29 9 14.228331566552601
29 10 17.100884933632305
29 11 14.208842569368654
29 12 18.245558693347665
29 13 16.97953020867947
29 14 25.321927693726664
29 15 28.58982545030045
29 16 34.58271197625347
29 17 29.29448377771588
29 18 35.228509219383454
29 19 36.38035495637872
29 20 35.654916019355
29 21 33.81909314121767
29 22 34.95915895771565
29 23 35.91472812789117
29 24 38.21742315042311
29 25 34.33042686831516
29 26 37.274250827823145
29 27 37.77251436993187
29 28 34.96725944529606
29 29 35.99847399379025
