0 0 0
0 1 0
0 2 0
0 3 1.1927271184567387
0 4 0
0 5 0
0 6 0
0 7 0
0 8 0
0 9 0
0 10 0
0 11 0
0 12 0
0 13 1.5378969041898212
0 14 0
0 15 0
0 16 1.4857868734724482
0 17 1.4226749478654728
0 18 0
0 19 1.479894898978289
0 20 1.5487043195756498
0 21 1.9934192875463186
0 22 2.189948884373765
0 23 1.8110072947686346
0 24 1.9897159331058203
0 25 1.9223865808128422
0 26 1.9024273945996373
0 27 1.9524592649041066
0 28 1.7310956265515647
0 29 1.9094184585452538
1 0 0
1 1 0
1 2 0
1 3 0
1 4 0
1 5 0
1 6 0
1 7 0
1 8 0
1 9 0
1 10 0
1 11 0
1 12 0
1 13 1.610691375391597
1 14 0
1 15 0
1 16 1.540320712665885
1 17 1.4793843989461892
1 18 1.3156425596451038
1 19 1.7112930573928495
1 20 1.6711565107439061
1 21 1.9442685904876937
1 22 1.8607895219185024
1 23 2.3499649904380027
1 24 1.650477104767217
1 25 2.0174205272714993
1 26 2.093489127156717
1 27 2.04062495225742
1 28 2.035048345621084
1 29 2.096328821756353
2 0 0
2 1 0
2 2 0
2 3 0
2 4 0
2 5 0
2 6 0
2 7 0
2 8 0
2 9 0
2 10 0
2 11 0
2 12 0
2 13 0
2 14 1.5753137967179165
2 15 0
2 16 1.478517624484505
2 17 1.39505775488905
2 18 1.5941734104968661
2 19 1.5093369247039117
2 20 1.9875809038101393
2 21 1.5808069662398732
2 22 1.8146044353867317
2 23 1.5013731215935453
2 24 1.824564547189028
2 25 2.182423337557893
2 26 1.6817114326666245
2 27 2.0732172956981105
2 28 1.8109012872439814
2 29 2.1776792591303624
3 0 0
3 1 0
3 2 0
3 3 0
3 4 0
3 5 0
3 6 0
3 7 0
3 8 0
3 9 0
3 10 0
3 11 0
3 12 0
3 13 0
3 14 0
3 15 0
3 16 1.4497271854612057
3 17 1.4602632928468449
3 18 0
3 19 1.5780693091923887
3 20 1.7470056574070063
3 21 1.6383629675791465
3 22 2.04466832186273
3 23 1.9440446783432783
3 24 1.7091549782925168
3 25 1.5429875240010333
3 26 1.785295362415874
3 27 1.4993653609503697
3 28 1.6383424160834477
3 29 1.3726303219434188
4 0 0
4 1 0
4 2 0
4 3 0
4 4 0
4 5 0
4 6 0
4 7 0
4 8 0
4 9 0
4 10 0
4 11 0
4 12 0
4 13 0
4 14 0
4 15 0
4 16 0
4 17 0
4 18 0
4 19 1.6948632876338934
4 20 1.7483208892644002
4 21 1.826372111978745
4 22 2.056024343311888
4 23 1.6688845803223835
4 24 2.5666706985981653
4 25 2.027995435686482
4 26 2.4893076245143266
4 27 1.8230350714761752
4 28 1.5342985186715958
4 29 2.0839213331836346
5 0 0
5 1 0
5 2 0
5 3 0
5 4 0
5 5 0
5 6 0
5 7 0
5 8 0
5 9 0
5 10 0
5 11 0
5 12 0
5 13 0
5 14 0
5 15 0
5 16 0
5 17 0
5 18 1.527980926982318
5 19 1.9637230265052557
5 20 1.6355202887014906
5 21 1.9299879345726694
5 22 2.2380984040819114
5 23 2.091372177698658
5 24 1.5203351950354922
5 25 1.9363355018113524
5 26 2.000851126460064
5 27 2.0210287213838853
5 28 1.6597859042848708
5 29 1.8831421646284332
6 0 0
6 1 0
6 2 0
6 3 0
6 4 0
6 5 0
6 6 0
6 7 0
6 8 0
6 9 0
6 10 0
6 11 0
6 12 0
6 13 0
6 14 0
6 15 0
6 16 0
6 17 0
6 18 0
6 19 1.5945883281845852
6 20 1.62147977017873
6 21 1.6673287232042129
6 22 1.6995186883192537
6 23 1.851577341489189
6 24 2.0443254621957685
6 25 1.7403364715118868
6 26 1.695309452810195
6 27 1.5211446030929372
6 28 1.62063389879843
6 29 1.8143969026915334
7 0 0
7 1 0
7 2 0
7 3 0
7 4 0
7 5 0
7 6 0
7 7 0
7 8 0
7 9 0
7 10 0
7 11 0
7 12 0
7 13 0
7 14 0
7 15 0
7 16 0
7 17 0
7 18 0
7 19 1.8067363560977625
7 20 1.5371852542971887
7 21 0
7 22 1.5691975444615371
7 23 1.816586485193331
7 24 1.8161194661576128
7 25 1.7524703510010688
7 26 1.881169948003498
7 27 1.7239827119957536
7 28 1.9621479242720992
7 29 1.8057062858562392
8 0 0
8 1 0
8 2 0
8 3 0
8 4 0
8 5 0
8 6 0
8 7 0
8 8 0
8 9 0
8 10 0
8 11 0
8 12 0
8 13 0
8 14 0
8 15 0
8 16 0
8 17 0
8 18 0
8 19 0
8 20 1.8615861648536098
8 21 2.0991215547830224
8 22 1.6202947589061976
8 23 1.8759789087187888
8 24 1.9485776477737613
8 25 1.865191378916252
8 26 2.055555288772061
8 27 2.0287315071790424
8 28 1.9534523829724555
8 29 1.5734132842393396
9 0 0
9 1 0
9 2 0
9 3 0
9 4 0
9 5 0
9 6 0
9 7 0
9 8 0
9 9 0
9 10 0
9 11 0
9 12 0
9 13 0
9 14 0
9 15 0
9 16 0
9 17 0
9 18 0
9 19 0
9 20 1.7257523435217932
9 21 2.107990078066646
9 22 1.7750039190230138
9 23 1.9179770389002357
9 24 1.8050631625049347
9 25 1.767981283338393
9 26 1.6768912426517142
9 27 1.836994402550229
9 28 2.118662651986334
9 29 1.423995919094464
10 0 0
10 1 0
10 2 0
10 3 0
10 4 0
10 5 0
10 6 0
10 7 0
10 8 0
10 9 0
10 10 0
10 11 0
10 12 0
10 13 0
10 14 0
10 15 0
10 16 0
10 17 0
10 18 1.8584223575377259
10 19 1.5628770319505791
10 20 1.7023909978898704
10 21 2.139176950640758
10 22 1.6821140300775914
10 23 1.6537362670712212
10 24 2.045148243752638
10 25 2.1486998003260345
10 26 1.9778928878978648
10 27 1.830336382349014
10 28 1.9566553684843617
10 29 2.1881397562449028
11 0 0
11 1 0
11 2 0
11 3 0
11 4 0
11 5 0
11 6 0
11 7 0
11 8 0
11 9 0
11 10 0
11 11 0
11 12 0
11 13 0
11 14 0
11 15 0
11 16 0
11 17 0
11 18 0
11 19 1.9690017788705267
11 20 2.126857075672047
11 21 2.2426758486423446
11 22 1.977289517082165
11 23 1.8384756030796912
11 24 1.800640109391463
11 25 2.2407176429697224
11 26 2.034888694114618
11 27 2.1998644799555738
11 28 1.8911603357045261
11 29 1.8799108767811108
12 0 0
12 1 0
12 2 0
12 3 0
12 4 0
12 5 0
12 6 0
12 7 0
12 8 0
12 9 0
12 10 0
12 11 0
12 12 0
12 13 0
12 14 0
12 15 0
12 16 0
12 17 0
12 18 0
12 19 0
12 20 1.8574097740896764
12 21 2.2675634991135434
12 22 1.8215556952963172
12 23 1.7530116525198065
12 24 2.4120407768158287
12 25 2.288445025026094
12 26 2.142248057235032
12 27 1.8693443344522047
12 28 2.1313798709014082
12 29 1.7795190685641022
13 0 0
13 1 0
13 2 0
13 3 0
13 4 0
13 5 0
13 6 0
13 7 0
13 8 0
13 9 0
13 10 0
13 11 0
13 12 0
13 13 0
13 14 0
13 15 0
13 16 0
13 17 0
13 18 2.3253514264501156
13 19 2.1173566997466313
13 20 1.9915932197079267
13 21 2.07728724469721
13 22 1.902209985567818
13 23 2.20627254099668
13 24 1.7112033750948015
13 25 2.4237833329475755
13 26 2.1167583125070975
13 27 1.9737995731147542
13 28 1.654417943155608
13 29 1.6478223032568198
14 0 0
14 1 0
14 2 0
14 3 0
14 4 0
14 5 0
14 6 0
14 7 0
14 8 0
14 9 0
14 10 0
14 11 0
14 12 0
14 13 0
14 14 0
14 15 0
14 16 0
14 17 0
14 18 2.0215594019050744
14 19 1.705816131788128
14 20 2.0502750039776934
14 21 2.4839258796982144
14 22 1.8277349364151445
14 23 2.0075099176471185
14 24 2.2824441093542123
14 25 2.4040863503563443
14 26 2.056534564986533
14 27 1.867653703122865
14 28 1.5376465837511013
14 29 1.9318893288489287
15 0 0
15 1 0
15 2 0
15 3 0
15 4 0
15 5 0
15 6 0
15 7 0
15 8 0
15 9 0
15 10 0
15 11 0
15 12 0
15 13 0
15 14 0
15 15 0
15 16 0
15 17 0
15 18 2.2505904870014115
15 19 2.007928801743437
15 20 2.588322008809132
15 21 1.6454219726270094
15 22 2.0422385640452387
15 23 2.1079066529250285
15 24 2.016986347304695
15 25 2.259256186378481
15 26 2.1822561759439782
15 27 1.625571085872679
15 28 1.9328580910834274
15 29 1.6721843110382697
16 0 0
16 1 0
16 2 0
16 3 0
16 4 0
16 5 0
16 6 0
16 7 0
16 8 0
16 9 0
16 10 0
16 11 0
16 12 0
16 13 0
16 14 0
16 15 0
16 16 0
16 17 0
16 18 1.6920388673452327
16 19 1.6278033755804426
16 20 2.2180564113291874
16 21 2.7323391911241828
16 22 2.221939529823159
16 23 2.084347129569781
16 24 2.207551715901466
16 25 0
16 26 1.9133343104750429
16 27 1.5112722138265768
16 28 1.2811823568220566
16 29 1.5734200469496376
17 0 0
17 1 0
17 2 0
17 3 0
17 4 0
17 5 0
17 6 0
17 7 0
17 8 0
17 9 0
17 10 0
17 11 0
17 12 0
17 13 0
17 14 0
17 15 0
17 16 0
17 17 0
17 18 1.9213152773291982
17 19 2.024331217538636
17 20 2.7071503794048053
17 21 1.9903822155950108
17 22 2.3515598492037535
17 23 2.0628194103152397
17 24 2.0432498504068155
17 25 0
17 26 1.3904235560780132
17 27 1.181705539498588
17 28 1.2036973349482034
17 29 1.402925226471194
18 0 0
18 1 0
18 2 0
18 3 0
18 4 0
18 5 0
18 6 0
18 7 0
18 8 0
18 9 0
18 10 0
18 11 0
18 12 0
18 13 0
18 14 0
18 15 0
18 16 1.6723088500515182
18 17 2.0890563868707797
18 18 1.9927751921089458
18 19 2.317772419789344
18 20 1.9350260790144989
18 21 2.2167282106720743
18 22 1.8019465656278026
18 23 1.805062055798328
18 24 1.4783507343605438
18 25 1.2125858437258996
18 26 1.090612143032189
18 27 1.1681184710793928
18 28 1.161677447601368
18 29 1.1627567878810159
19 0 0
19 1 0
19 2 0
19 3 0
19 4 0
19 5 0
19 6 0
19 7 0
19 8 0
19 9 0
19 10 0
19 11 0
19 12 0
19 13 0
19 14 0
19 15 0
19 16 0
19 17 0
19 18 2.0069336747917417
19 19 2.43812641503213
19 20 0
19 21 1.8724729519287886
19 22 1.6356594730117813
19 23 1.1366695434246328
19 24 1.230512450295637
19 25 0
19 26 1.2052891819986635
19 27 1.3052788140151226
19 28 1.1631458095781904
19 29 1.2084932698994935
20 0 0
20 1 0
20 2 0
20 3 0
20 4 0
20 5 0
20 6 0
20 7 0
20 8 0
20 9 0
20 10 0
20 11 0
20 12 0
20 13 0
20 14 0
20 15 0
20 16 0
20 17 2.3025921565330942
20 18 2.342078058286479
20 19 2.499496231632572
20 20 2.1454215031698776
20 21 1.3483058273413258
20 22 0
20 23 1.2903886437223393
20 24 1.177566219520779
20 25 0
20 26 1.2214098576326526
20 27 1.1028247095128405
20 28 0
20 29 1.1372909368552295
21 0 0
21 1 0
21 2 0
21 3 0
21 4 0
21 5 0
21 6 0
21 7 0
21 8 0
21 9 0
21 10 0
21 11 0
21 12 0
21 13 0
21 14 0
21 15 0
21 16 1.9604158789999568
21 17 2.01031424807887
21 18 2.6980765629760235
21 19 2.1285231191348424
21 20 1.5876448433325285
21 21 1.6379332046158288
21 22 1.0605051075221208
21 23 0
21 24 1.2259323599321532
21 25 0
21 26 0
21 27 1.1645823470412067
21 28 1.0770991292669658
21 29 1.192413398097468
22 0 0
22 1 0
22 2 0
22 3 0
22 4 0
22 5 0
22 6 0
22 7 0
22 8 0
22 9 0
22 10 0
22 11 0
22 12 0
22 13 0
22 14 1.6920388673452327
22 15 1.7094226904519034
22 16 2.4165921741214476
22 17 1.963502788157063
22 18 1.818588089762374
22 19 2.0270755979137434
22 20 0
22 21 0
22 22 0
22 23 1.1655083183835402
22 24 1.1585164289821992
22 25 0
22 26 1.283983039881127
22 27 1.2329486271390782
22 28 0
22 29 0
23 0 0
23 1 0
23 2 0
23 3 0
23 4 0
23 5 0
23 6 0
23 7 0
23 8 0
23 9 0
23 10 0
23 11 1.978561809291316
23 12 2.123064000989671
23 13 0
23 14 1.6300159288028648
23 15 2.731720226082572
23 16 2.1631680930777906
23 17 2.088924162763654
23 18 1.632864949345273
23 19 1.4793147133504296
23 20 0
23 21 1.144943545645463
23 22 0
23 23 0
23 24 0
23 25 1.5977892446429323
23 26 1.3158353251188997
23 27 1.2555301127882048
23 28 0
23 29 1.3674454650870616
24 0 0
24 1 0
24 2 0
24 3 0
24 4 0
24 5 0
24 6 0
24 7 0
24 8 0
24 9 0
24 10 0
24 11 1.6951435137112307
24 12 1.9284357527690705
24 13 2.433394661958796
24 14 2.27990640298349
24 15 1.9134210946854795
24 16 2.326709351652704
24 17 2.2167282106720743
24 18 1.5248019307624205
24 19 1.3576514110744469
24 20 1.0997999988598255
24 21 0
24 22 1.0400470798547847
24 23 0
24 24 0
24 25 1.3570251381847622
24 26 0
24 27 0
24 28 1.0841973962695641
24 29 0
25 0 1.4484871152151917
25 1 1.327475194288839
25 2 0
25 3 0
25 4 0
25 5 0
25 6 0
25 7 0
25 8 0
25 9 1.946925504948522
25 10 1.8910891966253145
25 11 1.7695167954638367
25 12 1.9915932197079267
25 13 1.928964157961954
25 14 2.0633944442259615
25 15 2.280557458574342
25 16 2.5933891951564347
25 17 1.9253930573898472
25 18 1.5291608523161941
25 19 0
25 20 0
25 21 1.2885297761158636
25 22 0
25 23 1.3311333755473906
25 24 1.3412369257979135
25 25 0
25 26 1.3569951781496652
25 27 1.335950171195384
25 28 0
25 29 1.3944268861486222
26 0 0
26 1 0
26 2 0
26 3 0
26 4 0
26 5 1.6081819195660951
26 6 1.9169300088246561
26 7 0
26 8 0
26 9 1.957111979606207
26 10 1.7580829847962085
26 11 2.3433092856036577
26 12 1.8930753132209797
26 13 2.0070103727620845
26 14 2.1811151275795275
26 15 2.588196617924529
26 16 1.9631303987418638
26 17 1.6682337542269752
26 18 1.4914707170079295
26 19 1.2550826887433213
26 20 1.177566219520779
26 21 0
26 22 1.3356882945745319
26 23 0
26 24 1.3888518815206177
26 25 1.3309043153903435
26 26 0
26 27 0
26 28 1.2447860620592026
26 29 1.2626700858954865
27 0 1.5079538922609343
27 1 1.4702259884912374
27 2 0
27 3 1.4767896794209512
27 4 0
27 5 0
27 6 0
27 7 1.6448302023388661
27 8 2.008014950330178
27 9 1.7605678615429026
27 10 2.0018814384025267
27 11 1.805130626598428
27 12 1.7167118200685998
27 13 2.3652622449117553
27 14 2.128591764140599
27 15 2.1079066529250285
27 16 2.27530245251855
27 17 1.6448965789592054
27 18 1.158985953042293
27 19 1.108338283077057
27 20 0
27 21 1.1559993912658029
27 22 0
27 23 1.1400456020048462
27 24 0
27 25 1.4936912815223293
27 26 0
27 27 1.5322757591073322
27 28 0
27 29 1.1808754643878454
28 0 1.7923827107412877
28 1 1.5145006702379553
28 2 1.536249190819508
28 3 0
28 4 1.6674474343309467
28 5 1.9864591953722055
28 6 2.272892838758415
28 7 1.7895547972662766
28 8 1.9235128350528083
28 9 1.8726019087372892
28 10 1.6821140300775914
28 11 2.371267845535134
28 12 1.9619086184834689
28 13 1.8777698769909217
28 14 2.441323154218029
28 15 2.21556991865253
28 16 2.4512529280742306
28 17 2.0810317088348183
28 18 1.7466710304464172
28 19 1.1625631057519703
28 20 0
28 21 0
28 22 0
28 23 1.2329486271390782
28 24 0
28 25 1.09827400243254
28 26 0
28 27 0
28 28 0
28 29 0
29 0 1.5494042668030248
29 1 1.8653303330386717
29 2 1.6912861809429307
29 3 1.5144380995577769
29 4 1.784912630987211
29 5 1.9299879345726694
29 6 1.671381186435826
29 7 0
29 8 1.6140080565508985
29 9 2.2965323731600686
29 10 2.223710298431053
29 11 1.780372240861583
29 12 1.6157598631608936
29 13 1.7880546312711476
29 14 1.8170427636880653
29 15 1.9899908900057153
29 16 1.7328527593058216
29 17 2.2781660819914427
29 18 1.3904235560780132
29 19 1.1846072370055414
29 20 1.0880928117527424
29 21 0
29 22 0
29 23 1.213653870463514
29 24 1.1426011305700192
29 25 0
29 26 0
29 27 1.0443958929591513
29 28 1.1892636636114695
29 29 0
